~o
<STREAMINFO> 1 13
<VECSIZE> 13<NULLD><MFCC_0><DIAGC>
~h "ap"
<BEGINHMM>
<NUMSTATES> 5
<STATE> 2
<NUMMIXES> 4
<MIXTURE> 1 2.601055e-01
<MEAN> 13
 -4.552148e+00 -2.808286e+00 -3.500006e+00 -1.568952e+00 3.938429e+00 7.011961e+00 7.035311e+00 2.653013e+00 8.785460e-01 2.758618e+00 2.862686e+00 -9.972063e-01 5.049032e+01
<VARIANCE> 13
 6.916142e+00 5.652497e+00 5.711643e+00 5.605435e+00 7.068963e+00 8.834292e+00 9.543104e+00 1.056689e+01 1.028536e+01 1.218526e+01 1.102050e+01 1.200251e+01 1.751562e+00
<GCONST> 5.004883e+01
<MIXTURE> 2 2.535715e-01
<MEAN> 13
 -3.339362e+00 -4.133037e+00 -3.952883e+00 -3.152664e+00 1.778876e+00 4.483731e+00 4.441033e+00 6.017591e-01 -1.137542e+00 7.809299e-01 1.137181e+00 -2.191284e+00 5.001156e+01
<VARIANCE> 13
 3.422884e+00 3.654112e+00 4.637908e+00 5.850322e+00 7.012712e+00 8.196735e+00 9.612647e+00 1.134344e+01 1.128395e+01 1.130312e+01 1.036335e+01 1.024442e+01 1.171190e+00
<GCONST> 4.813417e+01
<MIXTURE> 3 2.535715e-01
<MEAN> 13
 -3.339362e+00 -4.133037e+00 -3.952883e+00 -3.152664e+00 1.778876e+00 4.483731e+00 4.441033e+00 6.017591e-01 -1.137542e+00 7.809299e-01 1.137181e+00 -2.191284e+00 5.001156e+01
<VARIANCE> 13
 3.422884e+00 3.654112e+00 4.637908e+00 5.850322e+00 7.012712e+00 8.196735e+00 9.612647e+00 1.134344e+01 1.128395e+01 1.130312e+01 1.036335e+01 1.024442e+01 1.171190e+00
<GCONST> 4.813417e+01
<MIXTURE> 4 2.327519e-01
<MEAN> 13
 -3.544455e+00 -4.354361e+00 -3.008017e+00 -3.909705e+00 -2.158977e+00 1.712422e-02 -2.528961e-01 -1.927216e+00 -1.223797e+00 4.175964e-01 1.265213e+00 -2.680120e+00 5.168959e+01
<VARIANCE> 13
 6.801247e+00 9.025254e+00 1.369265e+01 1.314997e+01 1.586956e+01 2.086826e+01 2.787923e+01 2.459219e+01 2.333745e+01 2.219041e+01 1.779557e+01 2.025499e+01 1.098682e+01
<GCONST> 6.006952e+01
<STATE> 3
<NUMMIXES> 4
<MIXTURE> 1 3.713826e-01
<MEAN> 13
 -4.701147e+00 1.623790e+00 -4.267898e-01 -8.079328e-02 7.144831e-01 4.546720e+00 6.097705e+00 4.088425e+00 1.251522e+00 3.284982e+00 1.630325e+00 -1.982153e+00 4.424237e+01
<VARIANCE> 13
 2.038340e+00 2.321633e+00 4.798300e+00 5.809638e+00 7.564308e+00 8.540070e+00 9.023047e+00 1.018116e+01 1.069302e+01 1.160725e+01 9.808936e+00 9.647770e+00 7.423072e-01
<GCONST> 4.653637e+01
<MIXTURE> 2 2.116662e-01
<MEAN> 13
 -5.530419e+00 1.205679e+00 -1.532968e+00 -1.325600e+00 -4.275338e-01 2.164070e+00 3.767873e+00 1.388590e+00 -4.318844e-01 1.597163e+00 2.566870e-01 -2.175498e+00 4.520093e+01
<VARIANCE> 13
 5.361626e+00 4.546211e+00 5.208079e+00 6.987438e+00 1.035738e+01 9.769362e+00 9.395982e+00 1.128063e+01 1.179425e+01 1.234536e+01 1.121323e+01 1.112095e+01 3.134506e+00
<GCONST> 5.090990e+01
<MIXTURE> 3 2.116663e-01
<MEAN> 13
 -5.530419e+00 1.205679e+00 -1.532967e+00 -1.325599e+00 -4.275336e-01 2.164069e+00 3.767872e+00 1.388590e+00 -4.318842e-01 1.597163e+00 2.566869e-01 -2.175498e+00 4.520093e+01
<VARIANCE> 13
 5.361627e+00 4.546211e+00 5.208079e+00 6.987442e+00 1.035739e+01 9.769364e+00 9.395985e+00 1.128063e+01 1.179425e+01 1.234536e+01 1.121323e+01 1.112095e+01 3.134505e+00
<GCONST> 5.090990e+01
<MIXTURE> 4 2.052532e-01
<MEAN> 13
 -8.941857e+00 -1.058004e+00 -1.360640e+00 -1.354999e+00 1.310717e+00 -7.491228e-01 2.100098e+00 -2.360561e-01 -1.108287e+00 7.036260e-01 9.369190e-02 -1.127969e+00 5.003907e+01
<VARIANCE> 13
 1.150521e+01 1.453453e+01 1.099387e+01 1.151089e+01 1.693621e+01 1.448721e+01 1.591876e+01 1.397573e+01 1.397860e+01 1.695259e+01 1.533697e+01 1.413111e+01 1.417767e+01
<GCONST> 5.825817e+01
<STATE> 4
<NUMMIXES> 4
<MIXTURE> 1 3.182461e-01
<MEAN> 13
 -6.325104e+00 -3.253054e+00 -3.731679e-01 7.645209e-01 2.538345e+00 5.432163e-01 3.946436e+00 2.119554e+00 -1.048388e+00 7.555951e-01 1.591198e+00 -2.142131e+00 4.778737e+01
<VARIANCE> 13
 7.609556e+00 2.354903e+01 1.192163e+01 2.029958e+01 1.772182e+01 1.819251e+01 1.727710e+01 1.941072e+01 1.687165e+01 1.657291e+01 1.410802e+01 1.323521e+01 1.693372e+01
<GCONST> 5.985320e+01
<MIXTURE> 2 1.864403e-01
<MEAN> 13
 -1.077881e+01 -1.292023e+01 -4.836437e+00 2.754600e+00 1.535315e+00 -5.231128e+00 2.586385e+00 -3.580959e+00 -4.347338e+00 -1.413869e+00 1.124522e+00 -7.480345e-01 6.064726e+01
<VARIANCE> 13
 1.927495e+01 3.048595e+01 2.093793e+01 2.315044e+01 3.140664e+01 2.499070e+01 2.434011e+01 2.421861e+01 2.341405e+01 2.130616e+01 1.714455e+01 1.482947e+01 3.108402e+01
<GCONST> 6.468414e+01
<MIXTURE> 3 1.864403e-01
<MEAN> 13
 -1.077881e+01 -1.292023e+01 -4.836437e+00 2.754598e+00 1.535313e+00 -5.231128e+00 2.586386e+00 -3.580959e+00 -4.347339e+00 -1.413869e+00 1.124522e+00 -7.480345e-01 6.064727e+01
<VARIANCE> 13
 1.927495e+01 3.048595e+01 2.093793e+01 2.315044e+01 3.140663e+01 2.499068e+01 2.434010e+01 2.421860e+01 2.341405e+01 2.130615e+01 1.714454e+01 1.482947e+01 3.108403e+01
<GCONST> 6.468414e+01
<MIXTURE> 4 3.087020e-01
<MEAN> 13
 -1.423008e+01 -1.690614e+01 -1.032289e+01 -1.283453e-01 -3.107280e+00 -9.366055e+00 -2.705157e-01 -4.096037e+00 -5.484049e+00 -2.938460e+00 -5.819830e-01 -1.806587e+00 7.506806e+01
<VARIANCE> 13
 1.625754e+01 2.634214e+01 2.006810e+01 2.277306e+01 3.444909e+01 2.597911e+01 2.682920e+01 2.271086e+01 2.444247e+01 2.221747e+01 1.875726e+01 1.593250e+01 3.490900e+01
<GCONST> 6.483584e+01
<TRANSP> 5
 0.000000e+00 1.000000e+00 0.000000e+00 0.000000e+00 0.000000e+00
 0.000000e+00 9.790262e-01 2.097383e-02 0.000000e+00 0.000000e+00
 0.000000e+00 0.000000e+00 9.851097e-01 1.489019e-02 0.000000e+00
 0.000000e+00 0.000000e+00 0.000000e+00 9.967542e-01 3.245823e-03
 0.000000e+00 0.000000e+00 0.000000e+00 0.000000e+00 0.000000e+00
<ENDHMM>
~h "cl"
<BEGINHMM>
<NUMSTATES> 5
<STATE> 2
<NUMMIXES> 4
<MIXTURE> 1 4.280131e-01
<MEAN> 13
 -6.349161e+00 -7.285081e-01 1.097969e+00 -2.955348e+00 9.880048e-01 3.783315e+00 3.990350e+00 2.990519e+00 7.223216e-01 9.633790e-01 1.599407e-01 -1.803905e+00 4.642029e+01
<VARIANCE> 13
 1.121395e+01 1.562968e+01 2.014957e+01 1.208843e+01 1.431411e+01 1.898382e+01 1.364472e+01 2.696136e+01 1.872764e+01 2.119369e+01 1.914394e+01 1.714757e+01 1.197670e+01
<GCONST> 6.032727e+01
<MIXTURE> 2 2.242402e-01
<MEAN> 13
 -1.604487e+01 -6.825306e+00 6.331039e+00 -5.824129e+00 7.362043e+00 -3.535064e+00 2.485324e+00 8.246614e+00 8.786451e-01 -6.334257e+00 -3.745068e-01 3.958970e+00 5.416148e+01
<VARIANCE> 13
 3.146919e+01 4.085849e+01 4.267390e+01 9.312007e+01 8.685892e+01 7.763516e+01 3.363889e+01 6.499133e+01 5.849124e+01 9.779639e+01 1.321001e+02 1.079936e+02 2.516514e+01
<GCONST> 7.728809e+01
<MIXTURE> 3 2.242402e-01
<MEAN> 13
 -1.604487e+01 -6.825306e+00 6.331039e+00 -5.824129e+00 7.362043e+00 -3.535064e+00 2.485324e+00 8.246614e+00 8.786451e-01 -6.334257e+00 -3.745068e-01 3.958970e+00 5.416148e+01
<VARIANCE> 13
 3.146919e+01 4.085849e+01 4.267390e+01 9.312007e+01 8.685892e+01 7.763516e+01 3.363889e+01 6.499133e+01 5.849124e+01 9.779639e+01 1.321001e+02 1.079936e+02 2.516514e+01
<GCONST> 7.728809e+01
<MIXTURE> 4 1.235092e-01
<MEAN> 13
 -1.454581e+01 -1.053401e+01 3.909653e+00 -6.329266e+00 6.193934e+00 -3.457910e-01 -2.755699e+00 4.433723e-01 -2.861510e+00 -3.509429e+00 -2.399955e+00 -2.040891e-01 5.889003e+01
<VARIANCE> 13
 8.468577e+01 2.931856e+01 5.299362e+01 2.128456e+01 9.344098e+01 3.759228e+01 4.881426e+01 5.665129e+01 4.909933e+01 8.631832e+01 2.115700e+01 7.343021e+01 4.552563e+01
<GCONST> 7.434526e+01
<STATE> 3
<NUMMIXES> 4
<MIXTURE> 1 2.727395e-01
<MEAN> 13
 -2.280467e+01 3.541251e+00 4.885352e-01 -5.109807e+00 -3.579702e+00 1.512407e+01 2.262916e+00 -3.081923e+00 9.969735e+00 -3.248087e+00 -3.381714e+00 6.456627e+00 6.112708e+01
<VARIANCE> 13
 1.834832e+01 4.630209e+00 1.002913e+01 9.263405e+00 1.310709e+01 2.057164e+01 2.328730e+01 1.876942e+01 1.803807e+01 1.954847e+01 1.758008e+01 1.730411e+01 9.178436e+00
<GCONST> 5.834327e+01
<MIXTURE> 2 2.765210e-01
<MEAN> 13
 -1.657401e+01 2.119694e+00 -2.065532e+00 -5.189060e+00 -2.740312e+00 1.253601e+01 1.031032e+00 -3.309805e+00 7.359760e+00 -2.722796e+00 -2.625479e+00 4.772593e+00 5.718612e+01
<VARIANCE> 13
 3.615209e+01 7.687071e+00 9.412486e+00 9.774604e+00 1.381229e+01 1.990189e+01 1.970369e+01 1.721019e+01 1.819072e+01 1.674825e+01 1.686449e+01 1.636122e+01 1.327313e+01
<GCONST> 5.940926e+01
<MIXTURE> 3 2.765210e-01
<MEAN> 13
 -1.657401e+01 2.119694e+00 -2.065532e+00 -5.189060e+00 -2.740312e+00 1.253601e+01 1.031032e+00 -3.309805e+00 7.359760e+00 -2.722796e+00 -2.625479e+00 4.772593e+00 5.718612e+01
<VARIANCE> 13
 3.615209e+01 7.687071e+00 9.412486e+00 9.774604e+00 1.381229e+01 1.990189e+01 1.970369e+01 1.721019e+01 1.819072e+01 1.674825e+01 1.686449e+01 1.636122e+01 1.327313e+01
<GCONST> 5.940926e+01
<MIXTURE> 4 1.742191e-01
<MEAN> 13
 -1.675456e+01 2.981481e+00 -2.410671e+00 -5.899216e+00 -6.236487e+00 7.644135e+00 -3.038365e+00 -7.728279e+00 3.679086e+00 -4.289059e+00 -3.647374e+00 5.310394e+00 5.962455e+01
<VARIANCE> 13
 5.367271e+01 1.846326e+01 1.885255e+01 1.826313e+01 1.962111e+01 3.428585e+01 3.151059e+01 2.895602e+01 2.500693e+01 2.514250e+01 2.408364e+01 2.161855e+01 2.339156e+01
<GCONST> 6.581124e+01
<STATE> 4
<NUMMIXES> 4
<MIXTURE> 1 2.673134e-01
<MEAN> 13
 -1.750190e+01 2.513225e+00 6.027134e+00 -1.587596e+00 -3.424198e+00 9.050392e+00 4.731583e+00 -2.888711e+00 2.593258e+00 4.712711e+00 -7.644771e+00 2.221482e+00 5.229841e+01
<VARIANCE> 13
 5.078407e+01 6.699428e+00 1.313067e+01 1.632265e+01 2.237266e+01 3.048450e+01 1.750513e+01 3.149367e+01 2.759760e+01 3.405389e+01 3.009009e+01 1.735635e+01 2.807447e+01
<GCONST> 6.436554e+01
<MIXTURE> 2 2.628009e-01
<MEAN> 13
 -2.280913e+01 7.128850e-01 5.964313e+00 -3.029526e+00 -6.051486e+00 1.058415e+01 2.102572e+00 -5.767935e+00 3.167223e+00 4.340881e+00 -1.117879e+01 4.374938e+00 5.763031e+01
<VARIANCE> 13
 4.316331e+01 7.223024e+00 1.507329e+01 1.580461e+01 2.271176e+01 2.800112e+01 2.104601e+01 3.960379e+01 3.197097e+01 2.832582e+01 2.348626e+01 2.296766e+01 3.394049e+01
<GCONST> 6.491237e+01
<MIXTURE> 3 2.628009e-01
<MEAN> 13
 -2.280913e+01 7.128850e-01 5.964313e+00 -3.029526e+00 -6.051486e+00 1.058415e+01 2.102572e+00 -5.767935e+00 3.167223e+00 4.340881e+00 -1.117879e+01 4.374938e+00 5.763031e+01
<VARIANCE> 13
 4.316331e+01 7.223024e+00 1.507329e+01 1.580461e+01 2.271176e+01 2.800112e+01 2.104601e+01 3.960379e+01 3.197097e+01 2.832582e+01 2.348626e+01 2.296766e+01 3.394049e+01
<GCONST> 6.491237e+01
<MIXTURE> 4 2.069155e-01
<MEAN> 13
 -2.010282e+01 2.233707e-01 7.236569e+00 -5.130791e+00 -1.025886e+01 9.086676e+00 -3.753299e+00 -1.228327e+01 2.380562e+00 3.007180e+00 -1.392447e+01 7.999532e+00 5.941978e+01
<VARIANCE> 13
 6.191808e+01 1.368270e+01 2.515687e+01 1.384374e+01 2.248187e+01 5.472083e+01 1.874365e+01 4.194492e+01 4.816978e+01 2.113183e+01 4.634779e+01 4.694619e+01 4.675780e+01
<GCONST> 6.872514e+01
<TRANSP> 5
 0.000000e+00 1.000000e+00 0.000000e+00 0.000000e+00 0.000000e+00
 0.000000e+00 9.778178e-01 2.218224e-02 0.000000e+00 0.000000e+00
 0.000000e+00 0.000000e+00 9.868401e-01 1.315983e-02 0.000000e+00
 0.000000e+00 0.000000e+00 0.000000e+00 9.943222e-01 5.677746e-03
 0.000000e+00 0.000000e+00 0.000000e+00 0.000000e+00 0.000000e+00
<ENDHMM>
~h "cm"
<BEGINHMM>
<NUMSTATES> 5
<STATE> 2
<NUMMIXES> 4
<MIXTURE> 1 3.065698e-01
<MEAN> 13
 -1.296854e+01 -2.155913e-01 -2.360155e+00 -3.962218e+00 9.185233e-01 1.921814e+00 4.157957e-01 1.241448e+00 -8.067682e-01 1.142672e+00 2.751662e+00 -6.808581e-01 5.779761e+01
<VARIANCE> 13
 1.512292e+01 1.158857e+01 1.151138e+01 1.343673e+01 1.373890e+01 1.388634e+01 1.515294e+01 1.500131e+01 1.502944e+01 1.430369e+01 1.670432e+01 1.453324e+01 1.588175e+01
<GCONST> 5.840523e+01
<MIXTURE> 2 2.208790e-01
<MEAN> 13
 -8.319183e+00 4.835816e-01 -2.271468e+00 -3.443713e+00 -1.522135e-01 -6.208388e-01 -2.708954e+00 -2.418629e+00 -4.132147e+00 -1.647879e+00 1.393515e-01 -1.865447e+00 6.228878e+01
<VARIANCE> 13
 2.325777e+01 1.154687e+01 1.053308e+01 1.262509e+01 1.235516e+01 1.146874e+01 1.270475e+01 1.477394e+01 1.498466e+01 1.570634e+01 1.655458e+01 1.500540e+01 4.206319e+01
<GCONST> 5.927954e+01
<MIXTURE> 3 2.208789e-01
<MEAN> 13
 -8.319185e+00 4.835804e-01 -2.271469e+00 -3.443712e+00 -1.522131e-01 -6.208391e-01 -2.708954e+00 -2.418631e+00 -4.132149e+00 -1.647879e+00 1.393516e-01 -1.865446e+00 6.228878e+01
<VARIANCE> 13
 2.325779e+01 1.154688e+01 1.053309e+01 1.262510e+01 1.235517e+01 1.146875e+01 1.270477e+01 1.477395e+01 1.498468e+01 1.570636e+01 1.655459e+01 1.500541e+01 4.206323e+01
<GCONST> 5.927956e+01
<MIXTURE> 4 2.515954e-01
<MEAN> 13
 -6.239745e+00 -6.764477e-01 -3.940748e+00 -5.020355e+00 -2.645787e+00 -3.291070e+00 -4.955050e+00 -4.324641e+00 -5.733341e+00 -3.745304e+00 -2.752115e+00 -3.242977e+00 6.985513e+01
<VARIANCE> 13
 9.650916e+00 1.145362e+01 1.214720e+01 1.298279e+01 1.223418e+01 1.158253e+01 1.316856e+01 1.502306e+01 1.588683e+01 1.411115e+01 1.345983e+01 1.277792e+01 4.721798e+01
<GCONST> 5.831429e+01
<STATE> 3
<NUMMIXES> 4
<MIXTURE> 1 2.261495e-01
<MEAN> 13
 -8.728813e+00 2.401301e+00 1.467233e-01 -7.645084e-01 1.491182e+00 2.638029e+00 5.247066e+00 3.914215e+00 2.358623e+00 2.049047e+00 1.387396e+00 -1.779472e+00 4.757812e+01
<VARIANCE> 13
 1.104221e+01 4.188745e+00 6.537481e+00 8.473543e+00 1.038063e+01 1.074336e+01 1.155162e+01 1.223290e+01 1.317504e+01 1.364360e+01 1.275196e+01 1.206163e+01 5.288863e+00
<GCONST> 5.329913e+01
<MIXTURE> 2 2.572886e-01
<MEAN> 13
 -8.154736e+00 2.319935e+00 -1.032779e-01 -1.530979e+00 2.705003e-01 5.283443e-01 2.363194e+00 1.087570e+00 -2.109678e-01 2.231335e-01 2.525221e-01 -2.383076e+00 4.825322e+01
<VARIANCE> 13
 1.096323e+01 5.599892e+00 7.666648e+00 9.321749e+00 1.178315e+01 1.117097e+01 1.189722e+01 1.380457e+01 1.480754e+01 1.479502e+01 1.351844e+01 1.293328e+01 6.352448e+00
<GCONST> 5.466234e+01
<MIXTURE> 3 2.572882e-01
<MEAN> 13
 -8.154734e+00 2.319936e+00 -1.032779e-01 -1.530978e+00 2.704993e-01 5.283452e-01 2.363194e+00 1.087571e+00 -2.109681e-01 2.231334e-01 2.525220e-01 -2.383076e+00 4.825321e+01
<VARIANCE> 13
 1.096322e+01 5.599891e+00 7.666646e+00 9.321762e+00 1.178316e+01 1.117098e+01 1.189722e+01 1.380458e+01 1.480755e+01 1.479504e+01 1.351845e+01 1.293328e+01 6.352435e+00
<GCONST> 5.466235e+01
<MIXTURE> 4 2.592478e-01
<MEAN> 13
 -7.889818e+00 6.124828e-02 -8.201461e-01 -3.485573e+00 -2.134285e+00 -2.809029e+00 -1.006655e+00 -1.297642e+00 -1.202776e+00 -1.815040e-01 3.028098e-01 -2.245011e+00 5.190298e+01
<VARIANCE> 13
 1.426435e+01 1.857808e+01 1.348705e+01 1.873833e+01 1.808068e+01 1.817190e+01 1.738870e+01 2.169931e+01 2.099237e+01 1.806368e+01 1.680073e+01 1.614289e+01 1.610371e+01
<GCONST> 6.105228e+01
<STATE> 4
<NUMMIXES> 4
<MIXTURE> 1 3.408980e-01
<MEAN> 13
 -4.311693e+00 -3.183886e+00 -3.918898e+00 -2.792181e+00 2.508791e+00 5.207059e+00 6.040182e+00 2.059701e+00 2.061433e-01 1.696777e+00 1.485291e+00 -2.376439e+00 5.058766e+01
<VARIANCE> 13
 5.364408e+00 5.091787e+00 4.987724e+00 5.871397e+00 7.725331e+00 8.874477e+00 9.858419e+00 1.167567e+01 1.207043e+01 1.202168e+01 1.201602e+01 1.130300e+01 2.382662e+00
<GCONST> 5.030740e+01
<MIXTURE> 2 2.261112e-01
<MEAN> 13
 -5.101152e+00 -3.021794e+00 -4.123894e+00 -4.409864e+00 -5.219775e-01 1.410740e+00 2.517265e+00 -1.767263e-01 -1.089219e+00 6.151003e-01 7.156274e-01 -3.039447e+00 5.236377e+01
<VARIANCE> 13
 8.669418e+00 8.675345e+00 8.466934e+00 9.703747e+00 1.185750e+01 1.108020e+01 1.220273e+01 1.587955e+01 1.644242e+01 1.605100e+01 1.611043e+01 1.478323e+01 5.672980e+00
<GCONST> 5.555049e+01
<MIXTURE> 3 2.261112e-01
<MEAN> 13
 -5.101152e+00 -3.021794e+00 -4.123894e+00 -4.409864e+00 -5.219775e-01 1.410740e+00 2.517265e+00 -1.767263e-01 -1.089219e+00 6.151003e-01 7.156274e-01 -3.039447e+00 5.236377e+01
<VARIANCE> 13
 8.669418e+00 8.675345e+00 8.466934e+00 9.703747e+00 1.185750e+01 1.108020e+01 1.220273e+01 1.587955e+01 1.644242e+01 1.605100e+01 1.611043e+01 1.478323e+01 5.672980e+00
<GCONST> 5.555049e+01
<MIXTURE> 4 2.069568e-01
<MEAN> 13
 -8.494210e+00 -4.662112e+00 -1.685513e+00 -7.891196e+00 -3.286696e+00 -3.741571e+00 -1.914759e-01 -3.935650e-01 -7.930792e-01 -3.527747e-01 8.167381e-01 -2.316162e+00 5.941420e+01
<VARIANCE> 13
 2.152820e+01 2.004805e+01 1.893886e+01 2.069266e+01 2.327804e+01 2.047526e+01 2.057979e+01 2.244465e+01 2.184468e+01 2.063375e+01 1.811530e+01 1.770387e+01 3.137602e+01
<GCONST> 6.356045e+01
<TRANSP> 5
 0.000000e+00 1.000000e+00 0.000000e+00 0.000000e+00 0.000000e+00
 0.000000e+00 9.900875e-01 9.912420e-03 0.000000e+00 0.000000e+00
 0.000000e+00 0.000000e+00 9.872077e-01 1.279229e-02 0.000000e+00
 0.000000e+00 0.000000e+00 0.000000e+00 9.927784e-01 7.221610e-03
 0.000000e+00 0.000000e+00 0.000000e+00 0.000000e+00 0.000000e+00
<ENDHMM>
~h "co"
<BEGINHMM>
<NUMSTATES> 5
<STATE> 2
<NUMMIXES> 4
<MIXTURE> 1 2.490089e-01
<MEAN> 13
 -3.932743e+00 -3.999274e+00 -5.012892e-01 -6.723489e-01 4.689952e-01 1.287640e+00 1.683376e+00 -4.459725e-02 -6.028436e-02 -5.793450e-01 -7.313715e-01 -4.339302e+00 5.168262e+01
<VARIANCE> 13
 8.483480e+00 1.065603e+01 2.118701e+01 2.016532e+01 1.543165e+01 2.504161e+01 2.783086e+01 2.728728e+01 1.969450e+01 2.467356e+01 2.197378e+01 1.779345e+01 2.053960e+01
<GCONST> 6.222063e+01
<MIXTURE> 2 2.365656e-01
<MEAN> 13
 -6.115652e+00 -6.102216e+00 2.732184e+00 3.876598e-01 -6.033390e+00 -5.873151e+00 -5.922634e+00 -7.287155e+00 -4.567313e+00 -3.825467e+00 -3.734299e+00 -8.310937e+00 6.471136e+01
<VARIANCE> 13
 2.260199e+01 1.638949e+01 2.117468e+01 2.681505e+01 4.075708e+01 3.428100e+01 5.589985e+01 5.807287e+01 4.063489e+01 3.938527e+01 3.777857e+01 3.183596e+01 3.686033e+01
<GCONST> 6.955383e+01
<MIXTURE> 3 2.365668e-01
<MEAN> 13
 -6.115648e+00 -6.102223e+00 2.732186e+00 3.876657e-01 -6.033396e+00 -5.873148e+00 -5.922637e+00 -7.287150e+00 -4.567307e+00 -3.825460e+00 -3.734301e+00 -8.310937e+00 6.471135e+01
<VARIANCE> 13
 2.260200e+01 1.638955e+01 2.117471e+01 2.681507e+01 4.075718e+01 3.428100e+01 5.589984e+01 5.807292e+01 4.063502e+01 3.938531e+01 3.777858e+01 3.183595e+01 3.686031e+01
<GCONST> 6.955383e+01
<MIXTURE> 4 2.778566e-01
<MEAN> 13
 -6.307546e+00 -7.052756e+00 -2.707798e+00 -3.243603e+00 -1.022979e+01 -9.179113e+00 -9.081696e+00 -5.890984e+00 -3.920078e+00 -6.450293e+00 -6.099905e+00 -1.140648e+01 7.115633e+01
<VARIANCE> 13
 8.013945e+00 1.214516e+01 2.067616e+01 1.959513e+01 3.311426e+01 3.764607e+01 4.626551e+01 5.591643e+01 5.108250e+01 4.538329e+01 4.008570e+01 4.158631e+01 1.831692e+01
<GCONST> 6.753642e+01
<STATE> 3
<NUMMIXES> 4
<MIXTURE> 1 2.416911e-01
<MEAN> 13
 -3.541584e+00 3.038825e+00 4.890978e+00 2.767060e+00 3.746140e+00 2.295013e+00 1.842585e+00 4.007373e-01 -3.190967e+00 -2.389354e+00 -3.092624e+00 -6.552443e+00 4.596709e+01
<VARIANCE> 13
 5.308932e+00 6.754920e+00 1.310948e+01 1.545607e+01 1.476994e+01 1.149034e+01 1.222579e+01 1.600145e+01 1.482672e+01 1.530601e+01 1.493101e+01 1.446360e+01 9.499314e+00
<GCONST> 5.624470e+01
<MIXTURE> 2 2.086056e-01
<MEAN> 13
 -2.269813e+00 2.125422e+00 4.655093e+00 2.434425e+00 3.014257e+00 -8.697021e-02 -1.634658e+00 -3.212434e+00 -5.891584e+00 -4.334655e+00 -3.633911e+00 -7.556572e+00 4.773423e+01
<VARIANCE> 13
 5.927148e+00 1.087191e+01 1.254940e+01 1.360344e+01 1.393614e+01 1.565168e+01 1.572745e+01 1.769523e+01 1.696548e+01 1.687756e+01 1.552933e+01 1.665148e+01 1.532703e+01
<GCONST> 5.815391e+01
<MIXTURE> 3 2.086065e-01
<MEAN> 13
 -2.269814e+00 2.125421e+00 4.655089e+00 2.434421e+00 3.014252e+00 -8.697055e-02 -1.634658e+00 -3.212432e+00 -5.891580e+00 -4.334651e+00 -3.633909e+00 -7.556570e+00 4.773423e+01
<VARIANCE> 13
 5.927141e+00 1.087191e+01 1.254939e+01 1.360343e+01 1.393614e+01 1.565168e+01 1.572747e+01 1.769523e+01 1.696547e+01 1.687755e+01 1.552932e+01 1.665146e+01 1.532701e+01
<GCONST> 5.815390e+01
<MIXTURE> 4 3.411037e-01
<MEAN> 13
 -6.445280e-01 -1.508085e+00 4.691999e+00 2.367185e+00 1.102288e+00 -3.842816e+00 -6.173378e+00 -8.261773e+00 -7.330549e+00 -5.267194e+00 -3.389067e+00 -8.097977e+00 5.437843e+01
<VARIANCE> 13
 5.293522e+00 7.157759e+00 1.683206e+01 2.596863e+01 2.100536e+01 2.357163e+01 2.157123e+01 2.433027e+01 2.529720e+01 2.853093e+01 2.553230e+01 2.212881e+01 1.730249e+01
<GCONST> 6.184452e+01
<STATE> 4
<NUMMIXES> 4
<MIXTURE> 1 2.377786e-01
<MEAN> 13
 -4.165376e+00 -1.372846e+00 -2.183754e+00 -1.192047e+00 1.318278e+00 4.582328e+00 6.308750e+00 3.935899e+00 2.068225e+00 3.229560e+00 2.087135e+00 -1.827947e+00 4.711370e+01
<VARIANCE> 13
 4.023735e+00 1.312672e+01 7.676342e+00 9.764532e+00 9.899539e+00 1.158729e+01 1.014100e+01 1.145509e+01 1.225789e+01 1.259954e+01 1.128869e+01 1.185625e+01 8.109808e+00
<GCONST> 5.370314e+01
<MIXTURE> 2 2.559554e-01
<MEAN> 13
 -4.097243e+00 -2.199570e+00 -2.424949e+00 -1.796412e+00 1.161065e+00 3.431428e+00 4.462694e+00 1.350703e+00 -6.136540e-01 9.726118e-01 6.682803e-01 -2.503481e+00 4.799102e+01
<VARIANCE> 13
 5.359192e+00 1.432017e+01 9.140765e+00 1.001607e+01 1.141716e+01 1.270789e+01 1.000889e+01 1.137067e+01 1.175287e+01 1.257230e+01 1.237620e+01 1.228314e+01 7.645548e+00
<GCONST> 5.451539e+01
<MIXTURE> 3 2.559561e-01
<MEAN> 13
 -4.097242e+00 -2.199571e+00 -2.424950e+00 -1.796412e+00 1.161065e+00 3.431429e+00 4.462694e+00 1.350703e+00 -6.136544e-01 9.726118e-01 6.682805e-01 -2.503480e+00 4.799101e+01
<VARIANCE> 13
 5.359180e+00 1.432015e+01 9.140762e+00 1.001607e+01 1.141715e+01 1.270789e+01 1.000888e+01 1.137066e+01 1.175286e+01 1.257229e+01 1.237618e+01 1.228313e+01 7.645538e+00
<GCONST> 5.451538e+01
<MIXTURE> 4 2.503120e-01
<MEAN> 13
 -4.629319e+00 -3.686441e+00 -3.297312e+00 -3.394150e+00 -1.727779e-01 1.807331e+00 1.692086e+00 -1.545617e+00 -2.131356e+00 -5.386167e-01 -4.357663e-01 -2.868019e+00 4.996355e+01
<VARIANCE> 13
 1.450813e+01 1.470587e+01 9.997380e+00 1.006968e+01 1.438287e+01 1.898816e+01 1.298033e+01 1.438676e+01 1.894944e+01 1.543518e+01 1.568965e+01 1.703423e+01 8.471312e+00
<GCONST> 5.811014e+01
<TRANSP> 5
 0.000000e+00 1.000000e+00 0.000000e+00 0.000000e+00 0.000000e+00
 0.000000e+00 9.915981e-01 8.401901e-03 0.000000e+00 0.000000e+00
 0.000000e+00 0.000000e+00 9.672999e-01 3.270005e-02 0.000000e+00
 0.000000e+00 0.000000e+00 0.000000e+00 9.914327e-01 8.567277e-03
 0.000000e+00 0.000000e+00 0.000000e+00 0.000000e+00 0.000000e+00
<ENDHMM>
~h "ds"
<BEGINHMM>
<NUMSTATES> 5
<STATE> 2
<NUMMIXES> 4
<MIXTURE> 1 1.880249e-01
<MEAN> 13
 -7.727125e+00 5.305082e+00 6.916298e+00 6.125299e+00 7.475952e+00 3.812264e+00 6.916618e+00 -8.720364e-02 2.065541e+00 3.329742e-02 2.022590e+00 -5.915115e-01 6.125396e+01
<VARIANCE> 13
 1.279951e+01 7.621831e+00 9.628297e+00 7.680265e+00 1.060807e+01 1.324183e+01 1.309705e+01 1.548131e+01 1.493296e+01 1.418363e+01 1.480250e+01 1.350879e+01 1.044213e+02
<GCONST> 5.833543e+01
<MIXTURE> 2 2.418760e-01
<MEAN> 13
 -1.032467e+01 1.171500e+00 2.281526e+00 8.985663e-01 2.953801e+00 1.038296e+00 3.083856e+00 -9.604784e-01 1.002298e+00 -2.588810e-01 2.600076e+00 -1.105298e+00 5.412803e+01
<VARIANCE> 13
 1.279758e+01 7.701170e+00 8.781556e+00 9.396786e+00 1.286130e+01 2.033009e+01 2.387084e+01 2.023536e+01 2.882540e+01 2.796459e+01 1.864655e+01 1.716570e+01 3.339309e+01
<GCONST> 6.061158e+01
<MIXTURE> 3 2.418761e-01
<MEAN> 13
 -1.032467e+01 1.171501e+00 2.281528e+00 8.985648e-01 2.953800e+00 1.038300e+00 3.083851e+00 -9.604784e-01 1.002303e+00 -2.588860e-01 2.600079e+00 -1.105296e+00 5.412803e+01
<VARIANCE> 13
 1.279759e+01 7.701167e+00 8.781564e+00 9.396796e+00 1.286130e+01 2.033013e+01 2.387090e+01 2.023537e+01 2.882545e+01 2.796469e+01 1.864657e+01 1.716571e+01 3.339305e+01
<GCONST> 6.061160e+01
<MIXTURE> 4 3.280641e-01
<MEAN> 13
 -1.276443e+01 -6.277140e-01 -8.613322e-01 -1.866537e+00 -1.015977e+00 -2.790343e+00 2.293813e+00 -2.041478e+00 -2.550122e-01 8.312851e-01 2.881263e+00 -1.161794e+00 6.031657e+01
<VARIANCE> 13
 2.584747e+01 1.280582e+01 1.154978e+01 1.474234e+01 2.088689e+01 1.702360e+01 2.788818e+01 2.865786e+01 2.400726e+01 2.136934e+01 2.017223e+01 1.986622e+01 9.100165e+01
<GCONST> 6.413377e+01
<STATE> 3
<NUMMIXES> 4
<MIXTURE> 1 2.441438e-01
<MEAN> 13
 -5.397783e+00 2.945636e+00 2.761296e+00 2.144101e+00 4.772603e+00 5.384551e+00 7.007519e+00 3.676508e+00 2.477762e+00 2.010422e+00 1.838535e+00 -1.961362e+00 4.860190e+01
<VARIANCE> 13
 8.559988e+00 7.362981e+00 1.143135e+01 7.643200e+00 1.403504e+01 1.261959e+01 1.343083e+01 1.522351e+01 1.518045e+01 1.367528e+01 1.458336e+01 1.180142e+01 1.194037e+01
<GCONST> 5.596697e+01
<MIXTURE> 2 2.451836e-01
<MEAN> 13
 -5.870595e+00 2.318777e+00 1.263190e-01 -9.543480e-01 -2.849027e-02 1.913075e+00 3.662066e+00 2.025781e+00 1.264118e+00 1.922433e+00 1.662997e+00 -2.043557e+00 4.666237e+01
<VARIANCE> 13
 7.441630e+00 3.506218e+00 7.005916e+00 7.409827e+00 1.209658e+01 1.074322e+01 1.163886e+01 1.478092e+01 1.488851e+01 1.461285e+01 1.285050e+01 1.171588e+01 6.013364e+00
<GCONST> 5.330928e+01
<MIXTURE> 3 2.451844e-01
<MEAN> 13
 -5.870594e+00 2.318776e+00 1.263192e-01 -9.543491e-01 -2.849220e-02 1.913074e+00 3.662066e+00 2.025780e+00 1.264120e+00 1.922434e+00 1.662998e+00 -2.043556e+00 4.666237e+01
<VARIANCE> 13
 7.441628e+00 3.506219e+00 7.005916e+00 7.409831e+00 1.209661e+01 1.074323e+01 1.163886e+01 1.478093e+01 1.488853e+01 1.461285e+01 1.285051e+01 1.171588e+01 6.013361e+00
<GCONST> 5.330928e+01
<MIXTURE> 4 2.654649e-01
<MEAN> 13
 -5.271262e+00 8.252165e-01 -1.181099e+00 -3.465743e+00 -4.005204e+00 -1.111253e-01 2.131685e+00 4.487682e-01 1.078768e+00 2.590487e+00 1.845174e-01 -3.616650e+00 4.767723e+01
<VARIANCE> 13
 7.985369e+00 7.563252e+00 1.208578e+01 1.232103e+01 1.705039e+01 1.818242e+01 2.160841e+01 2.610247e+01 2.036576e+01 2.380411e+01 2.333534e+01 1.710368e+01 9.176073e+00
<GCONST> 5.945797e+01
<STATE> 4
<NUMMIXES> 4
<MIXTURE> 1 2.180463e-01
<MEAN> 13
 -1.415106e+01 -7.860195e-01 -1.827490e-01 -3.071085e+00 5.659848e-01 6.132298e+00 5.172309e+00 2.431499e+00 1.070190e+00 1.671083e+00 3.314573e+00 -8.708910e-01 5.709947e+01
<VARIANCE> 13
 7.379580e+01 1.016886e+01 1.555802e+01 1.400253e+01 1.746037e+01 2.655242e+01 1.825256e+01 1.784238e+01 1.602329e+01 1.721158e+01 1.400909e+01 1.237459e+01 2.200972e+01
<GCONST> 6.168824e+01
<MIXTURE> 2 2.929590e-01
<MEAN> 13
 -5.669404e+00 -3.008648e+00 -3.473039e+00 -3.099283e+00 1.125639e+00 2.442529e+00 4.105200e+00 1.586170e-01 -5.729137e-01 1.034836e+00 1.401574e+00 -2.539469e+00 5.271116e+01
<VARIANCE> 13
 1.436858e+01 7.817634e+00 7.822361e+00 9.154187e+00 1.209844e+01 1.478453e+01 1.438030e+01 1.559279e+01 1.548498e+01 1.496591e+01 1.381295e+01 1.293939e+01 7.707401e+00
<GCONST> 5.615806e+01
<MIXTURE> 3 2.929590e-01
<MEAN> 13
 -5.669404e+00 -3.008648e+00 -3.473039e+00 -3.099283e+00 1.125639e+00 2.442529e+00 4.105200e+00 1.586170e-01 -5.729137e-01 1.034836e+00 1.401574e+00 -2.539469e+00 5.271116e+01
<VARIANCE> 13
 1.436858e+01 7.817634e+00 7.822361e+00 9.154187e+00 1.209844e+01 1.478453e+01 1.438030e+01 1.559279e+01 1.548498e+01 1.496591e+01 1.381295e+01 1.293939e+01 7.707401e+00
<GCONST> 5.615806e+01
<MIXTURE> 4 1.959055e-01
<MEAN> 13
 -1.125753e+01 -4.987325e+00 -1.942879e+00 -5.418047e+00 -3.037488e+00 -2.140803e+00 -4.651113e-01 -1.447739e+00 -1.464827e+00 -7.631460e-01 8.694242e-01 -1.746603e+00 6.132118e+01
<VARIANCE> 13
 5.684518e+01 2.423457e+01 1.548957e+01 2.375109e+01 1.793604e+01 3.196409e+01 2.694998e+01 2.699387e+01 2.438488e+01 2.248866e+01 2.087773e+01 1.883282e+01 5.059177e+01
<GCONST> 6.617438e+01
<TRANSP> 5
 0.000000e+00 1.000000e+00 0.000000e+00 0.000000e+00 0.000000e+00
 0.000000e+00 9.942577e-01 5.742250e-03 0.000000e+00 0.000000e+00
 0.000000e+00 0.000000e+00 9.840287e-01 1.597129e-02 0.000000e+00
 0.000000e+00 0.000000e+00 0.000000e+00 9.918632e-01 8.136767e-03
 0.000000e+00 0.000000e+00 0.000000e+00 0.000000e+00 0.000000e+00
<ENDHMM>
~h "kj"
<BEGINHMM>
<NUMSTATES> 5
<STATE> 2
<NUMMIXES> 4
<MIXTURE> 1 2.011738e-01
<MEAN> 13
 -2.199772e+01 4.413018e+00 2.443560e+00 -4.638875e+00 -3.548392e+00 1.428681e+01 2.136334e+00 -2.198439e+00 9.936420e+00 -2.514664e+00 -3.560603e+00 6.893123e+00 5.753425e+01
<VARIANCE> 13
 2.379662e+01 5.816899e+00 1.970352e+01 9.340493e+00 1.259591e+01 2.293847e+01 1.938338e+01 1.743816e+01 1.847809e+01 1.894883e+01 1.657257e+01 1.488892e+01 1.863174e+01
<GCONST> 5.981869e+01
<MIXTURE> 2 3.014529e-01
<MEAN> 13
 -2.504483e+01 3.094540e+00 2.795830e+00 -5.677012e+00 -5.232739e+00 1.358103e+01 7.532529e-01 -3.032669e+00 8.732009e+00 -5.107706e+00 -4.660330e+00 6.291641e+00 6.054025e+01
<VARIANCE> 13
 1.716888e+01 6.825907e+00 1.440447e+01 1.241193e+01 1.522278e+01 2.798402e+01 2.274326e+01 1.884787e+01 2.164699e+01 1.835533e+01 1.993640e+01 1.992854e+01 1.668149e+01
<GCONST> 6.074131e+01
<MIXTURE> 3 3.014529e-01
<MEAN> 13
 -2.504483e+01 3.094540e+00 2.795830e+00 -5.677012e+00 -5.232739e+00 1.358103e+01 7.532529e-01 -3.032669e+00 8.732009e+00 -5.107706e+00 -4.660330e+00 6.291641e+00 6.054025e+01
<VARIANCE> 13
 1.716888e+01 6.825907e+00 1.440447e+01 1.241193e+01 1.522278e+01 2.798402e+01 2.274326e+01 1.884787e+01 2.164699e+01 1.835533e+01 1.993640e+01 1.992854e+01 1.668149e+01
<GCONST> 6.074131e+01
<MIXTURE> 4 1.959620e-01
<MEAN> 13
 -1.654239e+01 3.960442e+00 8.829499e-01 -6.311270e+00 -7.105665e+00 6.331708e+00 -1.180870e+00 -3.885178e+00 6.483457e+00 -3.750371e+00 -4.227034e+00 3.509883e+00 5.584965e+01
<VARIANCE> 13
 5.556886e+01 1.316640e+01 2.703298e+01 2.610308e+01 2.237064e+01 4.454468e+01 2.876416e+01 2.900359e+01 3.578713e+01 2.497308e+01 1.847221e+01 2.424803e+01 3.293421e+01
<GCONST> 6.707211e+01
<STATE> 3
<NUMMIXES> 4
<MIXTURE> 1 4.210115e-01
<MEAN> 13
 -6.587820e+00 1.465037e+00 -1.684913e+00 -1.272978e+00 -6.300718e-01 3.516064e+00 4.589356e+00 2.301934e+00 1.282700e+00 2.106369e+00 5.026247e-01 -2.084542e+00 4.717680e+01
<VARIANCE> 13
 1.258607e+01 9.791675e+00 7.649413e+00 8.255572e+00 1.367286e+01 1.345233e+01 1.258588e+01 1.343369e+01 1.513354e+01 1.389693e+01 1.307387e+01 1.431309e+01 7.010985e+00
<GCONST> 5.572480e+01
<MIXTURE> 2 2.240172e-01
<MEAN> 13
 -1.155586e+01 2.340644e+00 -1.090114e+00 -2.548297e+00 -1.921352e+00 2.270221e+00 1.641177e-01 1.027360e+00 4.613551e-01 -5.695330e-01 6.227350e-01 -5.711273e-01 5.167487e+01
<VARIANCE> 13
 4.127459e+01 2.680541e+01 1.331239e+01 1.389092e+01 2.281615e+01 2.793745e+01 2.235635e+01 2.720970e+01 2.172260e+01 1.985973e+01 1.992311e+01 1.854723e+01 1.340807e+01
<GCONST> 6.356440e+01
<MIXTURE> 3 2.240177e-01
<MEAN> 13
 -1.155586e+01 2.340644e+00 -1.090114e+00 -2.548297e+00 -1.921352e+00 2.270224e+00 1.641174e-01 1.027363e+00 4.613560e-01 -5.695332e-01 6.227351e-01 -5.711274e-01 5.167487e+01
<VARIANCE> 13
 4.127461e+01 2.680542e+01 1.331239e+01 1.389092e+01 2.281615e+01 2.793744e+01 2.235636e+01 2.720971e+01 2.172260e+01 1.985973e+01 1.992312e+01 1.854723e+01 1.340806e+01
<GCONST> 6.356441e+01
<MIXTURE> 4 1.308347e-01
<MEAN> 13
 -1.352275e+01 -8.728012e+00 -5.841897e+00 -1.760895e+00 -2.170119e+00 -4.592547e+00 -5.740038e-01 -3.963001e+00 -3.371443e+00 -7.789865e-01 4.568995e-01 -5.274148e-01 6.488913e+01
<VARIANCE> 13
 3.196690e+01 3.492535e+01 1.611859e+01 1.854428e+01 2.545857e+01 2.438758e+01 2.692350e+01 1.925969e+01 2.716063e+01 2.099104e+01 1.700789e+01 1.385924e+01 6.425912e+01
<GCONST> 6.526401e+01
<STATE> 4
<NUMMIXES> 4
<MIXTURE> 1 2.130736e-01
<MEAN> 13
 -2.229606e+01 6.561793e+00 1.546980e-01 3.446049e+00 -8.432215e-02 8.055763e-01 6.323813e+00 3.532758e+00 -1.872325e-01 1.530495e+00 1.114675e+00 -4.621004e-01 5.389115e+01
<VARIANCE> 13
 2.791716e+01 1.577185e+01 1.690105e+01 2.448847e+01 1.697354e+01 1.805550e+01 2.089887e+01 1.580734e+01 1.701517e+01 2.521950e+01 1.641724e+01 1.955309e+01 1.357310e+01
<GCONST> 6.197201e+01
<MIXTURE> 2 2.905473e-01
<MEAN> 13
 -2.335407e+01 2.446686e+00 3.227135e+00 2.833203e+00 -2.809741e+00 -2.552542e-01 7.801999e+00 -2.636501e-01 -4.202058e+00 4.914388e+00 4.694296e-01 -4.123060e+00 5.583117e+01
<VARIANCE> 13
 1.992806e+01 1.291422e+01 1.194940e+01 1.767759e+01 1.549817e+01 1.559485e+01 2.240287e+01 1.706667e+01 1.828831e+01 2.195278e+01 1.762115e+01 1.422340e+01 1.386106e+01
<GCONST> 6.037804e+01
<MIXTURE> 3 2.905482e-01
<MEAN> 13
 -2.335407e+01 2.446689e+00 3.227134e+00 2.833203e+00 -2.809740e+00 -2.552544e-01 7.801996e+00 -2.636492e-01 -4.202056e+00 4.914385e+00 4.694282e-01 -4.123061e+00 5.583117e+01
<VARIANCE> 13
 1.992801e+01 1.291423e+01 1.194939e+01 1.767759e+01 1.549815e+01 1.559484e+01 2.240285e+01 1.706667e+01 1.828830e+01 2.195279e+01 1.762113e+01 1.422339e+01 1.386103e+01
<GCONST> 6.037804e+01
<MIXTURE> 4 2.058583e-01
<MEAN> 13
 -1.572727e+01 -3.614620e+00 -3.474032e+00 -1.306116e-01 -2.933045e+00 -4.177791e+00 -2.753059e-01 -2.891135e+00 -2.900119e+00 2.015604e+00 6.933690e-01 -1.224125e+00 5.914280e+01
<VARIANCE> 13
 3.908401e+01 4.725193e+01 2.394863e+01 1.853917e+01 2.147908e+01 2.057985e+01 1.929765e+01 1.992393e+01 2.058155e+01 2.061251e+01 1.850957e+01 1.539693e+01 6.364294e+01
<GCONST> 6.540874e+01
<TRANSP> 5
 0.000000e+00 1.000000e+00 0.000000e+00 0.000000e+00 0.000000e+00
 0.000000e+00 9.832287e-01 1.677127e-02 0.000000e+00 0.000000e+00
 0.000000e+00 0.000000e+00 9.953399e-01 4.660157e-03 0.000000e+00
 0.000000e+00 0.000000e+00 0.000000e+00 9.942260e-01 5.773952e-03
 0.000000e+00 0.000000e+00 0.000000e+00 0.000000e+00 0.000000e+00
<ENDHMM>
~h "kn"
<BEGINHMM>
<NUMSTATES> 5
<STATE> 2
<NUMMIXES> 4
<MIXTURE> 1 2.781411e-01
<MEAN> 13
 4.405006e+00 3.981582e+00 -2.808759e+00 -1.499913e+00 2.268290e+00 1.199539e+00 1.499737e+00 -1.532789e+00 1.509420e+00 1.916031e+00 2.507603e+00 -1.261783e+00 5.479628e+01
<VARIANCE> 13
 1.165593e+01 2.134420e+01 1.922209e+01 8.505506e+00 8.345975e+00 1.609991e+01 1.197338e+01 1.722968e+01 2.585006e+01 1.260446e+01 1.100960e+01 1.471802e+01 4.123755e+01
<GCONST> 5.932924e+01
<MIXTURE> 2 2.120207e-01
<MEAN> 13
 1.557311e+00 3.578522e+00 -6.018278e-01 -2.554180e+00 -3.731743e-01 -4.155296e-01 1.049320e+00 -3.876781e+00 -1.037394e-01 2.868205e+00 1.759747e+00 -7.532866e-01 5.277448e+01
<VARIANCE> 13
 2.100220e+01 2.037318e+01 2.265405e+01 1.087132e+01 1.845109e+01 2.423455e+01 3.861569e+01 2.359849e+01 2.696432e+01 3.466456e+01 3.043622e+01 2.310864e+01 6.231334e+01
<GCONST> 6.590370e+01
<MIXTURE> 3 2.120209e-01
<MEAN> 13
 1.557311e+00 3.578522e+00 -6.018277e-01 -2.554180e+00 -3.731748e-01 -4.155308e-01 1.049320e+00 -3.876781e+00 -1.037399e-01 2.868205e+00 1.759746e+00 -7.532859e-01 5.277448e+01
<VARIANCE> 13
 2.100221e+01 2.037320e+01 2.265407e+01 1.087133e+01 1.845110e+01 2.423456e+01 3.861573e+01 2.359850e+01 2.696433e+01 3.466458e+01 3.043623e+01 2.310865e+01 6.231334e+01
<GCONST> 6.590371e+01
<MIXTURE> 4 2.978185e-01
<MEAN> 13
 4.944799e+00 2.465355e-01 -6.414429e+00 -2.533839e+00 1.153369e+00 -2.706549e+00 -1.426057e+00 -7.111856e+00 -1.311758e+00 -1.901699e+00 7.067627e-01 -3.515348e+00 5.969146e+01
<VARIANCE> 13
 1.169344e+01 2.590650e+01 1.500872e+01 1.110180e+01 1.453912e+01 1.966126e+01 1.815234e+01 2.158843e+01 2.209913e+01 1.770279e+01 1.618435e+01 1.820295e+01 2.889946e+01
<GCONST> 6.136683e+01
<STATE> 3
<NUMMIXES> 4
<MIXTURE> 1 2.491039e-01
<MEAN> 13
 4.104883e+00 -1.063839e+00 -1.829443e+00 2.734337e+00 6.879260e+00 1.203634e+00 4.661085e+00 -1.351020e+00 1.882668e+00 1.093049e+00 3.059076e+00 4.035487e-02 6.193573e+01
<VARIANCE> 13
 9.781126e+00 1.419500e+01 1.016616e+01 1.098635e+01 1.562485e+01 2.197611e+01 1.867863e+01 1.491384e+01 1.634552e+01 1.610825e+01 1.494163e+01 1.505466e+01 3.541518e+01
<GCONST> 5.956622e+01
<MIXTURE> 2 2.675535e-01
<MEAN> 13
 6.276503e+00 7.621455e-01 -1.256536e+00 2.076055e+00 6.166534e+00 7.922626e-01 1.760327e+00 -2.564330e+00 -2.147528e+00 -1.919943e+00 -1.902939e-01 -2.848456e+00 5.655851e+01
<VARIANCE> 13
 8.842770e+00 1.668574e+01 1.399940e+01 9.991813e+00 1.415877e+01 1.952477e+01 1.729661e+01 1.761206e+01 1.766771e+01 1.439278e+01 1.330224e+01 1.388223e+01 3.036598e+01
<GCONST> 5.933878e+01
<MIXTURE> 3 2.675535e-01
<MEAN> 13
 6.276503e+00 7.621455e-01 -1.256536e+00 2.076055e+00 6.166534e+00 7.922626e-01 1.760327e+00 -2.564330e+00 -2.147528e+00 -1.919943e+00 -1.902939e-01 -2.848456e+00 5.655851e+01
<VARIANCE> 13
 8.842770e+00 1.668574e+01 1.399940e+01 9.991813e+00 1.415877e+01 1.952477e+01 1.729661e+01 1.761206e+01 1.766771e+01 1.439278e+01 1.330224e+01 1.388223e+01 3.036598e+01
<GCONST> 5.933878e+01
<MIXTURE> 4 2.157779e-01
<MEAN> 13
 5.510226e+00 -3.030213e+00 -2.917371e+00 9.860929e-01 2.538102e+00 -3.501663e+00 8.470539e-01 -7.243762e+00 -3.068526e+00 -4.057703e+00 -6.139725e-01 -3.620873e+00 6.223836e+01
<VARIANCE> 13
 8.990610e+00 2.957242e+01 1.683070e+01 1.317602e+01 1.768802e+01 2.152644e+01 1.956999e+01 2.619358e+01 2.224596e+01 2.048716e+01 1.695402e+01 1.878265e+01 3.602952e+01
<GCONST> 6.252845e+01
<STATE> 4
<NUMMIXES> 4
<MIXTURE> 1 2.628698e-01
<MEAN> 13
 -3.014224e+00 1.707304e+00 1.865979e+00 -5.839060e-01 4.052815e+00 4.665246e+00 3.460708e+00 3.066078e+00 -1.229348e+00 -1.726404e-01 3.037059e-01 -3.345991e+00 4.517982e+01
<VARIANCE> 13
 6.591559e+00 1.542064e+01 1.278572e+01 7.340764e+00 1.706839e+01 9.817529e+00 1.608192e+01 1.483059e+01 1.609297e+01 1.649429e+01 1.193975e+01 1.258797e+01 7.881156e+00
<GCONST> 5.630994e+01
<MIXTURE> 2 2.614067e-01
<MEAN> 13
 -3.205015e+00 -8.653542e-01 -5.462322e-01 -3.289818e+00 -8.977348e-01 2.259584e+00 2.909254e+00 1.418547e+00 -9.342310e-02 1.694538e+00 3.944353e-01 -3.396957e+00 4.652395e+01
<VARIANCE> 13
 3.885073e+00 1.490500e+01 1.434431e+01 8.429039e+00 1.773393e+01 1.352076e+01 2.034454e+01 1.799285e+01 1.836914e+01 1.798654e+01 1.692034e+01 1.472959e+01 8.431990e+00
<GCONST> 5.757947e+01
<MIXTURE> 3 2.614067e-01
<MEAN> 13
 -3.205015e+00 -8.653542e-01 -5.462322e-01 -3.289818e+00 -8.977348e-01 2.259584e+00 2.909254e+00 1.418547e+00 -9.342310e-02 1.694538e+00 3.944353e-01 -3.396957e+00 4.652395e+01
<VARIANCE> 13
 3.885073e+00 1.490500e+01 1.434431e+01 8.429039e+00 1.773393e+01 1.352076e+01 2.034454e+01 1.799285e+01 1.836914e+01 1.798654e+01 1.692034e+01 1.472959e+01 8.431990e+00
<GCONST> 5.757947e+01
<MIXTURE> 4 2.142985e-01
<MEAN> 13
 -4.842626e+00 -2.301268e+00 1.788344e+00 -2.960513e+00 -5.719617e+00 -8.492803e-02 3.056564e+00 -5.457278e+00 -1.935878e+00 4.822574e+00 -1.242332e+00 -2.008653e+00 4.814249e+01
<VARIANCE> 13
 7.469388e+00 1.283786e+01 2.114320e+01 1.384209e+01 1.846259e+01 2.415126e+01 4.758060e+01 3.193997e+01 1.964220e+01 4.868793e+01 4.710905e+01 1.943607e+01 1.227136e+01
<GCONST> 6.375099e+01
<TRANSP> 5
 0.000000e+00 1.000000e+00 0.000000e+00 0.000000e+00 0.000000e+00
 0.000000e+00 9.585254e-01 4.147458e-02 0.000000e+00 0.000000e+00
 0.000000e+00 0.000000e+00 9.858733e-01 1.412666e-02 0.000000e+00
 0.000000e+00 0.000000e+00 0.000000e+00 9.921156e-01 7.884461e-03
 0.000000e+00 0.000000e+00 0.000000e+00 0.000000e+00 0.000000e+00
<ENDHMM>
~h "kt"
<BEGINHMM>
<NUMSTATES> 5
<STATE> 2
<NUMMIXES> 4
<MIXTURE> 1 3.006925e-01
<MEAN> 13
 -1.024021e+01 3.529573e+00 -2.338038e+00 1.358589e+00 2.137024e+00 3.779242e-01 4.599691e+00 3.577268e+00 2.052366e+00 6.437708e-01 1.490873e+00 -1.388103e+00 4.918288e+01
<VARIANCE> 13
 4.656278e+00 4.771215e+00 7.496304e+00 8.806231e+00 1.037741e+01 1.073005e+01 1.232050e+01 1.301430e+01 1.376317e+01 1.365922e+01 1.176783e+01 1.093643e+01 6.724817e+00
<GCONST> 5.297277e+01
<MIXTURE> 2 2.451617e-01
<MEAN> 13
 -1.187395e+01 3.091330e+00 -2.984571e+00 1.162011e+00 1.039706e+00 -1.635328e+00 2.459485e+00 7.261596e-01 -4.579733e-01 -1.294297e+00 -2.843256e-01 -1.930368e+00 5.221109e+01
<VARIANCE> 13
 5.436667e+00 6.223884e+00 8.196083e+00 1.092176e+01 1.177969e+01 1.159343e+01 1.374024e+01 1.448800e+01 1.501378e+01 1.686228e+01 1.485213e+01 1.333310e+01 1.310871e+01
<GCONST> 5.551455e+01
<MIXTURE> 3 2.451618e-01
<MEAN> 13
 -1.187395e+01 3.091329e+00 -2.984571e+00 1.162012e+00 1.039707e+00 -1.635327e+00 2.459485e+00 7.261583e-01 -4.579739e-01 -1.294297e+00 -2.843257e-01 -1.930368e+00 5.221109e+01
<VARIANCE> 13
 5.436663e+00 6.223885e+00 8.196084e+00 1.092176e+01 1.177969e+01 1.159342e+01 1.374024e+01 1.448800e+01 1.501378e+01 1.686228e+01 1.485212e+01 1.333308e+01 1.310870e+01
<GCONST> 5.551456e+01
<MIXTURE> 4 2.089842e-01
<MEAN> 13
 -1.420118e+01 2.521647e+00 -4.242708e+00 -2.655737e-01 -1.153561e+00 -4.897802e+00 3.379665e-01 -1.603358e-01 -1.048428e+00 -9.220024e-01 -1.891062e+00 -1.603709e+00 5.660660e+01
<VARIANCE> 13
 7.022976e+00 1.095509e+01 1.004641e+01 1.511483e+01 1.634392e+01 1.942343e+01 2.141229e+01 2.078514e+01 2.257324e+01 2.585079e+01 2.201423e+01 1.670637e+01 1.858940e+01
<GCONST> 6.031600e+01
<STATE> 3
<NUMMIXES> 4
<MIXTURE> 1 2.476474e-01
<MEAN> 13
 -7.260259e+00 2.529072e+00 -1.180349e+00 3.329825e-01 1.051594e+00 2.857234e+00 5.769810e+00 3.929171e+00 2.070710e+00 2.048998e+00 1.559377e+00 -1.556078e+00 4.618500e+01
<VARIANCE> 13
 6.836826e+00 5.600082e+00 7.349487e+00 7.753138e+00 1.238947e+01 1.014915e+01 1.296755e+01 1.305325e+01 1.272429e+01 1.341282e+01 1.179916e+01 1.114022e+01 3.764497e+00
<GCONST> 5.288989e+01
<MIXTURE> 2 2.602382e-01
<MEAN> 13
 -7.896935e+00 2.741330e+00 -1.754887e+00 -5.661115e-01 -3.400865e-01 4.929282e-01 3.248516e+00 1.492402e+00 2.675163e-01 4.408363e-01 2.379434e-01 -2.166783e+00 4.706665e+01
<VARIANCE> 13
 7.920867e+00 6.917557e+00 8.700470e+00 8.470837e+00 1.442619e+01 1.166584e+01 1.390924e+01 1.485907e+01 1.450703e+01 1.594043e+01 1.392198e+01 1.245772e+01 5.405509e+00
<GCONST> 5.493957e+01
<MIXTURE> 3 2.602383e-01
<MEAN> 13
 -7.896935e+00 2.741330e+00 -1.754887e+00 -5.661117e-01 -3.400857e-01 4.929284e-01 3.248517e+00 1.492402e+00 2.675163e-01 4.408357e-01 2.379429e-01 -2.166783e+00 4.706665e+01
<VARIANCE> 13
 7.920866e+00 6.917554e+00 8.700470e+00 8.470830e+00 1.442618e+01 1.166585e+01 1.390924e+01 1.485906e+01 1.450702e+01 1.594043e+01 1.392199e+01 1.245772e+01 5.405509e+00
<GCONST> 5.493956e+01
<MIXTURE> 4 2.317224e-01
<MEAN> 13
 -9.567541e+00 1.934200e+00 -3.195764e+00 -2.078532e+00 -2.726975e+00 -2.191198e+00 1.451435e+00 -3.864298e-01 -1.788276e-01 4.579014e-01 -3.140643e-01 -2.294166e+00 5.089930e+01
<VARIANCE> 13
 1.793229e+01 1.459836e+01 1.314106e+01 1.456642e+01 2.194932e+01 1.713901e+01 2.034565e+01 2.234007e+01 2.329848e+01 2.421206e+01 1.717497e+01 1.456102e+01 1.620159e+01
<GCONST> 6.140587e+01
<STATE> 4
<NUMMIXES> 4
<MIXTURE> 1 2.181869e-01
<MEAN> 13
 -1.056676e+01 -6.321979e-01 -5.419462e+00 -9.860106e-01 2.618272e+00 3.141600e+00 6.888494e+00 2.879999e+00 2.553019e+00 2.975337e+00 2.604462e+00 -6.946006e-01 5.502613e+01
<VARIANCE> 13
 1.309171e+01 7.306547e+00 6.976842e+00 8.741075e+00 9.689531e+00 1.327905e+01 1.203500e+01 1.250196e+01 1.358298e+01 1.322376e+01 1.293539e+01 1.186430e+01 1.286028e+01
<GCONST> 5.521320e+01
<MIXTURE> 2 2.553087e-01
<MEAN> 13
 -8.287327e+00 -1.913213e+00 -5.401078e+00 -2.214414e+00 1.779933e+00 3.156975e+00 5.054194e+00 2.011408e-01 -8.951253e-01 5.661581e-01 1.014349e+00 -1.686076e+00 5.275156e+01
<VARIANCE> 13
 1.059545e+01 7.263417e+00 7.226713e+00 7.443970e+00 8.914793e+00 1.072295e+01 1.045345e+01 1.188213e+01 1.133330e+01 1.147758e+01 1.190894e+01 1.158284e+01 5.996817e+00
<GCONST> 5.318912e+01
<MIXTURE> 3 2.553084e-01
<MEAN> 13
 -8.287339e+00 -1.913209e+00 -5.401076e+00 -2.214409e+00 1.779933e+00 3.156970e+00 5.054194e+00 2.011408e-01 -8.951228e-01 5.661564e-01 1.014348e+00 -1.686074e+00 5.275156e+01
<VARIANCE> 13
 1.059547e+01 7.263427e+00 7.226730e+00 7.443972e+00 8.914797e+00 1.072297e+01 1.045345e+01 1.188213e+01 1.133331e+01 1.147758e+01 1.190895e+01 1.158285e+01 5.996843e+00
<GCONST> 5.318913e+01
<MIXTURE> 4 2.710617e-01
<MEAN> 13
 -1.274963e+01 -3.089401e+00 -4.038472e+00 -1.999411e+00 -6.119338e-01 -2.096337e+00 1.504257e+00 -1.864278e+00 -9.681236e-01 -8.587257e-01 -2.236089e-01 -1.197653e+00 5.873947e+01
<VARIANCE> 13
 1.838829e+01 1.991441e+01 1.450524e+01 1.402168e+01 1.532380e+01 1.670992e+01 1.663397e+01 1.937554e+01 2.222190e+01 1.626858e+01 1.513347e+01 1.473161e+01 2.588944e+01
<GCONST> 6.098259e+01
<TRANSP> 5
 0.000000e+00 1.000000e+00 0.000000e+00 0.000000e+00 0.000000e+00
 0.000000e+00 9.903606e-01 9.639336e-03 0.000000e+00 0.000000e+00
 0.000000e+00 0.000000e+00 9.940573e-01 5.942683e-03 0.000000e+00
 0.000000e+00 0.000000e+00 0.000000e+00 9.967578e-01 3.242200e-03
 0.000000e+00 0.000000e+00 0.000000e+00 0.000000e+00 0.000000e+00
<ENDHMM>
~h "pr"
<BEGINHMM>
<NUMSTATES> 5
<STATE> 2
<NUMMIXES> 4
<MIXTURE> 1 3.418211e-01
<MEAN> 13
 -6.192249e+00 -1.216524e+00 3.086258e+00 -3.921539e+00 1.791075e-01 3.301744e+00 3.726883e+00 2.640096e+00 -6.954913e-01 2.395793e+00 6.691183e-01 -1.524670e+00 4.617147e+01
<VARIANCE> 13
 8.026763e+00 1.769041e+01 3.186250e+01 1.633494e+01 3.345690e+01 1.684012e+01 1.593519e+01 2.039820e+01 2.802868e+01 1.815196e+01 1.625835e+01 1.815322e+01 8.144528e+00
<GCONST> 6.123775e+01
<MIXTURE> 2 2.090295e-01
<MEAN> 13
 -6.905349e+00 -8.430246e+00 9.804619e-01 -5.328020e+00 -2.569726e-01 7.606619e+00 1.603019e+00 -7.009619e-01 -3.058322e-01 3.536173e+00 3.427812e+00 -3.132974e+00 5.149913e+01
<VARIANCE> 13
 1.240510e+01 4.150294e+01 3.932152e+01 3.252062e+01 9.588232e+01 7.548749e+01 3.248110e+01 3.475872e+01 5.332707e+01 4.675051e+01 4.674977e+01 3.901976e+01 1.407062e+01
<GCONST> 7.118034e+01
<MIXTURE> 3 2.090296e-01
<MEAN> 13
 -6.905349e+00 -8.430207e+00 9.805041e-01 -5.327987e+00 -2.570515e-01 7.606557e+00 1.603046e+00 -7.009579e-01 -3.058479e-01 3.536227e+00 3.427774e+00 -3.133015e+00 5.149911e+01
<VARIANCE> 13
 1.240513e+01 4.150276e+01 3.932161e+01 3.252066e+01 9.588240e+01 7.548687e+01 3.248123e+01 3.475876e+01 5.332749e+01 4.675076e+01 4.674960e+01 3.901999e+01 1.407057e+01
<GCONST> 7.118034e+01
<MIXTURE> 4 2.401164e-01
<MEAN> 13
 -9.664444e+00 -1.372295e+01 -2.124378e+00 -7.068711e+00 8.079470e+00 1.200936e+01 -1.760525e+00 -3.641613e+00 3.085110e+00 -1.282252e-01 5.645144e+00 -2.005514e+00 5.509848e+01
<VARIANCE> 13
 1.176787e+01 3.188783e+01 2.734153e+01 6.242520e+01 4.624282e+01 1.347039e+02 2.783552e+01 4.439115e+01 9.421414e+01 4.668816e+01 1.087991e+02 6.317313e+01 1.013486e+01
<GCONST> 7.265914e+01
<STATE> 3
<NUMMIXES> 4
<MIXTURE> 1 2.080234e-01
<MEAN> 13
 -1.565681e+01 -5.469418e+00 4.548359e+00 -2.520877e+00 1.140965e+01 -1.083564e+01 9.986066e-01 1.172923e+01 6.419697e-01 -2.883247e+00 -7.461953e+00 9.558706e+00 5.457393e+01
<VARIANCE> 13
 2.792000e+01 3.061320e+01 1.590185e+01 3.733254e+01 4.148645e+01 6.269746e+01 2.645778e+01 4.749210e+01 2.703529e+01 4.399447e+01 5.290466e+01 5.927747e+01 3.463896e+01
<GCONST> 7.070619e+01
<MIXTURE> 2 2.797998e-01
<MEAN> 13
 -1.552114e+01 -8.978068e+00 1.220715e+00 -5.322143e+00 1.660620e+00 -2.544931e-01 7.040981e+00 3.094642e+00 2.745965e-01 -2.153626e+00 1.410571e+00 2.928324e-01 5.940451e+01
<VARIANCE> 13
 3.380362e+01 3.406445e+01 4.051246e+01 4.186164e+01 8.499747e+01 6.446355e+01 6.517505e+01 6.124955e+01 5.892696e+01 4.013784e+01 4.941978e+01 6.336374e+01 1.472981e+01
<GCONST> 7.378570e+01
<MIXTURE> 3 2.797995e-01
<MEAN> 13
 -1.552114e+01 -8.978068e+00 1.220717e+00 -5.322147e+00 1.660614e+00 -2.544932e-01 7.040983e+00 3.094643e+00 2.745987e-01 -2.153623e+00 1.410567e+00 2.928287e-01 5.940451e+01
<VARIANCE> 13
 3.380359e+01 3.406445e+01 4.051247e+01 4.186159e+01 8.499739e+01 6.446342e+01 6.517501e+01 6.124949e+01 5.892682e+01 4.013776e+01 4.941966e+01 6.336361e+01 1.472980e+01
<GCONST> 7.378568e+01
<MIXTURE> 4 2.323986e-01
<MEAN> 13
 -1.287724e+01 -7.710850e+00 -7.340031e-01 -6.575097e+00 -2.514774e+00 1.718574e+00 8.155457e+00 -2.573111e-01 -1.423076e+00 -1.727611e+00 2.294552e+00 -2.253543e+00 5.929090e+01
<VARIANCE> 13
 4.098695e+01 4.066630e+01 5.690373e+01 2.601947e+01 5.695445e+01 4.462738e+01 7.649587e+01 5.499800e+01 4.924900e+01 3.214636e+01 3.494856e+01 3.646661e+01 1.296750e+01
<GCONST> 7.187630e+01
<STATE> 4
<NUMMIXES> 4
<MIXTURE> 1 4.164568e-01
<MEAN> 13
 -2.182461e+01 5.241480e+00 1.677004e+01 -1.451701e+01 1.170021e+00 1.378942e+01 -5.077424e+00 -6.691708e+00 1.335793e+01 -8.175849e+00 -6.305673e+00 8.250114e+00 5.418624e+01
<VARIANCE> 13
 7.503721e+00 8.656435e+00 8.681176e+00 1.256423e+01 1.561292e+01 1.715281e+01 1.624312e+01 1.881405e+01 2.108742e+01 2.090948e+01 2.311905e+01 1.374115e+01 3.990826e+00
<GCONST> 5.730458e+01
<MIXTURE> 2 1.379633e-01
<MEAN> 13
 -1.473548e+01 2.049675e-01 1.735003e+01 -1.862617e+01 6.466999e+00 9.769341e+00 -6.216924e+00 5.164723e-01 6.485543e+00 4.373560e-01 -1.160472e+01 1.002196e+01 4.925808e+01
<VARIANCE> 13
 1.686080e+01 9.166256e+00 2.066964e+01 3.875465e+01 2.648952e+01 2.220784e+01 1.738889e+01 3.024500e+01 2.880387e+01 3.328471e+01 2.781364e+01 2.404799e+01 1.259824e+01
<GCONST> 6.416593e+01
<MIXTURE> 3 1.379633e-01
<MEAN> 13
 -1.473548e+01 2.049675e-01 1.735003e+01 -1.862617e+01 6.466999e+00 9.769341e+00 -6.216924e+00 5.164723e-01 6.485543e+00 4.373560e-01 -1.160472e+01 1.002196e+01 4.925808e+01
<VARIANCE> 13
 1.686080e+01 9.166256e+00 2.066964e+01 3.875465e+01 2.648952e+01 2.220784e+01 1.738889e+01 3.024500e+01 2.880387e+01 3.328471e+01 2.781364e+01 2.404799e+01 1.259824e+01
<GCONST> 6.416593e+01
<MIXTURE> 4 3.075731e-01
<MEAN> 13
 -6.399914e+00 2.933782e+00 3.793962e+00 -3.439178e+00 3.755472e+00 9.128203e-01 2.965862e-01 3.752417e+00 -6.570594e-01 -8.197713e-01 -1.234602e+00 -1.202678e+00 4.471796e+01
<VARIANCE> 13
 9.405973e+00 7.632409e+00 1.766744e+01 1.859002e+01 1.514358e+01 2.297773e+01 1.884742e+01 2.291729e+01 2.084134e+01 1.892397e+01 2.196532e+01 1.982316e+01 5.583728e+00
<GCONST> 5.965441e+01
<TRANSP> 5
 0.000000e+00 1.000000e+00 0.000000e+00 0.000000e+00 0.000000e+00
 0.000000e+00 9.740287e-01 2.597127e-02 0.000000e+00 0.000000e+00
 0.000000e+00 0.000000e+00 9.949707e-01 5.029266e-03 0.000000e+00
 0.000000e+00 0.000000e+00 0.000000e+00 9.929233e-01 7.076697e-03
 0.000000e+00 0.000000e+00 0.000000e+00 0.000000e+00 0.000000e+00
<ENDHMM>
~h "pw"
<BEGINHMM>
<NUMSTATES> 5
<STATE> 2
<NUMMIXES> 4
<MIXTURE> 1 2.900712e-01
<MEAN> 13
 -1.115374e+01 -1.603385e-02 6.248322e-02 -1.110060e-01 2.387866e+00 8.177262e-01 4.771086e+00 2.791282e+00 8.926135e-01 2.226893e+00 1.238931e+00 -5.469346e-01 4.955038e+01
<VARIANCE> 13
 1.235642e+01 1.042518e+01 9.241796e+00 1.056926e+01 1.107519e+01 1.257903e+01 1.259913e+01 1.363381e+01 1.460070e+01 1.452251e+01 1.324960e+01 1.218362e+01 1.292292e+01
<GCONST> 5.641523e+01
<MIXTURE> 2 2.433559e-01
<MEAN> 13
 -1.374820e+01 -3.299052e+00 -8.936955e-01 -6.589288e-02 1.409122e+00 -1.521206e+00 2.586600e+00 -3.315986e-01 -1.071045e+00 7.630184e-01 1.037154e-01 -8.668453e-01 5.421611e+01
<VARIANCE> 13
 1.313277e+01 1.941944e+01 1.151974e+01 1.239791e+01 1.379579e+01 1.425388e+01 1.340136e+01 1.399793e+01 1.544812e+01 1.408328e+01 1.409303e+01 1.319804e+01 1.671517e+01
<GCONST> 5.833557e+01
<MIXTURE> 3 2.433544e-01
<MEAN> 13
 -1.374820e+01 -3.299052e+00 -8.936967e-01 -6.589300e-02 1.409122e+00 -1.521206e+00 2.586600e+00 -3.316000e-01 -1.071045e+00 7.630182e-01 1.037173e-01 -8.668449e-01 5.421611e+01
<VARIANCE> 13
 1.313276e+01 1.941944e+01 1.151975e+01 1.239792e+01 1.379577e+01 1.425386e+01 1.340137e+01 1.399795e+01 1.544813e+01 1.408327e+01 1.409301e+01 1.319802e+01 1.671518e+01
<GCONST> 5.833558e+01
<MIXTURE> 4 2.231219e-01
<MEAN> 13
 -1.479522e+01 -7.412546e+00 -2.555664e+00 -1.681082e+00 -1.040729e+00 -5.365575e+00 -7.140653e-01 -4.042698e+00 -2.763064e+00 -7.254956e-01 -5.274429e-01 -1.020597e+00 6.151585e+01
<VARIANCE> 13
 2.117143e+01 1.885236e+01 1.378207e+01 1.306582e+01 1.667235e+01 1.862626e+01 1.744266e+01 2.044176e+01 1.834731e+01 1.673570e+01 1.603403e+01 1.461508e+01 3.436637e+01
<GCONST> 6.141075e+01
<STATE> 3
<NUMMIXES> 4
<MIXTURE> 1 3.554613e-01
<MEAN> 13
 -1.055957e+01 -5.899327e+00 -2.374977e+00 1.890642e-01 2.284738e+00 -2.946931e+00 8.469737e-01 -4.568644e+00 -3.867452e+00 -5.696329e-01 1.405118e+00 2.906006e-01 5.903242e+01
<VARIANCE> 13
 8.552410e+00 1.383263e+01 1.127938e+01 8.428418e+00 1.221171e+01 1.436502e+01 1.546389e+01 1.793452e+01 1.833735e+01 1.623038e+01 1.429626e+01 1.204823e+01 3.355300e+01
<GCONST> 5.837052e+01
<MIXTURE> 2 2.306131e-01
<MEAN> 13
 -1.115430e+01 -8.346081e+00 -3.644996e+00 -1.741225e+00 -6.488392e-01 -6.866918e+00 -2.089021e+00 -7.304858e+00 -4.337390e+00 -1.834277e+00 1.779076e-01 -8.825426e-01 6.663807e+01
<VARIANCE> 13
 1.306265e+01 1.201170e+01 1.214453e+01 9.642892e+00 1.152012e+01 1.468924e+01 1.643158e+01 1.726742e+01 1.949321e+01 1.616225e+01 1.456553e+01 1.316516e+01 3.453500e+01
<GCONST> 5.904132e+01
<MIXTURE> 3 2.306103e-01
<MEAN> 13
 -1.115431e+01 -8.346083e+00 -3.644997e+00 -1.741230e+00 -6.488466e-01 -6.866922e+00 -2.089019e+00 -7.304851e+00 -4.337384e+00 -1.834279e+00 1.779047e-01 -8.825444e-01 6.663810e+01
<VARIANCE> 13
 1.306263e+01 1.201167e+01 1.214451e+01 9.642876e+00 1.152011e+01 1.468923e+01 1.643155e+01 1.726741e+01 1.949317e+01 1.616221e+01 1.456549e+01 1.316511e+01 3.453497e+01
<GCONST> 5.904131e+01
<MIXTURE> 4 1.833246e-01
<MEAN> 13
 -1.273766e+01 -9.515585e+00 -5.040369e+00 -4.677399e+00 -3.805485e+00 -9.601565e+00 -3.693539e+00 -8.351135e+00 -4.977372e+00 -3.832838e+00 -1.419300e+00 -1.274878e+00 7.269403e+01
<VARIANCE> 13
 1.591697e+01 8.037857e+00 1.035053e+01 1.388339e+01 1.985211e+01 1.515289e+01 1.889111e+01 2.430785e+01 2.317704e+01 1.564916e+01 1.610989e+01 1.521527e+01 2.498816e+01
<GCONST> 6.016139e+01
<STATE> 4
<NUMMIXES> 4
<MIXTURE> 1 3.373716e-01
<MEAN> 13
 -7.077420e+00 -1.085469e-01 8.184344e-02 1.965036e-02 3.569220e+00 3.111364e-01 1.683080e+00 -9.265915e-01 -2.912549e+00 -4.619106e-01 -2.464855e-01 -1.182345e+00 4.836438e+01
<VARIANCE> 13
 1.079457e+01 1.418503e+01 8.017848e+00 8.191608e+00 1.114773e+01 1.149644e+01 1.636533e+01 1.862178e+01 1.492875e+01 1.593266e+01 1.241103e+01 1.317113e+01 1.620751e+01
<GCONST> 5.703493e+01
<MIXTURE> 2 1.982716e-01
<MEAN> 13
 -6.269349e+00 -5.292814e+00 -1.724688e+00 -1.358104e+00 3.134584e-01 -4.660072e+00 -2.058401e+00 -6.208879e+00 -4.730185e+00 -1.441422e+00 -8.037271e-01 -1.093267e+00 5.851620e+01
<VARIANCE> 13
 1.392601e+01 2.994777e+01 1.653685e+01 1.137131e+01 2.239392e+01 1.560125e+01 1.511562e+01 2.068897e+01 2.233466e+01 1.906783e+01 1.742167e+01 1.924055e+01 4.172825e+01
<GCONST> 6.236383e+01
<MIXTURE> 3 1.982716e-01
<MEAN> 13
 -6.269349e+00 -5.292814e+00 -1.724688e+00 -1.358104e+00 3.134589e-01 -4.660072e+00 -2.058402e+00 -6.208881e+00 -4.730185e+00 -1.441421e+00 -8.037241e-01 -1.093265e+00 5.851620e+01
<VARIANCE> 13
 1.392602e+01 2.994778e+01 1.653687e+01 1.137132e+01 2.239395e+01 1.560126e+01 1.511564e+01 2.068897e+01 2.233466e+01 1.906785e+01 1.742165e+01 1.924056e+01 4.172830e+01
<GCONST> 6.236383e+01
<MIXTURE> 4 2.660833e-01
<MEAN> 13
 -5.211977e+00 -8.966501e+00 -1.140741e+00 -3.810622e+00 -3.397052e+00 -6.357632e+00 -4.484855e+00 -6.941972e+00 -3.018357e+00 -1.584432e+00 -1.361033e+00 -3.604947e+00 6.588640e+01
<VARIANCE> 13
 1.481418e+01 3.519021e+01 2.218651e+01 1.610635e+01 3.645888e+01 3.881464e+01 2.079346e+01 3.261317e+01 3.466094e+01 2.173121e+01 2.336764e+01 2.658818e+01 8.159299e+01
<GCONST> 6.725971e+01
<TRANSP> 5
 0.000000e+00 1.000000e+00 0.000000e+00 0.000000e+00 0.000000e+00
 0.000000e+00 9.968954e-01 3.104602e-03 0.000000e+00 0.000000e+00
 0.000000e+00 0.000000e+00 9.669953e-01 3.300472e-02 0.000000e+00
 0.000000e+00 0.000000e+00 0.000000e+00 9.773545e-01 2.264555e-02
 0.000000e+00 0.000000e+00 0.000000e+00 0.000000e+00 0.000000e+00
<ENDHMM>
~h "si"
<BEGINHMM>
<NUMSTATES> 5
<STATE> 2
<NUMMIXES> 4
<MIXTURE> 1 2.534818e-01
<MEAN> 13
 -1.041331e+01 1.283733e+00 2.531579e+00 1.029825e+00 3.947866e+00 2.731049e+00 5.100001e+00 2.425268e+00 1.231146e+00 1.114778e+00 1.892592e+00 -7.668489e-01 4.898511e+01
<VARIANCE> 13
 1.431565e+01 8.351205e+00 7.787312e+00 1.035106e+01 1.056414e+01 1.190866e+01 1.402266e+01 1.710573e+01 1.693595e+01 1.566654e+01 1.518081e+01 1.310324e+01 2.556328e+01
<GCONST> 5.749557e+01
<MIXTURE> 2 2.761951e-01
<MEAN> 13
 -1.099527e+01 2.782304e-01 1.211552e+00 -7.713372e-01 1.332815e+00 -3.091868e-01 2.321076e+00 3.434826e-01 -4.342148e-01 -8.194467e-02 6.953461e-01 -1.579841e+00 5.001810e+01
<VARIANCE> 13
 1.507864e+01 1.186716e+01 8.701054e+00 1.087081e+01 1.142887e+01 1.206380e+01 1.313640e+01 1.571559e+01 1.558882e+01 1.494311e+01 1.390366e+01 1.285682e+01 1.764039e+01
<GCONST> 5.739240e+01
<MIXTURE> 3 2.761936e-01
<MEAN> 13
 -1.099527e+01 2.782316e-01 1.211551e+00 -7.713355e-01 1.332814e+00 -3.091878e-01 2.321075e+00 3.434821e-01 -4.342155e-01 -8.194433e-02 6.953469e-01 -1.579840e+00 5.001810e+01
<VARIANCE> 13
 1.507862e+01 1.186717e+01 8.701043e+00 1.087080e+01 1.142886e+01 1.206378e+01 1.313642e+01 1.571556e+01 1.558881e+01 1.494309e+01 1.390363e+01 1.285682e+01 1.764037e+01
<GCONST> 5.739238e+01
<MIXTURE> 4 1.940147e-01
<MEAN> 13
 -1.180892e+01 -3.242645e+00 -5.270201e-01 -2.573298e+00 -1.553853e+00 -4.223421e+00 -9.170382e-01 -3.200933e+00 -1.830477e+00 -5.927919e-01 1.069238e+00 -1.192086e+00 5.813522e+01
<VARIANCE> 13
 3.221871e+01 3.320049e+01 2.638050e+01 2.126234e+01 2.551624e+01 2.003101e+01 2.289672e+01 2.240369e+01 2.388035e+01 2.280506e+01 2.090261e+01 1.782180e+01 6.020024e+01
<GCONST> 6.599191e+01
<STATE> 3
<NUMMIXES> 4
<MIXTURE> 1 2.356676e-01
<MEAN> 13
 -5.383337e+00 2.752949e+00 2.245941e+00 -1.392140e+00 4.814277e+00 4.198533e+00 3.865447e+00 6.364956e+00 7.423158e-01 1.375125e+00 2.331002e+00 -1.946342e+00 4.251306e+01
<VARIANCE> 13
 3.289654e+00 3.643361e+00 5.434375e+00 7.028117e+00 1.052752e+01 9.962542e+00 1.089011e+01 1.257735e+01 1.289733e+01 1.427568e+01 1.197315e+01 1.113866e+01 1.429067e+00
<GCONST> 5.005702e+01
<MIXTURE> 2 2.595089e-01
<MEAN> 13
 -5.349067e+00 2.407723e+00 1.767684e+00 -2.375214e+00 3.550351e+00 2.450099e+00 1.716413e+00 4.385612e+00 -1.241983e+00 -3.958603e-01 9.706265e-01 -2.847970e+00 4.261698e+01
<VARIANCE> 13
 2.954106e+00 3.437174e+00 5.408924e+00 6.877144e+00 9.832754e+00 9.647940e+00 1.066477e+01 1.247379e+01 1.298642e+01 1.368785e+01 1.211198e+01 1.116080e+01 1.441061e+00
<GCONST> 4.972193e+01
<MIXTURE> 3 2.595089e-01
<MEAN> 13
 -5.349067e+00 2.407723e+00 1.767684e+00 -2.375214e+00 3.550351e+00 2.450099e+00 1.716413e+00 4.385612e+00 -1.241983e+00 -3.958603e-01 9.706265e-01 -2.847970e+00 4.261698e+01
<VARIANCE> 13
 2.954106e+00 3.437174e+00 5.408924e+00 6.877144e+00 9.832754e+00 9.647940e+00 1.066477e+01 1.247379e+01 1.298642e+01 1.368785e+01 1.211198e+01 1.116080e+01 1.441061e+00
<GCONST> 4.972193e+01
<MIXTURE> 4 2.449456e-01
<MEAN> 13
 -5.360589e+00 1.624121e+00 3.225119e-01 -4.379411e+00 4.811168e-01 -4.289878e-01 -3.047418e-01 2.378687e+00 -1.689277e+00 -5.438393e-01 1.482635e-01 -3.579942e+00 4.361475e+01
<VARIANCE> 13
 6.727187e+00 6.603988e+00 9.837176e+00 1.054007e+01 1.264773e+01 1.402496e+01 1.556095e+01 1.765483e+01 1.792688e+01 1.806064e+01 1.649665e+01 1.493066e+01 3.540416e+00
<GCONST> 5.567253e+01
<STATE> 4
<NUMMIXES> 4
<MIXTURE> 1 2.450998e-01
<MEAN> 13
 -8.448229e+00 2.208946e+00 1.838259e+00 -2.324657e-01 3.640941e+00 3.000579e+00 4.928478e+00 4.629663e+00 1.444538e+00 1.391532e+00 1.724905e+00 -1.514185e+00 4.551709e+01
<VARIANCE> 13
 8.073811e+00 6.305379e+00 7.259755e+00 9.142748e+00 9.766166e+00 1.109778e+01 1.195255e+01 1.301257e+01 1.394203e+01 1.423908e+01 1.275430e+01 1.150704e+01 4.570413e+00
<GCONST> 5.354959e+01
<MIXTURE> 2 2.676924e-01
<MEAN> 13
 -8.185774e+00 1.940726e+00 1.016122e+00 -1.591274e+00 1.591354e+00 5.249810e-01 2.267283e+00 2.331980e+00 -3.787352e-01 -9.638779e-02 4.539248e-01 -2.225546e+00 4.587862e+01
<VARIANCE> 13
 8.630807e+00 7.027937e+00 7.540058e+00 9.539007e+00 1.017041e+01 1.104516e+01 1.154639e+01 1.318557e+01 1.404622e+01 1.418583e+01 1.348606e+01 1.280260e+01 5.306628e+00
<GCONST> 5.413509e+01
<MIXTURE> 3 2.676917e-01
<MEAN> 13
 -8.185775e+00 1.940726e+00 1.016123e+00 -1.591274e+00 1.591355e+00 5.249808e-01 2.267282e+00 2.331978e+00 -3.787362e-01 -9.638859e-02 4.539253e-01 -2.225545e+00 4.587862e+01
<VARIANCE> 13
 8.630805e+00 7.027940e+00 7.540062e+00 9.539015e+00 1.017042e+01 1.104517e+01 1.154639e+01 1.318557e+01 1.404624e+01 1.418584e+01 1.348607e+01 1.280260e+01 5.306633e+00
<GCONST> 5.413509e+01
<MIXTURE> 4 2.192463e-01
<MEAN> 13
 -9.554255e+00 -7.461351e-01 2.618622e-01 -2.887198e+00 -8.687997e-01 -2.736828e+00 3.827216e-01 1.471462e-02 -4.579006e-01 -2.359841e-02 2.291362e-01 -1.643356e+00 5.018851e+01
<VARIANCE> 13
 2.484717e+01 2.394153e+01 1.701731e+01 2.128538e+01 1.605418e+01 1.886285e+01 2.052084e+01 2.013322e+01 2.090822e+01 1.911070e+01 1.865815e+01 1.668158e+01 1.842985e+01
<GCONST> 6.255494e+01
<TRANSP> 5
 0.000000e+00 1.000000e+00 0.000000e+00 0.000000e+00 0.000000e+00
 0.000000e+00 9.889062e-01 1.109383e-02 0.000000e+00 0.000000e+00
 0.000000e+00 0.000000e+00 9.933445e-01 6.655494e-03 0.000000e+00
 0.000000e+00 0.000000e+00 0.000000e+00 9.891332e-01 1.086675e-02
 0.000000e+00 0.000000e+00 0.000000e+00 0.000000e+00 0.000000e+00
<ENDHMM>
~h "st"
<BEGINHMM>
<NUMSTATES> 5
<STATE> 2
<NUMMIXES> 4
<MIXTURE> 1 2.998339e-01
<MEAN> 13
 -5.718859e+00 3.227326e-02 -3.280916e+00 -3.658354e+00 -7.399737e-02 1.519697e-01 -5.339551e-01 6.610832e-01 -1.029082e+00 2.405442e-01 8.144337e-02 -1.862216e+00 6.816867e+01
<VARIANCE> 13
 1.163174e+01 6.708145e+00 8.526608e+00 1.039272e+01 1.241911e+01 1.057245e+01 1.154034e+01 1.719665e+01 1.499376e+01 1.353209e+01 1.422505e+01 1.356933e+01 4.959048e+01
<GCONST> 5.738113e+01
<MIXTURE> 2 2.448191e-01
<MEAN> 13
 -4.909081e+00 -2.538036e-01 -3.502336e+00 -5.437906e+00 -1.967511e+00 -2.445812e+00 -3.622527e+00 -2.080984e+00 -3.710415e+00 -2.543600e+00 -2.047622e+00 -3.114453e+00 7.192140e+01
<VARIANCE> 13
 3.795852e+00 6.271003e+00 7.337317e+00 9.557909e+00 1.072101e+01 9.124252e+00 1.033851e+01 1.255462e+01 1.152278e+01 1.122797e+01 1.193065e+01 1.153409e+01 2.589286e+01
<GCONST> 5.380281e+01
<MIXTURE> 3 2.448191e-01
<MEAN> 13
 -4.909081e+00 -2.538036e-01 -3.502336e+00 -5.437906e+00 -1.967511e+00 -2.445812e+00 -3.622527e+00 -2.080984e+00 -3.710415e+00 -2.543600e+00 -2.047622e+00 -3.114453e+00 7.192140e+01
<VARIANCE> 13
 3.795852e+00 6.271003e+00 7.337317e+00 9.557909e+00 1.072101e+01 9.124252e+00 1.033851e+01 1.255462e+01 1.152278e+01 1.122797e+01 1.193065e+01 1.153409e+01 2.589286e+01
<GCONST> 5.380281e+01
<MIXTURE> 4 2.105253e-01
<MEAN> 13
 -6.184650e+00 -1.742779e+00 -4.091875e+00 -7.149417e+00 -3.239553e+00 -4.492583e+00 -6.577069e+00 -4.993628e+00 -6.495221e+00 -4.428194e+00 -3.418560e+00 -3.090785e+00 7.413035e+01
<VARIANCE> 13
 6.280309e+00 9.472458e+00 8.731208e+00 1.226746e+01 1.131724e+01 8.798474e+00 1.119067e+01 1.465983e+01 1.499889e+01 1.304257e+01 1.288260e+01 1.249743e+01 2.474134e+01
<GCONST> 5.591924e+01
<STATE> 3
<NUMMIXES> 4
<MIXTURE> 1 2.460484e-01
<MEAN> 13
 -9.964981e+00 1.369557e+00 9.463874e-01 -4.690440e-01 1.757890e+00 1.087401e+00 3.877982e+00 1.172067e+00 1.302514e+00 9.732308e-01 1.660643e+00 -1.983056e+00 5.136914e+01
<VARIANCE> 13
 1.174213e+01 5.613513e+00 8.191360e+00 1.063302e+01 1.114228e+01 1.205488e+01 1.231910e+01 1.525756e+01 1.614512e+01 1.456002e+01 1.388133e+01 1.275962e+01 1.135648e+01
<GCONST> 5.575077e+01
<MIXTURE> 2 2.441990e-01
<MEAN> 13
 -9.905931e+00 3.964789e-01 4.689955e-01 -2.609393e+00 -5.567028e-01 -1.043523e+00 1.630493e+00 -1.011833e+00 -9.884341e-01 -9.445186e-01 2.813350e-01 -2.625100e+00 5.423234e+01
<VARIANCE> 13
 1.647317e+01 8.871812e+00 1.104100e+01 1.453858e+01 1.447290e+01 1.534731e+01 1.582311e+01 1.674961e+01 1.905627e+01 1.704168e+01 1.489786e+01 1.409106e+01 1.780964e+01
<GCONST> 5.894806e+01
<MIXTURE> 3 2.442006e-01
<MEAN> 13
 -9.905931e+00 3.964788e-01 4.689960e-01 -2.609393e+00 -5.567034e-01 -1.043525e+00 1.630492e+00 -1.011832e+00 -9.884331e-01 -9.445182e-01 2.813349e-01 -2.625100e+00 5.423234e+01
<VARIANCE> 13
 1.647317e+01 8.871813e+00 1.104098e+01 1.453856e+01 1.447287e+01 1.534730e+01 1.582309e+01 1.674958e+01 1.905625e+01 1.704165e+01 1.489784e+01 1.409105e+01 1.780962e+01
<GCONST> 5.894804e+01
<MIXTURE> 4 2.655201e-01
<MEAN> 13
 -9.288597e+00 -3.065999e+00 4.382932e-01 -6.375834e+00 -3.479617e+00 -4.025609e+00 1.969663e-01 -1.748692e+00 -2.092107e+00 -1.592785e+00 -9.595654e-03 -3.144554e+00 6.265037e+01
<VARIANCE> 13
 2.036886e+01 2.472944e+01 1.596779e+01 1.881741e+01 1.880812e+01 2.417678e+01 2.558235e+01 2.418689e+01 2.438958e+01 2.236054e+01 1.873972e+01 1.616456e+01 4.570898e+01
<GCONST> 6.420437e+01
<STATE> 4
<NUMMIXES> 4
<MIXTURE> 1 4.582624e-01
<MEAN> 13
 -4.371403e+00 1.049901e+00 -7.465732e-01 -3.909377e+00 -1.898092e+00 1.918758e+00 1.502087e+00 -5.187105e-01 8.597327e-01 2.674144e-01 -7.097514e-01 -3.322083e+00 5.217036e+01
<VARIANCE> 13
 2.076819e+01 2.220840e+01 1.451090e+01 1.537881e+01 1.903172e+01 1.811803e+01 1.691897e+01 1.976626e+01 2.605282e+01 2.206662e+01 2.232245e+01 1.641142e+01 1.663199e+01
<GCONST> 6.215870e+01
<MIXTURE> 2 1.481918e-01
<MEAN> 13
 -5.012503e+00 -1.228808e+00 -1.418021e-01 -6.527888e+00 -2.815151e+00 -1.142221e+00 -3.437776e+00 -3.846429e+00 -2.083919e+00 -2.951464e+00 -2.069448e+00 -1.866590e+00 5.975083e+01
<VARIANCE> 13
 2.837339e+01 3.189738e+01 3.312646e+01 2.604569e+01 3.356177e+01 3.608484e+01 2.520946e+01 2.787202e+01 3.175765e+01 2.780498e+01 3.757917e+01 2.470554e+01 7.393200e+01
<GCONST> 6.903465e+01
<MIXTURE> 3 1.481918e-01
<MEAN> 13
 -5.012503e+00 -1.228808e+00 -1.418021e-01 -6.527888e+00 -2.815151e+00 -1.142221e+00 -3.437776e+00 -3.846429e+00 -2.083919e+00 -2.951464e+00 -2.069448e+00 -1.866590e+00 5.975083e+01
<VARIANCE> 13
 2.837339e+01 3.189738e+01 3.312646e+01 2.604569e+01 3.356177e+01 3.608484e+01 2.520946e+01 2.787202e+01 3.175765e+01 2.780498e+01 3.757917e+01 2.470554e+01 7.393200e+01
<GCONST> 6.903465e+01
<MIXTURE> 4 2.453556e-01
<MEAN> 13
 -5.551463e-01 -3.673229e+00 1.935284e+00 -1.928047e+01 -1.879845e+00 -9.956484e+00 -7.371635e+00 -4.852063e+00 -7.757264e-01 -5.178950e+00 -1.099555e+01 -1.444447e+00 6.346806e+01
<VARIANCE> 13
 2.560221e+01 3.179570e+01 8.671012e+01 3.992426e+01 5.295866e+01 5.093710e+01 5.566994e+01 6.420846e+01 4.500663e+01 4.079652e+01 2.723234e+01 3.647207e+01 6.736484e+00
<GCONST> 7.114955e+01
<TRANSP> 5
 0.000000e+00 1.000000e+00 0.000000e+00 0.000000e+00 0.000000e+00
 0.000000e+00 9.703048e-01 2.969521e-02 0.000000e+00 0.000000e+00
 0.000000e+00 0.000000e+00 9.910279e-01 8.972048e-03 0.000000e+00
 0.000000e+00 0.000000e+00 0.000000e+00 9.477580e-01 5.224201e-02
 0.000000e+00 0.000000e+00 0.000000e+00 0.000000e+00 0.000000e+00
<ENDHMM>
~h "spe"
<BEGINHMM>
<NUMSTATES> 5
<STATE> 2
<NUMMIXES> 4
<MIXTURE> 1 2.887755e-01
<MEAN> 13
 -2.436738e+00 -4.778364e+00 -3.156688e+00 -2.409236e+00 4.135086e+00 6.718009e+00 6.977022e+00 2.890115e+00 6.043429e-01 2.751919e+00 2.736077e+00 -2.061343e+00 4.931244e+01
<VARIANCE> 13
 1.464695e+00 2.484415e+00 4.073849e+00 5.476419e+00 7.162688e+00 8.678846e+00 1.029095e+01 1.021168e+01 1.076869e+01 1.203504e+01 1.178179e+01 1.033988e+01 6.652243e-01
<GCONST> 4.633310e+01
<MIXTURE> 2 2.540304e-01
<MEAN> 13
 -2.833601e+00 -5.126210e+00 -3.942484e+00 -3.838061e+00 2.059997e+00 4.221761e+00 4.277477e+00 2.734761e-01 -1.731988e+00 7.554339e-01 1.198190e+00 -2.682992e+00 4.954203e+01
<VARIANCE> 13
 2.708503e+00 3.341231e+00 4.911455e+00 5.967501e+00 7.815358e+00 8.705939e+00 9.816635e+00 1.154322e+01 1.208006e+01 1.218374e+01 1.198418e+01 1.095030e+01 9.149866e-01
<GCONST> 4.820308e+01
<MIXTURE> 3 2.540300e-01
<MEAN> 13
 -2.833599e+00 -5.126211e+00 -3.942485e+00 -3.838062e+00 2.059996e+00 4.221761e+00 4.277476e+00 2.734771e-01 -1.731988e+00 7.554341e-01 1.198190e+00 -2.682993e+00 4.954203e+01
<VARIANCE> 13
 2.708501e+00 3.341222e+00 4.911450e+00 5.967502e+00 7.815350e+00 8.705924e+00 9.816629e+00 1.154320e+01 1.208002e+01 1.218373e+01 1.198418e+01 1.095028e+01 9.149836e-01
<GCONST> 4.820306e+01
<MIXTURE> 4 2.031497e-01
<MEAN> 13
 -2.820671e+00 -5.863910e+00 -2.605498e+00 -5.531259e+00 -1.947601e-01 6.142946e-01 1.321799e+00 -3.411772e-01 -1.544278e+00 -4.813008e-01 -5.481238e-01 -3.791531e+00 5.339063e+01
<VARIANCE> 13
 1.213563e+01 1.773605e+01 2.263442e+01 2.993516e+01 2.545175e+01 2.950168e+01 1.859411e+01 2.774903e+01 2.259930e+01 2.035052e+01 2.328537e+01 2.213241e+01 1.466416e+01
<GCONST> 6.371123e+01
<STATE> 3
<NUMMIXES> 4
<MIXTURE> 1 3.598303e-01
<MEAN> 13
 -3.548594e+00 -2.249577e+00 -2.734830e+00 -2.759099e+00 6.074117e-01 2.958272e+00 4.095146e+00 1.069876e+00 -1.300809e-01 1.689280e+00 9.662622e-01 -3.002334e+00 4.951450e+01
<VARIANCE> 13
 9.429976e+00 1.305438e+01 8.708731e+00 9.202671e+00 1.517417e+01 1.583880e+01 1.412703e+01 1.709086e+01 1.689937e+01 1.593537e+01 1.399768e+01 1.355895e+01 5.466094e+00
<GCONST> 5.659825e+01
<MIXTURE> 2 2.016511e-01
<MEAN> 13
 -2.070431e+00 -7.452158e-01 7.562799e-01 -3.381459e+00 -3.773875e+00 -1.831867e+00 -5.067113e-01 -1.568124e+00 -1.930380e+00 1.597715e-01 -1.415350e+00 -5.503167e+00 5.315402e+01
<VARIANCE> 13
 2.113181e+01 2.417282e+01 3.059201e+01 2.404033e+01 3.461910e+01 3.197524e+01 2.452480e+01 3.117479e+01 3.068553e+01 2.830581e+01 2.605020e+01 2.450863e+01 1.203102e+01
<GCONST> 6.609094e+01
<MIXTURE> 3 2.016511e-01
<MEAN> 13
 -2.070431e+00 -7.452158e-01 7.562799e-01 -3.381459e+00 -3.773875e+00 -1.831867e+00 -5.067113e-01 -1.568124e+00 -1.930380e+00 1.597715e-01 -1.415350e+00 -5.503167e+00 5.315402e+01
<VARIANCE> 13
 2.113181e+01 2.417282e+01 3.059201e+01 2.404033e+01 3.461910e+01 3.197524e+01 2.452480e+01 3.117479e+01 3.068553e+01 2.830581e+01 2.605020e+01 2.450863e+01 1.203102e+01
<GCONST> 6.609094e+01
<MIXTURE> 4 2.369117e-01
<MEAN> 13
 1.103150e+00 -7.515382e+00 2.682290e+00 -8.166881e+00 -5.979918e+00 -1.291614e+00 -4.865161e+00 -1.464188e+00 -3.001272e+00 -8.950596e-01 -2.106049e+00 -8.416044e+00 5.826455e+01
<VARIANCE> 13
 6.988596e+00 2.212071e+01 6.038855e+01 3.441531e+01 7.122125e+01 4.985028e+01 3.087612e+01 5.030650e+01 4.037297e+01 3.935616e+01 4.883969e+01 2.969841e+01 1.228286e+01
<GCONST> 6.925408e+01
<STATE> 4
<NUMMIXES> 4
<MIXTURE> 1 3.269254e-01
<MEAN> 13
 -4.923165e+00 2.042193e+00 -1.232240e+00 -1.935981e-01 -5.440593e-01 3.549725e+00 4.967758e+00 3.186593e+00 1.853270e+00 3.171310e+00 9.116895e-01 -2.079991e+00 4.548094e+01
<VARIANCE> 13
 5.191017e+00 3.374768e+00 4.729249e+00 6.779762e+00 1.084420e+01 1.089111e+01 1.139001e+01 1.145539e+01 1.393988e+01 1.319767e+01 1.249499e+01 1.109012e+01 3.246456e+00
<GCONST> 5.118988e+01
<MIXTURE> 2 2.176432e-01
<MEAN> 13
 -9.216075e+00 1.047522e+00 -1.409406e+00 -1.382011e+00 -8.216572e-01 1.119639e-01 2.877229e+00 2.859281e-01 3.648362e-01 1.682834e+00 -1.042166e-01 -1.663599e+00 5.019881e+01
<VARIANCE> 13
 2.060054e+01 1.023123e+01 1.044460e+01 1.021426e+01 1.771103e+01 1.425661e+01 1.494981e+01 1.419558e+01 1.626940e+01 1.552416e+01 1.476679e+01 1.538349e+01 1.246500e+01
<GCONST> 5.828236e+01
<MIXTURE> 3 2.176431e-01
<MEAN> 13
 -9.216075e+00 1.047522e+00 -1.409406e+00 -1.382011e+00 -8.216573e-01 1.119639e-01 2.877229e+00 2.859283e-01 3.648362e-01 1.682834e+00 -1.042166e-01 -1.663599e+00 5.019881e+01
<VARIANCE> 13
 2.060054e+01 1.023123e+01 1.044459e+01 1.021426e+01 1.771103e+01 1.425661e+01 1.494981e+01 1.419558e+01 1.626939e+01 1.552416e+01 1.476679e+01 1.538349e+01 1.246500e+01
<GCONST> 5.828235e+01
<MIXTURE> 4 2.377750e-01
<MEAN> 13
 -1.336583e+01 -3.935096e+00 -2.586666e+00 -2.122461e+00 -1.068309e+00 -3.195367e+00 6.744034e-01 -3.193413e+00 -1.838280e+00 -3.621337e-01 2.146035e-02 -8.642027e-01 5.929843e+01
<VARIANCE> 13
 2.189537e+01 2.538357e+01 1.767858e+01 1.442995e+01 2.065220e+01 2.310443e+01 2.680001e+01 2.118026e+01 1.748696e+01 1.830091e+01 1.995223e+01 1.646656e+01 3.354873e+01
<GCONST> 6.333984e+01
<TRANSP> 5
 0.000000e+00 1.000000e+00 0.000000e+00 0.000000e+00 0.000000e+00
 0.000000e+00 9.967430e-01 3.257027e-03 0.000000e+00 0.000000e+00
 0.000000e+00 0.000000e+00 9.975151e-01 2.484823e-03 0.000000e+00
 0.000000e+00 0.000000e+00 0.000000e+00 9.976696e-01 2.330397e-03
 0.000000e+00 0.000000e+00 0.000000e+00 0.000000e+00 0.000000e+00
<ENDHMM>
