~o
<STREAMINFO> 1 13
<VECSIZE> 13<NULLD><MFCC_0><DIAGC>
~h "ap"
<BEGINHMM>
<NUMSTATES> 5
<STATE> 2
<NUMMIXES> 2
<MIXTURE> 1 4.660441e-01
<MEAN> 13
 -8.146155e+00 -4.141033e+00 -1.500743e+00 1.966062e-01 3.147004e+00 -1.215630e-01 3.750559e+00 -1.066669e-02 -1.224780e+00 2.099509e-01 1.285563e+00 -1.485613e+00 5.083747e+01
<VARIANCE> 13
 1.209475e+01 2.202904e+01 1.448469e+01 1.574274e+01 2.123715e+01 2.699118e+01 1.915711e+01 2.077103e+01 1.751381e+01 1.757751e+01 1.447282e+01 1.335504e+01 2.243630e+01
<GCONST> 6.134895e+01
<MIXTURE> 2 5.339553e-01
<MEAN> 13
 -1.578065e+01 -1.174541e+01 -7.162359e+00 -1.689475e+00 -5.440227e-01 -6.115454e+00 7.044736e-02 -4.810990e+00 -3.838054e+00 -1.901771e+00 8.999003e-02 -8.866444e-01 6.895464e+01
<VARIANCE> 13
 1.677147e+01 2.612507e+01 2.740851e+01 2.401204e+01 3.380164e+01 3.175737e+01 2.410554e+01 2.260638e+01 2.293738e+01 1.999129e+01 1.938868e+01 1.612325e+01 5.764999e+01
<GCONST> 6.567110e+01
<STATE> 3
<NUMMIXES> 2
<MIXTURE> 1 4.784068e-01
<MEAN> 13
 -8.228576e+00 -1.341011e+01 -7.796881e+00 3.530673e+00 4.371823e+00 -6.745493e+00 1.098163e+00 -7.246021e-01 -4.740734e+00 -3.163998e+00 1.405683e+00 -6.462224e-01 6.072043e+01
<VARIANCE> 13
 7.748208e+00 1.862807e+01 1.253073e+01 2.012611e+01 2.489618e+01 1.874887e+01 2.260501e+01 1.903118e+01 2.326706e+01 2.005998e+01 1.480390e+01 1.401238e+01 2.945386e+01
<GCONST> 6.146825e+01
<MIXTURE> 2 5.215928e-01
<MEAN> 13
 -1.252606e+01 -1.788423e+01 -1.273489e+01 7.224945e-01 -1.435702e+00 -1.179249e+01 -1.448547e+00 -2.222469e+00 -6.665315e+00 -5.017982e+00 4.521180e-02 -1.560473e+00 7.595432e+01
<VARIANCE> 13
 8.547601e+00 1.006572e+01 1.112966e+01 1.800079e+01 2.541887e+01 1.665404e+01 2.534756e+01 1.693169e+01 2.538161e+01 1.919952e+01 1.667425e+01 1.615681e+01 3.354925e+01
<GCONST> 6.105536e+01
<STATE> 4
<NUMMIXES> 2
<MIXTURE> 1 4.576626e-01
<MEAN> 13
 -6.462862e+00 -8.402729e+00 -1.280238e+00 4.054623e+00 1.239244e+00 -9.848061e-01 5.369361e+00 -3.123171e-01 -2.465046e+00 1.128945e+00 1.674977e+00 -1.980088e+00 5.112376e+01
<VARIANCE> 13
 8.732561e+00 3.994655e+01 9.664569e+00 2.207783e+01 1.488315e+01 2.054434e+01 1.540149e+01 2.366075e+01 2.022787e+01 1.670575e+01 1.490654e+01 1.336622e+01 2.506921e+01
<GCONST> 6.107013e+01
<MIXTURE> 2 5.423371e-01
<MEAN> 13
 -1.233421e+01 -1.823454e+01 -6.356668e+00 2.929190e+00 -5.361938e+00 -7.799790e+00 3.556736e+00 -5.621296e+00 -5.589611e+00 -4.173085e-01 -2.405586e-01 -1.948259e+00 6.946438e+01
<VARIANCE> 13
 1.719822e+01 2.989908e+01 1.431517e+01 1.703157e+01 2.547178e+01 2.099561e+01 2.238845e+01 2.015458e+01 2.317123e+01 1.953148e+01 2.020064e+01 1.525669e+01 5.884879e+01
<GCONST> 6.394592e+01
<TRANSP> 5
 0.000000e+00 1.000000e+00 0.000000e+00 0.000000e+00 0.000000e+00
 0.000000e+00 9.927140e-01 7.285969e-03 0.000000e+00 0.000000e+00
 0.000000e+00 0.000000e+00 9.850006e-01 1.499942e-02 0.000000e+00
 0.000000e+00 0.000000e+00 0.000000e+00 9.878340e-01 1.216595e-02
 0.000000e+00 0.000000e+00 0.000000e+00 0.000000e+00 0.000000e+00
<ENDHMM>
~h "cl"
<BEGINHMM>
<NUMSTATES> 5
<STATE> 2
<NUMMIXES> 2
<MIXTURE> 1 6.667885e-01
<MEAN> 13
 -1.700032e+01 9.453530e-01 3.161460e+00 -3.395279e+00 -2.164703e+00 9.039551e+00 4.059359e+00 -1.528679e+00 3.825589e+00 1.919324e+00 -6.473428e+00 3.076626e+00 5.356055e+01
<VARIANCE> 13
 5.961753e+01 8.868764e+00 3.398914e+01 1.226849e+01 1.648801e+01 2.279111e+01 1.983992e+01 3.001198e+01 2.936121e+01 2.320591e+01 2.935721e+01 2.058368e+01 2.732978e+01
<GCONST> 6.475035e+01
<MIXTURE> 2 3.332112e-01
<MEAN> 13
 -9.079426e+00 -4.128303e+00 -2.565194e+00 -2.530206e+00 -5.575380e-01 8.832453e-01 2.361328e+00 -3.242991e-01 -4.017886e-01 -3.487438e-02 -3.631960e-01 -1.360592e+00 5.509338e+01
<VARIANCE> 13
 4.014985e+01 2.998959e+01 1.494453e+01 1.983774e+01 2.302773e+01 2.988247e+01 2.682468e+01 2.462637e+01 2.288084e+01 2.346207e+01 1.992329e+01 1.611969e+01 8.448618e+01
<GCONST> 6.619911e+01
<STATE> 3
<NUMMIXES> 2
<MIXTURE> 1 6.213481e-01
<MEAN> 13
 -2.238226e+01 3.255830e+00 9.454243e-01 -5.497966e+00 -4.088850e+00 1.436957e+01 1.331336e+00 -3.268782e+00 9.182869e+00 -3.867793e+00 -3.891445e+00 6.247085e+00 5.983019e+01
<VARIANCE> 13
 2.562617e+01 5.672463e+00 1.502246e+01 9.957933e+00 1.430430e+01 2.066706e+01 2.197229e+01 1.800102e+01 1.828686e+01 1.870693e+01 1.826379e+01 1.737373e+01 1.410300e+01
<GCONST> 5.979021e+01
<MIXTURE> 2 3.786520e-01
<MEAN> 13
 -1.478981e+01 2.028624e+00 -2.157069e+00 -5.054995e+00 -4.345593e+00 8.216692e+00 -5.982754e-01 -4.371415e+00 4.776675e+00 -2.983009e+00 -2.698254e+00 3.902760e+00 5.693857e+01
<VARIANCE> 13
 5.842302e+01 1.638347e+01 2.169158e+01 1.657015e+01 2.333757e+01 3.410379e+01 3.049448e+01 3.006631e+01 2.941898e+01 2.237483e+01 2.080689e+01 2.084442e+01 2.667873e+01
<GCONST> 6.598715e+01
<STATE> 4
<NUMMIXES> 2
<MIXTURE> 1 5.682727e-01
<MEAN> 13
 -2.088009e+01 1.736052e+00 6.373351e+00 -2.439912e+00 -5.006546e+00 1.035144e+01 3.830946e+00 -4.561036e+00 3.197083e+00 4.929698e+00 -9.937004e+00 3.399930e+00 5.530017e+01
<VARIANCE> 13
 4.013791e+01 7.414258e+00 1.371862e+01 1.825330e+01 2.061439e+01 2.356605e+01 2.023486e+01 3.211094e+01 2.951482e+01 3.279107e+01 2.020742e+01 1.888534e+01 2.637706e+01
<GCONST> 6.386561e+01
<MIXTURE> 2 4.317285e-01
<MEAN> 13
 -2.463914e+01 2.726718e-01 6.839601e+00 -3.492779e+00 -9.414012e+00 1.125474e+01 -1.625293e+00 -1.046016e+01 2.397629e+00 4.272845e+00 -1.456671e+01 7.022124e+00 6.138176e+01
<VARIANCE> 13
 2.075388e+01 9.229080e+00 1.467886e+01 1.472759e+01 2.311670e+01 3.716568e+01 2.342384e+01 4.481239e+01 4.058969e+01 2.461991e+01 2.598014e+01 3.855536e+01 2.177316e+01
<GCONST> 6.513299e+01
<TRANSP> 5
 0.000000e+00 1.000000e+00 0.000000e+00 0.000000e+00 0.000000e+00
 0.000000e+00 9.681599e-01 3.184007e-02 0.000000e+00 0.000000e+00
 0.000000e+00 0.000000e+00 9.921754e-01 7.824614e-03 0.000000e+00
 0.000000e+00 0.000000e+00 0.000000e+00 9.930083e-01 6.991748e-03
 0.000000e+00 0.000000e+00 0.000000e+00 0.000000e+00 0.000000e+00
<ENDHMM>
~h "cm"
<BEGINHMM>
<NUMSTATES> 5
<STATE> 2
<NUMMIXES> 2
<MIXTURE> 1 4.759453e-01
<MEAN> 13
 -1.220199e+01 1.649107e-01 -2.174649e+00 -4.077152e+00 7.420215e-01 2.344166e+00 1.165032e+00 2.384122e+00 -1.279198e-01 1.280074e+00 2.277877e+00 -1.410714e+00 5.567591e+01
<VARIANCE> 13
 1.477736e+01 1.406362e+01 1.296627e+01 1.327413e+01 1.316551e+01 1.412748e+01 1.209013e+01 1.377353e+01 1.445899e+01 1.493717e+01 1.475638e+01 1.286268e+01 2.046182e+01
<GCONST> 5.835786e+01
<MIXTURE> 2 5.240530e-01
<MEAN> 13
 -1.321827e+01 -8.148817e-01 -3.354255e+00 -6.029017e+00 -1.446679e+00 -8.734984e-01 -3.462158e+00 -2.031165e+00 -3.808551e+00 7.726722e-01 3.678029e+00 4.609594e-01 5.937846e+01
<VARIANCE> 13
 1.265186e+01 1.411668e+01 1.002806e+01 1.145401e+01 1.323767e+01 1.397162e+01 1.506704e+01 1.461225e+01 1.518751e+01 1.773760e+01 2.043000e+01 1.808604e+01 1.411918e+01
<GCONST> 5.859160e+01
<STATE> 3
<NUMMIXES> 2
<MIXTURE> 1 4.670210e-01
<MEAN> 13
 -1.006747e+01 -7.639388e-01 -2.214062e+00 -2.673086e+00 1.125930e+00 1.218431e+00 -6.208993e-01 -4.946885e-01 -3.037734e+00 -1.312919e+00 -8.135469e-02 -2.146802e+00 6.401387e+01
<VARIANCE> 13
 1.233272e+01 1.261875e+01 1.314723e+01 1.189558e+01 1.284972e+01 1.154440e+01 1.356837e+01 1.632280e+01 1.568800e+01 1.487670e+01 1.434350e+01 1.316191e+01 3.601228e+01
<GCONST> 5.866922e+01
<MIXTURE> 2 5.329776e-01
<MEAN> 13
 -8.126026e+00 -1.208775e+00 -4.508914e+00 -4.645440e+00 -2.640034e+00 -2.797233e+00 -4.712357e+00 -3.927949e+00 -5.833767e+00 -2.872091e+00 -2.353032e+00 -2.312840e+00 7.082533e+01
<VARIANCE> 13
 8.172334e+00 1.312410e+01 1.554790e+01 1.557978e+01 1.342925e+01 1.297852e+01 1.282317e+01 1.683930e+01 1.788024e+01 1.610617e+01 1.652696e+01 1.447125e+01 4.799682e+01
<GCONST> 5.960440e+01
<STATE> 4
<NUMMIXES> 2
<MIXTURE> 1 4.811346e-01
<MEAN> 13
 -4.892169e+00 2.361405e+00 -8.089150e-01 -1.789106e+00 1.357980e+00 2.129088e-01 -1.979918e+00 -1.811735e+00 -3.611521e+00 -2.154791e+00 -7.966431e-01 -2.856535e+00 6.122458e+01
<VARIANCE> 13
 1.112014e+01 8.480114e+00 9.295787e+00 8.877570e+00 1.048011e+01 1.143868e+01 1.444268e+01 1.818085e+01 1.714774e+01 1.602257e+01 1.416733e+01 1.306159e+01 5.288340e+01
<GCONST> 5.801358e+01
<MIXTURE> 2 5.188624e-01
<MEAN> 13
 -4.709286e+00 -6.685353e-01 -3.777600e+00 -6.121312e+00 -2.657185e+00 -3.166554e+00 -4.219224e+00 -2.667986e+00 -3.935811e+00 -2.807475e+00 -2.120563e+00 -3.162974e+00 7.211463e+01
<VARIANCE> 13
 3.244668e+00 6.863190e+00 6.310208e+00 9.248157e+00 9.721146e+00 9.690140e+00 1.324089e+01 1.588214e+01 1.498480e+01 1.402654e+01 1.351822e+01 1.167595e+01 2.460569e+01
<GCONST> 5.456863e+01
<TRANSP> 5
 0.000000e+00 1.000000e+00 0.000000e+00 0.000000e+00 0.000000e+00
 0.000000e+00 9.670243e-01 3.297573e-02 0.000000e+00 0.000000e+00
 0.000000e+00 0.000000e+00 9.681535e-01 3.184645e-02 0.000000e+00
 0.000000e+00 0.000000e+00 0.000000e+00 9.827209e-01 1.727915e-02
 0.000000e+00 0.000000e+00 0.000000e+00 0.000000e+00 0.000000e+00
<ENDHMM>
~h "co"
<BEGINHMM>
<NUMSTATES> 5
<STATE> 2
<NUMMIXES> 2
<MIXTURE> 1 3.424565e-01
<MEAN> 13
 -5.328461e+00 -3.447053e+00 6.335163e-01 1.257259e-01 2.868208e-01 1.927106e+00 3.162205e+00 1.522350e+00 8.303149e-01 -1.151447e+00 -1.284623e+00 -4.158290e+00 5.049400e+01
<VARIANCE> 13
 7.452603e+00 1.248008e+01 1.902228e+01 2.367648e+01 1.251602e+01 1.424463e+01 1.887429e+01 1.745366e+01 1.864600e+01 1.981470e+01 1.843937e+01 1.585964e+01 1.726380e+01
<GCONST> 5.995486e+01
<MIXTURE> 2 6.575423e-01
<MEAN> 13
 -5.669963e+00 -7.343502e+00 1.213509e+00 1.080030e+00 -1.093039e+01 -2.911720e+00 -6.798890e+00 -3.060835e+00 -2.842188e-01 -3.690113e+00 -7.129783e+00 -9.194421e+00 6.562630e+01
<VARIANCE> 13
 1.532678e+01 2.331745e+01 2.970008e+01 2.747209e+01 6.913507e+01 4.893405e+01 5.065003e+01 4.819007e+01 4.765126e+01 4.442792e+01 5.229718e+01 2.897803e+01 3.432940e+01
<GCONST> 7.091942e+01
<STATE> 3
<NUMMIXES> 2
<MIXTURE> 1 4.457800e-01
<MEAN> 13
 -7.905419e+00 -5.772980e+00 1.411747e+00 -1.281602e+00 -4.935425e+00 -7.091979e+00 -3.089722e+00 -7.510807e+00 -5.844378e+00 -3.812565e+00 -2.215849e+00 -6.728151e+00 6.608974e+01
<VARIANCE> 13
 2.655243e+01 9.650493e+00 1.634955e+01 1.648058e+01 2.328628e+01 2.669004e+01 5.058221e+01 4.957571e+01 3.085913e+01 3.416474e+01 2.557433e+01 3.254928e+01 4.951643e+01
<GCONST> 6.688144e+01
<MIXTURE> 2 5.542175e-01
<MEAN> 13
 -6.006870e+00 -7.297560e+00 -2.782475e+00 -3.689296e+00 -9.745950e+00 -8.982256e+00 -9.478222e+00 -6.054642e+00 -4.037735e+00 -6.380355e+00 -5.972800e+00 -1.178769e+01 7.074185e+01
<VARIANCE> 13
 8.399020e+00 1.256332e+01 2.013212e+01 2.078569e+01 3.214647e+01 3.669115e+01 4.835374e+01 5.745520e+01 5.076725e+01 4.724814e+01 3.726621e+01 4.139265e+01 2.115830e+01
<GCONST> 6.776615e+01
<STATE> 4
<NUMMIXES> 2
<MIXTURE> 1 4.460338e-01
<MEAN> 13
 -2.805422e+00 -9.597612e-02 5.179272e+00 3.131933e+00 2.466486e+00 -1.257447e+00 -2.329286e+00 -4.143537e+00 -4.383693e+00 -3.809811e+00 -3.519546e+00 -7.401334e+00 5.114486e+01
<VARIANCE> 13
 1.012823e+01 1.220008e+01 1.440164e+01 2.088648e+01 1.760468e+01 1.768882e+01 2.365700e+01 3.242931e+01 2.410009e+01 2.077028e+01 2.041091e+01 1.752427e+01 2.618696e+01
<GCONST> 6.216009e+01
<MIXTURE> 2 5.539646e-01
<MEAN> 13
 -3.879483e+00 -5.126214e+00 4.258261e+00 1.892675e+00 -4.551636e+00 -5.957394e+00 -7.691490e+00 -8.501060e+00 -5.328818e+00 -3.837024e+00 -3.388343e+00 -8.474312e+00 6.185811e+01
<VARIANCE> 13
 1.456493e+01 1.609745e+01 1.894765e+01 2.648640e+01 3.649443e+01 3.069358e+01 3.924242e+01 5.381217e+01 3.690638e+01 3.800629e+01 3.807663e+01 2.671296e+01 3.008558e+01
<GCONST> 6.781939e+01
<TRANSP> 5
 0.000000e+00 1.000000e+00 0.000000e+00 0.000000e+00 0.000000e+00
 0.000000e+00 9.428710e-01 5.712898e-02 0.000000e+00 0.000000e+00
 0.000000e+00 0.000000e+00 9.830444e-01 1.695553e-02 0.000000e+00
 0.000000e+00 0.000000e+00 0.000000e+00 9.788010e-01 2.119907e-02
 0.000000e+00 0.000000e+00 0.000000e+00 0.000000e+00 0.000000e+00
<ENDHMM>
~h "ds"
<BEGINHMM>
<NUMSTATES> 5
<STATE> 2
<NUMMIXES> 2
<MIXTURE> 1 5.875793e-01
<MEAN> 13
 -1.227288e+01 8.385327e-01 1.365303e+00 1.468162e+00 1.977589e+00 -4.007551e-01 3.603829e+00 -3.028487e+00 1.222211e+00 1.781603e+00 4.247104e+00 -4.593098e-01 6.403313e+01
<VARIANCE> 13
 1.246911e+01 8.398679e+00 7.940302e+00 9.134957e+00 1.416367e+01 1.356537e+01 2.120852e+01 2.169628e+01 2.334900e+01 1.822309e+01 1.848944e+01 1.807753e+01 5.634890e+01
<GCONST> 6.011421e+01
<MIXTURE> 2 4.124211e-01
<MEAN> 13
 -1.686549e+01 -5.431204e-01 -2.304994e+00 -2.712805e+00 -4.059512e+00 -3.863064e+00 2.290245e+00 -2.089229e+00 9.063883e-01 2.830792e+00 4.208002e+00 2.621411e-01 6.845603e+01
<VARIANCE> 13
 1.009980e+01 9.013868e+00 7.575765e+00 1.207225e+01 1.693374e+01 1.664563e+01 2.429495e+01 3.020343e+01 2.007959e+01 1.953377e+01 1.486962e+01 1.349212e+01 1.317807e+02
<GCONST> 6.131364e+01
<STATE> 3
<NUMMIXES> 2
<MIXTURE> 1 5.651376e-01
<MEAN> 13
 -9.547041e+00 4.741376e+00 5.323379e+00 6.812129e+00 7.321608e+00 4.133295e+00 7.568803e+00 -3.342224e-01 3.437501e+00 2.086654e+00 4.039539e+00 1.059704e+00 6.680409e+01
<VARIANCE> 13
 1.453429e+01 5.168698e+00 5.614768e+00 5.635860e+00 8.236241e+00 1.022548e+01 1.039469e+01 1.165942e+01 1.355323e+01 1.264035e+01 1.276579e+01 1.152000e+01 4.326261e+01
<GCONST> 5.479858e+01
<MIXTURE> 2 4.348613e-01
<MEAN> 13
 -7.908728e+00 5.282031e+00 4.498882e+00 4.358947e+00 4.552845e+00 1.351269e+00 4.343758e+00 -3.250189e+00 3.471001e-01 -7.113655e-01 1.306028e+00 -1.491947e+00 6.722307e+01
<VARIANCE> 13
 1.212235e+01 1.278836e+01 8.677919e+00 7.739422e+00 1.061044e+01 1.328687e+01 1.213439e+01 1.198291e+01 1.408945e+01 1.390202e+01 1.311938e+01 1.156800e+01 8.093626e+01
<GCONST> 5.776469e+01
<STATE> 4
<NUMMIXES> 2
<MIXTURE> 1 3.546554e-01
<MEAN> 13
 -9.700645e+00 3.080972e+00 4.797392e+00 2.942609e+00 5.234615e+00 3.286746e+00 4.593121e+00 -1.870127e-01 2.147969e+00 -1.184470e+00 2.761076e+00 -5.357978e-01 5.625353e+01
<VARIANCE> 13
 1.555926e+01 1.076023e+01 1.317410e+01 1.539175e+01 1.693158e+01 2.250774e+01 3.067660e+01 1.830764e+01 2.880696e+01 3.118392e+01 1.917656e+01 1.573837e+01 8.852913e+01
<GCONST> 6.359251e+01
<MIXTURE> 2 6.453412e-01
<MEAN> 13
 -9.838890e+00 3.952546e-01 5.043601e-01 -8.727325e-01 1.595764e+00 -7.733631e-01 1.847258e+00 -1.417603e+00 -8.379537e-01 -2.616135e-01 1.600829e+00 -2.227988e+00 5.358034e+01
<VARIANCE> 13
 1.564046e+01 9.664531e+00 1.184741e+01 1.231670e+01 1.609970e+01 1.649420e+01 1.866856e+01 1.929046e+01 1.992913e+01 1.883474e+01 1.727101e+01 1.750650e+01 2.470144e+01
<GCONST> 6.020840e+01
<TRANSP> 5
 0.000000e+00 1.000000e+00 0.000000e+00 0.000000e+00 0.000000e+00
 0.000000e+00 9.684142e-01 3.158583e-02 0.000000e+00 0.000000e+00
 0.000000e+00 0.000000e+00 9.061393e-01 9.386072e-02 0.000000e+00
 0.000000e+00 0.000000e+00 0.000000e+00 9.926913e-01 7.308648e-03
 0.000000e+00 0.000000e+00 0.000000e+00 0.000000e+00 0.000000e+00
<ENDHMM>
~h "kj"
<BEGINHMM>
<NUMSTATES> 5
<STATE> 2
<NUMMIXES> 2
<MIXTURE> 1 5.573850e-01
<MEAN> 13
 -1.950120e+01 4.426351e+00 1.106270e+00 -3.339390e+00 -4.330982e-01 6.525990e+00 1.270370e+00 4.668539e+00 1.216065e+00 -4.452418e-01 2.740952e+00 -5.900943e-01 5.552392e+01
<VARIANCE> 13
 2.555450e+01 1.533658e+01 9.848395e+00 1.175978e+01 1.381665e+01 2.304185e+01 2.415790e+01 1.626011e+01 1.396478e+01 1.988018e+01 1.490001e+01 1.367803e+01 2.205684e+01
<GCONST> 6.038901e+01
<MIXTURE> 2 4.426161e-01
<MEAN> 13
 -1.833813e+01 9.992089e-01 -4.813538e-01 -3.413009e+00 -1.439973e+00 3.220482e+00 1.477612e+00 2.828175e-01 -1.631296e+00 7.815769e-02 4.673592e-01 -1.686333e+00 5.699026e+01
<VARIANCE> 13
 3.893824e+01 1.976597e+01 1.808239e+01 1.629411e+01 2.047856e+01 3.574929e+01 2.402024e+01 1.839117e+01 1.697398e+01 2.212241e+01 1.608539e+01 1.541862e+01 2.941312e+01
<GCONST> 6.373396e+01
<STATE> 3
<NUMMIXES> 2
<MIXTURE> 1 5.824006e-01
<MEAN> 13
 -1.395579e+01 -2.865680e+00 -4.033934e+00 8.679760e-01 -4.371801e-01 -2.648788e+00 3.634546e-01 -1.875005e+00 -1.534781e+00 2.127579e+00 8.149173e-01 -1.002033e+00 5.736407e+01
<VARIANCE> 13
 1.083675e+01 2.042961e+01 1.392797e+01 1.498265e+01 1.387675e+01 1.537965e+01 1.651622e+01 1.710913e+01 1.779500e+01 1.660537e+01 1.665200e+01 1.365469e+01 1.735090e+01
<GCONST> 5.960924e+01
<MIXTURE> 2 4.175960e-01
<MEAN> 13
 -1.680988e+01 -9.556140e+00 -4.200993e+00 -2.595234e+00 -2.350344e+00 -5.655321e+00 -4.287392e+00 -5.261826e+00 -3.842785e+00 -1.370484e-01 4.078569e-01 -3.700324e-01 6.890657e+01
<VARIANCE> 13
 1.352020e+01 1.892054e+01 8.862278e+00 1.239531e+01 1.531555e+01 1.492881e+01 1.640185e+01 1.590794e+01 1.718892e+01 1.557541e+01 1.487383e+01 1.425397e+01 4.726720e+01
<GCONST> 5.993475e+01
<STATE> 4
<NUMMIXES> 2
<MIXTURE> 1 7.259312e-01
<MEAN> 13
 -2.368946e+01 3.439887e+00 2.725220e+00 3.673194e+00 -2.700057e+00 -1.153967e-01 8.175033e+00 4.032229e-01 -3.540659e+00 4.443038e+00 6.724067e-01 -3.261997e+00 5.563279e+01
<VARIANCE> 13
 1.469146e+01 1.751699e+01 1.444471e+01 1.732672e+01 1.517393e+01 1.678116e+01 1.962875e+01 1.908322e+01 2.093428e+01 2.487784e+01 1.772143e+01 1.860340e+01 1.232277e+01
<GCONST> 6.099599e+01
<MIXTURE> 2 2.740746e-01
<MEAN> 13
 -1.429169e+01 -3.516401e+00 -3.474213e+00 -4.167185e-01 -2.077236e+00 -3.483565e+00 -9.990145e-02 -2.254332e+00 -2.572844e+00 1.086407e+00 4.377252e-01 -1.009798e+00 5.878699e+01
<VARIANCE> 13
 3.217345e+01 6.466164e+01 1.901297e+01 1.564382e+01 2.330054e+01 2.345688e+01 2.245810e+01 2.302611e+01 1.856866e+01 2.002129e+01 1.765341e+01 1.533121e+01 8.683357e+01
<GCONST> 6.576292e+01
<TRANSP> 5
 0.000000e+00 1.000000e+00 0.000000e+00 0.000000e+00 0.000000e+00
 0.000000e+00 9.917670e-01 8.233023e-03 0.000000e+00 0.000000e+00
 0.000000e+00 0.000000e+00 9.722309e-01 2.776916e-02 0.000000e+00
 0.000000e+00 0.000000e+00 0.000000e+00 9.936487e-01 6.351275e-03
 0.000000e+00 0.000000e+00 0.000000e+00 0.000000e+00 0.000000e+00
<ENDHMM>
~h "kn"
<BEGINHMM>
<NUMSTATES> 5
<STATE> 2
<NUMMIXES> 2
<MIXTURE> 1 5.290349e-01
<MEAN> 13
 4.788849e+00 1.636610e+00 -4.828517e+00 -1.969097e+00 1.511862e+00 -1.347635e+00 9.835511e-01 -3.017238e+00 3.414296e+00 2.452832e+00 3.351764e+00 -1.670739e-01 5.848672e+01
<VARIANCE> 13
 1.187338e+01 1.779992e+01 1.292614e+01 1.099892e+01 1.118076e+01 2.029722e+01 1.935515e+01 1.822708e+01 1.654915e+01 1.583865e+01 1.390967e+01 1.576503e+01 2.518163e+01
<GCONST> 5.967878e+01
<MIXTURE> 2 4.709653e-01
<MEAN> 13
 2.472800e+00 2.394255e+00 -2.496262e+00 -2.438093e+00 2.169621e+00 -1.734956e-01 1.235463e-01 -5.057121e+00 -1.847948e+00 -1.666332e+00 -8.047683e-01 -3.743584e+00 5.564306e+01
<VARIANCE> 13
 2.604721e+01 1.830709e+01 2.420984e+01 9.036649e+00 2.103993e+01 2.009186e+01 2.485434e+01 3.629792e+01 1.594764e+01 2.110812e+01 1.621185e+01 1.353661e+01 5.876987e+01
<GCONST> 6.358292e+01
<STATE> 3
<NUMMIXES> 2
<MIXTURE> 1 4.943888e-01
<MEAN> 13
 4.464343e+00 -7.936409e-01 -1.580060e+00 2.706599e+00 6.826078e+00 1.097906e+00 4.234547e+00 -2.083076e+00 1.147271e+00 2.976628e-01 2.153976e+00 -5.963474e-01 6.223403e+01
<VARIANCE> 13
 9.139426e+00 1.256011e+01 9.914579e+00 1.169975e+01 1.378833e+01 1.866744e+01 1.852006e+01 1.367918e+01 1.608797e+01 1.725781e+01 1.596949e+01 1.481109e+01 2.406108e+01
<GCONST> 5.874742e+01
<MIXTURE> 2 5.056121e-01
<MEAN> 13
 6.098011e+00 -3.092104e+00 -3.107313e+00 1.502975e+00 3.484860e+00 -3.163817e+00 9.603391e-01 -6.201777e+00 -2.682652e+00 -2.760351e+00 -5.290848e-02 -2.948435e+00 6.180515e+01
<VARIANCE> 13
 8.007403e+00 2.292599e+01 1.349557e+01 1.244042e+01 1.747722e+01 2.031268e+01 1.743887e+01 2.274310e+01 1.890705e+01 1.946224e+01 1.667884e+01 1.724365e+01 2.733913e+01
<GCONST> 6.096137e+01
<STATE> 4
<NUMMIXES> 2
<MIXTURE> 1 5.290772e-01
<MEAN> 13
 6.931865e+00 2.228535e+00 -1.341654e+00 2.342158e+00 7.354862e+00 2.535890e+00 2.157613e+00 -8.817753e-01 -2.151344e+00 -1.685704e+00 4.962811e-02 -3.036151e+00 5.322140e+01
<VARIANCE> 13
 1.472758e+01 1.105093e+01 1.384074e+01 7.784123e+00 1.364260e+01 1.745028e+01 1.604030e+01 1.755066e+01 1.673469e+01 1.283175e+01 9.826911e+00 1.167121e+01 1.926904e+01
<GCONST> 5.784725e+01
<MIXTURE> 2 4.709226e-01
<MEAN> 13
 3.014760e+00 4.564977e+00 2.051519e+00 -3.444475e-01 3.844982e+00 1.775183e+00 1.014541e-01 -1.410293e+00 -4.151838e+00 -2.735577e+00 -6.679338e-01 -3.699737e+00 4.921851e+01
<VARIANCE> 13
 1.945256e+01 2.051132e+01 1.420425e+01 1.174827e+01 1.669471e+01 1.487821e+01 1.545224e+01 2.741939e+01 1.910902e+01 1.899863e+01 1.596961e+01 1.550752e+01 2.917493e+01
<GCONST> 6.134245e+01
<TRANSP> 5
 0.000000e+00 1.000000e+00 0.000000e+00 0.000000e+00 0.000000e+00
 0.000000e+00 9.617807e-01 3.821923e-02 0.000000e+00 0.000000e+00
 0.000000e+00 0.000000e+00 9.783973e-01 2.160274e-02 0.000000e+00
 0.000000e+00 0.000000e+00 0.000000e+00 9.601196e-01 3.988037e-02
 0.000000e+00 0.000000e+00 0.000000e+00 0.000000e+00 0.000000e+00
<ENDHMM>
~h "kt"
<BEGINHMM>
<NUMSTATES> 5
<STATE> 2
<NUMMIXES> 2
<MIXTURE> 1 5.494336e-01
<MEAN> 13
 -1.030968e+01 4.769825e-01 -6.445224e+00 -5.179861e-01 2.206230e+00 2.658847e+00 6.126256e+00 1.652962e+00 1.747222e+00 1.821653e+00 2.574467e+00 -9.473814e-01 5.492433e+01
<VARIANCE> 13
 8.771880e+00 4.126677e+00 5.641580e+00 7.624662e+00 9.567268e+00 1.150888e+01 1.192581e+01 1.304087e+01 1.361756e+01 1.333137e+01 1.237683e+01 1.221937e+01 1.018574e+01
<GCONST> 5.353255e+01
<MIXTURE> 2 4.505676e-01
<MEAN> 13
 -1.188074e+01 -2.834879e-01 -6.538588e+00 -1.799982e+00 5.235275e-01 -3.190360e-01 2.932617e+00 -5.449746e-01 4.428266e-01 -3.135705e-01 3.956861e-01 -1.736984e+00 5.670368e+01
<VARIANCE> 13
 2.092111e+01 8.596953e+00 9.863403e+00 1.392680e+01 1.349591e+01 1.932488e+01 1.617696e+01 1.723023e+01 1.971702e+01 1.534980e+01 1.416892e+01 1.404720e+01 2.580976e+01
<GCONST> 5.945806e+01
<STATE> 3
<NUMMIXES> 2
<MIXTURE> 1 5.887828e-01
<MEAN> 13
 -1.083942e+01 3.476468e+00 -2.576264e+00 1.440984e+00 1.797708e+00 -7.464947e-01 3.712185e+00 2.021744e+00 8.079196e-01 -2.107376e-01 6.054881e-01 -1.522184e+00 5.061206e+01
<VARIANCE> 13
 5.244559e+00 4.766045e+00 7.233459e+00 9.595493e+00 1.040022e+01 1.104984e+01 1.324034e+01 1.521172e+01 1.499623e+01 1.538704e+01 1.327588e+01 1.204064e+01 9.205845e+00
<GCONST> 5.413609e+01
<MIXTURE> 2 4.112165e-01
<MEAN> 13
 -1.371632e+01 3.149162e+00 -3.814294e+00 1.792027e-01 -3.144823e-01 -4.072881e+00 1.249483e+00 9.578677e-02 -8.093512e-01 -1.319901e+00 -1.643657e+00 -1.758375e+00 5.577301e+01
<VARIANCE> 13
 6.469528e+00 7.515850e+00 9.188732e+00 1.356071e+01 1.592172e+01 1.734524e+01 1.931939e+01 1.793044e+01 1.988645e+01 2.304010e+01 1.982223e+01 1.614985e+01 1.651184e+01
<GCONST> 5.877036e+01
<STATE> 4
<NUMMIXES> 2
<MIXTURE> 1 5.706772e-01
<MEAN> 13
 -8.747842e+00 3.462420e+00 -1.785755e+00 2.749622e-01 1.747952e+00 1.307899e+00 3.940505e+00 3.395912e+00 1.225705e+00 2.188141e-01 1.060311e+00 -2.104073e+00 4.703875e+01
<VARIANCE> 13
 5.393220e+00 5.265550e+00 8.865555e+00 8.777914e+00 1.140329e+01 1.103435e+01 1.365105e+01 1.318542e+01 1.437972e+01 1.456351e+01 1.316177e+01 1.179440e+01 4.634014e+00
<GCONST> 5.354369e+01
<MIXTURE> 2 4.293207e-01
<MEAN> 13
 -1.077768e+01 2.577631e+00 -3.174546e+00 -6.156147e-01 -1.451675e+00 -1.938209e+00 1.876605e+00 5.683012e-01 -9.823371e-02 -1.842074e-01 1.655283e-02 -2.166905e+00 5.089709e+01
<VARIANCE> 13
 1.299829e+01 1.405111e+01 1.353096e+01 1.476998e+01 1.894161e+01 1.732221e+01 1.916847e+01 1.845845e+01 2.057142e+01 2.148033e+01 1.719045e+01 1.478767e+01 1.385012e+01
<GCONST> 6.031712e+01
<TRANSP> 5
 0.000000e+00 1.000000e+00 0.000000e+00 0.000000e+00 0.000000e+00
 0.000000e+00 9.916514e-01 8.348566e-03 0.000000e+00 0.000000e+00
 0.000000e+00 0.000000e+00 9.866989e-01 1.330111e-02 0.000000e+00
 0.000000e+00 0.000000e+00 0.000000e+00 9.925855e-01 7.414506e-03
 0.000000e+00 0.000000e+00 0.000000e+00 0.000000e+00 0.000000e+00
<ENDHMM>
~h "pr"
<BEGINHMM>
<NUMSTATES> 5
<STATE> 2
<NUMMIXES> 2
<MIXTURE> 1 4.855478e-01
<MEAN> 13
 -1.865213e+01 -1.074783e+01 3.914636e+00 -4.728202e+00 8.451826e+00 -1.007159e+00 3.410319e+00 4.280773e+00 -5.132772e-01 -4.594815e+00 3.230887e-01 4.664323e+00 6.012879e+01
<VARIANCE> 13
 2.548660e+01 2.190229e+01 2.812372e+01 4.943896e+01 5.323249e+01 8.773579e+01 4.873681e+01 6.497742e+01 7.644578e+01 3.789067e+01 7.206998e+01 6.346286e+01 8.936447e+00
<GCONST> 7.255349e+01
<MIXTURE> 2 5.144522e-01
<MEAN> 13
 -1.307785e+01 -8.098008e+00 -2.143981e+00 -5.586600e+00 -3.556779e+00 1.007240e-01 9.705871e+00 1.601347e+00 9.099992e-01 1.426671e-01 1.587091e+00 -3.579209e+00 5.951158e+01
<VARIANCE> 13
 2.236927e+01 3.901023e+01 3.494352e+01 2.882798e+01 5.896067e+01 4.836459e+01 6.711396e+01 6.382749e+01 3.479553e+01 2.975058e+01 2.620407e+01 3.617691e+01 1.534222e+01
<GCONST> 7.042449e+01
<STATE> 3
<NUMMIXES> 2
<MIXTURE> 1 6.364616e-01
<MEAN> 13
 -2.222476e+01 5.319439e+00 1.727420e+01 -1.469089e+01 1.521574e+00 1.454025e+01 -4.625578e+00 -6.207039e+00 1.377022e+01 -7.961175e+00 -6.129904e+00 8.479394e+00 5.412201e+01
<VARIANCE> 13
 6.784052e+00 5.951573e+00 7.377569e+00 1.124309e+01 1.647162e+01 1.484255e+01 1.396913e+01 1.540023e+01 1.669232e+01 2.031899e+01 2.230274e+01 1.289176e+01 3.372832e+00
<GCONST> 5.558275e+01
<MIXTURE> 2 3.635404e-01
<MEAN> 13
 -1.960251e+01 3.845764e+00 1.703144e+01 -1.433431e+01 1.506130e+00 9.850202e+00 -7.270709e+00 -7.290493e+00 9.659657e+00 -7.911849e+00 -8.234630e+00 6.979734e+00 5.494168e+01
<VARIANCE> 13
 1.126752e+01 2.957108e+01 2.649014e+01 4.410780e+01 2.317391e+01 2.933796e+01 2.226450e+01 3.611146e+01 2.460100e+01 3.556591e+01 2.946284e+01 2.360569e+01 9.764121e+00
<GCONST> 6.557355e+01
<STATE> 4
<NUMMIXES> 2
<MIXTURE> 1 5.764342e-01
<MEAN> 13
 -1.063166e+01 3.250309e-01 8.578939e+00 -9.261075e+00 7.585730e+00 1.264956e-01 -1.445020e+00 6.796516e+00 1.366718e+00 4.297558e-01 -7.656926e+00 6.772981e+00 4.704773e+01
<VARIANCE> 13
 1.617925e+01 8.661615e+00 5.765941e+01 7.805660e+01 2.868443e+01 1.116627e+02 2.992094e+01 5.122732e+01 2.659646e+01 2.710736e+01 4.983278e+01 6.266007e+01 1.054431e+01
<GCONST> 6.963625e+01
<MIXTURE> 2 4.235656e-01
<MEAN> 13
 -1.448080e+01 -3.221829e+00 7.862854e+00 -8.709031e+00 1.946072e+00 7.989066e+00 -1.588477e-02 -8.140993e-01 4.855394e+00 -3.483384e+00 6.490858e-01 1.994266e+00 5.214613e+01
<VARIANCE> 13
 4.907995e+01 6.827816e+01 7.688995e+01 7.345909e+01 4.480229e+01 9.494457e+01 4.006356e+01 4.456826e+01 9.519075e+01 7.275912e+01 9.403459e+01 5.459308e+01 2.290978e+01
<GCONST> 7.700976e+01
<TRANSP> 5
 0.000000e+00 1.000000e+00 0.000000e+00 0.000000e+00 0.000000e+00
 0.000000e+00 9.943347e-01 5.665293e-03 0.000000e+00 0.000000e+00
 0.000000e+00 0.000000e+00 9.792894e-01 2.071072e-02 0.000000e+00
 0.000000e+00 0.000000e+00 0.000000e+00 9.931136e-01 6.886378e-03
 0.000000e+00 0.000000e+00 0.000000e+00 0.000000e+00 0.000000e+00
<ENDHMM>
~h "pw"
<BEGINHMM>
<NUMSTATES> 5
<STATE> 2
<NUMMIXES> 2
<MIXTURE> 1 5.650436e-01
<MEAN> 13
 -1.194026e+01 -2.514241e-02 2.206098e-01 4.757296e-02 1.778962e+00 -1.886516e-01 3.901948e+00 1.637630e+00 1.236391e-01 1.535307e+00 5.237776e-01 -7.278402e-01 5.042498e+01
<VARIANCE> 13
 1.282784e+01 1.275152e+01 8.422771e+00 1.098347e+01 1.255587e+01 1.264099e+01 1.298719e+01 1.441568e+01 1.516994e+01 1.473798e+01 1.369048e+01 1.249048e+01 1.199506e+01
<GCONST> 5.685232e+01
<MIXTURE> 2 4.349453e-01
<MEAN> 13
 -1.380740e+01 -5.766003e+00 -1.866566e+00 -1.022520e+00 3.586477e-02 -4.058294e+00 4.001180e-01 -2.787418e+00 -2.107654e+00 5.700934e-02 -2.097967e-01 -7.540805e-01 5.836085e+01
<VARIANCE> 13
 2.129371e+01 2.490577e+01 1.385337e+01 1.397072e+01 1.785868e+01 1.987374e+01 1.779286e+01 2.071034e+01 1.782926e+01 1.653539e+01 1.576760e+01 1.468718e+01 3.536087e+01
<GCONST> 6.190960e+01
<STATE> 3
<NUMMIXES> 2
<MIXTURE> 1 4.819126e-01
<MEAN> 13
 -1.037963e+01 -3.935591e+00 -1.227224e+00 4.568396e-01 2.650551e+00 -2.327895e+00 8.200654e-01 -3.231441e+00 -3.374720e+00 -1.845848e-01 1.351611e-01 -5.249749e-01 5.493337e+01
<VARIANCE> 13
 2.178187e+01 1.866297e+01 1.094086e+01 8.355947e+00 1.110748e+01 1.330630e+01 1.593678e+01 1.798542e+01 1.710131e+01 1.548751e+01 1.316935e+01 1.257803e+01 3.470549e+01
<GCONST> 5.930548e+01
<MIXTURE> 2 5.180820e-01
<MEAN> 13
 -1.126492e+01 -8.834949e+00 -4.033200e+00 -2.577402e+00 -1.537986e+00 -7.528057e+00 -2.828948e+00 -7.320111e+00 -4.530934e+00 -1.717512e+00 -4.286056e-01 -8.557127e-01 6.767358e+01
<VARIANCE> 13
 2.132335e+01 1.545620e+01 1.223738e+01 1.224628e+01 1.559323e+01 1.609272e+01 1.686775e+01 1.720653e+01 1.863739e+01 1.691142e+01 1.521704e+01 1.363269e+01 4.692943e+01
<GCONST> 6.083252e+01
<STATE> 4
<NUMMIXES> 2
<MIXTURE> 1 5.875779e-01
<MEAN> 13
 -1.004307e+01 -2.211456e+00 -3.637237e+00 -1.988182e+00 1.752582e+00 2.545209e+00 5.448931e+00 8.804839e-01 -3.690359e-02 1.348563e+00 7.938664e-01 -1.195845e+00 5.352784e+01
<VARIANCE> 13
 1.256710e+01 9.175569e+00 8.653977e+00 8.435973e+00 9.695918e+00 1.134090e+01 1.205333e+01 1.374105e+01 1.363680e+01 1.308534e+01 1.265807e+01 1.213130e+01 8.818010e+00
<GCONST> 5.513555e+01
<MIXTURE> 2 4.124292e-01
<MEAN> 13
 -1.360439e+01 -5.541878e+00 -2.240501e+00 -1.717046e+00 -8.663874e-01 -2.903669e+00 9.756945e-01 -2.815258e+00 -2.210948e+00 -1.229594e+00 -1.647542e-01 -7.388458e-01 6.023019e+01
<VARIANCE> 13
 1.569251e+01 1.650614e+01 1.231984e+01 1.250758e+01 1.559839e+01 1.661622e+01 1.813351e+01 2.086666e+01 1.895379e+01 1.650339e+01 1.560366e+01 1.384292e+01 3.050093e+01
<GCONST> 6.051893e+01
<TRANSP> 5
 0.000000e+00 1.000000e+00 0.000000e+00 0.000000e+00 0.000000e+00
 0.000000e+00 9.973173e-01 2.682761e-03 0.000000e+00 0.000000e+00
 0.000000e+00 0.000000e+00 9.826438e-01 1.735616e-02 0.000000e+00
 0.000000e+00 0.000000e+00 0.000000e+00 9.943725e-01 5.627498e-03
 0.000000e+00 0.000000e+00 0.000000e+00 0.000000e+00 0.000000e+00
<ENDHMM>
~h "si"
<BEGINHMM>
<NUMSTATES> 5
<STATE> 2
<NUMMIXES> 2
<MIXTURE> 1 6.339231e-01
<MEAN> 13
 -8.198608e+00 1.775658e+00 6.455374e-01 -7.341005e-01 1.550597e+00 1.776785e+00 3.833409e+00 2.307716e+00 6.329284e-01 9.523847e-01 9.925338e-01 -1.839877e+00 4.745693e+01
<VARIANCE> 13
 1.319203e+01 6.647360e+00 9.256781e+00 1.018512e+01 1.413521e+01 1.287110e+01 1.370553e+01 1.510257e+01 1.526007e+01 1.460263e+01 1.321362e+01 1.235715e+01 1.216178e+01
<GCONST> 5.644906e+01
<MIXTURE> 2 3.660774e-01
<MEAN> 13
 -1.006919e+01 -1.843773e+00 -2.570849e-01 -2.439523e+00 -1.076823e+00 -1.467092e+00 1.200897e+00 -1.156917e+00 -7.621869e-01 8.400258e-02 3.911395e-01 -1.619237e+00 5.406927e+01
<VARIANCE> 13
 3.185327e+01 2.544617e+01 2.211580e+01 2.143451e+01 2.903828e+01 2.374323e+01 2.722602e+01 2.845593e+01 2.680816e+01 2.394265e+01 2.330234e+01 2.212688e+01 3.612674e+01
<GCONST> 6.623660e+01
<STATE> 3
<NUMMIXES> 2
<MIXTURE> 1 5.402585e-01
<MEAN> 13
 -3.319292e+00 -4.188268e+00 -3.716764e+00 -2.768974e+00 2.875424e+00 5.386510e+00 5.897418e+00 1.776011e+00 -2.886763e-01 1.678813e+00 1.655205e+00 -2.382782e+00 4.987413e+01
<VARIANCE> 13
 3.785284e+00 4.308660e+00 4.920637e+00 5.995080e+00 7.638577e+00 8.827069e+00 9.940025e+00 1.161466e+01 1.219805e+01 1.229575e+01 1.183126e+01 1.085853e+01 1.362309e+00
<GCONST> 4.920380e+01
<MIXTURE> 2 4.597373e-01
<MEAN> 13
 -4.951025e+00 -3.589075e+00 -3.823840e+00 -3.998132e+00 -7.729750e-01 1.421854e+00 2.218790e+00 -9.097545e-01 -1.101198e+00 6.444412e-01 7.393823e-01 -2.737415e+00 5.202195e+01
<VARIANCE> 13
 1.243330e+01 1.265125e+01 1.051315e+01 1.164244e+01 1.567008e+01 1.617012e+01 1.626806e+01 1.831630e+01 1.916234e+01 1.870743e+01 1.764828e+01 1.627485e+01 8.005491e+00
<GCONST> 5.861199e+01
<STATE> 4
<NUMMIXES> 2
<MIXTURE> 1 6.402339e-01
<MEAN> 13
 -5.335120e+00 2.346912e+00 1.471538e+00 -1.908271e+00 3.138841e+00 2.924231e+00 2.681672e+00 4.633538e+00 -3.959409e-01 3.970081e-01 1.183243e+00 -2.629424e+00 4.304548e+01
<VARIANCE> 13
 3.269526e+00 3.443015e+00 6.530693e+00 8.100098e+00 1.210247e+01 1.058281e+01 1.252020e+01 1.323138e+01 1.385866e+01 1.470770e+01 1.243494e+01 1.140474e+01 1.933936e+00
<GCONST> 5.117574e+01
<MIXTURE> 2 3.597762e-01
<MEAN> 13
 -7.079974e+00 9.590311e-01 7.055202e-01 -2.333004e+00 -1.163630e-01 -5.032626e-01 1.134110e+00 1.041365e+00 -5.863064e-01 5.124898e-01 2.398834e-01 -2.271945e+00 4.644848e+01
<VARIANCE> 13
 1.618125e+01 1.366495e+01 1.392715e+01 1.511322e+01 1.770010e+01 1.774725e+01 2.032866e+01 2.053507e+01 2.038362e+01 2.070052e+01 1.859055e+01 1.669102e+01 1.348321e+01
<GCONST> 6.080832e+01
<TRANSP> 5
 0.000000e+00 1.000000e+00 0.000000e+00 0.000000e+00 0.000000e+00
 0.000000e+00 9.902611e-01 9.738916e-03 0.000000e+00 0.000000e+00
 0.000000e+00 0.000000e+00 9.811097e-01 1.889036e-02 0.000000e+00
 0.000000e+00 0.000000e+00 0.000000e+00 9.917120e-01 8.287999e-03
 0.000000e+00 0.000000e+00 0.000000e+00 0.000000e+00 0.000000e+00
<ENDHMM>
~h "st"
<BEGINHMM>
<NUMSTATES> 5
<STATE> 2
<NUMMIXES> 2
<MIXTURE> 1 5.778273e-01
<MEAN> 13
 -9.702529e+00 -3.007715e-01 -1.696362e-01 -2.139168e+00 1.395198e-01 4.026988e-01 3.450316e+00 -4.394562e-01 -1.305577e+00 -1.069695e+00 9.569263e-01 -2.136593e+00 5.419321e+01
<VARIANCE> 13
 1.705269e+01 9.638734e+00 1.120347e+01 1.341067e+01 1.362701e+01 1.440114e+01 1.489652e+01 1.555282e+01 1.711197e+01 1.670350e+01 1.472905e+01 1.286836e+01 1.124785e+01
<GCONST> 5.805167e+01
<MIXTURE> 2 4.221701e-01
<MEAN> 13
 -8.562297e+00 -5.241999e+00 2.745111e-01 -7.026559e+00 -3.293763e+00 -4.195242e+00 5.673397e-01 -1.852862e+00 -2.241756e+00 -2.142045e+00 2.316031e-01 -2.860996e+00 6.314510e+01
<VARIANCE> 13
 1.718855e+01 2.471780e+01 1.491245e+01 1.892621e+01 1.950871e+01 2.320989e+01 2.393963e+01 2.178519e+01 2.234093e+01 2.140785e+01 1.839065e+01 1.612406e+01 3.625053e+01
<GCONST> 6.341190e+01
<STATE> 3
<NUMMIXES> 2
<MIXTURE> 1 5.550748e-01
<MEAN> 13
 -4.937268e+00 -2.874238e+00 -3.901838e+00 -3.586235e+00 9.263927e-01 2.455165e+00 4.070767e+00 5.478219e-01 -5.424859e-01 1.055578e+00 1.237227e+00 -2.700341e+00 5.211191e+01
<VARIANCE> 13
 3.464419e+00 5.379109e+00 7.164563e+00 8.436002e+00 1.142806e+01 1.217212e+01 1.302559e+01 1.478432e+01 1.461652e+01 1.428383e+01 1.399047e+01 1.249826e+01 2.894505e+00
<GCONST> 5.268288e+01
<MIXTURE> 2 4.449244e-01
<MEAN> 13
 -7.893374e+00 -4.834441e+00 -1.522767e+00 -7.868558e+00 -2.657228e+00 -3.620919e+00 4.601565e-01 -1.005624e-01 -6.082578e-01 -3.292789e-01 1.153344e+00 -2.252274e+00 5.916825e+01
<VARIANCE> 13
 1.666571e+01 1.898806e+01 1.687057e+01 2.129516e+01 2.292069e+01 1.989970e+01 1.971872e+01 2.254155e+01 2.090852e+01 2.034485e+01 1.702846e+01 1.600050e+01 2.867131e+01
<GCONST> 6.276967e+01
<STATE> 4
<NUMMIXES> 2
<MIXTURE> 1 5.824510e-01
<MEAN> 13
 -9.920107e+00 1.589190e+00 9.549834e-01 -7.741507e-01 2.031613e+00 1.041937e+00 3.264391e+00 1.450642e+00 4.927923e-01 1.164227e-01 8.793683e-01 -2.077022e+00 4.903947e+01
<VARIANCE> 13
 1.060784e+01 5.751314e+00 7.550156e+00 9.478848e+00 1.016162e+01 1.123135e+01 1.265675e+01 1.524485e+01 1.528533e+01 1.467254e+01 1.326008e+01 1.216969e+01 1.138182e+01
<GCONST> 5.520241e+01
<MIXTURE> 2 4.175459e-01
<MEAN> 13
 -1.088119e+01 -6.734451e-02 8.024091e-01 -5.113006e+00 -2.276660e+00 -3.445372e+00 1.599079e-01 -1.198267e+00 -6.960727e-02 -4.497836e-01 5.503450e-01 -2.474554e+00 5.660321e+01
<VARIANCE> 13
 1.940263e+01 1.239116e+01 1.612089e+01 1.839549e+01 1.534695e+01 1.975302e+01 2.051607e+01 2.320467e+01 2.092691e+01 1.868716e+01 1.673877e+01 1.514813e+01 4.319172e+01
<GCONST> 6.221693e+01
<TRANSP> 5
 0.000000e+00 1.000000e+00 0.000000e+00 0.000000e+00 0.000000e+00
 0.000000e+00 9.800998e-01 1.990022e-02 0.000000e+00 0.000000e+00
 0.000000e+00 0.000000e+00 9.871107e-01 1.288925e-02 0.000000e+00
 0.000000e+00 0.000000e+00 0.000000e+00 9.910918e-01 8.908224e-03
 0.000000e+00 0.000000e+00 0.000000e+00 0.000000e+00 0.000000e+00
<ENDHMM>
~h "spe"
<BEGINHMM>
<NUMSTATES> 5
<STATE> 2
<NUMMIXES> 2
<MIXTURE> 1 4.547912e-01
<MEAN> 13
 -2.833495e+00 -3.540186e+00 -2.791286e+00 -3.695836e+00 1.552909e+00 2.810050e+00 3.902385e+00 -3.380190e-01 -1.904811e+00 3.579028e-01 6.074563e-01 -3.742636e+00 5.122959e+01
<VARIANCE> 13
 1.003480e+01 1.237334e+01 1.133495e+01 1.009282e+01 1.224598e+01 1.590294e+01 1.828220e+01 1.807973e+01 1.675627e+01 1.528009e+01 1.493222e+01 1.406399e+01 5.874413e+00
<GCONST> 5.718921e+01
<MIXTURE> 2 5.452090e-01
<MEAN> 13
 -4.155240e-01 -5.894268e+00 3.096999e+00 -9.520738e+00 -4.583576e+00 -3.322627e+00 -2.970470e+00 -7.471222e-01 -2.956452e+00 1.243497e+00 -3.858233e-01 -7.013120e+00 5.830963e+01
<VARIANCE> 13
 1.082422e+01 2.686376e+01 4.051369e+01 3.240274e+01 4.280996e+01 3.702266e+01 2.527867e+01 4.727323e+01 3.307797e+01 2.884944e+01 3.556892e+01 2.284297e+01 1.151739e+01
<GCONST> 6.720399e+01
<STATE> 3
<NUMMIXES> 2
<MIXTURE> 1 4.677450e-01
<MEAN> 13
 -6.230216e+00 6.761863e-01 1.560327e+00 -4.226121e+00 -4.090035e+00 -2.582947e+00 6.476441e-02 -1.968930e+00 -1.675021e+00 -1.977275e+00 -1.702843e+00 -2.566211e+00 5.933068e+01
<VARIANCE> 13
 2.803178e+01 2.880656e+01 9.479839e+01 3.556630e+01 8.073910e+01 3.984007e+01 3.651101e+01 3.259436e+01 2.972992e+01 2.004719e+01 3.290393e+01 2.252323e+01 4.971218e+01
<GCONST> 7.077198e+01
<MIXTURE> 2 5.322546e-01
<MEAN> 13
 -4.289401e-01 -4.067203e+00 1.745430e+00 -1.876887e+01 -2.208693e+00 -9.655145e+00 -7.088026e+00 -4.029992e+00 -6.569020e-01 -4.985493e+00 -1.077178e+01 -1.828883e+00 6.355405e+01
<VARIANCE> 13
 2.229465e+01 3.381296e+01 7.867962e+01 4.147155e+01 4.825188e+01 5.034130e+01 5.421845e+01 6.918034e+01 4.385770e+01 3.944496e+01 2.666349e+01 3.584075e+01 7.115395e+00
<GCONST> 7.091348e+01
<STATE> 4
<NUMMIXES> 2
<MIXTURE> 1 5.714981e-01
<MEAN> 13
 -2.450618e+00 5.787930e-01 2.025729e-01 -2.019212e+00 -2.280906e+00 -5.491121e-01 8.864895e-01 -3.040979e-01 -1.024858e+00 2.899178e-01 -9.548414e-01 -4.300249e+00 5.065150e+01
<VARIANCE> 13
 1.720557e+01 1.931667e+01 2.055426e+01 1.586278e+01 3.160684e+01 3.120022e+01 1.983639e+01 2.417681e+01 2.459499e+01 2.271680e+01 2.130357e+01 1.983479e+01 6.229547e+00
<GCONST> 6.275362e+01
<MIXTURE> 2 4.285050e-01
<MEAN> 13
 1.769908e+00 -5.808143e+00 5.238259e-01 -4.849250e+00 -5.111217e+00 6.896582e-01 -4.493513e+00 -2.204787e+00 -2.718294e+00 -2.104435e+00 -3.527845e+00 -8.559899e+00 5.581301e+01
<VARIANCE> 13
 5.743289e+00 2.554811e+01 5.145939e+01 2.490940e+01 7.312106e+01 4.247594e+01 3.319196e+01 4.112634e+01 4.202465e+01 4.238660e+01 4.173444e+01 3.376885e+01 1.257820e+01
<GCONST> 6.856497e+01
<TRANSP> 5
 0.000000e+00 1.000000e+00 0.000000e+00 0.000000e+00 0.000000e+00
 0.000000e+00 9.938506e-01 6.149368e-03 0.000000e+00 0.000000e+00
 0.000000e+00 0.000000e+00 9.731019e-01 2.689806e-02 0.000000e+00
 0.000000e+00 0.000000e+00 0.000000e+00 9.946802e-01 5.319755e-03
 0.000000e+00 0.000000e+00 0.000000e+00 0.000000e+00 0.000000e+00
<ENDHMM>
