~o
<STREAMINFO> 1 13
<VECSIZE> 13<NULLD><MFCC_0><DIAGC>
~h "ap"
<BEGINHMM>
<NUMSTATES> 5
<STATE> 2
<MEAN> 13
 -3.871746e+00 -3.831230e+00 -3.751335e+00 -2.843590e+00 1.762135e+00 4.584600e+00 4.566703e+00 7.841048e-01 -5.502825e-01 1.097561e+00 1.342717e+00 -2.056685e+00 5.038989e+01
<VARIANCE> 13
 6.123102e+00 5.829206e+00 6.112888e+00 7.671068e+00 1.140816e+01 1.493437e+01 1.493022e+01 1.459249e+01 1.465618e+01 1.412115e+01 1.247425e+01 1.300557e+01 2.895687e+00
<GCONST> 5.332190e+01
<STATE> 3
<MEAN> 13
 -6.874473e+00 1.165307e+00 -1.329565e+00 -6.907172e-01 4.494805e-01 2.292937e+00 4.085963e+00 1.807430e+00 1.003080e-02 1.532330e+00 7.510210e-01 -1.663674e+00 4.641087e+01
<VARIANCE> 13
 1.045461e+01 7.378242e+00 6.127672e+00 7.604550e+00 1.053552e+01 1.323421e+01 1.353226e+01 1.374647e+01 1.286491e+01 1.383634e+01 1.208000e+01 1.101438e+01 1.072684e+01
<GCONST> 5.468826e+01
<STATE> 4
<MEAN> 13
 -1.062297e+01 -1.142790e+01 -5.287898e+00 1.199993e+00 3.498206e-01 -5.002838e+00 1.908701e+00 -2.140731e+00 -3.787444e+00 -1.353790e+00 7.369969e-01 -1.518407e+00 6.164396e+01
<VARIANCE> 13
 2.459027e+01 5.711149e+01 3.363063e+01 2.413629e+01 3.481422e+01 3.806202e+01 2.633798e+01 2.983097e+01 2.488948e+01 2.224695e+01 1.783820e+01 1.519412e+01 1.404343e+02
<GCONST> 6.855836e+01
<TRANSP> 5
 0.000000e+00 1.000000e+00 0.000000e+00 0.000000e+00 0.000000e+00
 0.000000e+00 9.808581e-01 1.914187e-02 0.000000e+00 0.000000e+00
 0.000000e+00 0.000000e+00 9.859219e-01 1.407808e-02 0.000000e+00
 0.000000e+00 0.000000e+00 0.000000e+00 9.964728e-01 3.527161e-03
 0.000000e+00 0.000000e+00 0.000000e+00 0.000000e+00 0.000000e+00
<ENDHMM>
~h "cl"
<BEGINHMM>
<NUMSTATES> 5
<STATE> 2
<MEAN> 13
 -1.016414e+01 -4.940214e+00 2.269398e+00 -4.340982e+00 3.291061e+00 7.177360e-02 2.220707e+00 3.961294e+00 1.878255e-01 -2.200787e+00 -1.984272e-01 -1.397236e-02 5.210497e+01
<VARIANCE> 13
 5.403285e+01 3.447636e+01 4.311384e+01 4.416106e+01 6.501038e+01 5.510308e+01 3.279872e+01 5.532571e+01 4.038969e+01 6.777805e+01 5.974574e+01 6.729493e+01 4.366109e+01
<GCONST> 7.465179e+01
<STATE> 3
<MEAN> 13
 -1.782394e+01 2.598680e+00 -1.282343e+00 -5.271472e+00 -3.550013e+00 1.227791e+01 4.625371e-01 -3.930909e+00 7.340879e+00 -3.070995e+00 -2.952840e+00 5.313629e+00 5.851350e+01
<VARIANCE> 13
 4.142165e+01 9.552669e+00 1.164600e+01 1.154234e+01 1.631942e+01 2.889670e+01 2.599913e+01 2.355951e+01 2.463856e+01 1.950992e+01 1.890812e+01 1.831749e+01 1.691698e+01
<GCONST> 6.219869e+01
<STATE> 4
<MEAN> 13
 -2.081907e+01 1.091931e+00 6.238510e+00 -3.093112e+00 -6.212420e+00 9.857932e+00 1.586745e+00 -6.334877e+00 2.849600e+00 4.150167e+00 -1.080085e+01 4.529294e+00 5.657064e+01
<VARIANCE> 13
 5.458112e+01 9.215631e+00 1.689328e+01 1.702018e+01 2.816123e+01 3.489418e+01 2.828275e+01 4.867772e+01 3.427676e+01 2.886130e+01 3.477308e+01 3.046640e+01 4.225002e+01
<GCONST> 6.749809e+01
<TRANSP> 5
 0.000000e+00 1.000000e+00 0.000000e+00 0.000000e+00 0.000000e+00
 0.000000e+00 9.820275e-01 1.797256e-02 0.000000e+00 0.000000e+00
 0.000000e+00 0.000000e+00 9.849442e-01 1.505588e-02 0.000000e+00
 0.000000e+00 0.000000e+00 0.000000e+00 9.943288e-01 5.671238e-03
 0.000000e+00 0.000000e+00 0.000000e+00 0.000000e+00 0.000000e+00
<ENDHMM>
~h "cm"
<BEGINHMM>
<NUMSTATES> 5
<STATE> 2
<MEAN> 13
 -8.681081e+00 -1.927838e-01 -2.607336e+00 -4.111393e+00 -5.502175e-01 -8.745272e-01 -2.346209e+00 -1.978003e+00 -3.592816e+00 -1.441212e+00 6.017012e-02 -1.947899e+00 6.290553e+01
<VARIANCE> 13
 2.406546e+01 1.307359e+01 1.275681e+01 1.429944e+01 1.467733e+01 1.588498e+01 1.720148e+01 1.939521e+01 1.863468e+01 1.834712e+01 1.964849e+01 1.542555e+01 6.015824e+01
<GCONST> 6.175727e+01
<STATE> 3
<MEAN> 13
 -9.196846e+00 1.709345e+00 1.403273e-01 -1.617602e+00 5.519913e-01 4.674148e-01 2.481841e+00 1.298654e+00 1.927571e-01 4.729514e-01 6.971500e-01 -2.004005e+00 4.898393e+01
<VARIANCE> 13
 1.391488e+01 8.760386e+00 9.285173e+00 1.190370e+01 1.399514e+01 1.543482e+01 1.603387e+01 1.684088e+01 1.641485e+01 1.555114e+01 1.410247e+01 1.302907e+01 1.131306e+01
<GCONST> 5.755653e+01
<STATE> 4
<MEAN> 13
 -6.127082e+00 -2.928289e+00 -3.577739e+00 -4.654103e+00 -4.606394e-01 1.264480e+00 2.748701e+00 5.248631e-01 -4.800577e-01 7.410313e-01 8.721412e-01 -2.753325e+00 5.368272e+01
<VARIANCE> 13
 1.277586e+01 1.138828e+01 1.086858e+01 1.453160e+01 1.794892e+01 2.205315e+01 1.874568e+01 1.750856e+01 1.711877e+01 1.649584e+01 1.573890e+01 1.469397e+01 1.937526e+01
<GCONST> 5.976024e+01
<TRANSP> 5
 0.000000e+00 1.000000e+00 0.000000e+00 0.000000e+00 0.000000e+00
 0.000000e+00 9.899751e-01 1.002486e-02 0.000000e+00 0.000000e+00
 0.000000e+00 0.000000e+00 9.900373e-01 9.962600e-03 0.000000e+00
 0.000000e+00 0.000000e+00 0.000000e+00 9.914212e-01 8.578802e-03
 0.000000e+00 0.000000e+00 0.000000e+00 0.000000e+00 0.000000e+00
<ENDHMM>
~h "co"
<BEGINHMM>
<NUMSTATES> 5
<STATE> 2
<MEAN> 13
 -5.716323e+00 -5.867538e+00 7.621492e-01 -7.211820e-01 -5.960964e+00 -5.722203e+00 -5.665946e+00 -5.758164e+00 -3.767925e+00 -4.311740e+00 -4.056711e+00 -8.547438e+00 6.419053e+01
<VARIANCE> 13
 1.692135e+01 1.589341e+01 2.693824e+01 2.679459e+01 4.782502e+01 4.430017e+01 5.981137e+01 5.831030e+01 4.252330e+01 4.140133e+01 3.848303e+01 3.748970e+01 7.082389e+01
<GCONST> 7.089198e+01
<STATE> 3
<MEAN> 13
 -2.014534e+00 -1.232131e+00 2.457974e+00 8.995709e-01 1.765679e+00 2.662990e-01 -8.632790e-01 -3.058709e+00 -4.145852e+00 -2.641423e+00 -2.250974e+00 -6.366767e+00 5.019139e+01
<VARIANCE> 13
 6.822823e+00 1.917581e+01 2.358997e+01 2.238261e+01 1.674636e+01 1.982028e+01 2.399712e+01 2.506303e+01 2.467408e+01 2.437053e+01 1.971208e+01 1.971937e+01 1.524341e+01
<GCONST> 6.232575e+01
<STATE> 4
<MEAN> 13
 -5.028686e+00 -7.149991e-01 -1.365955e+00 -1.698911e+00 8.614151e-01 2.486656e+00 3.821433e+00 1.807866e+00 -3.752818e-01 1.139182e+00 9.584999e-01 -2.187296e+00 4.685746e+01
<VARIANCE> 13
 7.854575e+00 1.600588e+01 1.196354e+01 1.089137e+01 1.201676e+01 1.560969e+01 1.392408e+01 1.507123e+01 1.479910e+01 1.450408e+01 1.350148e+01 1.278509e+01 8.544166e+00
<GCONST> 5.684222e+01
<TRANSP> 5
 0.000000e+00 1.000000e+00 0.000000e+00 0.000000e+00 0.000000e+00
 0.000000e+00 9.909745e-01 9.025426e-03 0.000000e+00 0.000000e+00
 0.000000e+00 0.000000e+00 9.740674e-01 2.593255e-02 0.000000e+00
 0.000000e+00 0.000000e+00 0.000000e+00 9.923195e-01 7.680529e-03
 0.000000e+00 0.000000e+00 0.000000e+00 0.000000e+00 0.000000e+00
<ENDHMM>
~h "ds"
<BEGINHMM>
<NUMSTATES> 5
<STATE> 2
<MEAN> 13
 -1.016858e+01 2.188383e+00 2.838081e+00 2.081671e+00 3.408216e+00 1.234267e+00 4.178285e+00 -1.279266e+00 1.417770e+00 3.224582e-01 2.661736e+00 -7.337703e-01 5.880360e+01
<VARIANCE> 13
 2.228984e+01 1.434510e+01 2.073944e+01 1.916190e+01 2.565735e+01 2.500156e+01 2.525164e+01 2.219014e+01 2.312415e+01 2.418927e+01 1.865444e+01 1.676022e+01 9.544872e+01
<GCONST> 6.506767e+01
<STATE> 3
<MEAN> 13
 -6.820262e+00 1.929761e+00 6.914528e-01 -7.885002e-01 1.052952e+00 1.794025e+00 4.025937e+00 1.943719e+00 1.105515e+00 1.510939e+00 1.464205e+00 -2.281021e+00 4.771254e+01
<VARIANCE> 13
 1.118540e+01 6.059891e+00 9.377629e+00 1.119406e+01 2.004795e+01 1.695199e+01 1.695504e+01 1.913854e+01 1.814801e+01 1.817568e+01 1.602742e+01 1.322410e+01 1.007202e+01
<GCONST> 5.783795e+01
<STATE> 4
<MEAN> 13
 -8.863290e+00 -2.958097e+00 -2.383888e+00 -3.664012e+00 3.501747e-02 2.067176e+00 3.502395e+00 4.723076e-01 -5.005963e-01 7.408403e-01 1.725926e+00 -2.047210e+00 5.542295e+01
<VARIANCE> 13
 4.975925e+01 1.339326e+01 1.291097e+01 1.389643e+01 1.703967e+01 2.853110e+01 2.306314e+01 2.059413e+01 1.851913e+01 1.768668e+01 1.599972e+01 1.460209e+01 3.117646e+01
<GCONST> 6.261885e+01
<TRANSP> 5
 0.000000e+00 1.000000e+00 0.000000e+00 0.000000e+00 0.000000e+00
 0.000000e+00 9.898727e-01 1.012732e-02 0.000000e+00 0.000000e+00
 0.000000e+00 0.000000e+00 9.864060e-01 1.359397e-02 0.000000e+00
 0.000000e+00 0.000000e+00 0.000000e+00 9.921849e-01 7.815147e-03
 0.000000e+00 0.000000e+00 0.000000e+00 0.000000e+00 0.000000e+00
<ENDHMM>
~h "kj"
<BEGINHMM>
<NUMSTATES> 5
<STATE> 2
<MEAN> 13
 -2.260334e+01 3.493561e+00 1.638055e+00 -5.474370e+00 -4.940388e+00 1.250552e+01 9.632216e-01 -3.183598e+00 8.394317e+00 -4.185201e+00 -4.126386e+00 5.732954e+00 5.907451e+01
<VARIANCE> 13
 3.684070e+01 7.791629e+00 1.963584e+01 1.375687e+01 1.744140e+01 3.575808e+01 2.365384e+01 1.996102e+01 2.401082e+01 2.040391e+01 1.877417e+01 2.077257e+01 2.313725e+01
<GCONST> 6.304567e+01
<STATE> 3
<MEAN> 13
 -8.945624e+00 -3.140598e+00 -3.575288e+00 -1.415056e+00 -1.605756e+00 2.892801e-01 2.360966e+00 -1.062304e+00 -1.773411e-01 8.827873e-01 -4.339071e-03 -1.154615e+00 5.450577e+01
<VARIANCE> 13
 2.964318e+01 3.809536e+01 1.760344e+01 1.659315e+01 2.441120e+01 3.528569e+01 2.554788e+01 2.375188e+01 2.676744e+01 1.922087e+01 1.696148e+01 1.773213e+01 8.013147e+01
<GCONST> 6.609872e+01
<STATE> 4
<MEAN> 13
 -1.798411e+01 2.910968e+00 7.592171e-01 8.110697e-01 -1.770393e+00 7.203911e-01 4.474558e+00 1.108294e+00 -1.958247e+00 2.436834e+00 8.995268e-01 -2.259506e+00 5.354547e+01
<VARIANCE> 13
 6.325439e+01 2.533228e+01 1.700955e+01 2.168415e+01 1.709678e+01 2.393974e+01 3.294371e+01 2.271144e+01 2.186105e+01 2.614307e+01 1.692894e+01 1.797345e+01 3.111325e+01
<GCONST> 6.531795e+01
<TRANSP> 5
 0.000000e+00 1.000000e+00 0.000000e+00 0.000000e+00 0.000000e+00
 0.000000e+00 9.859213e-01 1.407866e-02 0.000000e+00 0.000000e+00
 0.000000e+00 0.000000e+00 9.930265e-01 6.973466e-03 0.000000e+00
 0.000000e+00 0.000000e+00 0.000000e+00 9.961524e-01 3.847598e-03
 0.000000e+00 0.000000e+00 0.000000e+00 0.000000e+00 0.000000e+00
<ENDHMM>
~h "kn"
<BEGINHMM>
<NUMSTATES> 5
<STATE> 2
<MEAN> 13
 -2.414227e+00 1.875739e+00 -1.074943e+00 -1.602473e+00 1.140429e-01 -1.325921e+00 1.350893e+00 -2.961942e+00 6.703455e-01 1.444742e+00 1.434739e+00 -1.921613e+00 5.540747e+01
<VARIANCE> 13
 5.404994e+01 2.143350e+01 2.092996e+01 1.303149e+01 2.104623e+01 2.435177e+01 2.896387e+01 2.834443e+01 2.908234e+01 2.587449e+01 2.332732e+01 2.088744e+01 6.316937e+01
<GCONST> 6.646360e+01
<STATE> 3
<MEAN> 13
 5.447605e+00 -2.901266e-01 -1.945320e+00 1.631083e+00 5.258247e+00 1.453899e-01 2.081297e+00 -3.242454e+00 -1.275789e+00 -1.385114e+00 7.000219e-01 -2.227693e+00 5.850002e+01
<VARIANCE> 13
 9.953315e+00 2.176360e+01 1.553368e+01 1.229442e+01 1.840139e+01 2.319796e+01 2.008641e+01 2.365120e+01 2.210355e+01 1.981925e+01 1.645906e+01 1.744939e+01 4.274232e+01
<GCONST> 6.224041e+01
<STATE> 4
<MEAN> 13
 -3.658597e+00 -2.656167e-01 3.314500e-01 -2.430042e+00 -1.125531e+00 2.263624e+00 2.996868e+00 5.728704e-01 -3.945831e-01 1.907389e+00 1.489030e-01 -3.067977e+00 4.645599e+01
<VARIANCE> 13
 5.356341e+00 1.507816e+01 1.548609e+01 1.066173e+01 2.697329e+01 1.705541e+01 2.344728e+01 2.768305e+01 1.870185e+01 2.476814e+01 2.076891e+01 1.494306e+01 8.931353e+00
<GCONST> 6.006287e+01
<TRANSP> 5
 0.000000e+00 1.000000e+00 0.000000e+00 0.000000e+00 0.000000e+00
 0.000000e+00 9.670419e-01 3.295813e-02 0.000000e+00 0.000000e+00
 0.000000e+00 0.000000e+00 9.874734e-01 1.252661e-02 0.000000e+00
 0.000000e+00 0.000000e+00 0.000000e+00 9.931452e-01 6.854843e-03
 0.000000e+00 0.000000e+00 0.000000e+00 0.000000e+00 0.000000e+00
<ENDHMM>
~h "kt"
<BEGINHMM>
<NUMSTATES> 5
<STATE> 2
<MEAN> 13
 -1.214314e+01 2.623182e+00 -3.184511e+00 6.013451e-01 9.075795e-01 -1.759538e+00 2.535420e+00 1.046488e+00 1.110862e-01 -5.567268e-01 -5.374344e-02 -1.549257e+00 5.336552e+01
<VARIANCE> 13
 8.184438e+00 8.505488e+00 9.394894e+00 1.245473e+01 1.368182e+01 1.689044e+01 1.775663e+01 1.727593e+01 1.797014e+01 1.860787e+01 1.719807e+01 1.375509e+01 2.077866e+01
<GCONST> 5.837893e+01
<STATE> 3
<MEAN> 13
 -8.545204e+00 2.519107e+00 -1.994746e+00 -4.133209e-01 -2.756799e-01 3.103074e-01 3.465422e+00 1.761439e+00 6.171262e-01 6.419109e-01 4.444335e-01 -2.031886e+00 4.789577e+01
<VARIANCE> 13
 1.044341e+01 8.060279e+00 9.777851e+00 1.047532e+01 1.736983e+01 1.554183e+01 1.706256e+01 1.801891e+01 1.685657e+01 1.774310e+01 1.467329e+01 1.262739e+01 1.034541e+01
<GCONST> 5.754022e+01
<STATE> 4
<MEAN> 13
 -7.974145e+00 -2.262748e+00 -4.944609e+00 -2.367473e+00 1.511249e+00 2.545307e+00 4.742150e+00 6.526788e-01 -1.721856e-01 9.980337e-01 1.208180e+00 -1.649792e+00 5.316779e+01
<VARIANCE> 13
 1.930932e+01 1.041632e+01 8.894958e+00 9.494511e+00 1.144153e+01 1.638657e+01 1.495556e+01 1.580266e+01 1.582694e+01 1.419820e+01 1.369292e+01 1.270268e+01 1.505460e+01
<GCONST> 5.761674e+01
<TRANSP> 5
 0.000000e+00 1.000000e+00 0.000000e+00 0.000000e+00 0.000000e+00
 0.000000e+00 9.896505e-01 1.034945e-02 0.000000e+00 0.000000e+00
 0.000000e+00 0.000000e+00 9.946241e-01 5.375871e-03 0.000000e+00
 0.000000e+00 0.000000e+00 0.000000e+00 9.965572e-01 3.442788e-03
 0.000000e+00 0.000000e+00 0.000000e+00 0.000000e+00 0.000000e+00
<ENDHMM>
~h "pr"
<BEGINHMM>
<NUMSTATES> 5
<STATE> 2
<MEAN> 13
 -6.973397e+00 -6.204791e+00 6.983668e-01 -5.490056e+00 1.921041e+00 5.985189e+00 1.402681e+00 1.413162e-01 1.624243e-01 2.181211e+00 2.195235e+00 -2.432445e+00 5.055648e+01
<VARIANCE> 13
 1.524888e+01 5.669477e+01 3.548138e+01 3.739344e+01 6.847373e+01 8.279355e+01 2.960055e+01 3.945707e+01 5.285421e+01 3.777831e+01 5.717556e+01 3.665301e+01 2.459083e+01
<GCONST> 7.200017e+01
<STATE> 3
<MEAN> 13
 -1.491634e+01 -7.935893e+00 1.418180e+00 -4.970329e+00 2.636320e+00 -1.977394e+00 6.007224e+00 3.977767e+00 -1.895962e-02 -2.241554e+00 -1.465895e-01 1.585729e+00 5.840533e+01
<VARIANCE> 13
 3.586889e+01 3.694085e+01 4.274505e+01 3.859575e+01 9.170879e+01 8.037131e+01 6.644485e+01 7.492982e+01 5.043058e+01 3.860492e+01 5.985504e+01 7.380132e+01 2.246160e+01
<GCONST> 7.498727e+01
<STATE> 4
<MEAN> 13
 -1.600636e+01 3.113760e+00 1.371618e+01 -1.305664e+01 3.453833e+00 9.605309e+00 -4.104577e+00 -1.934363e+00 7.963170e+00 -3.729871e+00 -6.559852e+00 6.461300e+00 5.031256e+01
<VARIANCE> 13
 4.672593e+01 1.283476e+01 4.772047e+01 5.431113e+01 2.370188e+01 4.205892e+01 2.358681e+01 4.282720e+01 5.278274e+01 4.023956e+01 3.980576e+01 3.766184e+01 2.249898e+01
<GCONST> 7.005859e+01
<TRANSP> 5
 0.000000e+00 1.000000e+00 0.000000e+00 0.000000e+00 0.000000e+00
 0.000000e+00 9.775968e-01 2.240328e-02 0.000000e+00 0.000000e+00
 0.000000e+00 0.000000e+00 9.950045e-01 4.995471e-03 0.000000e+00
 0.000000e+00 0.000000e+00 0.000000e+00 9.922988e-01 7.701179e-03
 0.000000e+00 0.000000e+00 0.000000e+00 0.000000e+00 0.000000e+00
<ENDHMM>
~h "pw"
<BEGINHMM>
<NUMSTATES> 5
<STATE> 2
<MEAN> 13
 -1.299010e+01 -3.221169e+00 -1.679478e+00 -7.352419e-01 1.082751e+00 -1.257763e+00 2.768546e+00 -2.855619e-01 -8.085204e-01 7.519032e-01 4.411002e-01 -8.530894e-01 5.500840e+01
<VARIANCE> 13
 1.691160e+01 2.176700e+01 1.328251e+01 1.231269e+01 1.482192e+01 2.072868e+01 1.818192e+01 2.057067e+01 1.760389e+01 1.598364e+01 1.452477e+01 1.317676e+01 3.617346e+01
<GCONST> 6.103211e+01
<STATE> 3
<MEAN> 13
 -1.095642e+01 -8.559261e+00 -3.473123e+00 -2.286754e+00 -1.501199e+00 -6.529873e+00 -2.276483e+00 -7.403249e+00 -4.057107e+00 -2.165634e+00 -1.081516e-01 -1.170282e+00 6.734771e+01
<VARIANCE> 13
 1.733577e+01 1.291942e+01 1.284846e+01 1.263974e+01 1.922539e+01 2.259383e+01 2.082714e+01 2.231172e+01 2.275508e+01 1.852755e+01 1.716553e+01 1.551447e+01 4.381085e+01
<GCONST> 6.201785e+01
<STATE> 4
<MEAN> 13
 -7.804833e+00 -4.720427e+00 -1.381457e+00 -1.360083e+00 2.731722e-01 -3.885069e+00 -1.104313e+00 -4.603597e+00 -4.004157e+00 -1.414978e+00 -9.187646e-01 -1.492015e+00 5.819850e+01
<VARIANCE> 13
 1.975540e+01 3.140562e+01 1.621054e+01 1.399244e+01 2.652192e+01 2.610793e+01 2.245782e+01 2.632540e+01 2.252695e+01 1.788402e+01 1.777602e+01 1.884271e+01 7.117419e+01
<GCONST> 6.474710e+01
<TRANSP> 5
 0.000000e+00 1.000000e+00 0.000000e+00 0.000000e+00 0.000000e+00
 0.000000e+00 9.972659e-01 2.734078e-03 0.000000e+00 0.000000e+00
 0.000000e+00 0.000000e+00 9.580548e-01 4.194527e-02 0.000000e+00
 0.000000e+00 0.000000e+00 0.000000e+00 9.810517e-01 1.894827e-02
 0.000000e+00 0.000000e+00 0.000000e+00 0.000000e+00 0.000000e+00
<ENDHMM>
~h "si"
<BEGINHMM>
<NUMSTATES> 5
<STATE> 2
<MEAN> 13
 -1.098276e+01 -3.560228e-01 1.104012e+00 -7.477992e-01 1.287194e+00 -4.726619e-01 2.373684e+00 -2.152851e-01 -3.577254e-01 -7.223315e-03 1.248787e+00 -1.305687e+00 5.274155e+01
<VARIANCE> 13
 1.900294e+01 1.844046e+01 1.338366e+01 1.529337e+01 1.851358e+01 1.958397e+01 2.049584e+01 2.140670e+01 2.052926e+01 1.854920e+01 1.722921e+01 1.524759e+01 4.470046e+01
<GCONST> 6.236343e+01
<STATE> 3
<MEAN> 13
 -5.420238e+00 2.337225e+00 1.607485e+00 -2.536956e+00 3.211778e+00 2.257419e+00 1.806654e+00 4.383525e+00 -8.919713e-01 -2.996613e-02 1.117169e+00 -2.752006e+00 4.280388e+01
<VARIANCE> 13
 3.953689e+00 4.256012e+00 6.894499e+00 8.941139e+00 1.268400e+01 1.317183e+01 1.398302e+01 1.550671e+01 1.492585e+01 1.546246e+01 1.366206e+01 1.228267e+01 2.080291e+00
<GCONST> 5.263114e+01
<STATE> 4
<MEAN> 13
 -8.238964e+00 1.408022e+00 1.054581e+00 -1.555866e+00 1.557960e+00 4.834557e-01 2.376621e+00 2.469413e+00 9.169292e-02 3.902684e-01 6.540822e-01 -2.055823e+00 4.650346e+01
<VARIANCE> 13
 1.222077e+01 1.140425e+01 9.608119e+00 1.260662e+01 1.372838e+01 1.627413e+01 1.616292e+01 1.734802e+01 1.621218e+01 1.582615e+01 1.479180e+01 1.365697e+01 9.945508e+00
<GCONST> 5.782446e+01
<TRANSP> 5
 0.000000e+00 1.000000e+00 0.000000e+00 0.000000e+00 0.000000e+00
 0.000000e+00 9.911137e-01 8.886325e-03 0.000000e+00 0.000000e+00
 0.000000e+00 0.000000e+00 9.931624e-01 6.837540e-03 0.000000e+00
 0.000000e+00 0.000000e+00 0.000000e+00 9.888620e-01 1.113797e-02
 0.000000e+00 0.000000e+00 0.000000e+00 0.000000e+00 0.000000e+00
<ENDHMM>
~h "st"
<BEGINHMM>
<NUMSTATES> 5
<STATE> 2
<MEAN> 13
 -5.558668e+00 -3.517624e-01 -3.430246e+00 -5.489006e+00 -1.972047e+00 -2.495023e+00 -3.797723e+00 -2.433862e+00 -3.954030e+00 -2.386135e+00 -1.829145e+00 -2.890278e+00 7.090852e+01
<VARIANCE> 13
 7.134017e+00 8.117620e+00 7.816276e+00 1.170637e+01 1.248475e+01 1.203738e+01 1.513035e+01 1.761649e+01 1.672705e+01 1.427698e+01 1.445700e+01 1.243146e+01 3.794555e+01
<GCONST> 5.736896e+01
<STATE> 3
<MEAN> 13
 -9.616088e+00 4.995424e-01 7.482888e-01 -2.734857e+00 -5.357838e-01 -1.201208e+00 1.719746e+00 -7.313321e-01 -3.236872e-01 -2.522048e-01 7.150224e-01 -2.397370e+00 5.535306e+01
<VARIANCE> 13
 1.681315e+01 1.065452e+01 1.192410e+01 1.926593e+01 1.872323e+01 1.983044e+01 1.843176e+01 2.055834e+01 2.140296e+01 1.881616e+01 1.701718e+01 1.503955e+01 4.549605e+01
<GCONST> 6.173255e+01
<STATE> 4
<MEAN> 13
 -4.715047e+00 -2.935543e+00 -2.120764e-02 -9.059413e+00 -2.595536e+00 -3.688259e+00 -2.184756e+00 -2.337808e+00 -8.522153e-01 -2.210966e+00 -3.058460e+00 -2.277713e+00 5.993670e+01
<VARIANCE> 13
 3.244450e+01 3.425211e+01 3.826867e+01 5.903851e+01 3.043437e+01 5.169534e+01 4.142593e+01 3.713425e+01 3.063974e+01 3.117547e+01 4.607097e+01 2.392447e+01 6.271052e+01
<GCONST> 7.133344e+01
<TRANSP> 5
 0.000000e+00 1.000000e+00 0.000000e+00 0.000000e+00 0.000000e+00
 0.000000e+00 9.702486e-01 2.975133e-02 0.000000e+00 0.000000e+00
 0.000000e+00 0.000000e+00 9.892057e-01 1.079431e-02 0.000000e+00
 0.000000e+00 0.000000e+00 0.000000e+00 9.523707e-01 4.762928e-02
 0.000000e+00 0.000000e+00 0.000000e+00 0.000000e+00 0.000000e+00
<ENDHMM>
~h "spe"
<BEGINHMM>
<NUMSTATES> 5
<STATE> 2
<MEAN> 13
 -3.068125e+00 -4.644553e+00 -3.508252e+00 -3.414562e+00 2.067249e+00 4.230832e+00 4.571710e+00 9.536580e-01 -7.852428e-01 1.218632e+00 1.372156e+00 -2.546423e+00 4.987571e+01
<VARIANCE> 13
 5.531190e+00 8.054663e+00 7.490823e+00 1.041166e+01 1.303338e+01 1.490039e+01 1.449353e+01 1.536698e+01 1.483682e+01 1.498425e+01 1.458005e+01 1.295689e+01 5.072274e+00
<GCONST> 5.498967e+01
<STATE> 3
<MEAN> 13
 -1.251505e+00 -3.344130e+00 3.900225e-01 -4.758117e+00 -3.074677e+00 -3.959771e-01 -4.278219e-01 -8.102474e-01 -1.927199e+00 2.085774e-01 -9.244237e-01 -5.739859e+00 5.376724e+01
<VARIANCE> 13
 1.515768e+01 2.861009e+01 3.697143e+01 2.774067e+01 4.654803e+01 3.802201e+01 3.460666e+01 3.444847e+01 3.026667e+01 2.842896e+01 3.039650e+01 2.619884e+01 1.967175e+01
<GCONST> 6.787655e+01
<STATE> 4
<MEAN> 13
 -8.302483e+00 -4.975768e-02 -1.752335e+00 -1.266458e+00 -6.737961e-01 7.348098e-01 3.123842e+00 5.298932e-01 3.102899e-01 1.720490e+00 2.514634e-01 -1.733000e+00 5.065227e+01
<VARIANCE> 13
 2.592965e+01 1.697436e+01 1.050661e+01 1.057315e+01 1.637789e+01 2.171597e+01 1.878134e+01 1.956274e+01 1.780646e+01 1.736210e+01 1.561092e+01 1.466530e+01 3.642268e+01
<GCONST> 6.123279e+01
<TRANSP> 5
 0.000000e+00 1.000000e+00 0.000000e+00 0.000000e+00 0.000000e+00
 0.000000e+00 9.968033e-01 3.196676e-03 0.000000e+00 0.000000e+00
 0.000000e+00 0.000000e+00 9.971820e-01 2.818033e-03 0.000000e+00
 0.000000e+00 0.000000e+00 0.000000e+00 9.977877e-01 2.212313e-03
 0.000000e+00 0.000000e+00 0.000000e+00 0.000000e+00 0.000000e+00
<ENDHMM>
