~o
<STREAMINFO> 1 39
<VECSIZE> 39<NULLD><MFCC_D_A_0><DIAGC>
~h "ap"
<BEGINHMM>
<NUMSTATES> 5
<STATE> 2
<NUMMIXES> 2
<MIXTURE> 1 5.231213e-01
<MEAN> 39
 -1.192087e+01 -8.793952e+00 -2.827926e+00 6.129218e-01 -1.123455e-01 -2.608443e+00 3.321713e+00 -2.253842e+00 -1.675123e+00 -1.128204e-01 1.015097e+00 -9.408292e-01 5.954379e+01 3.215036e-01 2.122750e-01 1.609222e-01 5.748657e-02 3.043205e-01 3.784275e-01 2.787538e-01 2.839017e-01 2.404241e-01 2.678277e-01 2.149790e-01 6.125701e-02 -5.451826e-01 1.956273e-02 5.789442e-02 4.013702e-02 5.019097e-02 5.440088e-02 4.645145e-02 4.549113e-02 5.755840e-02 3.434684e-02 3.208167e-02 2.047624e-02 1.922503e-02 -7.404507e-02
<VARIANCE> 39
 2.720515e+01 3.887349e+01 2.156670e+01 2.163482e+01 2.773390e+01 3.647486e+01 2.241694e+01 2.515724e+01 2.012820e+01 1.862424e+01 1.689110e+01 1.415477e+01 9.521616e+01 2.970647e-01 4.520517e-01 4.786600e-01 7.720592e-01 1.014454e+00 1.257736e+00 1.109944e+00 1.218117e+00 1.280212e+00 1.384028e+00 1.307180e+00 1.235243e+00 8.087800e-01 1.274232e-01 1.270535e-01 1.111867e-01 1.513817e-01 2.503208e-01 3.358807e-01 2.469011e-01 2.586403e-01 2.750513e-01 3.048998e-01 2.806573e-01 2.530339e-01 5.430008e-01
<GCONST> 9.321217e+01
<MIXTURE> 2 4.768731e-01
<MEAN> 39
 -1.363528e+01 -1.016821e+01 -4.279357e+00 -7.815029e-03 -1.639834e+00 -4.402073e+00 2.163222e+00 -3.187550e+00 -2.755705e+00 -9.301305e-01 -9.649732e-02 -1.325206e+00 6.428165e+01 -4.185115e-01 -5.046973e-01 -3.594527e-01 -8.311351e-02 -4.302647e-01 -6.180917e-01 -3.851001e-01 -3.625928e-01 -3.776847e-01 -3.698101e-01 -2.507284e-01 -1.058805e-01 1.059906e+00 7.529163e-03 -4.875367e-02 -4.288437e-02 -6.829844e-02 -3.581165e-02 -2.188869e-02 -3.336848e-02 -5.653530e-02 -3.218958e-02 -2.336793e-02 -2.065502e-02 -3.185551e-02 2.470537e-02
<VARIANCE> 39
 2.998359e+01 4.960390e+01 2.303033e+01 2.444384e+01 3.366263e+01 4.205201e+01 2.525412e+01 2.713174e+01 2.269840e+01 2.106823e+01 2.083121e+01 1.509323e+01 1.295186e+02 2.514557e+00 2.518029e+00 1.311700e+00 1.289982e+00 2.480953e+00 3.398679e+00 1.914471e+00 1.652442e+00 1.787396e+00 1.790872e+00 1.649004e+00 1.390931e+00 1.256631e+01 3.470347e-01 3.248791e-01 1.840163e-01 2.235987e-01 4.182784e-01 6.087466e-01 3.430420e-01 3.057075e-01 3.494531e-01 3.781130e-01 3.250195e-01 2.877507e-01 1.569967e+00
<GCONST> 1.131259e+02
<STATE> 3
<NUMMIXES> 2
<MIXTURE> 1 5.130791e-01
<MEAN> 39
 -9.968649e+00 -1.629214e+01 -9.665713e+00 2.513545e+00 1.065366e+00 -8.752043e+00 1.015453e+00 -1.967867e+00 -6.255008e+00 -3.434658e+00 1.356193e+00 -1.249415e+00 6.705718e+01 3.010339e-01 2.405036e-01 2.968904e-01 2.306915e-01 3.833360e-01 3.897868e-01 3.353357e-01 2.667104e-01 2.662449e-01 2.458512e-01 2.194266e-01 1.272839e-01 -7.785785e-01 1.092711e-02 5.660219e-02 4.173228e-02 5.653825e-02 6.207615e-02 7.266413e-02 3.734980e-02 5.888249e-02 6.464125e-02 3.029356e-02 -1.628701e-03 4.246204e-03 -5.958355e-02
<VARIANCE> 39
 1.230501e+01 1.736775e+01 1.693653e+01 2.243413e+01 3.116501e+01 2.161810e+01 2.573240e+01 2.043821e+01 2.330730e+01 2.148236e+01 1.588896e+01 1.567403e+01 6.790029e+01 1.449558e-01 2.711943e-01 3.598898e-01 7.188885e-01 9.515787e-01 1.083086e+00 9.547744e-01 1.043087e+00 1.399374e+00 1.426409e+00 1.210750e+00 1.602903e+00 4.325671e-01 5.228677e-02 6.181700e-02 9.093368e-02 1.469030e-01 2.525309e-01 2.743272e-01 2.046596e-01 2.084656e-01 3.099822e-01 3.126961e-01 2.442776e-01 3.634266e-01 3.457544e-01
<GCONST> 8.597394e+01
<MIXTURE> 2 4.869204e-01
<MEAN> 39
 -1.100646e+01 -1.699425e+01 -1.092900e+01 1.772478e+00 -7.233509e-02 -9.722381e+00 3.183313e-02 -2.266972e+00 -6.348906e+00 -4.150222e+00 1.727651e-01 -1.886497e+00 7.106311e+01 -8.807431e-02 -1.282372e-01 -1.364778e-01 -9.689864e-02 -1.425952e-01 -2.190565e-01 -2.152729e-01 -2.537235e-01 -2.702157e-01 -2.141225e-01 -1.575937e-01 -1.144928e-01 1.175514e-01 -1.386543e-02 -2.834092e-02 -1.633716e-02 -3.312683e-02 -5.707747e-02 -6.818199e-02 -3.601057e-02 -3.916685e-02 -5.084682e-02 -1.764458e-02 6.389232e-03 1.059755e-02 3.543391e-02
<VARIANCE> 39
 1.325636e+01 1.772586e+01 1.712366e+01 2.203829e+01 2.934995e+01 2.357720e+01 2.896445e+01 2.017695e+01 2.464049e+01 2.188938e+01 1.675830e+01 1.585959e+01 7.339800e+01 8.626829e-01 6.845977e-01 7.470314e-01 9.956732e-01 2.073436e+00 1.975886e+00 1.356689e+00 1.199950e+00 1.683668e+00 1.445514e+00 1.303321e+00 1.605805e+00 6.587332e+00 1.276292e-01 1.063737e-01 1.162598e-01 1.747270e-01 3.312249e-01 3.746983e-01 2.698482e-01 2.344531e-01 3.344404e-01 3.045239e-01 2.635238e-01 3.643468e-01 8.042920e-01
<GCONST> 9.884891e+01
<STATE> 4
<NUMMIXES> 2
<MIXTURE> 1 5.113149e-01
<MEAN> 39
 -9.139483e+00 -8.972172e+00 -3.525307e+00 1.352015e+00 1.186594e+00 -2.846592e+00 3.093849e+00 -2.041569e+00 -3.046103e+00 4.122580e-03 1.243329e+00 -1.321362e+00 5.623108e+01 2.107463e-01 3.097026e-01 2.167877e-01 1.090507e-01 2.707932e-01 3.845129e-01 2.490315e-01 3.098569e-01 2.971402e-01 2.657522e-01 2.163089e-01 9.873472e-02 -5.100080e-01 9.303527e-03 4.673136e-02 3.521651e-02 3.966668e-02 4.810848e-02 5.061290e-02 5.005665e-02 7.020286e-02 4.719912e-02 3.789721e-02 1.728603e-02 1.835484e-02 -4.304947e-02
<VARIANCE> 39
 2.233433e+01 5.135328e+01 2.092068e+01 2.312848e+01 3.388161e+01 3.255114e+01 2.397638e+01 2.926457e+01 2.195070e+01 1.920171e+01 1.574997e+01 1.435623e+01 1.050501e+02 2.068179e-01 4.106927e-01 4.543937e-01 7.532794e-01 9.827662e-01 1.072004e+00 1.132554e+00 1.274127e+00 1.302816e+00 1.361235e+00 1.220204e+00 1.155744e+00 5.248110e-01 7.463931e-02 1.175602e-01 1.033929e-01 1.478828e-01 2.365012e-01 2.659452e-01 2.375046e-01 2.617924e-01 2.855030e-01 2.971300e-01 2.550792e-01 2.331170e-01 3.732560e-01
<GCONST> 9.099972e+01
<MIXTURE> 2 4.886855e-01
<MEAN> 39
 -1.148729e+01 -1.123376e+01 -5.875292e+00 6.147999e-01 2.714339e-01 -5.032015e+00 1.782410e+00 -3.164795e+00 -3.866221e+00 -9.674622e-01 1.317212e-01 -1.609564e+00 6.277538e+01 -2.185902e-01 -2.552241e-01 -1.885808e-01 -1.268868e-01 -3.098829e-01 -3.618280e-01 -2.600013e-01 -3.119772e-01 -2.606250e-01 -2.566792e-01 -2.395544e-01 -1.081512e-01 4.622271e-01 -1.186998e-02 -5.264511e-02 -4.137252e-02 -4.592883e-02 -5.586307e-02 -6.025469e-02 -5.624270e-02 -7.524534e-02 -5.683409e-02 -4.508862e-02 -2.162896e-02 -1.980237e-02 5.054252e-02
<VARIANCE> 39
 2.525786e+01 5.357663e+01 2.877671e+01 2.646743e+01 4.173756e+01 3.522813e+01 2.716304e+01 2.843613e+01 2.281647e+01 1.999321e+01 1.754229e+01 1.499093e+01 1.362950e+02 1.450101e+00 2.065364e+00 1.005961e+00 1.113543e+00 2.055576e+00 2.257352e+00 1.408238e+00 1.529729e+00 1.510322e+00 1.457402e+00 1.357947e+00 1.256437e+00 9.580441e+00 1.940460e-01 2.802282e-01 1.488665e-01 2.033353e-01 3.491359e-01 4.211074e-01 2.644215e-01 2.837577e-01 3.070099e-01 3.075780e-01 2.747733e-01 2.586683e-01 1.178713e+00
<GCONST> 1.074151e+02
<TRANSP> 5
 0.000000e+00 1.000000e+00 0.000000e+00 0.000000e+00 0.000000e+00
 0.000000e+00 9.884230e-01 1.157693e-02 0.000000e+00 0.000000e+00
 0.000000e+00 0.000000e+00 9.862021e-01 1.379795e-02 0.000000e+00
 0.000000e+00 0.000000e+00 0.000000e+00 9.921423e-01 7.857766e-03
 0.000000e+00 0.000000e+00 0.000000e+00 0.000000e+00 0.000000e+00
<ENDHMM>
~h "cl"
<BEGINHMM>
<NUMSTATES> 5
<STATE> 2
<NUMMIXES> 2
<MIXTURE> 1 5.061531e-01
<MEAN> 39
 -1.136589e+01 -1.263844e+00 -1.203074e+00 -2.469308e+00 -5.572234e-01 5.165817e+00 3.783184e+00 -3.012689e-02 2.198162e+00 4.339308e-01 -1.686042e+00 3.654211e-01 5.322779e+01 -1.539622e-01 1.800745e-01 1.991532e-01 1.407810e-01 9.121388e-02 3.926496e-01 1.835599e-01 1.244270e-01 3.744175e-01 2.356963e-01 1.029249e-01 2.425792e-01 9.200178e-02 -5.141801e-02 2.684183e-02 7.067280e-02 3.644633e-02 3.049807e-02 1.060520e-01 3.082335e-02 2.683844e-02 6.185861e-02 4.046000e-02 -4.907048e-03 7.600352e-02 2.996836e-02
<VARIANCE> 39
 3.867219e+01 2.432025e+01 2.761691e+01 1.477113e+01 1.838409e+01 3.759851e+01 2.040858e+01 2.569887e+01 3.254637e+01 2.053851e+01 2.745893e+01 2.239846e+01 4.038016e+01 1.956435e+00 6.779052e-01 7.282929e-01 8.245411e-01 1.155349e+00 1.688511e+00 1.610062e+00 1.897495e+00 2.135252e+00 1.575168e+00 1.759821e+00 1.776308e+00 1.125070e+00 2.573604e-01 1.117304e-01 1.148908e-01 1.382487e-01 2.091448e-01 3.130246e-01 3.123766e-01 3.467249e-01 3.743826e-01 3.228162e-01 3.224767e-01 2.917519e-01 1.996516e-01
<GCONST> 9.926028e+01
<MIXTURE> 2 4.938466e-01
<MEAN> 39
 -1.172054e+01 -2.087968e+00 -9.873548e-01 -2.603387e+00 -1.102083e+00 4.176102e+00 2.928185e+00 -4.395781e-01 1.773476e+00 7.411554e-02 -2.183448e+00 3.419787e-01 5.503086e+01 -4.866747e-01 -9.453150e-02 -1.262638e-01 -1.479953e-01 -3.201955e-01 -1.524441e-01 -3.377983e-01 -4.486280e-01 -1.611736e-01 -2.575190e-01 -3.904827e-01 -8.695894e-02 3.993929e-01 -1.124150e-02 -2.778611e-02 -4.026211e-02 -6.183960e-02 -5.902602e-02 -2.599254e-02 -5.742110e-02 -9.237936e-02 -3.469022e-02 -6.628260e-02 -6.912180e-02 -2.653735e-02 7.093644e-03
<VARIANCE> 39
 4.201073e+01 3.433545e+01 2.700646e+01 1.455961e+01 1.947141e+01 4.832615e+01 2.301715e+01 2.552735e+01 3.321033e+01 2.531124e+01 2.909711e+01 2.312417e+01 6.594141e+01 2.909672e+00 1.015042e+00 6.947231e-01 8.365050e-01 1.526180e+00 2.525391e+00 1.888369e+00 2.157396e+00 2.157517e+00 2.030369e+00 2.051655e+00 1.707013e+00 3.230947e+00 3.359154e-01 1.400870e-01 1.115018e-01 1.520070e-01 2.532326e-01 3.901241e-01 3.245464e-01 3.606903e-01 3.775257e-01 3.820752e-01 3.546280e-01 2.930155e-01 3.679948e-01
<GCONST> 1.059864e+02
<STATE> 3
<NUMMIXES> 2
<MIXTURE> 1 5.029979e-01
<MEAN> 39
 -2.007891e+01 2.931035e+00 1.233438e-02 -5.174515e+00 -3.849598e+00 1.276509e+01 1.074920e+00 -3.373255e+00 7.947227e+00 -3.411509e+00 -3.337436e+00 5.543995e+00 5.867019e+01 4.347702e-02 1.076649e-01 1.487590e-01 1.762898e-01 2.011288e-01 2.163882e-01 2.260145e-01 2.478518e-01 2.591448e-01 2.297954e-01 2.120152e-01 1.659382e-01 2.819762e-03 -1.465055e-03 1.571355e-02 2.857626e-02 3.418599e-02 3.507125e-02 3.351830e-02 4.646302e-02 5.695283e-02 4.412682e-02 4.319806e-02 3.900437e-02 3.051789e-02 9.976662e-03
<VARIANCE> 39
 4.570539e+01 8.843565e+00 1.827416e+01 1.170783e+01 1.705448e+01 2.973170e+01 2.393050e+01 2.046702e+01 2.439725e+01 2.018192e+01 1.927028e+01 1.935300e+01 1.955525e+01 1.843488e+00 4.671908e-01 7.239202e-01 8.832457e-01 1.183998e+00 1.973670e+00 1.760607e+00 1.677853e+00 1.703274e+00 1.583056e+00 1.545527e+00 1.586436e+00 9.138229e-01 3.250455e-01 8.452712e-02 1.420728e-01 1.745481e-01 2.355268e-01 3.794455e-01 3.566186e-01 3.388745e-01 3.485052e-01 3.275620e-01 3.183663e-01 3.075542e-01 1.682347e-01
<GCONST> 9.559953e+01
<MIXTURE> 2 4.970011e-01
<MEAN> 39
 -1.896777e+01 2.695474e+00 -5.093557e-01 -5.503701e+00 -4.447983e+00 1.144326e+01 2.205966e-01 -3.867769e+00 7.160909e+00 -3.689676e+00 -3.495782e+00 5.183648e+00 5.878736e+01 9.020042e-03 -1.187368e-01 -1.685928e-01 -1.722032e-01 -1.949561e-01 -2.261461e-01 -2.262429e-01 -2.617225e-01 -2.841674e-01 -2.405201e-01 -2.057820e-01 -1.735621e-01 -3.141222e-02 2.340402e-02 -2.008202e-02 -3.089627e-02 -3.437991e-02 -2.960542e-02 -4.918513e-02 -4.508828e-02 -4.808478e-02 -5.352383e-02 -3.585476e-02 -3.011475e-02 -3.893632e-02 -2.513504e-02
<VARIANCE> 39
 5.597595e+01 1.088703e+01 2.129341e+01 1.321416e+01 1.824791e+01 3.744138e+01 2.677378e+01 2.394479e+01 2.788265e+01 2.008341e+01 1.932043e+01 2.029444e+01 2.206469e+01 1.765007e+00 5.005527e-01 7.511121e-01 8.924307e-01 1.234465e+00 1.992602e+00 1.824981e+00 1.695279e+00 1.731511e+00 1.578453e+00 1.525866e+00 1.585401e+00 9.994277e-01 3.319442e-01 9.156010e-02 1.418996e-01 1.839429e-01 2.408614e-01 3.923036e-01 3.590124e-01 3.482093e-01 3.549559e-01 3.291275e-01 3.070317e-01 3.137430e-01 1.822468e-01
<GCONST> 9.773928e+01
<STATE> 4
<NUMMIXES> 2
<MIXTURE> 1 5.012648e-01
<MEAN> 39
 -2.206085e+01 1.156783e+00 6.457607e+00 -2.736955e+00 -6.223315e+00 1.089925e+01 2.183981e+00 -6.352366e+00 3.059113e+00 4.613736e+00 -1.135644e+01 4.761869e+00 5.698502e+01 1.733604e-01 1.060597e-01 1.905538e-01 1.355222e-01 2.034096e-01 2.488850e-01 2.419783e-01 1.991458e-01 3.064781e-01 2.392135e-01 2.062854e-01 1.944959e-01 -1.540960e-01 2.235427e-03 2.319100e-02 2.023519e-02 4.517161e-02 4.795389e-02 9.758478e-03 5.144893e-02 7.977049e-02 5.328219e-02 6.606542e-02 5.839743e-02 1.678070e-02 4.215940e-03
<VARIANCE> 39
 3.891719e+01 8.302333e+00 1.478564e+01 1.679067e+01 2.549394e+01 2.758449e+01 2.681051e+01 4.298273e+01 3.304648e+01 3.013114e+01 2.853456e+01 2.812601e+01 3.328891e+01 1.158597e+00 4.720109e-01 8.760531e-01 9.277270e-01 1.233730e+00 1.796930e+00 1.492240e+00 2.252801e+00 2.301328e+00 1.753431e+00 1.572879e+00 1.628064e+00 1.034630e+00 2.273747e-01 9.683391e-02 1.907025e-01 1.902029e-01 2.454103e-01 3.747814e-01 3.088124e-01 4.277039e-01 4.822919e-01 3.643930e-01 3.297118e-01 3.338063e-01 2.170620e-01
<GCONST> 1.002223e+02
<MIXTURE> 2 4.987345e-01
<MEAN> 39
 -2.216278e+01 9.365702e-01 6.290712e+00 -3.236299e+00 -6.926686e+00 1.012299e+01 1.043941e+00 -7.135894e+00 2.655030e+00 4.277785e+00 -1.177569e+01 4.883211e+00 5.823050e+01 -7.268840e-02 -1.164098e-01 -1.783833e-01 -1.598781e-01 -1.947447e-01 -2.747923e-01 -2.609907e-01 -1.937923e-01 -3.102148e-01 -2.518563e-01 -1.832317e-01 -2.002323e-01 7.591946e-02 -9.237159e-05 -2.133876e-02 -2.515140e-02 -4.381961e-02 -4.537760e-02 -1.890257e-02 -5.348703e-02 -7.356878e-02 -5.637041e-02 -6.641271e-02 -5.327671e-02 -2.108993e-02 -7.027655e-03
<VARIANCE> 39
 4.274355e+01 9.325052e+00 1.660078e+01 1.677771e+01 2.802732e+01 3.243372e+01 3.133509e+01 4.987327e+01 3.552811e+01 2.838281e+01 2.936485e+01 3.168388e+01 3.583042e+01 1.470302e+00 5.457191e-01 1.068979e+00 9.836106e-01 1.320216e+00 2.191937e+00 1.697528e+00 2.716817e+00 2.735936e+00 1.967056e+00 1.727783e+00 1.972034e+00 1.529523e+00 2.624749e-01 1.021311e-01 2.018797e-01 2.001829e-01 2.482996e-01 4.239074e-01 3.264254e-01 4.911166e-01 5.424519e-01 3.856618e-01 3.354102e-01 3.970483e-01 2.682556e-01
<GCONST> 1.047408e+02
<TRANSP> 5
 0.000000e+00 1.000000e+00 0.000000e+00 0.000000e+00 0.000000e+00
 0.000000e+00 9.450132e-01 5.498681e-02 0.000000e+00 0.000000e+00
 0.000000e+00 0.000000e+00 9.921202e-01 7.879768e-03 0.000000e+00
 0.000000e+00 0.000000e+00 0.000000e+00 9.936363e-01 6.363704e-03
 0.000000e+00 0.000000e+00 0.000000e+00 0.000000e+00 0.000000e+00
<ENDHMM>
~h "cm"
<BEGINHMM>
<NUMSTATES> 5
<STATE> 2
<NUMMIXES> 2
<MIXTURE> 1 5.000794e-01
<MEAN> 39
 -9.325374e+00 -9.646827e-01 -2.461613e+00 -4.109415e+00 -4.391105e-01 -6.214680e-01 -1.353501e+00 -6.422191e-01 -2.332672e+00 -7.413555e-01 4.546068e-01 -1.969311e+00 6.078201e+01 9.554352e-02 8.392677e-02 1.124080e-01 1.639069e-01 1.874406e-01 2.313163e-01 2.155478e-01 2.094679e-01 2.148775e-01 1.990263e-01 1.845995e-01 1.813683e-01 2.497652e-01 1.621098e-02 3.820197e-02 3.483774e-02 4.920140e-02 4.122461e-02 4.801271e-02 5.778669e-02 4.746787e-02 4.766228e-02 5.635552e-02 4.477979e-02 1.533297e-02 -2.350878e-02
<VARIANCE> 39
 1.989962e+01 1.890439e+01 1.433181e+01 1.822462e+01 1.656962e+01 1.739572e+01 2.011734e+01 2.038409e+01 2.133331e+01 1.856103e+01 1.833889e+01 1.429876e+01 6.872160e+01 4.544865e-01 6.117013e-01 7.067479e-01 9.196900e-01 1.083335e+00 1.328233e+00 1.399433e+00 1.514019e+00 1.612540e+00 1.473272e+00 1.434616e+00 1.299678e+00 8.168537e-01 7.047743e-02 1.074766e-01 1.240436e-01 1.738608e-01 2.206478e-01 2.738545e-01 2.819812e-01 3.020136e-01 3.217004e-01 2.932483e-01 2.811952e-01 2.446406e-01 1.100874e-01
<GCONST> 9.009000e+01
<MIXTURE> 2 4.999192e-01
<MEAN> 39
 -9.093191e+00 -1.509558e+00 -2.895623e+00 -4.655838e+00 -1.223958e+00 -1.369339e+00 -2.181760e+00 -1.517082e+00 -3.231354e+00 -1.425946e+00 -2.908672e-01 -2.316272e+00 6.299395e+01 2.335254e-02 -1.304467e-01 -1.384456e-01 -2.168814e-01 -2.508562e-01 -3.200659e-01 -3.313327e-01 -3.398461e-01 -3.163259e-01 -2.619429e-01 -2.947719e-01 -1.871914e-01 4.230081e-01 -1.069545e-02 -2.560801e-02 -3.156383e-02 -2.927773e-02 -2.270672e-02 -1.591834e-02 -3.312235e-02 -3.751735e-02 -4.369531e-02 -3.086630e-02 -1.746015e-02 -1.285029e-02 5.953693e-04
<VARIANCE> 39
 2.064569e+01 1.790905e+01 1.435121e+01 1.676373e+01 1.623583e+01 1.712453e+01 2.071698e+01 2.098597e+01 2.125058e+01 1.925909e+01 1.931937e+01 1.514868e+01 6.460712e+01 6.085063e-01 8.022859e-01 7.989816e-01 1.097142e+00 1.243515e+00 1.530738e+00 1.517470e+00 1.600796e+00 1.596642e+00 1.537926e+00 1.504309e+00 1.363255e+00 1.368911e+00 7.770236e-02 1.216035e-01 1.484510e-01 1.958878e-01 2.422853e-01 2.916066e-01 2.978582e-01 3.161694e-01 3.277404e-01 3.119812e-01 2.905226e-01 2.716827e-01 1.500171e-01
<GCONST> 9.332167e+01
<STATE> 3
<NUMMIXES> 2
<MIXTURE> 1 5.013647e-01
<MEAN> 39
 -1.281392e+01 2.510988e-01 -2.566085e+00 -4.730841e+00 2.658476e-01 1.361991e+00 -1.366222e+00 2.736914e-01 -2.407569e+00 7.711545e-01 2.887959e+00 -5.107977e-01 5.892581e+01 9.817759e-02 1.058247e-01 1.483020e-01 2.049171e-01 2.236959e-01 2.026471e-01 2.192723e-01 2.195516e-01 2.118741e-01 1.922327e-01 1.625358e-01 1.257152e-01 9.807069e-02 3.702331e-02 3.138883e-02 3.109295e-02 3.276876e-02 3.012152e-02 2.117253e-02 2.156961e-02 2.927579e-02 3.484748e-02 2.394658e-02 1.206645e-02 1.839862e-02 1.407837e-02
<VARIANCE> 39
 8.609913e+00 1.137020e+01 1.116337e+01 1.168005e+01 1.483387e+01 1.553091e+01 1.726806e+01 1.874526e+01 1.698011e+01 1.654735e+01 1.867385e+01 1.622157e+01 2.333089e+01 2.333384e-01 3.513534e-01 4.949846e-01 7.316887e-01 9.100941e-01 1.132098e+00 1.255388e+00 1.331341e+00 1.339592e+00 1.287334e+00 1.271772e+00 1.165271e+00 2.092632e-01 3.211802e-02 5.994816e-02 9.618411e-02 1.425626e-01 1.859847e-01 2.315820e-01 2.598901e-01 2.720667e-01 2.794296e-01 2.694410e-01 2.570289e-01 2.367291e-01 2.358823e-02
<GCONST> 7.778445e+01
<MIXTURE> 2 4.986342e-01
<MEAN> 39
 -1.314492e+01 -2.001553e-01 -2.914579e+00 -4.976636e+00 -1.071214e-01 8.223032e-01 -2.021636e+00 -4.403884e-01 -2.884980e+00 3.781762e-01 2.657122e+00 -4.188755e-01 5.922018e+01 -3.300016e-02 -1.025411e-01 -1.634157e-01 -1.936785e-01 -2.008211e-01 -2.095601e-01 -2.399112e-01 -2.422903e-01 -2.492342e-01 -2.206543e-01 -2.096404e-01 -1.405752e-01 3.505743e-02 -2.782841e-03 -2.828631e-02 -3.504702e-02 -3.571304e-02 -4.682310e-02 -5.234038e-02 -3.879036e-02 -4.483072e-02 -5.773591e-02 -6.383682e-02 -5.016228e-02 -4.211243e-02 -3.109242e-03
<VARIANCE> 39
 8.867631e+00 1.154942e+01 9.599571e+00 1.142116e+01 1.383807e+01 1.505395e+01 1.686138e+01 1.830834e+01 1.642873e+01 1.641398e+01 1.841804e+01 1.624042e+01 1.969696e+01 2.200411e-01 3.364299e-01 4.626522e-01 7.086443e-01 9.240015e-01 1.139392e+00 1.261592e+00 1.327379e+00 1.331968e+00 1.265140e+00 1.212642e+00 1.170147e+00 2.035014e-01 2.927011e-02 5.909491e-02 9.042058e-02 1.377303e-01 1.852888e-01 2.420040e-01 2.675903e-01 2.786661e-01 2.765088e-01 2.710582e-01 2.537701e-01 2.418778e-01 1.996424e-02
<GCONST> 7.673999e+01
<STATE> 4
<NUMMIXES> 2
<MIXTURE> 1 4.985487e-01
<MEAN> 39
 -5.275074e+00 7.711968e-01 -2.386747e+00 -3.504090e+00 -4.620512e-01 -1.081573e+00 -2.624204e+00 -1.997346e+00 -3.625597e+00 -2.056836e+00 -1.217575e+00 -2.636215e+00 6.675720e+01 9.782315e-02 1.207755e-01 1.578167e-01 2.097016e-01 2.279076e-01 2.123656e-01 2.413743e-01 1.930875e-01 2.252977e-01 2.083025e-01 2.043073e-01 1.420654e-01 -1.974227e-01 5.251301e-03 1.671694e-02 2.797013e-02 3.417450e-02 4.088072e-02 4.209697e-02 4.180055e-02 3.406555e-02 3.520658e-02 2.670801e-02 2.786480e-02 1.742875e-02 2.119599e-03
<VARIANCE> 39
 9.122880e+00 9.995745e+00 1.200945e+01 1.350591e+01 1.431614e+01 1.346138e+01 1.525142e+01 1.742351e+01 1.669312e+01 1.520720e+01 1.428208e+01 1.269117e+01 6.624287e+01 1.986771e-01 2.848122e-01 4.523912e-01 6.463003e-01 8.426494e-01 1.009766e+00 1.117229e+00 1.196555e+00 1.274169e+00 1.272129e+00 1.225781e+00 1.123118e+00 3.193381e-01 3.053367e-02 5.222935e-02 8.704823e-02 1.290714e-01 1.684008e-01 2.068518e-01 2.321515e-01 2.472246e-01 2.633117e-01 2.672215e-01 2.544722e-01 2.299671e-01 2.603854e-02
<GCONST> 7.645560e+01
<MIXTURE> 2 5.014499e-01
<MEAN> 39
 -5.617053e+00 1.235535e-01 -3.156731e+00 -4.327882e+00 -1.431318e+00 -1.998315e+00 -3.767429e+00 -3.064386e+00 -4.670826e+00 -2.941650e+00 -2.104131e+00 -3.054349e+00 6.914704e+01 1.833305e-02 -6.534094e-02 -8.291070e-02 -1.029822e-01 -1.439098e-01 -1.665121e-01 -1.933994e-01 -2.292668e-01 -2.267679e-01 -2.226304e-01 -2.032879e-01 -1.526956e-01 -1.338816e-01 -1.791034e-02 -1.993810e-02 -2.680650e-02 -3.335413e-02 -3.586441e-02 -3.128962e-02 -3.407164e-02 -2.853053e-02 -2.818339e-02 -2.175283e-02 -1.862298e-02 -8.391943e-03 -2.425981e-02
<VARIANCE> 39
 8.279833e+00 1.006108e+01 1.187905e+01 1.393686e+01 1.370563e+01 1.294267e+01 1.470786e+01 1.641266e+01 1.629189e+01 1.499135e+01 1.447345e+01 1.281321e+01 5.779428e+01 2.169631e-01 2.959861e-01 4.575571e-01 6.814019e-01 8.461815e-01 1.005436e+00 1.142714e+00 1.211826e+00 1.279073e+00 1.300956e+00 1.256107e+00 1.150254e+00 3.782460e-01 3.362406e-02 5.367712e-02 8.812752e-02 1.344158e-01 1.711585e-01 2.049418e-01 2.302787e-01 2.442118e-01 2.650814e-01 2.745412e-01 2.588847e-01 2.363226e-01 3.095295e-02
<GCONST> 7.693859e+01
<TRANSP> 5
 0.000000e+00 1.000000e+00 0.000000e+00 0.000000e+00 0.000000e+00
 0.000000e+00 9.556131e-01 4.438686e-02 0.000000e+00 0.000000e+00
 0.000000e+00 0.000000e+00 9.643472e-01 3.565277e-02 0.000000e+00
 0.000000e+00 0.000000e+00 0.000000e+00 9.855118e-01 1.448823e-02
 0.000000e+00 0.000000e+00 0.000000e+00 0.000000e+00 0.000000e+00
<ENDHMM>
~h "co"
<BEGINHMM>
<NUMSTATES> 5
<STATE> 2
<NUMMIXES> 2
<MIXTURE> 1 5.017384e-01
<MEAN> 39
 -6.562531e+00 -5.487669e+00 9.856160e-01 -1.557291e+00 -1.135291e+01 -5.129138e+00 -3.581503e+00 -2.691380e-01 9.017295e-01 -2.322551e+00 -3.967231e+00 -7.249251e+00 6.163427e+01 -6.951957e-01 -1.120556e-01 3.973781e-01 -1.050370e-01 -2.922434e-01 -5.600899e-01 5.219484e-02 -4.636800e-01 -8.411930e-01 -6.742677e-01 -9.157003e-02 4.008244e-02 2.227814e+00 -2.108275e-02 1.888131e-02 -3.792605e-02 1.021915e-01 3.084698e-01 2.203468e-01 2.029801e-01 1.201965e-01 3.301517e-02 2.169210e-01 2.162520e-01 1.182877e-01 -1.930014e-01
<VARIANCE> 39
 1.991375e+01 3.446591e+01 3.229086e+01 3.969625e+01 9.552108e+01 5.906005e+01 6.792290e+01 5.905095e+01 4.426424e+01 4.059201e+01 4.992008e+01 3.512056e+01 1.081341e+02 1.258045e+00 1.931972e+00 1.668959e+00 1.634530e+00 5.685649e+00 3.560173e+00 3.551528e+00 3.192594e+00 3.680916e+00 2.876009e+00 2.183128e+00 2.455200e+00 3.080758e+00 1.413073e-01 2.643605e-01 2.497866e-01 2.302697e-01 7.217578e-01 6.368043e-01 5.593224e-01 5.368086e-01 5.719858e-01 4.930716e-01 3.913960e-01 4.484203e-01 5.021514e-01
<GCONST> 1.226189e+02
<MIXTURE> 2 4.982611e-01
<MEAN> 39
 -6.521892e+00 -6.532798e+00 -8.688440e-01 -5.606468e-01 -1.492174e+01 -7.335105e+00 -5.670868e+00 -1.010421e+00 2.680989e+00 -1.825242e+00 -3.754834e+00 -7.236911e+00 6.315071e+01 -5.653410e-01 -8.182865e-02 2.007384e-01 -7.246720e-01 -9.323272e-01 -1.190358e+00 -5.272854e-01 -1.064178e+00 -1.212976e+00 -1.328175e+00 -7.136068e-01 -7.429913e-01 2.838989e+00 -9.353242e-02 9.728824e-02 1.117759e-02 -5.499003e-03 4.130089e-01 1.782798e-01 1.566388e-01 -4.337480e-02 -2.161957e-01 -6.153709e-02 1.090907e-01 -1.321261e-03 -4.016497e-02
<VARIANCE> 39
 1.785722e+01 3.604834e+01 3.676126e+01 3.809649e+01 9.212303e+01 6.982366e+01 8.775083e+01 7.567265e+01 6.466950e+01 4.683204e+01 5.418575e+01 3.747739e+01 9.327657e+01 1.022237e+00 2.346216e+00 2.012065e+00 2.007592e+00 7.449936e+00 3.726024e+00 4.537880e+00 3.791343e+00 4.659491e+00 3.559365e+00 2.946325e+00 2.900584e+00 3.696363e+00 1.395751e-01 3.735496e-01 3.016353e-01 2.622135e-01 8.023849e-01 5.593262e-01 7.020022e-01 6.161982e-01 7.636725e-01 6.760673e-01 4.321048e-01 4.829846e-01 5.135008e-01
<GCONST> 1.278029e+02
<STATE> 3
<NUMMIXES> 2
<MIXTURE> 1 5.006955e-01
<MEAN> 39
 -6.551354e+00 -5.902844e+00 3.787947e-01 -1.779400e+00 -7.131384e+00 -7.395880e+00 -5.604742e+00 -7.388373e+00 -5.027148e+00 -4.071562e+00 -3.999314e+00 -8.448774e+00 6.677270e+01 2.167962e-02 5.679820e-02 1.351225e-01 2.210432e-01 3.913788e-01 3.055492e-01 2.719634e-01 2.348610e-01 1.991053e-01 2.761879e-01 2.785490e-01 2.077805e-01 -1.211346e-01 2.015732e-02 -7.682598e-03 2.508800e-02 4.608024e-02 2.689625e-02 5.483616e-02 8.139308e-02 8.051685e-02 9.575666e-02 5.928746e-02 3.204952e-02 3.517005e-02 -4.563034e-02
<VARIANCE> 39
 2.037276e+01 1.167273e+01 2.274500e+01 2.164202e+01 3.259504e+01 3.207682e+01 4.960011e+01 5.732299e+01 3.787730e+01 3.565278e+01 3.632942e+01 3.810732e+01 5.289976e+01 4.470846e-01 6.104646e-01 8.995925e-01 1.195781e+00 2.123802e+00 1.519789e+00 1.858848e+00 2.124165e+00 2.651693e+00 2.224324e+00 2.002837e+00 1.636822e+00 1.035556e+00 6.522369e-02 1.285415e-01 1.612975e-01 2.167595e-01 4.156491e-01 3.267030e-01 3.707765e-01 4.097459e-01 5.256981e-01 4.466622e-01 4.242098e-01 3.389890e-01 1.510522e-01
<GCONST> 1.036844e+02
<MIXTURE> 2 4.993029e-01
<MEAN> 39
 -6.583609e+00 -6.704682e+00 -1.199600e+00 -2.494162e+00 -8.251468e+00 -8.674717e+00 -6.751427e+00 -7.227866e+00 -4.998156e+00 -4.814487e+00 -4.632498e+00 -9.403197e+00 6.867234e+01 1.141629e-01 -1.045140e-01 -1.287573e-01 -1.118925e-01 -1.410887e-01 -2.250354e-01 -3.917491e-01 -3.394021e-01 -2.118473e-01 -2.014694e-01 -2.387954e-01 -2.580507e-01 -6.361886e-02 1.585166e-02 1.303457e-02 -1.811627e-02 -3.140772e-02 -3.871159e-02 -5.133245e-02 -9.311488e-02 -6.484625e-02 -6.619152e-02 -4.813025e-02 -4.422371e-02 -3.768804e-02 -1.555738e-02
<VARIANCE> 39
 1.544771e+01 1.199355e+01 2.508632e+01 2.196500e+01 3.331578e+01 3.094283e+01 5.097575e+01 5.818820e+01 4.713399e+01 4.068534e+01 3.704444e+01 4.022132e+01 3.995055e+01 4.595131e-01 8.985953e-01 9.166600e-01 1.218386e+00 2.790960e+00 1.797891e+00 2.257838e+00 2.254427e+00 3.346639e+00 2.263894e+00 2.265193e+00 1.803519e+00 1.518855e+00 6.184835e-02 1.787108e-01 1.641078e-01 2.384154e-01 4.848063e-01 3.285706e-01 3.944878e-01 4.338410e-01 7.061241e-01 4.792641e-01 4.388896e-01 3.407643e-01 1.438598e-01
<GCONST> 1.067430e+02
<STATE> 4
<NUMMIXES> 2
<MIXTURE> 1 4.937863e-01
<MEAN> 39
 -3.778362e+00 -2.938684e+00 4.220361e+00 2.503662e+00 -2.771896e-01 -2.260221e+00 -4.017913e+00 -4.517829e+00 -3.680073e+00 -3.933876e+00 -3.488212e+00 -7.825678e+00 5.593655e+01 9.526498e-02 2.369942e-01 1.479228e-01 1.725243e-01 3.435414e-01 2.941050e-01 3.402424e-01 2.990549e-01 1.951997e-01 2.097778e-01 1.967949e-01 1.770091e-01 -3.231930e-01 1.158313e-02 2.829327e-02 3.082782e-02 4.674312e-02 3.244592e-02 5.036039e-02 6.194126e-02 6.237562e-02 5.724033e-02 5.404200e-02 4.266908e-02 3.195760e-02 9.250445e-03
<VARIANCE> 39
 1.269048e+01 2.250957e+01 1.973636e+01 2.483259e+01 3.289101e+01 2.837944e+01 4.765957e+01 4.126910e+01 3.029643e+01 3.144559e+01 2.854366e+01 2.485956e+01 5.963109e+01 2.674434e-01 4.462187e-01 6.244602e-01 7.815331e-01 1.209943e+00 1.101018e+00 1.518046e+00 1.490709e+00 1.474941e+00 1.613784e+00 1.449428e+00 1.274378e+00 5.353919e-01 4.012549e-02 8.217632e-02 1.206584e-01 1.515748e-01 2.385930e-01 2.242541e-01 2.919012e-01 2.952915e-01 2.990818e-01 3.306551e-01 2.949818e-01 2.581649e-01 5.217142e-02
<GCONST> 9.164110e+01
<MIXTURE> 2 5.062125e-01
<MEAN> 39
 -3.854785e+00 -4.299775e+00 3.462003e+00 1.715453e+00 -2.383173e+00 -2.892416e+00 -6.347069e+00 -5.324700e+00 -4.115260e+00 -5.100520e+00 -4.222741e+00 -9.175617e+00 5.970141e+01 3.438437e-02 4.483896e-04 -9.265666e-02 -1.151023e-01 -6.648923e-02 -1.125217e-01 -1.911527e-01 -1.516792e-01 -2.053731e-01 -1.895537e-01 -1.571596e-01 -9.676039e-02 -2.670878e-01 -1.995108e-02 -2.807198e-02 -4.839033e-02 -5.492747e-02 -5.208406e-02 -6.603264e-02 -6.350967e-02 -6.173885e-02 -5.727247e-02 -5.607753e-02 -4.470481e-02 -3.704213e-02 -5.713580e-04
<VARIANCE> 39
 1.270963e+01 2.279638e+01 2.123696e+01 2.409985e+01 3.915479e+01 3.315015e+01 5.540723e+01 4.111157e+01 3.342426e+01 4.134240e+01 3.571323e+01 3.136878e+01 6.440787e+01 2.973484e-01 6.460693e-01 6.873550e-01 8.318560e-01 1.617741e+00 1.228880e+00 1.793056e+00 1.562005e+00 1.655873e+00 1.820054e+00 1.579768e+00 1.554499e+00 9.361642e-01 4.445576e-02 1.052839e-01 1.233908e-01 1.595986e-01 2.776549e-01 2.303394e-01 3.394442e-01 2.914489e-01 3.254493e-01 3.648274e-01 3.186065e-01 3.060929e-01 7.322995e-02
<GCONST> 9.691797e+01
<TRANSP> 5
 0.000000e+00 1.000000e+00 0.000000e+00 0.000000e+00 0.000000e+00
 0.000000e+00 8.443893e-01 1.556107e-01 0.000000e+00 0.000000e+00
 0.000000e+00 0.000000e+00 9.840358e-01 1.596418e-02 0.000000e+00
 0.000000e+00 0.000000e+00 0.000000e+00 9.816808e-01 1.831922e-02
 0.000000e+00 0.000000e+00 0.000000e+00 0.000000e+00 0.000000e+00
<ENDHMM>
~h "ds"
<BEGINHMM>
<NUMSTATES> 5
<STATE> 2
<NUMMIXES> 2
<MIXTURE> 1 4.920619e-01
<MEAN> 39
 -1.319917e+01 1.466549e+00 1.421458e+00 5.828702e-01 9.675449e-01 -1.590566e+00 4.721683e+00 -2.738832e+00 2.707186e+00 1.716871e+00 4.471929e+00 2.026041e-01 6.654948e+01 1.108284e-01 2.324923e-01 3.133789e-01 3.461801e-01 3.485500e-01 3.175398e-01 3.638212e-01 2.529025e-01 2.528851e-01 1.795748e-01 1.846314e-01 3.077586e-01 7.336961e-01 9.857016e-02 5.576407e-03 4.058414e-02 6.817031e-02 6.510726e-02 1.175640e-01 3.011056e-02 1.034631e-01 -1.818440e-02 2.597288e-02 2.114956e-02 6.254413e-02 -2.145813e-01
<VARIANCE> 39
 2.125077e+01 1.583731e+01 1.475942e+01 1.808461e+01 2.550819e+01 2.341784e+01 2.704280e+01 3.210624e+01 2.602319e+01 2.332423e+01 2.003295e+01 1.607282e+01 9.672585e+01 1.975511e+00 1.219323e+00 1.132199e+00 1.381009e+00 1.867477e+00 2.011036e+00 2.243445e+00 2.591581e+00 2.204329e+00 2.320928e+00 2.002174e+00 1.688217e+00 3.377236e+00 3.496052e-01 2.111702e-01 2.254629e-01 2.855057e-01 4.157978e-01 4.157841e-01 4.485646e-01 4.807681e-01 4.251966e-01 4.396491e-01 3.655556e-01 3.227262e-01 4.632747e-01
<GCONST> 1.082517e+02
<MIXTURE> 2 5.079381e-01
<MEAN> 39
 -1.352941e+01 2.438639e-01 6.264359e-01 -1.077440e+00 -5.175397e-01 -2.457868e+00 5.029844e+00 -1.418523e+00 9.962381e-01 1.893363e+00 4.002036e+00 3.401593e-01 6.399655e+01 -4.965641e-01 -3.953603e-02 -4.997054e-01 -4.999762e-01 -7.024164e-01 -5.518870e-01 -4.098279e-01 -3.366567e-01 -1.719308e-01 1.187110e-02 -1.782681e-01 -2.399043e-01 1.244489e+00 -4.598442e-02 -6.039845e-02 -3.592500e-02 -1.947749e-02 1.264684e-02 4.878677e-02 -2.983702e-02 8.088296e-03 -2.522335e-02 -1.003842e-01 -7.784317e-03 -1.170873e-02 -3.994513e-02
<VARIANCE> 39
 2.391234e+01 1.887583e+01 1.584971e+01 2.050555e+01 2.893553e+01 2.336221e+01 2.967340e+01 4.187917e+01 2.867480e+01 2.624651e+01 2.030833e+01 1.821360e+01 8.825811e+01 2.180563e+00 9.880717e-01 1.419850e+00 1.659967e+00 2.721031e+00 2.226768e+00 2.398173e+00 2.170105e+00 2.071301e+00 2.237467e+00 1.951943e+00 1.733704e+00 4.452003e+00 3.314613e-01 1.917274e-01 2.534494e-01 3.332021e-01 5.251411e-01 4.952887e-01 4.174150e-01 4.515139e-01 3.676468e-01 4.317079e-01 3.834294e-01 3.482338e-01 8.293892e-01
<GCONST> 1.112693e+02
<STATE> 3
<NUMMIXES> 2
<MIXTURE> 1 4.859197e-01
<MEAN> 39
 -1.634314e+01 7.501081e-01 -1.731545e+00 -6.100643e-01 -3.082945e+00 -2.102689e+00 2.056218e+00 -2.133087e+00 1.764019e+00 3.275043e+00 4.937217e+00 1.511840e+00 7.089962e+01 5.253020e-01 9.997036e-02 5.985512e-01 8.501057e-01 9.950114e-01 7.707358e-01 3.944333e-01 3.803198e-01 2.066099e-01 -1.815421e-01 2.274511e-01 1.730856e-01 5.159910e-01 1.607251e-01 9.366336e-02 1.311097e-01 1.142790e-01 7.907067e-02 -7.530624e-03 6.836091e-02 -4.372243e-02 4.519153e-02 6.262378e-02 -6.201662e-02 -5.402020e-02 -1.985538e-01
<VARIANCE> 39
 1.636611e+01 8.481304e+00 1.011346e+01 1.492126e+01 1.976493e+01 1.358582e+01 1.387785e+01 1.249675e+01 1.382927e+01 1.408571e+01 1.523035e+01 1.235990e+01 1.746797e+02 1.329488e+00 9.655582e-01 8.554903e-01 7.339003e-01 9.884796e-01 1.519847e+00 1.375674e+00 1.521317e+00 1.257218e+00 1.481322e+00 1.173417e+00 1.127224e+00 1.735489e+01 3.368825e-01 1.644355e-01 1.988043e-01 2.152745e-01 2.451105e-01 3.169749e-01 3.185420e-01 2.510388e-01 2.608423e-01 2.768977e-01 2.608133e-01 2.816295e-01 3.651751e+00
<GCONST> 9.766400e+01
<MIXTURE> 2 5.140797e-01
<MEAN> 39
 -1.659442e+01 -9.866314e-02 -1.936453e+00 -1.066234e+00 -4.045080e+00 -2.793760e+00 1.264569e+00 -2.433421e+00 1.321552e+00 3.342683e+00 4.423731e+00 7.750990e-01 7.035736e+01 2.454594e-02 -2.485168e-01 3.223758e-02 2.364351e-01 3.080030e-01 1.595308e-02 -2.085842e-01 -1.131180e-01 -2.164038e-01 -1.960329e-01 -2.530161e-01 -2.998631e-01 -1.733067e+00 5.437668e-02 8.938903e-02 -2.609111e-03 -4.672770e-02 -1.340430e-02 -1.144772e-01 -4.875978e-02 -1.377828e-01 -7.188453e-02 -2.855194e-02 -6.038411e-02 -6.071162e-02 -4.050232e-02
<VARIANCE> 39
 1.052514e+01 4.996666e+00 5.715077e+00 1.003666e+01 1.103496e+01 1.081953e+01 1.169468e+01 1.206913e+01 1.474667e+01 1.429041e+01 1.320188e+01 1.113327e+01 1.606752e+02 1.543461e+00 7.557332e-01 8.047032e-01 7.422532e-01 8.426554e-01 1.280851e+00 1.222876e+00 1.263262e+00 1.275782e+00 1.328891e+00 1.085995e+00 1.198711e+00 1.776254e+01 2.720213e-01 1.073945e-01 1.389558e-01 1.475477e-01 1.665426e-01 3.083277e-01 2.497284e-01 2.498984e-01 2.601235e-01 2.642237e-01 2.163766e-01 2.422570e-01 3.246624e+00
<GCONST> 9.104826e+01
<STATE> 4
<NUMMIXES> 2
<MIXTURE> 1 4.883932e-01
<MEAN> 39
 -9.706524e+00 2.125885e+00 2.910930e+00 1.690477e+00 3.695284e+00 1.237714e+00 3.745004e+00 -9.504781e-01 8.586330e-01 -2.521336e-01 2.454243e+00 -1.041108e+00 5.712315e+01 1.067808e-01 1.053089e-01 1.770171e-01 1.911679e-01 2.683529e-01 2.777203e-01 2.805012e-01 2.777630e-01 2.493583e-01 2.028546e-01 1.775248e-01 1.347074e-01 -1.786695e-01 1.429626e-02 2.327661e-02 2.895197e-02 3.810431e-02 4.414302e-02 5.083625e-02 4.040027e-02 4.121941e-02 4.783629e-02 4.677070e-02 3.856018e-02 2.655161e-02 -1.270241e-02
<VARIANCE> 39
 1.585125e+01 1.251866e+01 1.692188e+01 1.890567e+01 2.028550e+01 2.236352e+01 2.443410e+01 1.856428e+01 2.457123e+01 2.254888e+01 1.811607e+01 1.641385e+01 7.772106e+01 5.427001e-01 4.508378e-01 6.029254e-01 8.528500e-01 1.199646e+00 1.337426e+00 1.475772e+00 1.435111e+00 1.655894e+00 1.706175e+00 1.575146e+00 1.313122e+00 8.246560e-01 1.035397e-01 8.315918e-02 1.178023e-01 1.721114e-01 2.555501e-01 2.724774e-01 2.994048e-01 3.005011e-01 3.403783e-01 3.527309e-01 3.297075e-01 2.659607e-01 9.791113e-02
<GCONST> 9.145504e+01
<MIXTURE> 2 5.116040e-01
<MEAN> 39
 -1.016957e+01 8.529563e-01 1.277472e+00 -3.075297e-03 2.319130e+00 2.272202e-01 2.227307e+00 -1.424471e+00 -2.142192e-01 -4.242423e-01 1.917343e+00 -2.012487e+00 5.466781e+01 -2.233423e-02 -9.600246e-02 -1.274023e-01 -1.700970e-01 -1.955031e-01 -2.182259e-01 -2.323937e-01 -2.428469e-01 -2.454259e-01 -2.209475e-01 -1.963564e-01 -1.563513e-01 -3.273024e-02 -1.648898e-02 -2.349486e-02 -3.158368e-02 -4.115666e-02 -4.911876e-02 -5.171510e-02 -4.060104e-02 -3.948681e-02 -4.306825e-02 -4.152165e-02 -3.256268e-02 -2.178959e-02 1.739462e-02
<VARIANCE> 39
 1.538069e+01 1.011978e+01 1.384831e+01 1.449531e+01 1.784375e+01 2.056446e+01 2.266093e+01 1.968473e+01 2.331096e+01 2.278229e+01 1.772972e+01 1.746977e+01 3.885203e+01 6.159617e-01 4.932176e-01 6.951764e-01 9.005052e-01 1.284361e+00 1.388433e+00 1.564958e+00 1.518713e+00 1.722540e+00 1.720485e+00 1.545738e+00 1.365141e+00 8.380063e-01 9.253892e-02 8.553188e-02 1.299780e-01 1.754252e-01 2.520861e-01 2.760540e-01 3.193470e-01 3.110519e-01 3.490151e-01 3.503548e-01 3.156210e-01 2.794434e-01 1.093891e-01
<GCONST> 9.080694e+01
<TRANSP> 5
 0.000000e+00 1.000000e+00 0.000000e+00 0.000000e+00 0.000000e+00
 0.000000e+00 9.301525e-01 6.984747e-02 0.000000e+00 0.000000e+00
 0.000000e+00 0.000000e+00 8.741471e-01 1.258529e-01 0.000000e+00
 0.000000e+00 0.000000e+00 0.000000e+00 9.936255e-01 6.374489e-03
 0.000000e+00 0.000000e+00 0.000000e+00 0.000000e+00 0.000000e+00
<ENDHMM>
~h "kj"
<BEGINHMM>
<NUMSTATES> 5
<STATE> 2
<NUMMIXES> 2
<MIXTURE> 1 5.007026e-01
<MEAN> 39
 -1.975625e+01 3.949502e+00 3.852201e-02 -1.363347e+00 -8.949651e-01 3.902646e+00 2.397166e+00 2.718766e+00 -1.285332e-01 6.808325e-02 1.762414e+00 -6.711158e-01 5.561999e+01 2.366408e-02 1.234701e-01 1.455070e-01 1.774508e-01 2.145295e-01 2.392974e-01 2.527192e-01 2.582170e-01 2.613050e-01 2.587041e-01 2.351631e-01 1.676195e-01 1.229019e-02 1.015243e-02 2.161829e-02 3.020250e-02 4.035434e-02 4.857954e-02 5.238995e-02 5.693085e-02 5.377364e-02 4.312360e-02 4.395645e-02 3.398266e-02 2.523069e-02 6.362253e-03
<VARIANCE> 39
 3.135903e+01 2.248006e+01 1.700416e+01 2.749251e+01 1.708557e+01 3.556708e+01 2.675593e+01 2.073631e+01 1.795350e+01 2.097046e+01 1.680484e+01 1.551811e+01 2.274826e+01 6.437981e-01 5.151000e-01 6.996886e-01 8.914453e-01 1.105259e+00 1.416181e+00 1.531752e+00 1.560951e+00 1.529989e+00 1.603605e+00 1.442905e+00 1.317779e+00 3.615650e-01 1.077219e-01 9.489515e-02 1.325088e-01 1.790789e-01 2.218578e-01 2.902909e-01 3.176596e-01 3.223911e-01 3.241420e-01 3.312021e-01 3.056080e-01 2.713774e-01 5.690577e-02
<GCONST> 9.106361e+01
<MIXTURE> 2 4.992963e-01
<MEAN> 39
 -1.922535e+01 3.251056e+00 -4.477986e-01 -1.480042e+00 -1.051809e+00 3.011363e+00 1.982304e+00 2.084048e+00 -5.691215e-01 8.206772e-02 1.223238e+00 -1.055479e+00 5.605282e+01 -7.036331e-02 -8.982517e-02 -1.419467e-01 -1.848258e-01 -2.203871e-01 -2.186007e-01 -2.436897e-01 -2.587807e-01 -2.446492e-01 -2.621060e-01 -2.212538e-01 -1.706630e-01 5.562713e-04 -7.653190e-03 -2.501579e-02 -3.080851e-02 -3.938773e-02 -5.343724e-02 -5.764867e-02 -5.546937e-02 -5.122614e-02 -4.352443e-02 -4.207426e-02 -3.840725e-02 -2.575846e-02 -5.794043e-03
<VARIANCE> 39
 3.116706e+01 2.475320e+01 1.729312e+01 2.552859e+01 1.694671e+01 3.533864e+01 2.544864e+01 2.254403e+01 1.810816e+01 2.137174e+01 1.691967e+01 1.600808e+01 2.395687e+01 6.525974e-01 5.725638e-01 7.133403e-01 9.045119e-01 1.112432e+00 1.417938e+00 1.555843e+00 1.574646e+00 1.561691e+00 1.623979e+00 1.467020e+00 1.295931e+00 4.297425e-01 1.058051e-01 1.059584e-01 1.370570e-01 1.818483e-01 2.169205e-01 2.853223e-01 3.141881e-01 3.275922e-01 3.244995e-01 3.384559e-01 2.985628e-01 2.637726e-01 6.611379e-02
<GCONST> 9.185130e+01
<STATE> 3
<NUMMIXES> 2
<MIXTURE> 1 4.999126e-01
<MEAN> 39
 -1.452616e+01 -6.985954e+00 -4.161255e+00 -5.439540e-01 -1.456056e+00 -3.555925e+00 -1.901820e+00 -3.314851e+00 -2.421004e+00 8.385649e-01 6.485595e-01 -5.144595e-01 6.263179e+01 1.068813e-01 4.026732e-02 1.232861e-01 1.891912e-01 2.098370e-01 2.278560e-01 2.581955e-01 2.941386e-01 2.489828e-01 2.670658e-01 2.395980e-01 1.764496e-01 -1.115913e-01 6.674864e-03 3.784453e-02 4.829866e-02 2.000885e-02 4.754862e-02 5.023466e-02 7.504681e-02 6.636401e-02 6.982210e-02 5.157346e-02 3.786264e-02 1.680806e-02 -4.703662e-03
<VARIANCE> 39
 1.952552e+01 3.124665e+01 1.279441e+01 1.420647e+01 1.716312e+01 1.818879e+01 2.050954e+01 2.007356e+01 1.803470e+01 1.718199e+01 1.657691e+01 1.305512e+01 6.155628e+01 5.768739e-01 1.391761e+00 7.417725e-01 8.503495e-01 1.184345e+00 1.356369e+00 1.591024e+00 1.566366e+00 1.622904e+00 1.440929e+00 1.369370e+00 1.200326e+00 1.493404e+00 9.290170e-02 2.517487e-01 1.448316e-01 1.733294e-01 2.364099e-01 2.818305e-01 3.380260e-01 3.260329e-01 3.370728e-01 2.948590e-01 2.921546e-01 2.612563e-01 2.339578e-01
<GCONST> 9.405661e+01
<MIXTURE> 2 5.000862e-01
<MEAN> 39
 -1.568633e+01 -8.049690e+00 -4.402498e+00 -1.341325e+00 -2.329227e+00 -4.423407e+00 -2.537633e+00 -3.820229e+00 -2.764178e+00 3.399436e-01 2.052388e-01 -8.140636e-01 6.589532e+01 3.713894e-02 -3.379478e-01 -1.928367e-01 -1.581898e-01 -1.860646e-01 -3.708553e-01 -3.338608e-01 -4.152872e-01 -3.034078e-01 -2.532615e-01 -2.505178e-01 -1.506908e-01 2.072482e-01 -3.285715e-03 6.699704e-04 -1.151473e-02 -1.904485e-02 -2.512194e-02 -7.304126e-03 -2.236301e-02 -3.340000e-02 -5.300499e-02 -3.493734e-02 -3.031607e-02 -2.807109e-02 -4.017167e-02
<VARIANCE> 39
 1.722137e+01 3.111684e+01 1.255771e+01 1.569806e+01 1.712305e+01 2.049081e+01 2.025385e+01 1.969234e+01 1.801789e+01 1.757132e+01 1.564117e+01 1.364594e+01 6.927232e+01 7.654694e-01 2.117526e+00 9.064155e-01 1.016690e+00 1.344071e+00 1.912636e+00 1.956802e+00 1.717014e+00 1.589393e+00 1.482777e+00 1.386884e+00 1.282816e+00 2.796861e+00 1.157434e-01 2.921241e-01 1.551189e-01 1.956317e-01 2.567596e-01 3.362824e-01 3.577262e-01 3.457200e-01 3.378327e-01 3.166772e-01 2.858424e-01 2.626791e-01 3.193929e-01
<GCONST> 9.808511e+01
<STATE> 4
<NUMMIXES> 2
<MIXTURE> 1 5.014793e-01
<MEAN> 39
 -2.186592e+01 1.380819e+00 2.752647e+00 2.429486e+00 -2.685332e+00 -3.534546e-01 7.365052e+00 -4.134840e-01 -3.835626e+00 4.967287e+00 7.420608e-01 -3.679631e+00 5.571304e+01 8.341647e-02 1.148604e-01 1.488868e-01 1.727610e-01 2.358179e-01 2.470775e-01 2.625293e-01 2.784213e-01 2.888383e-01 2.325035e-01 2.173079e-01 1.613247e-01 -4.727973e-02 1.821702e-02 2.415569e-02 3.497561e-02 3.859001e-02 4.237942e-02 5.237203e-02 5.277687e-02 4.401616e-02 4.832152e-02 5.027417e-02 4.726946e-02 3.360310e-02 1.297659e-03
<VARIANCE> 39
 3.591981e+01 1.908030e+01 1.506870e+01 1.815305e+01 1.687724e+01 1.927396e+01 2.808934e+01 1.975989e+01 1.931903e+01 2.187312e+01 1.781371e+01 1.581369e+01 2.367390e+01 4.622422e-01 5.760230e-01 5.948480e-01 9.062266e-01 1.136436e+00 1.259059e+00 1.547665e+00 1.458567e+00 1.576854e+00 1.625770e+00 1.418281e+00 1.273737e+00 3.534168e-01 7.477677e-02 1.112976e-01 1.144960e-01 1.759749e-01 2.304995e-01 2.584315e-01 3.104610e-01 3.043243e-01 3.309945e-01 3.390613e-01 2.888609e-01 2.649577e-01 5.618007e-02
<GCONST> 8.898811e+01
<MIXTURE> 2 4.985202e-01
<MEAN> 39
 -2.065298e+01 2.647744e-01 1.722173e+00 1.671301e+00 -2.866105e+00 -1.311058e+00 5.958985e+00 -1.159756e+00 -4.069595e+00 4.330649e+00 5.100393e-01 -3.405050e+00 5.688796e+01 -2.276279e-02 -1.093639e-01 -1.379830e-01 -1.893420e-01 -2.237596e-01 -2.356193e-01 -2.469993e-01 -2.623362e-01 -2.728881e-01 -2.507222e-01 -2.142758e-01 -1.528411e-01 -1.569468e-02 -1.493071e-02 -2.728250e-02 -4.028703e-02 -4.370768e-02 -4.120289e-02 -5.321752e-02 -5.946144e-02 -4.581571e-02 -4.723289e-02 -5.705181e-02 -4.586067e-02 -2.877386e-02 -2.740368e-03
<VARIANCE> 39
 4.066040e+01 3.352362e+01 2.018100e+01 1.923012e+01 1.675785e+01 2.253591e+01 3.657630e+01 2.007581e+01 1.933899e+01 2.383569e+01 1.801447e+01 1.633597e+01 3.271567e+01 4.837955e-01 8.793568e-01 6.941345e-01 9.172729e-01 1.181469e+00 1.337128e+00 1.638584e+00 1.509729e+00 1.529810e+00 1.711126e+00 1.371170e+00 1.307289e+00 7.109937e-01 8.003766e-02 1.397277e-01 1.286941e-01 1.840555e-01 2.430343e-01 2.722252e-01 3.186518e-01 3.160735e-01 3.241478e-01 3.418747e-01 2.866635e-01 2.654068e-01 9.609485e-02
<GCONST> 9.359081e+01
<TRANSP> 5
 0.000000e+00 1.000000e+00 0.000000e+00 0.000000e+00 0.000000e+00
 0.000000e+00 9.938073e-01 6.192657e-03 0.000000e+00 0.000000e+00
 0.000000e+00 0.000000e+00 9.736801e-01 2.631989e-02 0.000000e+00
 0.000000e+00 0.000000e+00 0.000000e+00 9.913380e-01 8.662039e-03
 0.000000e+00 0.000000e+00 0.000000e+00 0.000000e+00 0.000000e+00
<ENDHMM>
~h "kn"
<BEGINHMM>
<NUMSTATES> 5
<STATE> 2
<NUMMIXES> 2
<MIXTURE> 1 4.865985e-01
<MEAN> 39
 1.129713e+00 -7.015794e-02 -3.797921e+00 -2.087348e+00 1.507855e+00 -1.187825e+00 2.359548e+00 -4.166891e+00 8.372781e-01 -8.742563e-01 1.310772e+00 -3.772318e+00 6.091213e+01 -1.747462e-02 5.302857e-01 1.612079e-01 2.746721e-01 5.692613e-01 -2.000728e-01 8.312765e-01 5.247016e-01 1.452278e+00 3.954444e-01 4.075785e-01 6.112890e-01 2.142242e+00 -1.933018e-01 1.673474e-01 2.520258e-01 1.296580e-01 2.922082e-01 3.376710e-01 -2.406211e-02 1.191103e-01 -2.991225e-01 1.826773e-02 3.219724e-02 1.638482e-01 -7.787225e-01
<VARIANCE> 39
 2.193914e+01 2.672828e+01 2.543222e+01 1.285881e+01 1.907994e+01 2.781285e+01 2.676661e+01 4.918945e+01 3.261732e+01 2.911892e+01 2.298769e+01 1.867640e+01 1.023285e+02 2.334913e+00 1.226044e+00 1.617934e+00 1.032044e+00 1.322446e+00 1.931704e+00 2.940042e+00 5.073473e+00 2.940494e+00 2.100271e+00 1.972647e+00 1.881698e+00 6.418299e+00 3.278610e-01 1.871697e-01 2.621295e-01 1.642431e-01 1.976600e-01 3.506025e-01 5.293044e-01 8.889192e-01 6.703584e-01 4.058675e-01 3.441370e-01 3.343315e-01 9.535672e-01
<GCONST> 1.121700e+02
<MIXTURE> 2 5.134014e-01
<MEAN> 39
 -2.039195e+00 1.535994e+00 -1.123353e+00 -2.826326e+00 9.327226e-01 -1.125576e-01 1.643307e+00 -3.011181e+00 -1.250751e+00 2.696482e-02 1.618959e-01 -4.053194e+00 5.326496e+01 3.535521e-01 -1.344378e-01 -3.239111e-01 5.102879e-02 -2.098460e-02 -5.402435e-01 6.623893e-02 -6.108657e-01 4.721028e-01 4.394061e-02 7.401576e-03 -6.368504e-03 1.711447e+00 9.539825e-02 7.026678e-03 -4.750875e-02 4.523611e-02 8.223942e-02 7.624175e-02 -4.662121e-02 -4.133790e-03 -5.534951e-02 -9.584744e-02 -2.479912e-02 3.326302e-02 -5.008362e-02
<VARIANCE> 39
 2.394943e+01 2.125525e+01 2.971535e+01 1.064266e+01 2.197115e+01 2.400128e+01 2.508931e+01 5.913389e+01 2.423380e+01 3.436743e+01 2.536874e+01 1.765845e+01 1.207642e+02 2.219446e+00 1.309662e+00 2.028893e+00 8.969410e-01 1.478834e+00 2.129077e+00 2.707548e+00 4.862428e+00 3.249571e+00 2.413784e+00 2.064420e+00 2.237114e+00 7.058679e+00 2.988113e-01 1.494226e-01 2.750390e-01 1.321883e-01 2.125026e-01 2.904364e-01 4.628860e-01 6.081156e-01 5.445852e-01 3.780768e-01 3.232202e-01 3.201147e-01 9.193481e-01
<GCONST> 1.113850e+02
<STATE> 3
<NUMMIXES> 2
<MIXTURE> 1 4.951051e-01
<MEAN> 39
 5.496947e+00 -3.780586e-01 -2.840063e+00 8.829796e-01 4.540366e+00 -8.862399e-01 2.310004e+00 -3.615026e+00 2.717250e-01 -6.721881e-01 1.548156e+00 -1.456964e+00 6.120971e+01 1.380986e-01 1.705838e-01 1.683646e-01 1.841333e-01 2.311957e-01 2.075384e-01 2.453560e-01 4.261983e-01 3.012110e-01 3.236574e-01 2.263583e-01 2.933488e-01 -1.124763e-01 4.037477e-05 6.592489e-02 6.799488e-02 1.001189e-01 1.010252e-01 1.153079e-01 8.999689e-03 3.985770e-02 -6.807387e-03 6.775600e-02 7.196211e-03 -1.892107e-02 -1.631105e-01
<VARIANCE> 39
 1.201063e+01 2.314264e+01 1.435698e+01 1.452616e+01 1.865368e+01 2.253122e+01 2.153458e+01 2.328448e+01 2.279209e+01 2.042693e+01 1.694118e+01 1.704112e+01 3.349249e+01 3.725909e-01 7.988997e-01 6.860046e-01 8.894386e-01 1.227938e+00 1.300622e+00 1.413849e+00 1.698067e+00 1.706116e+00 1.383189e+00 1.322935e+00 1.345588e+00 1.751102e+00 7.309315e-02 1.785282e-01 1.384908e-01 2.063331e-01 2.896543e-01 2.724564e-01 3.155676e-01 4.112166e-01 3.790278e-01 3.033315e-01 2.661454e-01 2.814564e-01 3.157803e-01
<GCONST> 9.347403e+01
<MIXTURE> 2 5.048938e-01
<MEAN> 39
 5.544059e+00 4.126982e-02 -2.758821e+00 8.556532e-01 4.272527e+00 -9.645211e-01 1.068728e+00 -4.340992e+00 -1.094937e+00 -1.218798e+00 6.168929e-01 -2.214406e+00 5.890202e+01 -1.817694e-02 -2.014237e-01 -1.111531e-01 -8.831364e-02 -1.861485e-01 -1.733550e-01 -2.532847e-01 -3.849407e-01 -3.834805e-01 -2.908707e-01 -2.438150e-01 -2.462225e-01 -1.034012e-01 -5.402544e-04 -7.399792e-02 -7.487895e-02 -1.084584e-01 -1.184217e-01 -1.142448e-01 -2.046470e-02 -4.390077e-02 -1.326786e-02 -7.255670e-02 -1.738412e-02 -1.261645e-02 1.402993e-01
<VARIANCE> 39
 1.170067e+01 2.437611e+01 1.481378e+01 1.443638e+01 1.840795e+01 2.093490e+01 1.959715e+01 2.255088e+01 2.053941e+01 2.014199e+01 1.651116e+01 1.676966e+01 3.110122e+01 4.079719e-01 7.751614e-01 7.907134e-01 9.866722e-01 1.374207e+00 1.337569e+00 1.362003e+00 1.796423e+00 1.597357e+00 1.433851e+00 1.280877e+00 1.373228e+00 2.098215e+00 6.495244e-02 1.286791e-01 1.303461e-01 1.754680e-01 2.590044e-01 2.464007e-01 2.798935e-01 3.910447e-01 3.654929e-01 3.200178e-01 2.785724e-01 2.991513e-01 2.836048e-01
<GCONST> 9.264837e+01
<STATE> 4
<NUMMIXES> 2
<MIXTURE> 1 5.089623e-01
<MEAN> 39
 4.130568e+00 2.319360e+00 3.623493e-01 1.323551e+00 5.669938e+00 2.553215e+00 1.782833e+00 -1.244831e+00 -2.579772e+00 -1.287249e+00 3.003207e-02 -2.709080e+00 5.173512e+01 -1.133049e-01 2.423763e-01 3.552427e-01 1.360271e-01 2.035506e-01 4.236146e-01 1.911316e-01 4.399173e-01 1.741034e-01 1.874904e-01 1.270660e-01 4.840579e-02 -4.160245e-01 1.311692e-03 2.156621e-02 3.835955e-02 2.489955e-02 4.190498e-02 5.806263e-02 1.149947e-01 9.475374e-02 7.578769e-02 4.624696e-02 7.638069e-02 3.946033e-02 3.605797e-02
<VARIANCE> 39
 1.298892e+01 1.779601e+01 1.441350e+01 1.295804e+01 2.096666e+01 1.735411e+01 1.889929e+01 1.902280e+01 2.111432e+01 1.962533e+01 1.508280e+01 1.530273e+01 2.557526e+01 1.911895e-01 3.171203e-01 4.940285e-01 5.994464e-01 9.249099e-01 9.946969e-01 1.202582e+00 1.324424e+00 1.365891e+00 1.295073e+00 1.152121e+00 1.146544e+00 1.171747e-01 2.648395e-02 5.374947e-02 9.381446e-02 1.196529e-01 1.735470e-01 1.952632e-01 2.476239e-01 2.878652e-01 3.077461e-01 2.607665e-01 2.311366e-01 2.169607e-01 8.853915e-03
<GCONST> 7.659615e+01
<MIXTURE> 2 4.910369e-01
<MEAN> 39
 3.918097e+00 2.534235e+00 6.227661e-01 6.484565e-01 4.847778e+00 2.429317e+00 1.415975e+00 -1.075395e+00 -2.915334e+00 -1.533641e+00 -2.663840e-01 -3.105524e+00 5.120742e+01 -2.838120e-01 -1.960227e-02 -1.456181e-03 -2.543009e-01 -1.643638e-01 1.297616e-02 -2.143800e-01 -1.073377e-01 -4.184257e-01 -2.988685e-01 -2.506174e-01 -2.271140e-01 -4.456999e-01 -2.295216e-02 -4.216887e-02 -5.211210e-02 -6.209538e-02 -8.326208e-02 -1.015166e-01 -8.086048e-02 -9.714221e-02 -4.252816e-02 -4.623460e-02 -5.892112e-02 -1.887121e-02 1.618174e-02
<VARIANCE> 39
 1.550046e+01 1.903649e+01 1.703020e+01 1.378997e+01 2.201260e+01 1.735594e+01 1.894428e+01 1.940115e+01 2.065678e+01 1.960814e+01 1.486538e+01 1.426129e+01 2.609397e+01 1.621172e-01 3.293339e-01 5.071951e-01 5.554859e-01 8.988337e-01 1.069971e+00 1.236823e+00 1.431660e+00 1.520563e+00 1.360827e+00 1.263739e+00 1.104827e+00 1.190172e-01 2.512093e-02 5.444408e-02 9.553442e-02 1.120454e-01 1.806941e-01 1.989338e-01 2.527464e-01 2.708421e-01 3.069065e-01 2.894256e-01 2.590707e-01 2.268706e-01 9.074243e-03
<GCONST> 7.746945e+01
<TRANSP> 5
 0.000000e+00 1.000000e+00 0.000000e+00 0.000000e+00 0.000000e+00
 0.000000e+00 8.379530e-01 1.620471e-01 0.000000e+00 0.000000e+00
 0.000000e+00 0.000000e+00 9.856914e-01 1.430851e-02 0.000000e+00
 0.000000e+00 0.000000e+00 0.000000e+00 9.534252e-01 4.657479e-02
 0.000000e+00 0.000000e+00 0.000000e+00 0.000000e+00 0.000000e+00
<ENDHMM>
~h "kt"
<BEGINHMM>
<NUMSTATES> 5
<STATE> 2
<NUMMIXES> 2
<MIXTURE> 1 4.971181e-01
<MEAN> 39
 -1.130413e+01 2.267791e-01 -6.407971e+00 -1.076637e+00 1.392823e+00 1.209936e+00 4.733985e+00 8.919083e-01 1.400912e+00 9.952654e-01 1.666209e+00 -1.186053e+00 5.597680e+01 5.210632e-02 1.161500e-01 1.725945e-01 2.431241e-01 2.611546e-01 2.857926e-01 3.447380e-01 3.376465e-01 3.033303e-01 3.462392e-01 2.822321e-01 1.970376e-01 6.036553e-02 5.523319e-02 1.677286e-02 3.164035e-02 4.794697e-02 7.184681e-02 7.636333e-02 7.034349e-02 3.994837e-02 3.239656e-02 4.651562e-02 4.994925e-02 2.690442e-02 -4.405132e-02
<VARIANCE> 39
 1.490274e+01 6.049835e+00 7.716016e+00 1.102576e+01 1.199744e+01 1.740759e+01 1.644859e+01 1.638017e+01 1.666893e+01 1.578938e+01 1.421781e+01 1.288465e+01 1.892866e+01 9.063780e-01 4.157041e-01 5.953462e-01 8.049319e-01 1.055154e+00 1.427771e+00 1.629678e+00 1.637350e+00 1.557627e+00 1.577199e+00 1.422510e+00 1.258189e+00 1.040867e+00 1.722478e-01 8.547680e-02 1.256297e-01 1.657297e-01 2.197101e-01 2.969471e-01 3.566138e-01 3.533297e-01 3.286766e-01 3.510280e-01 2.932155e-01 2.549564e-01 1.917576e-01
<GCONST> 8.718902e+01
<MIXTURE> 2 5.028809e-01
<MEAN> 39
 -1.070492e+01 7.074635e-02 -6.551425e+00 -1.115031e+00 1.514891e+00 1.408254e+00 4.648220e+00 5.092940e-01 9.772698e-01 6.830719e-01 1.478352e+00 -1.444321e+00 5.533280e+01 -4.673145e-02 -1.133607e-01 -1.819588e-01 -2.402890e-01 -2.591925e-01 -2.842415e-01 -3.345424e-01 -3.362457e-01 -3.065890e-01 -3.429491e-01 -2.781811e-01 -2.006300e-01 -5.851350e-02 -5.224542e-02 -1.776314e-02 -2.859593e-02 -4.668948e-02 -6.972076e-02 -7.595750e-02 -7.049884e-02 -3.818510e-02 -3.425490e-02 -4.614326e-02 -5.032712e-02 -2.764465e-02 3.963673e-02
<VARIANCE> 39
 1.456892e+01 6.443913e+00 7.349051e+00 1.067998e+01 1.197452e+01 1.692463e+01 1.602802e+01 1.615307e+01 1.681296e+01 1.497829e+01 1.459743e+01 1.358278e+01 1.766891e+01 8.868605e-01 4.421149e-01 5.797806e-01 7.823893e-01 1.021157e+00 1.342629e+00 1.523314e+00 1.493690e+00 1.505788e+00 1.487731e+00 1.391991e+00 1.268929e+00 9.713907e-01 1.530573e-01 8.665663e-02 1.211912e-01 1.615316e-01 2.190456e-01 2.897051e-01 3.443002e-01 3.377422e-01 3.228743e-01 3.276656e-01 2.976978e-01 2.702366e-01 1.550022e-01
<GCONST> 8.610183e+01
<STATE> 3
<NUMMIXES> 2
<MIXTURE> 1 5.014926e-01
<MEAN> 39
 -1.202749e+01 3.221611e+00 -2.667650e+00 9.427833e-01 8.967026e-01 -2.090607e+00 2.670541e+00 1.257226e+00 1.589802e-01 -4.821082e-01 -1.249685e-01 -1.467962e+00 5.304915e+01 1.514349e-01 5.815301e-02 2.009341e-01 2.189445e-01 2.583915e-01 3.445815e-01 3.414435e-01 2.590109e-01 3.011621e-01 1.923576e-01 3.244947e-01 1.190374e-01 -1.374838e-01 3.002870e-02 2.301934e-02 3.869376e-02 4.145009e-02 5.707043e-02 3.971146e-02 4.178425e-02 6.848854e-02 5.376653e-02 6.079616e-02 2.815093e-02 3.490148e-02 -7.200347e-02
<VARIANCE> 39
 7.733887e+00 5.952635e+00 9.074551e+00 1.180630e+01 1.472407e+01 1.594250e+01 1.680956e+01 1.700614e+01 1.766958e+01 1.968172e+01 1.739767e+01 1.402684e+01 2.011093e+01 6.018175e-01 4.299588e-01 6.631053e-01 8.480052e-01 1.191867e+00 1.553883e+00 1.452775e+00 1.516546e+00 1.603372e+00 2.088984e+00 1.556376e+00 1.384351e+00 1.291698e+00 1.389401e-01 8.475953e-02 1.468232e-01 1.856574e-01 2.615050e-01 3.565763e-01 3.296229e-01 3.219953e-01 3.436843e-01 4.396609e-01 3.355867e-01 2.830228e-01 3.068779e-01
<GCONST> 8.927110e+01
<MIXTURE> 2 4.985054e-01
<MEAN> 39
 -1.230245e+01 3.160557e+00 -2.901576e+00 8.777925e-01 7.868170e-01 -2.639349e+00 2.193163e+00 1.002034e+00 -1.230548e-01 -6.753801e-01 -6.283262e-01 -1.763246e+00 5.320164e+01 -1.674804e-01 -5.624488e-02 -2.105111e-01 -2.075517e-01 -2.520237e-01 -3.671831e-01 -3.177661e-01 -2.903472e-01 -2.955999e-01 -2.091567e-01 -3.117622e-01 -1.401779e-01 1.606251e-01 -1.431010e-02 -2.716170e-02 -3.274062e-02 -4.484613e-02 -4.759316e-02 -1.989983e-02 -3.497299e-02 -5.977935e-02 -4.451023e-02 -5.491254e-02 -2.159604e-02 -3.094556e-02 4.171370e-02
<VARIANCE> 39
 8.177140e+00 6.465932e+00 9.277379e+00 1.168895e+01 1.443217e+01 1.768913e+01 1.798759e+01 1.699503e+01 1.777159e+01 1.966034e+01 1.766505e+01 1.386880e+01 2.069573e+01 8.481251e-01 5.218260e-01 7.748398e-01 9.236267e-01 1.353068e+00 1.800173e+00 1.683547e+00 1.527724e+00 1.668770e+00 2.100662e+00 1.654307e+00 1.344135e+00 1.982059e+00 1.484196e-01 9.386126e-02 1.547765e-01 1.905528e-01 2.800285e-01 4.073306e-01 3.517893e-01 3.205722e-01 3.515584e-01 4.527795e-01 3.397642e-01 2.788236e-01 3.163307e-01
<GCONST> 9.191055e+01
<STATE> 4
<NUMMIXES> 2
<MIXTURE> 1 4.985797e-01
<MEAN> 39
 -9.708908e+00 3.219808e+00 -2.465216e+00 8.893519e-02 5.993320e-01 8.788885e-02 3.397354e+00 2.352515e+00 7.574753e-01 1.004508e-01 8.244406e-01 -1.968064e+00 4.879305e+01 1.168534e-01 1.026700e-01 1.811262e-01 1.886713e-01 2.674166e-01 2.990904e-01 3.009644e-01 2.897451e-01 3.124894e-01 2.932844e-01 2.690983e-01 1.771244e-01 -7.756793e-02 2.275934e-02 2.745462e-02 4.029174e-02 4.299202e-02 5.187482e-02 4.567191e-02 4.077099e-02 5.127088e-02 6.219248e-02 4.913845e-02 2.969142e-02 2.945617e-02 -1.589344e-02
<VARIANCE> 39
 9.196905e+00 8.743115e+00 1.130284e+01 1.160860e+01 1.638535e+01 1.561429e+01 1.661335e+01 1.689730e+01 1.705877e+01 1.714488e+01 1.500471e+01 1.286627e+01 1.128394e+01 6.145953e-01 4.691441e-01 6.511472e-01 8.028819e-01 1.051871e+00 1.161756e+00 1.333587e+00 1.374305e+00 1.508348e+00 1.515914e+00 1.365031e+00 1.184664e+00 6.212710e-01 1.256742e-01 9.610746e-02 1.329503e-01 1.682866e-01 2.250300e-01 2.494524e-01 2.847721e-01 2.944204e-01 3.278802e-01 3.248889e-01 2.878890e-01 2.404982e-01 1.326252e-01
<GCONST> 8.472872e+01
<MIXTURE> 2 5.014188e-01
<MEAN> 39
 -9.713676e+00 3.116776e+00 -2.644835e+00 -1.548180e-01 2.816418e-01 -2.803117e-01 2.896372e+00 1.935219e+00 5.566700e-01 -1.497027e-01 3.643580e-01 -2.217937e+00 4.881101e+01 -8.206546e-02 -1.060195e-01 -1.666422e-01 -2.059482e-01 -2.522708e-01 -2.747757e-01 -2.925829e-01 -2.754134e-01 -3.108039e-01 -2.886347e-01 -2.611669e-01 -1.731759e-01 3.321321e-02 -2.388871e-02 -2.721654e-02 -4.018815e-02 -4.070400e-02 -5.135280e-02 -4.835956e-02 -4.521700e-02 -5.196265e-02 -6.374168e-02 -5.060776e-02 -3.186744e-02 -2.863801e-02 2.032043e-02
<VARIANCE> 39
 9.817288e+00 9.217719e+00 1.059894e+01 1.150534e+01 1.686787e+01 1.604127e+01 1.711524e+01 1.780621e+01 1.763964e+01 1.751383e+01 1.506766e+01 1.309979e+01 1.197913e+01 7.446596e-01 5.416067e-01 6.857199e-01 8.386104e-01 1.126180e+00 1.297855e+00 1.355448e+00 1.436662e+00 1.516667e+00 1.545000e+00 1.365842e+00 1.214681e+00 9.274790e-01 1.351408e-01 1.014748e-01 1.365849e-01 1.716181e-01 2.319782e-01 2.769625e-01 2.972980e-01 2.998994e-01 3.252454e-01 3.400601e-01 2.927243e-01 2.503119e-01 1.514640e-01
<GCONST> 8.676694e+01
<TRANSP> 5
 0.000000e+00 1.000000e+00 0.000000e+00 0.000000e+00 0.000000e+00
 0.000000e+00 9.916900e-01 8.309969e-03 0.000000e+00 0.000000e+00
 0.000000e+00 0.000000e+00 9.848933e-01 1.510673e-02 0.000000e+00
 0.000000e+00 0.000000e+00 0.000000e+00 9.930217e-01 6.978349e-03
 0.000000e+00 0.000000e+00 0.000000e+00 0.000000e+00 0.000000e+00
<ENDHMM>
~h "pr"
<BEGINHMM>
<NUMSTATES> 5
<STATE> 2
<NUMMIXES> 2
<MIXTURE> 1 5.017498e-01
<MEAN> 39
 -1.452076e+01 -7.955187e+00 -1.100302e-01 -6.858925e+00 2.980361e+00 5.920022e+00 5.080687e+00 1.900380e-01 -2.678055e+00 -2.123640e+00 5.082103e+00 -2.621240e-01 5.793073e+01 -7.027977e-03 1.057239e-01 1.846748e-01 1.915452e-01 2.539086e-01 2.470309e-01 2.272635e-01 1.813363e-01 2.622661e-01 2.077775e-01 2.263753e-01 2.220411e-01 4.440994e-02 2.666974e-02 3.573807e-02 5.213606e-02 5.462692e-02 6.121064e-02 6.869467e-02 6.926429e-02 7.461213e-02 6.354142e-02 5.788635e-02 5.984516e-02 5.947101e-02 -4.826763e-03
<VARIANCE> 39
 3.354107e+01 4.371511e+01 4.156629e+01 3.495296e+01 4.562817e+01 7.036588e+01 5.181480e+01 6.251020e+01 6.190682e+01 3.394162e+01 5.658427e+01 5.807214e+01 2.636141e+01 8.563462e-01 7.666405e-01 9.298303e-01 1.347329e+00 1.444234e+00 1.778908e+00 1.998636e+00 2.312483e+00 2.207345e+00 1.908743e+00 2.319761e+00 2.119082e+00 5.889279e-01 1.208879e-01 1.227768e-01 1.647468e-01 2.418619e-01 2.651280e-01 3.276938e-01 3.747623e-01 4.144915e-01 4.214276e-01 3.586836e-01 4.396723e-01 3.780870e-01 8.233006e-02
<GCONST> 1.082868e+02
<MIXTURE> 2 4.982497e-01
<MEAN> 39
 -1.468504e+01 -7.680967e+00 -5.272130e-02 -6.750134e+00 2.800510e+00 5.188864e+00 4.801013e+00 3.155404e-01 -1.734360e+00 -1.972807e+00 4.651068e+00 -7.213065e-01 5.844379e+01 -7.171483e-02 -1.307571e-01 -1.586425e-01 -2.257561e-01 -2.270004e-01 -2.130810e-01 -2.141143e-01 -2.199544e-01 -2.516202e-01 -2.395340e-01 -2.446982e-01 -1.331811e-01 2.481967e-02 4.657319e-04 -3.125612e-02 -5.407596e-02 -4.956086e-02 -6.839304e-02 -6.630175e-02 -7.982755e-02 -7.233019e-02 -5.991052e-02 -4.732091e-02 -7.312186e-02 -6.937396e-02 -1.742903e-02
<VARIANCE> 39
 3.156763e+01 4.153284e+01 4.745486e+01 3.571735e+01 4.777002e+01 6.986472e+01 5.109068e+01 6.391878e+01 5.660113e+01 3.483491e+01 5.228659e+01 5.430845e+01 2.573995e+01 7.717507e-01 7.950998e-01 9.680387e-01 1.326500e+00 1.462101e+00 1.771465e+00 2.115560e+00 2.243983e+00 2.183276e+00 1.985166e+00 2.328448e+00 2.008666e+00 6.048254e-01 1.177882e-01 1.298833e-01 1.638592e-01 2.333409e-01 2.677534e-01 3.132915e-01 3.918712e-01 3.969572e-01 4.098174e-01 3.600701e-01 4.293301e-01 3.694356e-01 8.275393e-02
<GCONST> 1.080291e+02
<STATE> 3
<NUMMIXES> 2
<MIXTURE> 1 5.019345e-01
<MEAN> 39
 -1.933071e+01 3.302327e+00 1.784816e+01 -1.655266e+01 3.469108e+00 1.240930e+01 -5.981874e+00 -4.153245e+00 1.043760e+01 -5.206049e+00 -8.538586e+00 9.038210e+00 5.248177e+01 1.163763e-01 1.124139e-01 1.617440e-01 1.927104e-01 2.812011e-01 1.964217e-01 2.651642e-01 3.207659e-01 1.922199e-01 2.861137e-01 1.938216e-01 1.592181e-01 -1.042400e-02 7.508123e-03 4.163807e-02 4.539176e-02 6.354938e-02 5.885554e-02 4.371914e-02 6.623521e-02 7.182108e-02 5.608797e-02 5.467733e-02 6.418869e-02 3.577664e-02 1.553414e-02
<VARIANCE> 39
 2.077879e+01 1.679112e+01 1.316432e+01 3.024539e+01 2.840636e+01 2.299251e+01 1.714678e+01 3.774553e+01 3.329625e+01 4.446715e+01 3.072536e+01 1.991428e+01 1.340198e+01 5.383202e-01 3.945417e-01 4.683131e-01 8.084372e-01 1.187979e+00 1.536050e+00 1.259445e+00 1.389197e+00 1.561850e+00 1.627929e+00 1.805737e+00 1.077516e+00 2.243305e-01 1.292105e-01 8.064162e-02 9.856112e-02 1.658919e-01 2.568612e-01 3.398418e-01 2.692344e-01 3.021042e-01 3.287275e-01 3.269057e-01 3.597107e-01 2.240841e-01 5.415854e-02
<GCONST> 9.024004e+01
<MIXTURE> 2 4.980641e-01
<MEAN> 39
 -1.910745e+01 3.353102e+00 1.773743e+01 -1.614131e+01 3.387063e+00 1.180694e+01 -5.971076e+00 -4.097974e+00 1.017424e+01 -4.928437e+00 -8.533424e+00 8.796839e+00 5.288648e+01 2.716044e-02 -1.767625e-01 -1.889580e-01 -2.042037e-01 -2.353402e-01 -2.421754e-01 -3.260451e-01 -2.459414e-01 -2.593448e-01 -2.087098e-01 -2.401039e-01 -1.514885e-01 -1.019992e-01 -3.936553e-03 -3.749705e-02 -6.021923e-02 -5.108297e-02 -4.733311e-02 -7.210834e-02 -5.975796e-02 -4.894143e-02 -7.477683e-02 -6.000992e-02 -4.236709e-02 -6.080690e-02 -1.903421e-02
<VARIANCE> 39
 2.033336e+01 1.959758e+01 1.575817e+01 3.382127e+01 2.858921e+01 2.502271e+01 1.774972e+01 3.851124e+01 3.395896e+01 4.663865e+01 3.198125e+01 2.118584e+01 1.494612e+01 5.275979e-01 4.846648e-01 5.251719e-01 8.841171e-01 1.188307e+00 1.557413e+00 1.325086e+00 1.502202e+00 1.558604e+00 1.600042e+00 1.842472e+00 1.133296e+00 2.442842e-01 1.304860e-01 9.008195e-02 1.031656e-01 1.794902e-01 2.564202e-01 3.362512e-01 2.814955e-01 3.117940e-01 3.372218e-01 3.113453e-01 3.723980e-01 2.301719e-01 5.751209e-02
<GCONST> 9.216483e+01
<STATE> 4
<NUMMIXES> 2
<MIXTURE> 1 4.979942e-01
<MEAN> 39
 -1.408704e+01 -4.987860e+00 4.751525e+00 -5.902713e+00 3.474607e+00 -1.655953e+00 2.870785e+00 4.564596e+00 2.632053e+00 -2.151643e+00 -3.367152e+00 2.941712e+00 5.382287e+01 8.642465e-02 1.565855e-01 1.596815e-01 2.144972e-01 2.077052e-01 2.389643e-01 2.575749e-01 2.589416e-01 2.649713e-01 2.350544e-01 2.311713e-01 1.450326e-01 -3.336619e-04 2.070399e-02 4.589690e-02 6.215729e-02 6.112202e-02 7.913169e-02 9.055192e-02 9.445800e-02 8.064605e-02 7.966822e-02 8.118845e-02 6.405389e-02 5.283432e-02 1.392205e-02
<VARIANCE> 39
 4.010239e+01 5.392217e+01 5.113998e+01 5.604455e+01 8.416222e+01 9.294533e+01 6.696163e+01 6.367651e+01 5.235799e+01 4.979964e+01 5.304342e+01 7.039062e+01 4.730871e+01 3.459617e-01 3.890749e-01 6.300703e-01 9.158285e-01 1.067053e+00 1.454972e+00 1.429922e+00 1.507108e+00 1.608291e+00 1.665495e+00 1.496142e+00 1.325335e+00 1.716905e-01 5.848877e-02 7.276007e-02 1.182457e-01 1.689627e-01 2.144133e-01 2.895926e-01 2.927628e-01 2.911381e-01 3.175921e-01 3.372052e-01 3.050579e-01 2.574847e-01 2.718681e-02
<GCONST> 1.001506e+02
<MIXTURE> 2 5.020051e-01
<MEAN> 39
 -1.402344e+01 -5.299145e+00 4.842996e+00 -5.582906e+00 3.493266e+00 -1.044081e+00 3.905073e+00 4.625123e+00 2.835917e+00 -1.803980e+00 -2.931128e+00 2.835726e+00 5.456340e+01 -2.008020e-02 -1.116937e-01 -1.952127e-01 -1.773237e-01 -2.480533e-01 -2.506694e-01 -2.425036e-01 -2.628467e-01 -2.604363e-01 -2.358436e-01 -2.077352e-01 -1.864906e-01 -6.159572e-02 -2.216337e-02 -4.446371e-02 -5.888392e-02 -6.202038e-02 -7.927658e-02 -8.691780e-02 -9.310692e-02 -8.143916e-02 -7.871401e-02 -7.759320e-02 -6.315990e-02 -5.463586e-02 -1.319914e-02
<VARIANCE> 39
 3.868572e+01 5.482618e+01 5.275888e+01 5.329960e+01 8.793671e+01 8.891487e+01 6.888332e+01 6.322229e+01 5.278706e+01 4.936585e+01 5.072555e+01 6.920801e+01 4.594104e+01 2.844837e-01 3.981503e-01 6.070651e-01 8.762069e-01 1.090222e+00 1.461136e+00 1.506792e+00 1.515802e+00 1.629207e+00 1.707429e+00 1.508678e+00 1.348667e+00 1.521535e-01 5.457092e-02 7.135902e-02 1.168305e-01 1.640970e-01 2.151687e-01 2.843868e-01 2.911243e-01 2.940197e-01 3.186919e-01 3.341083e-01 3.014688e-01 2.648435e-01 2.557315e-02
<GCONST> 9.962287e+01
<TRANSP> 5
 0.000000e+00 1.000000e+00 0.000000e+00 0.000000e+00 0.000000e+00
 0.000000e+00 9.894392e-01 1.056075e-02 0.000000e+00 0.000000e+00
 0.000000e+00 0.000000e+00 9.848756e-01 1.512446e-02 0.000000e+00
 0.000000e+00 0.000000e+00 0.000000e+00 9.952199e-01 4.780042e-03
 0.000000e+00 0.000000e+00 0.000000e+00 0.000000e+00 0.000000e+00
<ENDHMM>
~h "pw"
<BEGINHMM>
<NUMSTATES> 5
<STATE> 2
<NUMMIXES> 2
<MIXTURE> 1 5.000688e-01
<MEAN> 39
 -1.302775e+01 -1.831198e+00 -8.864981e-01 -5.262777e-01 1.464229e+00 -6.581864e-01 3.414832e+00 5.437092e-01 -3.673220e-01 1.182731e+00 3.517274e-01 -8.526920e-01 5.320788e+01 4.855322e-02 1.172184e-01 1.478553e-01 1.990133e-01 2.405503e-01 2.522269e-01 2.778650e-01 2.773503e-01 2.691454e-01 2.619998e-01 2.316599e-01 1.938042e-01 -2.120209e-02 9.158568e-03 2.223968e-02 3.393339e-02 4.030710e-02 4.207094e-02 4.221866e-02 3.780292e-02 5.411178e-02 4.104411e-02 4.194643e-02 3.984412e-02 2.916231e-02 6.979296e-03
<VARIANCE> 39
 1.603432e+01 2.008558e+01 1.198217e+01 1.194150e+01 1.473157e+01 1.675228e+01 1.684204e+01 1.772146e+01 1.660121e+01 1.555387e+01 1.449312e+01 1.288646e+01 2.020847e+01 5.115337e-01 6.871228e-01 6.355928e-01 8.354582e-01 1.040598e+00 1.289736e+00 1.342494e+00 1.430030e+00 1.499907e+00 1.370708e+00 1.375467e+00 1.205817e+00 4.581294e-01 8.753950e-02 1.231659e-01 1.305543e-01 1.710345e-01 2.188826e-01 2.731737e-01 2.827977e-01 3.030402e-01 3.250062e-01 2.907716e-01 2.989659e-01 2.512197e-01 7.361847e-02
<GCONST> 8.596395e+01
<MIXTURE> 2 4.999287e-01
<MEAN> 39
 -1.352807e+01 -2.378259e+00 -1.101895e+00 -7.579800e-01 9.394825e-01 -1.442492e+00 2.688762e+00 -1.143900e-01 -9.275228e-01 7.986777e-01 -5.691172e-02 -1.058765e+00 5.447393e+01 -5.295824e-02 -1.250096e-01 -1.411448e-01 -2.008037e-01 -2.446752e-01 -2.673863e-01 -2.763049e-01 -2.865605e-01 -2.733889e-01 -2.627721e-01 -2.306113e-01 -1.912409e-01 3.116078e-02 -9.138915e-03 -2.508957e-02 -3.913794e-02 -4.035011e-02 -4.585448e-02 -4.723838e-02 -4.198623e-02 -5.558434e-02 -4.495310e-02 -3.926041e-02 -4.081585e-02 -2.797089e-02 -1.817149e-03
<VARIANCE> 39
 1.562227e+01 2.201946e+01 1.139425e+01 1.218599e+01 1.545554e+01 1.831493e+01 1.734504e+01 1.909749e+01 1.636716e+01 1.553205e+01 1.435679e+01 1.299126e+01 2.422188e+01 5.869063e-01 8.073590e-01 7.163862e-01 8.786536e-01 1.140132e+00 1.375128e+00 1.398909e+00 1.530230e+00 1.527617e+00 1.419351e+00 1.430751e+00 1.222360e+00 6.694866e-01 9.370749e-02 1.342779e-01 1.335430e-01 1.804209e-01 2.327858e-01 2.933005e-01 3.016270e-01 3.164663e-01 3.226004e-01 2.937757e-01 2.986619e-01 2.567329e-01 9.263518e-02
<GCONST> 8.834835e+01
<STATE> 3
<NUMMIXES> 2
<MIXTURE> 1 5.007947e-01
<MEAN> 39
 -1.067751e+01 -5.478619e+00 -2.072141e+00 -1.033077e+00 8.531373e-01 -3.614292e+00 -1.017441e-01 -3.875093e+00 -2.996989e+00 -5.420161e-01 1.855188e-01 -3.152797e-01 5.934362e+01 9.065317e-02 1.286656e-01 1.172460e-01 1.757521e-01 2.708277e-01 2.895756e-01 2.389358e-01 2.130246e-01 2.179675e-01 1.987600e-01 2.300545e-01 1.391015e-01 -1.538890e-01 6.633184e-03 4.397734e-02 3.752368e-02 4.083628e-02 3.498514e-02 4.268152e-02 5.656808e-02 6.640696e-02 5.789478e-02 5.495657e-02 2.144932e-02 2.683296e-02 -6.423917e-02
<VARIANCE> 39
 2.142277e+01 2.819519e+01 1.321554e+01 1.215831e+01 1.751675e+01 2.465178e+01 2.198331e+01 2.686370e+01 1.944757e+01 1.694536e+01 1.419460e+01 1.299486e+01 8.702187e+01 4.957471e-01 7.405141e-01 6.452483e-01 7.724201e-01 1.142575e+00 1.452605e+00 1.470324e+00 1.619595e+00 1.439960e+00 1.347022e+00 1.300101e+00 1.241211e+00 2.262681e+00 9.200370e-02 1.407306e-01 1.240986e-01 1.553359e-01 2.505005e-01 3.267924e-01 3.211423e-01 3.203246e-01 2.953247e-01 2.823470e-01 2.671134e-01 2.576641e-01 4.556732e-01
<GCONST> 9.370488e+01
<MIXTURE> 2 4.992024e-01
<MEAN> 39
 -1.113101e+01 -6.905569e+00 -2.925093e+00 -1.810497e+00 -4.593680e-01 -5.394982e+00 -1.222414e+00 -5.096544e+00 -3.558463e+00 -1.104538e+00 -5.768086e-01 -6.269868e-01 6.311297e+01 -1.044860e-01 -2.593111e-01 -1.535660e-01 -1.630702e-01 -2.901801e-01 -3.823696e-01 -3.415868e-01 -3.389491e-01 -2.908559e-01 -2.448432e-01 -2.174941e-01 -1.209639e-01 3.517092e-01 7.061287e-03 -2.594751e-02 -3.110100e-02 -3.814319e-02 -1.198261e-02 -1.121375e-02 -3.266296e-02 -4.492501e-02 -4.083561e-02 -4.830626e-02 -1.362888e-02 -3.450690e-02 2.162978e-02
<VARIANCE> 39
 2.208325e+01 2.731737e+01 1.406115e+01 1.275320e+01 1.915545e+01 2.546689e+01 2.202250e+01 2.612502e+01 1.938339e+01 1.707756e+01 1.560840e+01 1.362939e+01 7.847584e+01 8.050764e-01 1.354704e+00 7.932868e-01 9.051062e-01 1.640341e+00 2.167807e+00 1.772647e+00 1.801782e+00 1.509654e+00 1.484606e+00 1.354987e+00 1.331661e+00 5.481003e+00 1.278927e-01 1.865432e-01 1.462242e-01 1.742253e-01 3.244352e-01 3.992353e-01 3.334018e-01 3.580436e-01 3.205463e-01 2.999992e-01 2.925823e-01 2.834738e-01 6.145825e-01
<GCONST> 9.972939e+01
<STATE> 4
<NUMMIXES> 2
<MIXTURE> 1 5.010287e-01
<MEAN> 39
 -1.176936e+01 -2.520245e+00 -1.422362e+00 -7.343537e-01 1.217704e+00 -4.583098e-01 3.284865e+00 2.380231e-02 -5.940360e-01 9.890468e-01 6.079272e-01 -7.089322e-01 5.341452e+01 7.658887e-02 1.414366e-01 1.402472e-01 1.786563e-01 2.288583e-01 2.836479e-01 2.927193e-01 2.905637e-01 2.759157e-01 2.647120e-01 2.399112e-01 1.539480e-01 -8.105871e-02 7.437227e-03 2.593954e-02 3.579657e-02 4.040700e-02 3.574442e-02 4.110998e-02 4.524227e-02 4.880323e-02 4.891852e-02 3.852794e-02 2.892115e-02 2.715822e-02 3.169148e-03
<VARIANCE> 39
 1.688532e+01 2.009184e+01 1.286415e+01 1.205884e+01 1.371280e+01 1.922769e+01 1.729126e+01 1.979508e+01 1.697691e+01 1.565001e+01 1.395890e+01 1.316699e+01 2.788112e+01 4.719165e-01 6.594807e-01 6.066287e-01 7.859800e-01 1.011687e+00 1.289039e+00 1.338772e+00 1.469040e+00 1.429574e+00 1.414508e+00 1.334170e+00 1.230295e+00 5.640591e-01 8.085446e-02 1.177355e-01 1.191866e-01 1.597703e-01 2.109952e-01 2.767499e-01 2.819080e-01 3.064613e-01 3.045605e-01 3.044335e-01 2.807880e-01 2.569454e-01 9.669806e-02
<GCONST> 8.649544e+01
<MIXTURE> 2 4.989721e-01
<MEAN> 39
 -1.229697e+01 -3.481601e+00 -1.800504e+00 -1.087602e+00 5.310186e-01 -1.650468e+00 2.407434e+00 -1.039447e+00 -1.217044e+00 3.187946e-01 1.176426e-01 -9.521220e-01 5.573198e+01 -5.688265e-02 -1.244610e-01 -1.332940e-01 -1.835530e-01 -2.226886e-01 -2.574270e-01 -2.730163e-01 -2.651591e-01 -2.591519e-01 -2.557380e-01 -2.404053e-01 -1.626290e-01 2.756386e-02 -6.667205e-03 -2.765949e-02 -3.663405e-02 -4.221359e-02 -3.851417e-02 -4.311378e-02 -4.821174e-02 -5.344454e-02 -5.277126e-02 -4.013771e-02 -2.963647e-02 -2.714371e-02 -6.204476e-04
<VARIANCE> 39
 1.770343e+01 2.226055e+01 1.283068e+01 1.231044e+01 1.491160e+01 2.206683e+01 1.918880e+01 2.201768e+01 1.785183e+01 1.644311e+01 1.465226e+01 1.353191e+01 3.844813e+01 5.855542e-01 8.360710e-01 6.804895e-01 8.557962e-01 1.156106e+00 1.480085e+00 1.427686e+00 1.517595e+00 1.465836e+00 1.463090e+00 1.380536e+00 1.296811e+00 1.213969e+00 9.276833e-02 1.353168e-01 1.276412e-01 1.706122e-01 2.345427e-01 3.049515e-01 2.963224e-01 3.149648e-01 3.057995e-01 3.118443e-01 2.940734e-01 2.718772e-01 1.577281e-01
<GCONST> 9.083681e+01
<TRANSP> 5
 0.000000e+00 1.000000e+00 0.000000e+00 0.000000e+00 0.000000e+00
 0.000000e+00 9.938709e-01 6.129095e-03 0.000000e+00 0.000000e+00
 0.000000e+00 0.000000e+00 9.882721e-01 1.172787e-02 0.000000e+00
 0.000000e+00 0.000000e+00 0.000000e+00 9.972194e-01 2.780559e-03
 0.000000e+00 0.000000e+00 0.000000e+00 0.000000e+00 0.000000e+00
<ENDHMM>
~h "si"
<BEGINHMM>
<NUMSTATES> 5
<STATE> 2
<NUMMIXES> 2
<MIXTURE> 1 4.990850e-01
<MEAN> 39
 -5.853944e+00 2.186095e+00 1.287543e+00 -1.738948e+00 2.115592e+00 2.153154e+00 2.499378e+00 3.422845e+00 -2.575105e-01 5.038896e-01 9.183171e-01 -2.468896e+00 4.426424e+01 6.423841e-02 1.201417e-01 1.496282e-01 1.852940e-01 2.180652e-01 2.441290e-01 2.600022e-01 2.805535e-01 2.703965e-01 2.598591e-01 2.281173e-01 1.553599e-01 1.185664e-02 1.732982e-02 2.517894e-02 3.584495e-02 4.319514e-02 4.802403e-02 4.708160e-02 4.805251e-02 4.959364e-02 4.867350e-02 4.305745e-02 3.914741e-02 2.668662e-02 1.142802e-02
<VARIANCE> 39
 7.201850e+00 5.920133e+00 1.014993e+01 1.126016e+01 1.778470e+01 1.468879e+01 1.606410e+01 1.855410e+01 1.636861e+01 1.681646e+01 1.464031e+01 1.302078e+01 6.706446e+00 1.675153e-01 2.879973e-01 4.433656e-01 6.546692e-01 8.864920e-01 1.052344e+00 1.199724e+00 1.294100e+00 1.324229e+00 1.342005e+00 1.268190e+00 1.108966e+00 7.939722e-02 2.965317e-02 5.623377e-02 9.029732e-02 1.356884e-01 1.836301e-01 2.192538e-01 2.529073e-01 2.726494e-01 2.798031e-01 2.852703e-01 2.673557e-01 2.290135e-01 1.179439e-02
<GCONST> 7.224077e+01
<MIXTURE> 2 5.009066e-01
<MEAN> 39
 -5.820898e+00 1.979838e+00 1.097152e+00 -2.091327e+00 1.857034e+00 1.716517e+00 2.005950e+00 3.173848e+00 -6.105560e-01 1.814929e-01 6.002579e-01 -2.787776e+00 4.433622e+01 -6.987882e-02 -1.117962e-01 -1.669353e-01 -2.021315e-01 -2.291615e-01 -2.390355e-01 -2.494969e-01 -2.530216e-01 -2.617520e-01 -2.466269e-01 -2.154986e-01 -1.580708e-01 -4.277527e-02 -1.900240e-02 -2.663910e-02 -3.701521e-02 -4.264509e-02 -4.848089e-02 -4.744778e-02 -4.806650e-02 -5.177142e-02 -4.840457e-02 -4.232281e-02 -3.852583e-02 -2.534475e-02 -8.901893e-03
<VARIANCE> 39
 7.600836e+00 6.367123e+00 9.823074e+00 1.071661e+01 1.777743e+01 1.507175e+01 1.594807e+01 1.932828e+01 1.651220e+01 1.709393e+01 1.508849e+01 1.339697e+01 6.429863e+00 1.679277e-01 3.025447e-01 4.557550e-01 6.571445e-01 8.893574e-01 1.063740e+00 1.211173e+00 1.302300e+00 1.323642e+00 1.356119e+00 1.276672e+00 1.105916e+00 8.478896e-02 3.011085e-02 5.829866e-02 9.179142e-02 1.363536e-01 1.847275e-01 2.232733e-01 2.537412e-01 2.732727e-01 2.810083e-01 2.862446e-01 2.671411e-01 2.276625e-01 1.314146e-02
<GCONST> 7.278989e+01
<STATE> 3
<NUMMIXES> 2
<MIXTURE> 1 4.999186e-01
<MEAN> 39
 -3.985619e+00 -3.741647e+00 -3.486800e+00 -2.987181e+00 1.614887e+00 4.009101e+00 4.723588e+00 9.650238e-01 -4.075089e-01 1.383567e+00 1.465367e+00 -2.409888e+00 5.069898e+01 5.932017e-02 1.024291e-01 1.370682e-01 1.809235e-01 2.173713e-01 2.360615e-01 2.482247e-01 2.563351e-01 2.583621e-01 2.617246e-01 2.306309e-01 1.675445e-01 1.479313e-02 1.677763e-02 2.775525e-02 3.443917e-02 3.771843e-02 4.171810e-02 4.020686e-02 3.617779e-02 3.691059e-02 4.138578e-02 3.878168e-02 3.511125e-02 2.582715e-02 1.214766e-02
<VARIANCE> 39
 8.040162e+00 8.266565e+00 8.127771e+00 9.137659e+00 1.457089e+01 1.511083e+01 1.547322e+01 1.587014e+01 1.516969e+01 1.487535e+01 1.425336e+01 1.293758e+01 5.212729e+00 1.649673e-01 2.894906e-01 4.683442e-01 6.418679e-01 9.012527e-01 1.087500e+00 1.208708e+00 1.353797e+00 1.338710e+00 1.360367e+00 1.297582e+00 1.173633e+00 7.594727e-02 2.851276e-02 5.619595e-02 9.549929e-02 1.322521e-01 1.896635e-01 2.290038e-01 2.547495e-01 2.872583e-01 2.856754e-01 2.921829e-01 2.741333e-01 2.438981e-01 1.165560e-02
<GCONST> 7.183820e+01
<MIXTURE> 2 5.000716e-01
<MEAN> 39
 -3.846860e+00 -3.977406e+00 -3.709213e+00 -3.467234e+00 9.078708e-01 3.408949e+00 3.949954e+00 3.734528e-01 -8.232620e-01 9.755006e-01 1.015405e+00 -2.798386e+00 5.083561e+01 -6.400774e-02 -1.128620e-01 -1.582543e-01 -1.974020e-01 -2.300027e-01 -2.306272e-01 -2.408044e-01 -2.447931e-01 -2.491736e-01 -2.440327e-01 -2.233084e-01 -1.574974e-01 -4.213921e-02 -2.128849e-02 -2.414305e-02 -2.878725e-02 -3.417960e-02 -4.213302e-02 -4.684298e-02 -4.132722e-02 -3.978833e-02 -4.235815e-02 -4.048593e-02 -3.716012e-02 -2.543903e-02 -6.909204e-03
<VARIANCE> 39
 7.695292e+00 8.662952e+00 7.915397e+00 9.178981e+00 1.528978e+01 1.562553e+01 1.645229e+01 1.652389e+01 1.596544e+01 1.596127e+01 1.520018e+01 1.362921e+01 5.406162e+00 1.592685e-01 2.941835e-01 4.740976e-01 6.500697e-01 9.092231e-01 1.103032e+00 1.231154e+00 1.383346e+00 1.356901e+00 1.377681e+00 1.320870e+00 1.189971e+00 7.382318e-02 2.798253e-02 5.737795e-02 9.699046e-02 1.350166e-01 1.919252e-01 2.296583e-01 2.559323e-01 2.921121e-01 2.862085e-01 2.928893e-01 2.800161e-01 2.454671e-01 1.188614e-02
<GCONST> 7.250108e+01
<STATE> 4
<NUMMIXES> 2
<MIXTURE> 1 4.999270e-01
<MEAN> 39
 -8.687435e+00 5.743065e-01 4.839855e-01 -1.411231e+00 1.031196e+00 7.815733e-01 3.020940e+00 1.578063e+00 2.743009e-01 9.719820e-01 1.143959e+00 -1.506424e+00 4.877707e+01 5.312565e-02 1.207648e-01 1.499569e-01 1.931682e-01 2.247275e-01 2.537200e-01 2.661875e-01 2.701505e-01 2.681245e-01 2.500933e-01 2.337097e-01 1.669518e-01 -9.541531e-04 1.852735e-02 2.833117e-02 3.857070e-02 4.566669e-02 4.819690e-02 5.054149e-02 5.108860e-02 5.289416e-02 4.894158e-02 4.445671e-02 3.783617e-02 2.686732e-02 1.074404e-04
<VARIANCE> 39
 1.977821e+01 1.393028e+01 1.279816e+01 1.412739e+01 1.867687e+01 1.844433e+01 1.846594e+01 2.195713e+01 1.855228e+01 1.745039e+01 1.649366e+01 1.539095e+01 2.957173e+01 3.693945e-01 4.621150e-01 5.494927e-01 7.599093e-01 9.821075e-01 1.190796e+00 1.307675e+00 1.416975e+00 1.409031e+00 1.419226e+00 1.327743e+00 1.199721e+00 3.653823e-01 6.164601e-02 8.723447e-02 1.087044e-01 1.551319e-01 2.036287e-01 2.485346e-01 2.746215e-01 2.975584e-01 2.969646e-01 2.978987e-01 2.793907e-01 2.485076e-01 5.966658e-02
<GCONST> 8.462003e+01
<MIXTURE> 2 5.000706e-01
<MEAN> 39
 -8.784412e+00 -9.633213e-02 5.924330e-03 -1.874255e+00 3.122464e-01 9.358884e-02 2.277908e+00 8.451887e-01 -2.582783e-01 4.916987e-01 5.887420e-01 -1.867678e+00 5.008155e+01 -7.184460e-02 -1.234558e-01 -1.484963e-01 -1.953909e-01 -2.307221e-01 -2.656335e-01 -2.705413e-01 -2.773638e-01 -2.631027e-01 -2.452693e-01 -2.264130e-01 -1.584082e-01 3.440663e-02 -1.585452e-02 -2.865285e-02 -3.877045e-02 -4.671061e-02 -4.755440e-02 -4.820869e-02 -5.030646e-02 -5.234985e-02 -4.885392e-02 -4.487540e-02 -3.789357e-02 -2.802651e-02 -4.301831e-04
<VARIANCE> 39
 2.166916e+01 1.962388e+01 1.449171e+01 1.464673e+01 1.980189e+01 2.014225e+01 2.069214e+01 2.369382e+01 2.003718e+01 1.825942e+01 1.675857e+01 1.576863e+01 3.726870e+01 4.704126e-01 6.250508e-01 6.224690e-01 8.368984e-01 1.066609e+00 1.288798e+00 1.373428e+00 1.473481e+00 1.470648e+00 1.451948e+00 1.364983e+00 1.227258e+00 6.836836e-01 7.083985e-02 1.036201e-01 1.169533e-01 1.644333e-01 2.118393e-01 2.627404e-01 2.840702e-01 3.025807e-01 3.045590e-01 3.035209e-01 2.832115e-01 2.497829e-01 9.136128e-02
<GCONST> 8.877890e+01
<TRANSP> 5
 0.000000e+00 1.000000e+00 0.000000e+00 0.000000e+00 0.000000e+00
 0.000000e+00 9.909817e-01 9.018283e-03 0.000000e+00 0.000000e+00
 0.000000e+00 0.000000e+00 9.803337e-01 1.966629e-02 0.000000e+00
 0.000000e+00 0.000000e+00 0.000000e+00 9.912694e-01 8.730620e-03
 0.000000e+00 0.000000e+00 0.000000e+00 0.000000e+00 0.000000e+00
<ENDHMM>
~h "st"
<BEGINHMM>
<NUMSTATES> 5
<STATE> 2
<NUMMIXES> 2
<MIXTURE> 1 4.983050e-01
<MEAN> 39
 -9.869407e+00 -3.130594e+00 2.084029e-01 -5.536617e+00 -1.373917e+00 -3.549076e+00 7.571597e-01 1.760399e-01 -1.528384e-01 -1.991163e-01 1.218073e+00 -2.251883e+00 6.019035e+01 -3.256631e-02 -3.482613e-01 3.041095e-01 -1.796304e-01 -6.020417e-02 -1.267103e-01 2.067702e-01 2.083744e-01 2.812279e-01 2.645258e-01 2.297929e-01 1.711760e-01 8.293024e-01 7.958309e-02 1.628958e-01 2.302626e-02 1.427286e-01 1.465682e-01 2.214965e-01 1.859943e-01 9.949398e-02 6.520139e-02 3.383794e-02 3.040615e-02 2.571380e-02 -3.673366e-01
<VARIANCE> 39
 2.215336e+01 3.090434e+01 1.746345e+01 3.002337e+01 2.519925e+01 3.468842e+01 2.750803e+01 2.453770e+01 2.063732e+01 2.213378e+01 2.013148e+01 1.482656e+01 9.923756e+01 1.106797e+00 1.196718e+00 1.114404e+00 1.593784e+00 1.978207e+00 2.448305e+00 2.109105e+00 2.147602e+00 1.699918e+00 2.065593e+00 2.044144e+00 1.650503e+00 4.098119e+00 1.809464e-01 2.389186e-01 1.818479e-01 3.036340e-01 3.679733e-01 4.723504e-01 3.878062e-01 4.209013e-01 3.164028e-01 3.746488e-01 3.820889e-01 3.087228e-01 7.579067e-01
<GCONST> 1.078556e+02
<MIXTURE> 2 5.016947e-01
<MEAN> 39
 -9.486650e+00 -2.822985e+00 -4.604998e-01 -6.002690e+00 -1.451543e+00 -3.464288e+00 4.662571e-01 -1.563943e-01 -6.778226e-01 -9.815816e-01 6.925243e-01 -2.806077e+00 6.011604e+01 -3.330971e-01 -6.892168e-01 1.044621e-01 -7.845468e-01 -5.847852e-01 -1.013494e+00 -5.664393e-01 -2.403093e-01 -1.642537e-01 -3.606363e-01 -2.329392e-01 -1.166006e-01 1.613335e+00 8.141381e-02 -4.594485e-03 -1.453615e-02 2.435750e-02 3.485751e-02 5.943092e-02 4.411948e-02 -4.127729e-02 -3.291707e-02 3.640040e-02 -3.715174e-02 4.004871e-03 -1.044945e-01
<VARIANCE> 39
 2.185125e+01 2.713656e+01 1.966277e+01 2.688614e+01 2.669731e+01 3.761545e+01 2.689781e+01 2.488229e+01 2.155982e+01 2.099253e+01 2.056747e+01 1.575880e+01 9.449045e+01 1.584770e+00 1.773804e+00 1.286983e+00 2.049465e+00 2.438159e+00 3.382512e+00 2.517599e+00 2.433339e+00 1.869783e+00 2.109691e+00 2.117469e+00 1.830258e+00 5.818847e+00 1.922562e-01 2.485031e-01 2.175389e-01 3.242123e-01 3.773229e-01 4.948256e-01 4.175982e-01 4.383034e-01 3.190626e-01 3.887504e-01 3.690828e-01 3.093632e-01 8.318705e-01
<GCONST> 1.110990e+02
<STATE> 3
<NUMMIXES> 2
<MIXTURE> 1 5.040184e-01
<MEAN> 39
 -7.174210e+00 -3.096035e+00 -1.948719e+00 -4.687729e+00 -6.293233e-01 -2.835239e-01 2.794726e+00 3.376567e-02 -8.535389e-01 1.682384e-02 1.233962e+00 -2.276080e+00 5.569102e+01 5.615211e-02 1.363833e-01 1.033850e-01 2.112809e-01 2.516902e-01 3.264908e-01 3.036707e-01 2.646842e-01 2.598936e-01 2.782477e-01 2.440866e-01 1.663156e-01 -1.256545e-01 1.816625e-02 3.233412e-02 2.962686e-02 5.620106e-02 5.413269e-02 6.125792e-02 5.461193e-02 3.912614e-02 4.014881e-02 3.555365e-02 3.533810e-02 2.177837e-02 -3.179517e-02
<VARIANCE> 39
 1.490081e+01 1.572958e+01 1.424433e+01 1.970800e+01 1.912158e+01 2.298794e+01 1.853431e+01 1.828985e+01 1.806895e+01 1.831365e+01 1.502880e+01 1.381963e+01 2.972940e+01 4.478986e-01 5.667402e-01 6.585422e-01 9.607502e-01 1.141253e+00 1.328052e+00 1.387692e+00 1.442533e+00 1.462913e+00 1.450048e+00 1.416671e+00 1.253238e+00 8.399522e-01 7.485440e-02 1.059203e-01 1.279979e-01 2.024279e-01 2.488862e-01 2.918882e-01 3.010007e-01 3.098166e-01 3.101219e-01 3.159116e-01 3.027530e-01 2.636213e-01 1.674233e-01
<GCONST> 8.952274e+01
<MIXTURE> 2 4.959766e-01
<MEAN> 39
 -7.316834e+00 -3.429115e+00 -1.647198e+00 -5.353948e+00 -1.296443e+00 -1.047245e+00 2.054647e+00 -5.930545e-01 -1.344492e+00 -6.600145e-01 7.756024e-01 -2.644507e+00 5.671365e+01 -5.565051e-02 -9.631462e-02 -1.168639e-01 -1.760432e-01 -2.398059e-01 -2.775843e-01 -2.865327e-01 -2.743566e-01 -2.733710e-01 -2.754292e-01 -2.416820e-01 -1.652922e-01 2.968883e-02 -2.237487e-02 -2.986297e-02 -3.197096e-02 -5.330788e-02 -5.452344e-02 -6.266032e-02 -6.150958e-02 -4.184926e-02 -4.215200e-02 -3.713090e-02 -3.520752e-02 -2.150046e-02 3.349812e-02
<VARIANCE> 39
 1.544519e+01 1.735366e+01 1.493893e+01 2.040660e+01 1.950383e+01 2.447676e+01 2.033708e+01 1.915552e+01 1.882513e+01 1.929833e+01 1.623343e+01 1.468947e+01 3.386230e+01 6.009465e-01 7.744842e-01 7.557736e-01 1.302712e+00 1.412712e+00 1.643025e+00 1.536134e+00 1.540338e+00 1.542558e+00 1.567420e+00 1.477247e+00 1.310165e+00 1.753091e+00 8.975970e-02 1.183633e-01 1.416617e-01 2.247445e-01 2.642086e-01 3.144574e-01 3.155299e-01 3.254972e-01 3.317076e-01 3.335769e-01 3.157452e-01 2.678029e-01 2.199809e-01
<GCONST> 9.409930e+01
<STATE> 4
<NUMMIXES> 2
<MIXTURE> 1 4.993619e-01
<MEAN> 39
 -1.026223e+01 1.007425e+00 8.763514e-01 -2.215334e+00 6.313192e-01 -3.564818e-01 2.364905e+00 6.181820e-01 5.352208e-01 1.319002e-01 1.003606e+00 -2.022181e+00 5.173359e+01 5.578104e-02 1.189272e-01 1.472795e-01 2.040631e-01 2.490764e-01 2.836214e-01 2.790887e-01 2.777980e-01 2.821405e-01 2.744681e-01 2.451496e-01 1.707830e-01 -7.747127e-02 1.434719e-02 2.458751e-02 3.434726e-02 4.075421e-02 4.013607e-02 4.597314e-02 4.843331e-02 5.131365e-02 4.465400e-02 4.581488e-02 3.464141e-02 1.968093e-02 -1.123614e-02
<VARIANCE> 39
 1.425095e+01 8.610292e+00 1.115679e+01 1.667618e+01 1.576053e+01 1.846089e+01 1.754720e+01 1.959591e+01 1.734551e+01 1.625226e+01 1.462758e+01 1.343038e+01 3.497011e+01 3.708095e-01 4.103187e-01 5.785708e-01 8.572755e-01 1.010316e+00 1.225908e+00 1.312728e+00 1.445909e+00 1.427369e+00 1.404485e+00 1.348319e+00 1.221925e+00 7.538918e-01 6.572349e-02 8.104970e-02 1.167276e-01 1.759473e-01 2.151605e-01 2.612828e-01 2.770760e-01 3.044208e-01 3.024217e-01 3.006512e-01 2.870855e-01 2.610037e-01 1.099828e-01
<GCONST> 8.521769e+01
<MIXTURE> 2 5.006334e-01
<MEAN> 39
 -1.031376e+01 6.060691e-01 7.375261e-01 -2.954014e+00 -1.035469e-01 -1.197677e+00 1.674927e+00 6.233508e-02 3.763183e-03 -3.830474e-01 4.533389e-01 -2.511402e+00 5.276070e+01 -4.659918e-02 -1.046675e-01 -1.514485e-01 -1.908384e-01 -2.233275e-01 -2.441565e-01 -2.586021e-01 -2.751856e-01 -2.798080e-01 -2.787278e-01 -2.550438e-01 -1.654286e-01 1.998237e-02 -1.136955e-02 -2.808028e-02 -3.720721e-02 -4.653691e-02 -4.533841e-02 -4.694393e-02 -4.780558e-02 -4.907235e-02 -4.344696e-02 -4.262259e-02 -3.358958e-02 -1.954337e-02 1.327760e-02
<VARIANCE> 39
 1.498399e+01 9.292137e+00 1.148007e+01 1.754590e+01 1.708699e+01 2.020221e+01 1.836415e+01 2.017411e+01 1.761137e+01 1.643545e+01 1.457303e+01 1.314419e+01 3.727050e+01 4.989062e-01 5.567474e-01 6.292679e-01 1.063977e+00 1.200249e+00 1.417131e+00 1.419843e+00 1.491888e+00 1.480464e+00 1.456528e+00 1.361707e+00 1.268033e+00 1.193740e+00 7.584909e-02 9.292804e-02 1.211075e-01 1.886740e-01 2.299521e-01 2.763562e-01 2.911449e-01 3.128888e-01 3.123497e-01 3.106480e-01 2.926651e-01 2.628710e-01 1.325595e-01
<GCONST> 8.850653e+01
<TRANSP> 5
 0.000000e+00 1.000000e+00 0.000000e+00 0.000000e+00 0.000000e+00
 0.000000e+00 8.379788e-01 1.620212e-01 0.000000e+00 0.000000e+00
 0.000000e+00 0.000000e+00 9.915279e-01 8.472104e-03 0.000000e+00
 0.000000e+00 0.000000e+00 0.000000e+00 9.913707e-01 8.629281e-03
 0.000000e+00 0.000000e+00 0.000000e+00 0.000000e+00 0.000000e+00
<ENDHMM>
~h "spe"
<BEGINHMM>
<NUMSTATES> 5
<STATE> 2
<NUMMIXES> 2
<MIXTURE> 1 4.632175e-01
<MEAN> 39
 -1.970362e+00 1.981420e-01 5.332067e+00 -5.059752e+00 -6.176460e+00 4.722863e-01 -1.184119e+00 -4.694715e+00 -4.185277e+00 -4.838321e-01 2.346989e-01 -5.103978e+00 5.538971e+01 6.568512e-02 -1.137163e-01 3.697275e-01 -6.671517e-02 -1.566421e-01 1.183346e-01 2.452468e-02 2.793144e-01 3.206730e-01 3.863597e-01 1.821483e-01 2.777481e-02 3.292911e-01 1.844146e-02 -2.683841e-02 6.794892e-03 3.270354e-02 5.952283e-02 1.446689e-02 4.842644e-02 9.476920e-02 7.246151e-02 4.659567e-02 -1.142969e-02 1.066602e-02 2.184395e-02
<VARIANCE> 39
 2.806635e+01 2.627099e+01 6.982430e+01 3.945602e+01 6.609638e+01 3.929733e+01 2.261074e+01 4.167435e+01 2.762882e+01 3.289148e+01 2.468319e+01 2.713631e+01 1.438092e+01 7.252690e-01 9.142619e-01 1.113958e+00 1.518156e+00 2.614953e+00 2.185596e+00 1.505172e+00 2.574937e+00 1.852618e+00 1.884409e+00 1.563529e+00 1.615405e+00 4.202831e-01 9.079566e-02 1.225959e-01 1.471204e-01 2.040277e-01 4.399606e-01 4.007735e-01 2.773052e-01 3.776109e-01 3.163876e-01 3.520022e-01 2.760015e-01 2.584024e-01 4.022599e-02
<GCONST> 1.013746e+02
<MIXTURE> 2 5.367820e-01
<MEAN> 39
 -8.834125e-01 -1.159150e+00 6.792701e+00 -5.150066e+00 -8.020885e+00 9.637684e-01 -2.768565e+00 -5.067861e+00 -5.757373e+00 -1.921695e+00 -1.702326e+00 -7.604319e+00 5.612044e+01 9.469521e-02 -2.591578e-01 -1.015788e-01 -2.186247e-01 -1.903636e-01 -3.225487e-01 -3.908613e-01 -1.315289e-01 -2.549964e-01 -1.931944e-01 -1.899625e-01 -2.812667e-01 1.334804e-01 -3.640871e-02 -5.225683e-02 -6.063220e-02 -5.174902e-02 -2.155410e-02 -4.989888e-02 -4.428826e-02 -2.515809e-02 -1.350885e-02 -2.800764e-02 -4.258483e-02 -2.201642e-02 2.913061e-04
<VARIANCE> 39
 2.055328e+01 2.871477e+01 7.575093e+01 3.092935e+01 6.550848e+01 4.270923e+01 2.461194e+01 4.086203e+01 3.489999e+01 3.226753e+01 2.933768e+01 4.061608e+01 1.534053e+01 6.156746e-01 9.520897e-01 1.093496e+00 1.257544e+00 2.677916e+00 2.174885e+00 1.573733e+00 2.106782e+00 1.969575e+00 1.912522e+00 1.641208e+00 1.630151e+00 4.528300e-01 6.336135e-02 1.134949e-01 1.254171e-01 1.686944e-01 3.615092e-01 4.206250e-01 2.694919e-01 3.513239e-01 3.150107e-01 3.437962e-01 2.912617e-01 2.417611e-01 3.123100e-02
<GCONST> 1.003961e+02
<STATE> 3
<NUMMIXES> 2
<MIXTURE> 1 5.043979e-01
<MEAN> 39
 -2.058061e+00 -4.638873e+00 8.432082e-01 -1.136053e+01 -2.041175e+00 -4.667140e+00 -3.549524e+00 -2.587569e-02 -1.192188e+00 -1.120341e+00 -4.083417e+00 -4.539408e+00 6.136226e+01 -1.451935e-02 7.327951e-02 6.609282e-02 1.925533e-01 2.504575e-01 2.055391e-01 2.157523e-01 2.054844e-01 2.687259e-01 1.764220e-01 1.513875e-01 1.105102e-01 4.089446e-02 2.394884e-02 4.393049e-02 3.210391e-02 7.601921e-02 5.815339e-02 7.723402e-02 6.565649e-02 3.262953e-02 2.799388e-02 4.512153e-02 4.775947e-02 3.975987e-02 -2.153305e-02
<VARIANCE> 39
 2.594258e+01 4.162256e+01 5.568588e+01 6.425873e+01 4.882234e+01 5.779541e+01 3.717997e+01 4.815655e+01 3.344779e+01 3.581833e+01 5.234417e+01 3.623927e+01 2.702921e+01 6.053997e-01 1.122166e+00 1.299503e+00 1.581113e+00 1.718032e+00 1.854695e+00 1.749395e+00 2.238359e+00 2.131329e+00 1.929174e+00 1.965580e+00 1.706901e+00 4.593664e-01 8.768993e-02 1.422322e-01 1.930136e-01 2.390449e-01 2.884789e-01 3.375272e-01 3.538611e-01 4.159166e-01 4.269698e-01 3.747262e-01 3.673631e-01 3.299799e-01 5.005401e-02
<GCONST> 1.062738e+02
<MIXTURE> 2 4.956008e-01
<MEAN> 39
 -1.129248e+00 -5.204928e+00 4.015010e-01 -1.310541e+01 -2.386426e+00 -5.448781e+00 -5.069734e+00 -1.714232e+00 -1.534248e+00 -2.697951e+00 -6.444744e+00 -4.565869e+00 6.186111e+01 -4.806889e-02 -2.426603e-02 -1.704986e-01 -5.684802e-02 -1.180052e-01 -2.025582e-01 -2.323996e-01 -3.023640e-01 -3.120205e-01 -2.513061e-01 -2.454715e-01 -1.149701e-01 -2.300387e-02 -2.435027e-02 -1.230514e-03 -2.626257e-02 -3.044310e-02 -5.663028e-02 -5.839363e-02 -3.835915e-02 -6.185444e-02 -5.768961e-02 -5.282905e-02 -3.115491e-02 -2.051222e-02 -2.034564e-02
<VARIANCE> 39
 2.547169e+01 3.989724e+01 5.747578e+01 7.071471e+01 4.618149e+01 6.182492e+01 4.694141e+01 6.334343e+01 4.073349e+01 4.180381e+01 5.524814e+01 3.973972e+01 2.078579e+01 7.492018e-01 1.203781e+00 1.429664e+00 1.683885e+00 1.871132e+00 1.888446e+00 2.096232e+00 2.472977e+00 2.540973e+00 2.165337e+00 2.174113e+00 1.850158e+00 4.800595e-01 9.499390e-02 1.645520e-01 2.146238e-01 2.909885e-01 3.155655e-01 3.506871e-01 3.640846e-01 4.660267e-01 4.880805e-01 4.317520e-01 4.116559e-01 3.583260e-01 5.545640e-02
<GCONST> 1.098101e+02
<STATE> 4
<NUMMIXES> 2
<MIXTURE> 1 5.023580e-01
<MEAN> 39
 -1.547334e+00 -2.836794e+00 -4.596789e-02 -4.173603e+00 -2.550630e+00 -2.003131e-01 2.858675e-01 -6.205359e-01 -1.601949e+00 3.911572e-01 -5.739304e-01 -5.114612e+00 5.280392e+01 4.332759e-02 8.200461e-02 1.284188e-01 1.575163e-01 1.675906e-01 2.199351e-01 2.560607e-01 2.472971e-01 2.660101e-01 2.559768e-01 2.453359e-01 1.876755e-01 8.909164e-03 2.047819e-02 2.897945e-02 4.082188e-02 4.564240e-02 6.130672e-02 6.098231e-02 5.410592e-02 5.979603e-02 6.091716e-02 4.213648e-02 4.217090e-02 2.871502e-02 1.306941e-02
<VARIANCE> 39
 1.453020e+01 2.513915e+01 3.102393e+01 2.419705e+01 4.384777e+01 3.429888e+01 3.197037e+01 2.889890e+01 2.692066e+01 2.513878e+01 2.737611e+01 2.374806e+01 1.519631e+01 3.558598e-01 6.235610e-01 8.333053e-01 9.584973e-01 1.400524e+00 1.458408e+00 1.472913e+00 1.629850e+00 1.643751e+00 1.591592e+00 1.576178e+00 1.490681e+00 1.926827e-01 5.022282e-02 9.540954e-02 1.283771e-01 1.662401e-01 2.402356e-01 2.618550e-01 2.835096e-01 3.227824e-01 3.233403e-01 3.181430e-01 3.077783e-01 2.894554e-01 2.238404e-02
<GCONST> 9.125053e+01
<MIXTURE> 2 4.976395e-01
<MEAN> 39
 -8.020574e-01 -3.417185e+00 2.664638e-01 -4.718484e+00 -2.541485e+00 -1.850471e-01 -9.313812e-01 -1.098149e+00 -2.223047e+00 -4.157338e-01 -1.419829e+00 -6.091997e+00 5.382559e+01 -4.958312e-02 -7.102983e-02 -1.389473e-01 -1.397147e-01 -1.492578e-01 -1.980479e-01 -2.179923e-01 -2.346382e-01 -2.556635e-01 -2.431809e-01 -2.269659e-01 -1.672656e-01 -5.444948e-02 -2.140476e-02 -3.003075e-02 -4.060300e-02 -4.748133e-02 -6.156499e-02 -5.895415e-02 -5.443211e-02 -5.980884e-02 -6.037805e-02 -4.133870e-02 -4.345119e-02 -2.945464e-02 -1.260652e-02
<VARIANCE> 39
 1.454545e+01 2.894870e+01 3.376555e+01 2.646707e+01 4.656423e+01 3.561355e+01 3.600492e+01 3.183790e+01 3.009991e+01 3.001121e+01 2.999044e+01 2.619160e+01 1.670628e+01 3.571497e-01 6.684707e-01 8.351486e-01 1.007620e+00 1.461249e+00 1.441344e+00 1.537499e+00 1.669276e+00 1.632480e+00 1.594212e+00 1.586745e+00 1.465747e+00 2.226361e-01 4.667480e-02 9.244565e-02 1.286109e-01 1.688785e-01 2.321852e-01 2.614385e-01 2.832073e-01 3.156808e-01 3.211648e-01 3.154364e-01 3.084410e-01 2.806322e-01 2.209551e-02
<GCONST> 9.260172e+01
<TRANSP> 5
 0.000000e+00 1.000000e+00 0.000000e+00 0.000000e+00 0.000000e+00
 0.000000e+00 9.510378e-01 4.896224e-02 0.000000e+00 0.000000e+00
 0.000000e+00 0.000000e+00 9.820207e-01 1.797922e-02 0.000000e+00
 0.000000e+00 0.000000e+00 0.000000e+00 9.967921e-01 3.207882e-03
 0.000000e+00 0.000000e+00 0.000000e+00 0.000000e+00 0.000000e+00
<ENDHMM>
