~o
<STREAMINFO> 1 13
<VECSIZE> 13<NULLD><MFCC_0><DIAGC>
~h "ap"
<BEGINHMM>
<NUMSTATES> 5
<STATE> 2
<NUMMIXES> 2
<MIXTURE> 1 5.098691e-01
<MEAN> 13
 -3.820699e+00 -3.298013e+00 -3.251441e+00 -1.993337e+00 2.677282e+00 5.455140e+00 5.543343e+00 1.709367e+00 2.977000e-01 2.131647e+00 2.400249e+00 -1.216199e+00 5.046003e+01
<VARIANCE> 13
 5.765752e+00 5.295263e+00 5.707414e+00 6.892680e+00 1.011907e+01 1.316387e+01 1.317058e+01 1.295850e+01 1.226772e+01 1.265006e+01 1.128650e+01 1.159850e+01 2.548947e+00
<GCONST> 5.186980e+01
<MIXTURE> 2 4.901297e-01
<MEAN> 13
 -3.795281e+00 -4.299805e+00 -4.142802e+00 -3.572703e+00 6.065568e-01 3.287830e+00 3.216244e+00 -3.613408e-01 -1.537497e+00 4.407613e-02 5.475457e-01 -2.541188e+00 5.042315e+01
<VARIANCE> 13
 5.374988e+00 5.275101e+00 6.570347e+00 7.769998e+00 1.200161e+01 1.475132e+01 1.554395e+01 1.460056e+01 1.418792e+01 1.352688e+01 1.128994e+01 1.221528e+01 3.293201e+00
<GCONST> 5.314663e+01
<STATE> 3
<NUMMIXES> 2
<MIXTURE> 1 5.069604e-01
<MEAN> 13
 -6.530309e+00 1.575759e+00 -7.331707e-01 2.523427e-02 1.150844e+00 3.256620e+00 5.141889e+00 2.877121e+00 9.123814e-01 2.506892e+00 1.594512e+00 -1.149127e+00 4.603614e+01
<VARIANCE> 13
 9.329024e+00 6.508686e+00 5.669359e+00 6.808152e+00 9.540949e+00 1.141201e+01 1.184020e+01 1.238569e+01 1.199700e+01 1.231564e+01 1.103208e+01 1.031939e+01 8.681696e+00
<GCONST> 5.322175e+01
<MIXTURE> 2 4.930218e-01
<MEAN> 13
 -7.242319e+00 7.691873e-01 -1.898963e+00 -1.411666e+00 -2.598944e-01 1.285490e+00 3.008586e+00 7.180482e-01 -9.197471e-01 5.372646e-01 -1.231235e-01 -2.190057e+00 4.676003e+01
<VARIANCE> 13
 1.126220e+01 7.859495e+00 6.000085e+00 7.331279e+00 1.056758e+01 1.303599e+01 1.294011e+01 1.283801e+01 1.218239e+01 1.349765e+01 1.172409e+01 1.116073e+01 1.242881e+01
<GCONST> 5.469433e+01
<STATE> 4
<NUMMIXES> 2
<MIXTURE> 1 4.983399e-01
<MEAN> 13
 -8.952065e+00 -8.693378e+00 -3.020439e+00 1.980140e+00 1.817034e+00 -2.551122e+00 3.448376e+00 -3.761078e-01 -2.319561e+00 3.562459e-02 1.831802e+00 -1.070415e+00 5.593552e+01
<VARIANCE> 13
 2.127109e+01 5.404456e+01 2.573861e+01 2.285043e+01 2.783628e+01 3.313639e+01 2.210388e+01 2.868600e+01 2.215707e+01 1.956862e+01 1.556638e+01 1.476402e+01 1.005871e+02
<GCONST> 6.671607e+01
<MIXTURE> 2 5.015129e-01
<MEAN> 13
 -1.230267e+01 -1.426265e+01 -7.678986e+00 5.105594e-01 -1.118917e+00 -7.345869e+00 5.190241e-01 -3.915749e+00 -5.287391e+00 -2.660947e+00 -3.442563e-01 -1.949955e+00 6.747876e+01
<VARIANCE> 13
 2.240377e+01 4.289957e+01 2.993289e+01 2.401208e+01 3.735278e+01 3.194448e+01 2.692760e+01 2.466886e+01 2.326847e+01 2.151724e+01 1.768752e+01 1.513884e+01 1.131550e+02
<GCONST> 6.745595e+01
<TRANSP> 5
 0.000000e+00 1.000000e+00 0.000000e+00 0.000000e+00 0.000000e+00
 0.000000e+00 9.778973e-01 2.210268e-02 0.000000e+00 0.000000e+00
 0.000000e+00 0.000000e+00 9.860523e-01 1.394763e-02 0.000000e+00
 0.000000e+00 0.000000e+00 0.000000e+00 9.965749e-01 3.425052e-03
 0.000000e+00 0.000000e+00 0.000000e+00 0.000000e+00 0.000000e+00
<ENDHMM>
~h "cl"
<BEGINHMM>
<NUMSTATES> 5
<STATE> 2
<NUMMIXES> 2
<MIXTURE> 1 5.146663e-01
<MEAN> 13
 -1.026339e+01 -3.973731e+00 2.799251e+00 -3.887624e+00 4.194880e+00 9.945557e-01 3.593742e+00 5.269347e+00 1.037921e+00 -1.666437e+00 6.135343e-01 9.047744e-01 5.095667e+01
<VARIANCE> 13
 5.236746e+01 3.263313e+01 4.358336e+01 4.642637e+01 5.844607e+01 5.357534e+01 2.609264e+01 5.001255e+01 3.600836e+01 6.773962e+01 6.131816e+01 6.335711e+01 3.519524e+01
<GCONST> 7.379688e+01
<MIXTURE> 2 4.853152e-01
<MEAN> 13
 -1.027781e+01 -5.784316e+00 1.783002e+00 -4.818245e+00 2.961586e+00 -6.962886e-01 1.243184e+00 2.973320e+00 -1.017609e+00 -2.800099e+00 -8.299799e-01 -6.662251e-01 5.274460e+01
<VARIANCE> 13
 5.627786e+01 3.606505e+01 4.396325e+01 4.213689e+01 6.725364e+01 5.405055e+01 3.434545e+01 5.569652e+01 4.113317e+01 6.763773e+01 5.764521e+01 6.675581e+01 4.609542e+01
<GCONST> 7.480412e+01
<STATE> 3
<NUMMIXES> 2
<MIXTURE> 1 5.050260e-01
<MEAN> 13
 -1.870770e+01 2.933040e+00 -7.775012e-01 -4.600299e+00 -2.687573e+00 1.356625e+01 1.852883e+00 -2.913715e+00 8.577807e+00 -2.277482e+00 -2.338347e+00 5.855960e+00 5.875602e+01
<VARIANCE> 13
 4.106016e+01 8.234115e+00 1.150686e+01 1.003410e+01 1.446659e+01 2.473201e+01 2.281926e+01 1.994587e+01 2.133150e+01 1.875472e+01 1.811383e+01 1.767132e+01 1.643027e+01
<GCONST> 6.102460e+01
<MIXTURE> 2 4.949989e-01
<MEAN> 13
 -1.766880e+01 2.244064e+00 -2.131048e+00 -5.968320e+00 -4.423714e+00 1.110506e+01 -5.194340e-01 -5.029293e+00 6.189248e+00 -3.948555e+00 -3.624317e+00 4.658535e+00 5.850210e+01
<VARIANCE> 13
 4.527715e+01 1.028640e+01 1.292716e+01 1.149407e+01 1.666064e+01 2.974117e+01 2.597634e+01 2.357015e+01 2.336735e+01 1.887396e+01 1.830252e+01 1.812649e+01 1.820386e+01
<GCONST> 6.245511e+01
<STATE> 4
<NUMMIXES> 2
<MIXTURE> 1 5.048466e-01
<MEAN> 13
 -2.071453e+01 1.550757e+00 6.686122e+00 -2.248031e+00 -5.241063e+00 1.078119e+01 2.947216e+00 -5.080664e+00 3.860602e+00 5.082762e+00 -9.992956e+00 4.831084e+00 5.577583e+01
<VARIANCE> 13
 5.064942e+01 8.335496e+00 1.468223e+01 1.642604e+01 2.577491e+01 3.135697e+01 2.481495e+01 4.263519e+01 3.160559e+01 2.872334e+01 3.283238e+01 2.804796e+01 3.851483e+01
<GCONST> 6.636974e+01
<MIXTURE> 2 4.950562e-01
<MEAN> 13
 -2.096509e+01 6.249472e-01 5.791181e+00 -3.949248e+00 -7.245581e+00 8.931526e+00 1.871492e-01 -7.654464e+00 1.819216e+00 3.242041e+00 -1.165500e+01 4.256451e+00 5.742351e+01
<VARIANCE> 13
 5.829753e+01 9.686156e+00 1.878637e+01 1.621713e+01 2.848041e+01 3.674278e+01 2.804443e+01 5.147554e+01 3.490279e+01 2.707233e+01 3.531610e+01 3.268343e+01 4.438651e+01
<GCONST> 6.787114e+01
<TRANSP> 5
 0.000000e+00 1.000000e+00 0.000000e+00 0.000000e+00 0.000000e+00
 0.000000e+00 9.817626e-01 1.823744e-02 0.000000e+00 0.000000e+00
 0.000000e+00 0.000000e+00 9.868898e-01 1.311022e-02 0.000000e+00
 0.000000e+00 0.000000e+00 0.000000e+00 9.943056e-01 5.694418e-03
 0.000000e+00 0.000000e+00 0.000000e+00 0.000000e+00 0.000000e+00
<ENDHMM>
~h "cm"
<BEGINHMM>
<NUMSTATES> 5
<STATE> 2
<NUMMIXES> 2
<MIXTURE> 1 5.077151e-01
<MEAN> 13
 -8.779859e+00 3.507308e-01 -1.964616e+00 -3.372786e+00 5.018113e-01 2.334262e-01 -1.267063e+00 -8.097361e-01 -2.506157e+00 -4.002651e-01 1.117002e+00 -1.334422e+00 6.194961e+01
<VARIANCE> 13
 2.496629e+01 1.189316e+01 1.161254e+01 1.325361e+01 1.336083e+01 1.444725e+01 1.614755e+01 1.825565e+01 1.716241e+01 1.708994e+01 1.854983e+01 1.478021e+01 5.436306e+01
<GCONST> 6.086197e+01
<MIXTURE> 2 4.921956e-01
<MEAN> 13
 -8.596952e+00 -7.687495e-01 -3.303756e+00 -4.848484e+00 -1.512841e+00 -1.946539e+00 -3.493209e+00 -3.132651e+00 -4.671996e+00 -2.468379e+00 -9.221435e-01 -2.512919e+00 6.395060e+01
<VARIANCE> 13
 2.345934e+01 1.319306e+01 1.273206e+01 1.443098e+01 1.405830e+01 1.505207e+01 1.595981e+01 1.798439e+01 1.775595e+01 1.739642e+01 1.876639e+01 1.506813e+01 6.159734e+01
<GCONST> 6.135342e+01
<STATE> 3
<NUMMIXES> 2
<MIXTURE> 1 5.015922e-01
<MEAN> 13
 -9.074617e+00 2.215111e+00 6.350822e-01 -8.955359e-01 1.328670e+00 1.487699e+00 3.439127e+00 2.306111e+00 1.140256e+00 1.369262e+00 1.454369e+00 -1.463881e+00 4.877274e+01
<VARIANCE> 13
 1.423463e+01 7.496426e+00 8.381463e+00 1.058535e+01 1.252378e+01 1.339330e+01 1.458033e+01 1.523486e+01 1.548114e+01 1.463436e+01 1.316710e+01 1.243128e+01 1.023081e+01
<GCONST> 5.641998e+01
<MIXTURE> 2 4.982791e-01
<MEAN> 13
 -9.163492e+00 1.262070e+00 -4.643587e-01 -2.399316e+00 -3.590764e-01 -5.768796e-01 1.414416e+00 2.205002e-01 -8.095842e-01 -4.516501e-01 -1.837337e-01 -2.675208e+00 4.916486e+01
<VARIANCE> 13
 1.339863e+01 9.593843e+00 9.364124e+00 1.210637e+01 1.378563e+01 1.518957e+01 1.566621e+01 1.648151e+01 1.576900e+01 1.485382e+01 1.374056e+01 1.289616e+01 1.223926e+01
<GCONST> 5.751551e+01
<STATE> 4
<NUMMIXES> 2
<MIXTURE> 1 5.081763e-01
<MEAN> 13
 -5.915731e+00 -2.398106e+00 -3.317353e+00 -3.645382e+00 6.622492e-01 2.650308e+00 4.038996e+00 1.529355e+00 4.367740e-01 1.755150e+00 1.745600e+00 -2.077238e+00 5.306570e+01
<VARIANCE> 13
 1.215648e+01 9.435091e+00 9.661465e+00 1.193576e+01 1.534500e+01 1.803724e+01 1.597039e+01 1.565479e+01 1.528986e+01 1.458990e+01 1.427800e+01 1.362383e+01 1.474597e+01
<GCONST> 5.789616e+01
<MIXTURE> 2 4.917257e-01
<MEAN> 13
 -6.304650e+00 -3.511186e+00 -3.902196e+00 -5.633607e+00 -1.585661e+00 -8.995825e-02 1.495099e+00 -4.975333e-01 -1.419751e+00 -2.757501e-01 -3.296563e-02 -3.451310e+00 5.429995e+01
<VARIANCE> 13
 1.355997e+01 1.252538e+01 1.200423e+01 1.537116e+01 1.794613e+01 2.218125e+01 1.818994e+01 1.725272e+01 1.716808e+01 1.636524e+01 1.550790e+01 1.479337e+01 2.298925e+01
<GCONST> 6.018926e+01
<TRANSP> 5
 0.000000e+00 1.000000e+00 0.000000e+00 0.000000e+00 0.000000e+00
 0.000000e+00 9.899305e-01 1.006955e-02 0.000000e+00 0.000000e+00
 0.000000e+00 0.000000e+00 9.897535e-01 1.024652e-02 0.000000e+00
 0.000000e+00 0.000000e+00 0.000000e+00 9.914908e-01 8.509196e-03
 0.000000e+00 0.000000e+00 0.000000e+00 0.000000e+00 0.000000e+00
<ENDHMM>
~h "co"
<BEGINHMM>
<NUMSTATES> 5
<STATE> 2
<NUMMIXES> 2
<MIXTURE> 1 4.975191e-01
<MEAN> 13
 -5.557232e+00 -5.160038e+00 1.876397e+00 4.436964e-01 -3.952835e+00 -3.760311e+00 -3.386153e+00 -4.354162e+00 -2.522115e+00 -2.915950e+00 -2.864218e+00 -7.062959e+00 6.146191e+01
<VARIANCE> 13
 1.857501e+01 1.579277e+01 2.457406e+01 2.658444e+01 4.451429e+01 4.141280e+01 5.586034e+01 5.473815e+01 3.735991e+01 3.680339e+01 3.540063e+01 3.166858e+01 7.627760e+01
<GCONST> 7.018323e+01
<MIXTURE> 2 5.024990e-01
<MEAN> 13
 -5.857164e+00 -6.556405e+00 -3.258315e-01 -1.897029e+00 -7.985169e+00 -7.648323e+00 -7.952216e+00 -7.121000e+00 -4.853620e+00 -5.602207e+00 -5.261082e+00 -1.006877e+01 6.693836e+01
<VARIANCE> 13
 1.519178e+01 1.484873e+01 2.683230e+01 2.480324e+01 4.248596e+01 3.971429e+01 5.294508e+01 5.739514e+01 4.497775e+01 4.230250e+01 3.834467e+01 3.837606e+01 5.047916e+01
<GCONST> 7.002837e+01
<STATE> 3
<NUMMIXES> 2
<MIXTURE> 1 4.700561e-01
<MEAN> 13
 -1.813312e+00 5.087556e-01 4.377826e+00 2.871963e+00 3.029948e+00 5.527458e-01 -8.503627e-01 -2.732423e+00 -3.958828e+00 -2.762918e+00 -2.514874e+00 -6.637148e+00 4.975904e+01
<VARIANCE> 13
 6.271948e+00 1.636188e+01 2.026441e+01 2.007915e+01 1.628028e+01 1.818157e+01 2.068092e+01 2.324209e+01 2.156824e+01 2.072912e+01 1.741616e+01 1.745467e+01 1.929161e+01
<GCONST> 6.117698e+01
<MIXTURE> 2 5.299432e-01
<MEAN> 13
 -1.989883e+00 -3.109847e-01 3.205874e+00 1.070549e+00 1.479059e+00 -1.204359e+00 -2.655256e+00 -4.597970e+00 -6.038628e+00 -4.469676e+00 -3.582924e+00 -7.706761e+00 4.990495e+01
<VARIANCE> 13
 6.482127e+00 1.621127e+01 1.829807e+01 1.803274e+01 1.642535e+01 1.931601e+01 2.172624e+01 2.474388e+01 2.273566e+01 2.186098e+01 1.682214e+01 1.796310e+01 1.732326e+01
<GCONST> 6.116471e+01
<STATE> 4
<NUMMIXES> 2
<MIXTURE> 1 5.127914e-01
<MEAN> 13
 -4.374112e+00 -1.201558e+00 -1.499893e+00 -1.204066e+00 1.518823e+00 3.832196e+00 4.926626e+00 2.455570e+00 6.307122e-01 2.147120e+00 1.795452e+00 -1.562767e+00 4.762589e+01
<VARIANCE> 13
 7.450667e+00 1.636544e+01 1.066792e+01 1.011081e+01 1.100633e+01 1.462239e+01 1.263880e+01 1.442773e+01 1.423957e+01 1.368378e+01 1.246559e+01 1.262437e+01 9.666497e+00
<GCONST> 5.626318e+01
<MIXTURE> 2 4.872193e-01
<MEAN> 13
 -4.789310e+00 -1.974160e+00 -2.446865e+00 -2.594053e+00 8.866949e-02 1.958253e+00 2.999181e+00 4.796407e-01 -1.399714e+00 2.164706e-01 8.072741e-02 -2.813676e+00 4.771865e+01
<VARIANCE> 13
 7.983139e+00 1.696051e+01 1.117119e+01 1.014428e+01 1.224721e+01 1.559386e+01 1.331967e+01 1.502989e+01 1.406443e+01 1.357400e+01 1.316294e+01 1.286150e+01 9.801376e+00
<GCONST> 5.674829e+01
<TRANSP> 5
 0.000000e+00 1.000000e+00 0.000000e+00 0.000000e+00 0.000000e+00
 0.000000e+00 9.910564e-01 8.943656e-03 0.000000e+00 0.000000e+00
 0.000000e+00 0.000000e+00 9.674783e-01 3.252171e-02 0.000000e+00
 0.000000e+00 0.000000e+00 0.000000e+00 9.923866e-01 7.613411e-03
 0.000000e+00 0.000000e+00 0.000000e+00 0.000000e+00 0.000000e+00
<ENDHMM>
~h "ds"
<BEGINHMM>
<NUMSTATES> 5
<STATE> 2
<NUMMIXES> 2
<MIXTURE> 1 4.772268e-01
<MEAN> 13
 -9.087034e+00 3.656018e+00 4.774329e+00 3.964478e+00 5.279550e+00 2.811957e+00 5.722502e+00 -3.102283e-01 2.587840e+00 8.259954e-01 3.221962e+00 1.583112e-02 6.005258e+01
<VARIANCE> 13
 1.830820e+01 1.261052e+01 1.737232e+01 1.590595e+01 2.010037e+01 2.096604e+01 2.094770e+01 1.888806e+01 2.033114e+01 2.212525e+01 1.787577e+01 1.532157e+01 9.678484e+01
<GCONST> 6.327413e+01
<MIXTURE> 2 5.227851e-01
<MEAN> 13
 -1.138351e+01 7.503949e-01 8.870952e-01 1.469130e-01 1.281575e+00 -5.788069e-01 2.468830e+00 -2.438775e+00 1.276286e-01 -1.804693e-01 2.196772e+00 -1.426912e+00 5.774955e+01
<VARIANCE> 13
 2.187264e+01 1.225323e+01 1.602604e+01 1.546114e+01 2.350275e+01 2.290545e+01 2.448610e+01 2.245109e+01 2.336350e+01 2.634721e+01 1.901573e+01 1.713014e+01 9.223514e+01
<GCONST> 6.432690e+01
<STATE> 3
<NUMMIXES> 2
<MIXTURE> 1 4.905035e-01
<MEAN> 13
 -6.297687e+00 2.471351e+00 1.419016e+00 1.869647e-01 2.287802e+00 3.030052e+00 5.145189e+00 2.987319e+00 2.177690e+00 2.388430e+00 2.338300e+00 -1.694963e+00 4.788683e+01
<VARIANCE> 13
 1.040883e+01 5.857320e+00 9.566535e+00 1.051094e+01 1.937274e+01 1.561742e+01 1.589735e+01 1.746547e+01 1.664467e+01 1.608459e+01 1.446354e+01 1.239434e+01 1.010157e+01
<GCONST> 5.704358e+01
<MIXTURE> 2 5.094885e-01
<MEAN> 13
 -6.893927e+00 1.538008e+00 -1.531797e-01 -1.852963e+00 -3.868611e-01 7.491795e-01 2.816397e+00 1.083851e+00 5.153288e-02 7.395635e-01 5.302299e-01 -3.030326e+00 4.708250e+01
<VARIANCE> 13
 1.075227e+01 5.862700e+00 9.022689e+00 1.085109e+01 1.979556e+01 1.511882e+01 1.578159e+01 1.807084e+01 1.708443e+01 1.778243e+01 1.546602e+01 1.324435e+01 8.934687e+00
<GCONST> 5.720321e+01
<STATE> 4
<NUMMIXES> 2
<MIXTURE> 1 5.095835e-01
<MEAN> 13
 -9.081858e+00 -2.187697e+00 -1.793010e+00 -2.765264e+00 9.933300e-01 3.415847e+00 4.714708e+00 1.473860e+00 5.216344e-01 1.736734e+00 2.700952e+00 -1.341071e+00 5.512433e+01
<VARIANCE> 13
 5.365944e+01 1.119037e+01 1.254463e+01 1.225620e+01 1.556882e+01 2.570040e+01 1.974474e+01 1.902040e+01 1.693178e+01 1.635100e+01 1.456788e+01 1.340489e+01 2.635770e+01
<GCONST> 6.141529e+01
<MIXTURE> 2 4.902235e-01
<MEAN> 13
 -8.566359e+00 -3.754714e+00 -2.995958e+00 -4.487360e+00 -9.109115e-01 7.706933e-01 2.295720e+00 -5.880872e-01 -1.461028e+00 -2.359858e-01 7.144017e-01 -2.746891e+00 5.574451e+01
<VARIANCE> 13
 4.558725e+01 1.441087e+01 1.246368e+01 1.414843e+01 1.685101e+01 2.730372e+01 2.351115e+01 2.039105e+01 1.807197e+01 1.727606e+01 1.568235e+01 1.483287e+01 3.608048e+01
<GCONST> 6.263526e+01
<TRANSP> 5
 0.000000e+00 1.000000e+00 0.000000e+00 0.000000e+00 0.000000e+00
 0.000000e+00 9.898225e-01 1.017752e-02 0.000000e+00 0.000000e+00
 0.000000e+00 0.000000e+00 9.869513e-01 1.304872e-02 0.000000e+00
 0.000000e+00 0.000000e+00 0.000000e+00 9.922043e-01 7.795697e-03
 0.000000e+00 0.000000e+00 0.000000e+00 0.000000e+00 0.000000e+00
<ENDHMM>
~h "kj"
<BEGINHMM>
<NUMSTATES> 5
<STATE> 2
<NUMMIXES> 2
<MIXTURE> 1 5.073312e-01
<MEAN> 13
 -2.286335e+01 3.926092e+00 2.869439e+00 -4.783188e+00 -4.287490e+00 1.348275e+01 1.602621e+00 -2.079259e+00 9.437059e+00 -3.490193e+00 -3.580491e+00 6.579488e+00 5.882165e+01
<VARIANCE> 13
 3.377460e+01 7.318713e+00 1.658155e+01 1.287001e+01 1.604362e+01 3.327469e+01 2.254536e+01 1.903773e+01 2.285175e+01 2.009006e+01 1.850069e+01 1.954615e+01 2.387799e+01
<GCONST> 6.230060e+01
<MIXTURE> 2 4.926324e-01
<MEAN> 13
 -2.255028e+01 3.219884e+00 1.703672e+00 -6.215408e+00 -6.061714e+00 1.116262e+01 -2.562016e-01 -3.982681e+00 7.561688e+00 -5.198611e+00 -5.085072e+00 5.185682e+00 5.908698e+01
<VARIANCE> 13
 4.032792e+01 8.309006e+00 1.867476e+01 1.522831e+01 1.736408e+01 4.061106e+01 2.434276e+01 2.006401e+01 2.491849e+01 1.968706e+01 1.842762e+01 2.171485e+01 2.493460e+01
<GCONST> 6.351040e+01
<STATE> 3
<NUMMIXES> 2
<MIXTURE> 1 5.184315e-01
<MEAN> 13
 -7.797663e+00 -9.646413e-01 -2.123914e+00 -1.026077e+00 -9.422058e-01 2.217141e+00 3.634621e+00 5.817755e-01 1.486012e+00 1.999971e+00 6.223993e-01 -7.469556e-01 5.103474e+01
<VARIANCE> 13
 2.163441e+01 2.270398e+01 1.329953e+01 1.391326e+01 2.138223e+01 2.603265e+01 2.024716e+01 1.902186e+01 2.089263e+01 1.625068e+01 1.553425e+01 1.778472e+01 3.410648e+01
<GCONST> 6.256373e+01
<MIXTURE> 2 4.814798e-01
<MEAN> 13
 -1.003350e+01 -3.702482e+00 -4.227170e+00 -2.265513e+00 -2.800821e+00 -1.496395e+00 6.738011e-01 -2.471920e+00 -1.314607e+00 -1.134338e-01 -8.177184e-01 -1.654961e+00 5.648766e+01
<VARIANCE> 13
 3.522099e+01 3.847455e+01 1.736196e+01 1.648516e+01 2.346076e+01 3.241028e+01 2.388086e+01 2.204767e+01 2.613882e+01 1.888605e+01 1.734143e+01 1.767585e+01 9.184933e+01
<GCONST> 6.610817e+01
<STATE> 4
<NUMMIXES> 2
<MIXTURE> 1 5.042549e-01
<MEAN> 13
 -1.853835e+01 3.889081e+00 1.449116e+00 1.577794e+00 -9.914861e-01 1.906663e+00 5.455856e+00 2.359657e+00 -9.932332e-01 3.069458e+00 1.710685e+00 -1.688509e+00 5.319759e+01
<VARIANCE> 13
 6.183028e+01 1.981612e+01 1.567277e+01 2.175484e+01 1.593515e+01 2.181212e+01 3.167919e+01 2.053757e+01 2.074815e+01 2.639828e+01 1.623231e+01 1.755617e+01 2.615307e+01
<GCONST> 6.438609e+01
<MIXTURE> 2 4.957780e-01
<MEAN> 13
 -1.753633e+01 1.861699e+00 2.171245e-02 4.896643e-02 -2.593174e+00 -5.419602e-01 3.480760e+00 -1.855238e-01 -2.983958e+00 1.818435e+00 7.022586e-02 -2.884964e+00 5.401184e+01
<VARIANCE> 13
 6.344940e+01 2.939112e+01 1.783408e+01 2.059430e+01 1.715517e+01 2.327205e+01 3.233168e+01 2.178022e+01 2.101526e+01 2.512199e+01 1.638024e+01 1.753728e+01 3.615064e+01
<GCONST> 6.539316e+01
<TRANSP> 5
 0.000000e+00 1.000000e+00 0.000000e+00 0.000000e+00 0.000000e+00
 0.000000e+00 9.833375e-01 1.666257e-02 0.000000e+00 0.000000e+00
 0.000000e+00 0.000000e+00 9.923114e-01 7.688589e-03 0.000000e+00
 0.000000e+00 0.000000e+00 0.000000e+00 9.961427e-01 3.857306e-03
 0.000000e+00 0.000000e+00 0.000000e+00 0.000000e+00 0.000000e+00
<ENDHMM>
~h "kn"
<BEGINHMM>
<NUMSTATES> 5
<STATE> 2
<NUMMIXES> 2
<MIXTURE> 1 5.116878e-01
<MEAN> 13
 -2.016736e+00 2.734069e+00 -4.129351e-01 -9.869570e-01 1.027363e+00 -3.070610e-01 2.425667e+00 -2.078674e+00 1.605779e+00 2.172758e+00 2.363885e+00 -1.064992e+00 5.540541e+01
<VARIANCE> 13
 5.544744e+01 2.161591e+01 1.936061e+01 1.268175e+01 1.939782e+01 2.229667e+01 2.495463e+01 2.515788e+01 2.862136e+01 2.362395e+01 2.108020e+01 1.851267e+01 6.450065e+01
<GCONST> 6.564639e+01
<MIXTURE> 2 4.883020e-01
<MEAN> 13
 -2.411786e+00 1.269068e+00 -1.635106e+00 -2.247828e+00 -6.549758e-01 -2.246639e+00 3.268351e-01 -3.882887e+00 -4.768094e-01 6.406956e-01 4.933668e-01 -2.803035e+00 5.504141e+01
<VARIANCE> 13
 5.278537e+01 2.097303e+01 2.128967e+01 1.246925e+01 2.094364e+01 2.444600e+01 3.038108e+01 2.995775e+01 2.799037e+01 2.630105e+01 2.338104e+01 2.138575e+01 6.138475e+01
<GCONST> 6.646855e+01
<STATE> 3
<NUMMIXES> 2
<MIXTURE> 1 5.060039e-01
<MEAN> 13
 5.504730e+00 1.839941e-01 -1.502448e+00 2.401431e+00 6.374941e+00 1.089163e+00 3.109879e+00 -2.014974e+00 6.500068e-02 -1.618693e-01 1.657810e+00 -1.272032e+00 5.887136e+01
<VARIANCE> 13
 1.020374e+01 1.819442e+01 1.383407e+01 1.113293e+01 1.640832e+01 2.081826e+01 1.900518e+01 1.908313e+01 2.035666e+01 1.833997e+01 1.582512e+01 1.643033e+01 4.028822e+01
<GCONST> 6.105973e+01
<MIXTURE> 2 4.939879e-01
<MEAN> 13
 5.463542e+00 -9.528170e-01 -2.595027e+00 8.469289e-01 4.045517e+00 -1.012354e+00 9.336954e-01 -4.624835e+00 -2.520428e+00 -2.610643e+00 -2.586101e-01 -3.169312e+00 5.843018e+01
<VARIANCE> 13
 9.320866e+00 2.369460e+01 1.673434e+01 1.224720e+01 1.776827e+01 2.265752e+01 1.876812e+01 2.450533e+01 2.083263e+01 1.874531e+01 1.548966e+01 1.685116e+01 4.228463e+01
<GCONST> 6.201810e+01
<STATE> 4
<NUMMIXES> 2
<MIXTURE> 1 5.176839e-01
<MEAN> 13
 -3.169767e+00 5.677914e-02 9.256685e-01 -1.595060e+00 1.952375e-01 3.493325e+00 4.110325e+00 1.711597e+00 4.461082e-01 2.506868e+00 7.991825e-01 -2.583342e+00 4.658460e+01
<VARIANCE> 13
 5.237206e+00 1.592599e+01 1.527246e+01 1.001143e+01 2.689727e+01 1.475818e+01 2.093136e+01 2.408293e+01 1.850728e+01 2.373136e+01 1.894974e+01 1.441993e+01 8.347990e+00
<GCONST> 5.936988e+01
<MIXTURE> 2 4.823420e-01
<MEAN> 13
 -3.883454e+00 -9.407601e-01 2.999721e-02 -3.237145e+00 -2.175903e+00 1.227432e+00 2.125157e+00 -7.142879e-01 -1.393802e+00 1.382756e+00 -7.260591e-01 -3.526009e+00 4.660184e+01
<VARIANCE> 13
 5.147913e+00 1.484536e+01 1.627213e+01 1.025400e+01 2.635381e+01 1.770042e+01 2.499719e+01 3.054453e+01 1.823534e+01 2.739641e+01 2.293723e+01 1.544886e+01 9.641644e+00
<GCONST> 6.047912e+01
<TRANSP> 5
 0.000000e+00 1.000000e+00 0.000000e+00 0.000000e+00 0.000000e+00
 0.000000e+00 9.680334e-01 3.196658e-02 0.000000e+00 0.000000e+00
 0.000000e+00 0.000000e+00 9.873739e-01 1.262609e-02 0.000000e+00
 0.000000e+00 0.000000e+00 0.000000e+00 9.923732e-01 7.626773e-03
 0.000000e+00 0.000000e+00 0.000000e+00 0.000000e+00 0.000000e+00
<ENDHMM>
~h "kt"
<BEGINHMM>
<NUMSTATES> 5
<STATE> 2
<NUMMIXES> 2
<MIXTURE> 1 5.102772e-01
<MEAN> 13
 -1.159298e+01 3.037478e+00 -2.564562e+00 1.303332e+00 1.719612e+00 -7.228034e-01 3.598646e+00 2.023305e+00 1.040495e+00 3.138005e-01 9.783282e-01 -9.933464e-01 5.265261e+01
<VARIANCE> 13
 7.833443e+00 7.381907e+00 8.827455e+00 1.144908e+01 1.236346e+01 1.448160e+01 1.569570e+01 1.557834e+01 1.649539e+01 1.703359e+01 1.527694e+01 1.294368e+01 1.960299e+01
<GCONST> 5.715340e+01
<MIXTURE> 2 4.897466e-01
<MEAN> 13
 -1.257019e+01 2.270692e+00 -3.703481e+00 8.165774e-02 1.286957e-01 -2.802377e+00 1.435609e+00 5.880233e-02 -9.993937e-01 -1.405455e+00 -1.059325e+00 -2.164020e+00 5.373391e+01
<VARIANCE> 13
 8.457314e+00 9.211026e+00 9.161799e+00 1.251361e+01 1.370644e+01 1.666921e+01 1.741046e+01 1.693328e+01 1.752361e+01 1.856001e+01 1.688473e+01 1.362199e+01 2.138833e+01
<GCONST> 5.839297e+01
<STATE> 3
<NUMMIXES> 2
<MIXTURE> 1 5.086325e-01
<MEAN> 13
 -8.196453e+00 2.878938e+00 -1.371683e+00 2.234742e-01 5.016202e-01 1.308739e+00 4.478266e+00 2.768683e+00 1.596862e+00 1.618804e+00 1.373074e+00 -1.383189e+00 4.762358e+01
<VARIANCE> 13
 9.812840e+00 7.598624e+00 9.197815e+00 9.289315e+00 1.599365e+01 1.395444e+01 1.559039e+01 1.634805e+01 1.514258e+01 1.599650e+01 1.346010e+01 1.193937e+01 8.706254e+00
<GCONST> 5.633414e+01
<MIXTURE> 2 4.913653e-01
<MEAN> 13
 -8.682526e+00 2.212953e+00 -2.480514e+00 -1.227122e+00 -1.210725e+00 -6.546931e-01 2.357495e+00 7.427143e-01 -3.235853e-01 -2.417572e-01 -4.411477e-01 -2.697537e+00 4.803371e+01
<VARIANCE> 13
 1.032160e+01 8.507263e+00 9.906050e+00 1.020276e+01 1.731249e+01 1.510116e+01 1.653133e+01 1.778227e+01 1.644115e+01 1.755373e+01 1.419629e+01 1.243461e+01 1.115085e+01
<GCONST> 5.748305e+01
<STATE> 4
<NUMMIXES> 2
<MIXTURE> 1 5.070913e-01
<MEAN> 13
 -7.953509e+00 -1.808410e+00 -4.573149e+00 -1.625722e+00 2.402170e+00 3.482275e+00 5.839767e+00 1.734684e+00 8.602741e-01 1.992507e+00 2.117476e+00 -1.026444e+00 5.322212e+01
<VARIANCE> 13
 1.904833e+01 9.602491e+00 8.198469e+00 8.555546e+00 1.006567e+01 1.473089e+01 1.307512e+01 1.416030e+01 1.469862e+01 1.326829e+01 1.260520e+01 1.191353e+01 1.464443e+01
<GCONST> 5.654113e+01
<MIXTURE> 2 4.927993e-01
<MEAN> 13
 -7.998589e+00 -2.721920e+00 -5.327426e+00 -3.133993e+00 5.929382e-01 1.572432e+00 3.611193e+00 -4.538711e-01 -1.238402e+00 -2.024987e-02 2.798997e-01 -2.290636e+00 5.311716e+01
<VARIANCE> 13
 1.965690e+01 1.086841e+01 9.344316e+00 9.326900e+00 1.120479e+01 1.626120e+01 1.440396e+01 1.508085e+01 1.478540e+01 1.309116e+01 1.308025e+01 1.273196e+01 1.553391e+01
<GCONST> 5.743423e+01
<TRANSP> 5
 0.000000e+00 1.000000e+00 0.000000e+00 0.000000e+00 0.000000e+00
 0.000000e+00 9.903264e-01 9.673580e-03 0.000000e+00 0.000000e+00
 0.000000e+00 0.000000e+00 9.945149e-01 5.485106e-03 0.000000e+00
 0.000000e+00 0.000000e+00 0.000000e+00 9.965528e-01 3.447159e-03
 0.000000e+00 0.000000e+00 0.000000e+00 0.000000e+00 0.000000e+00
<ENDHMM>
~h "pr"
<BEGINHMM>
<NUMSTATES> 5
<STATE> 2
<NUMMIXES> 2
<MIXTURE> 1 5.037149e-01
<MEAN> 13
 -6.988871e+00 -6.160087e+00 1.219847e+00 -5.004940e+00 2.602438e+00 6.888072e+00 2.438688e+00 1.245385e+00 6.488186e-01 3.037775e+00 2.940772e+00 -1.610880e+00 5.032827e+01
<VARIANCE> 13
 1.328562e+01 5.720160e+01 3.521856e+01 3.659624e+01 6.631326e+01 8.032681e+01 2.711314e+01 3.609375e+01 4.913401e+01 3.717479e+01 5.565949e+01 3.395712e+01 2.373168e+01
<GCONST> 7.137516e+01
<MIXTURE> 2 4.962634e-01
<MEAN> 13
 -7.191583e+00 -6.511328e+00 1.646819e-01 -6.064986e+00 1.300407e+00 5.339300e+00 4.662521e-01 -9.517937e-01 -1.797001e-01 1.438800e+00 1.572167e+00 -3.124340e+00 5.084956e+01
<VARIANCE> 13
 1.546445e+01 5.398683e+01 3.556172e+01 3.801490e+01 7.069622e+01 8.361514e+01 2.939617e+01 4.097197e+01 5.631641e+01 3.746621e+01 5.838890e+01 3.837553e+01 2.531571e+01
<GCONST> 7.220770e+01
<STATE> 3
<NUMMIXES> 2
<MIXTURE> 1 5.023686e-01
<MEAN> 13
 -1.497401e+01 -7.486541e+00 1.795130e+00 -4.321595e+00 3.329707e+00 -1.700141e+00 6.713987e+00 4.914149e+00 6.323630e-01 -1.456147e+00 4.099576e-01 2.249220e+00 5.826647e+01
<VARIANCE> 13
 3.513042e+01 3.700444e+01 4.058882e+01 3.876410e+01 9.112757e+01 8.250501e+01 6.398378e+01 7.352209e+01 5.064751e+01 3.764555e+01 6.209274e+01 7.460452e+01 2.335815e+01
<GCONST> 7.494971e+01
<MIXTURE> 2 4.976395e-01
<MEAN> 13
 -1.481322e+01 -8.317149e+00 9.720069e-01 -5.626118e+00 1.915186e+00 -2.220338e+00 5.314528e+00 3.000162e+00 -6.672623e-01 -2.997821e+00 -6.866445e-01 8.762116e-01 5.850240e+01
<VARIANCE> 13
 3.644893e+01 3.682960e+01 4.461977e+01 3.727086e+01 9.054230e+01 7.749871e+01 6.752272e+01 7.389460e+01 4.903613e+01 3.826725e+01 5.663935e+01 7.153960e+01 2.146552e+01
<GCONST> 7.479274e+01
<STATE> 4
<NUMMIXES> 2
<MIXTURE> 1 5.030871e-01
<MEAN> 13
 -1.628973e+01 3.536003e+00 1.434371e+01 -1.289725e+01 4.219125e+00 1.059527e+01 -3.284766e+00 -1.234179e+00 8.945210e+00 -3.168596e+00 -5.972613e+00 7.112339e+00 5.045354e+01
<VARIANCE> 13
 4.696762e+01 1.215830e+01 4.510529e+01 5.224998e+01 2.280284e+01 3.951777e+01 2.201420e+01 4.193354e+01 5.122071e+01 3.965466e+01 3.908899e+01 3.595748e+01 2.202323e+01
<GCONST> 6.959295e+01
<MIXTURE> 2 4.969265e-01
<MEAN> 13
 -1.572712e+01 2.685201e+00 1.308634e+01 -1.322528e+01 2.674567e+00 8.602735e+00 -4.939119e+00 -2.651067e+00 6.971047e+00 -4.297990e+00 -7.158718e+00 5.808500e+00 5.017527e+01
<VARIANCE> 13
 4.628002e+01 1.318941e+01 4.954531e+01 5.629586e+01 2.345165e+01 4.269414e+01 2.378414e+01 4.268367e+01 5.242757e+01 4.018340e+01 3.976751e+01 3.849877e+01 2.294455e+01
<GCONST> 7.019151e+01
<TRANSP> 5
 0.000000e+00 1.000000e+00 0.000000e+00 0.000000e+00 0.000000e+00
 0.000000e+00 9.772271e-01 2.277290e-02 0.000000e+00 0.000000e+00
 0.000000e+00 0.000000e+00 9.950287e-01 4.971241e-03 0.000000e+00
 0.000000e+00 0.000000e+00 0.000000e+00 9.922963e-01 7.703660e-03
 0.000000e+00 0.000000e+00 0.000000e+00 0.000000e+00 0.000000e+00
<ENDHMM>
~h "pw"
<BEGINHMM>
<NUMSTATES> 5
<STATE> 2
<NUMMIXES> 2
<MIXTURE> 1 5.084689e-01
<MEAN> 13
 -1.248454e+01 -2.241791e+00 -1.017709e+00 1.145358e-02 2.115039e+00 8.859650e-02 3.993943e+00 1.083581e+00 2.985655e-01 1.766041e+00 1.333653e+00 -2.574004e-01 5.353279e+01
<VARIANCE> 13
 1.605666e+01 1.896862e+01 1.300176e+01 1.147829e+01 1.290748e+01 1.719553e+01 1.558888e+01 1.730167e+01 1.599893e+01 1.458452e+01 1.341023e+01 1.247313e+01 2.772956e+01
<GCONST> 5.951125e+01
<MIXTURE> 2 4.915119e-01
<MEAN> 13
 -1.357476e+01 -4.302145e+00 -2.304828e+00 -1.482228e+00 5.559642e-02 -2.629801e+00 1.545231e+00 -1.663642e+00 -1.940964e+00 -3.274240e-01 -5.028331e-01 -1.452130e+00 5.654109e+01
<VARIANCE> 13
 1.711641e+01 2.227698e+01 1.295954e+01 1.207249e+01 1.476922e+01 2.062848e+01 1.760672e+01 1.970279e+01 1.665090e+01 1.500518e+01 1.392289e+01 1.316604e+01 3.944076e+01
<GCONST> 6.086385e+01
<STATE> 3
<NUMMIXES> 2
<MIXTURE> 1 5.213712e-01
<MEAN> 13
 -1.069650e+01 -7.903476e+00 -2.777611e+00 -1.203264e+00 -3.452020e-01 -5.777802e+00 -1.308782e+00 -6.531885e+00 -3.373842e+00 -1.051811e+00 9.789956e-01 -2.571542e-01 6.647037e+01
<VARIANCE> 13
 1.493590e+01 1.259352e+01 1.140152e+01 1.053978e+01 1.614703e+01 1.867085e+01 1.978531e+01 2.010263e+01 1.840028e+01 1.687836e+01 1.532390e+01 1.336658e+01 4.691885e+01
<GCONST> 6.052173e+01
<MIXTURE> 2 4.786279e-01
<MEAN> 13
 -1.149763e+01 -9.128459e+00 -4.375275e+00 -2.948910e+00 -2.135634e+00 -7.798739e+00 -3.147152e+00 -8.239310e+00 -5.125781e+00 -2.863631e+00 -6.969416e-01 -1.583867e+00 6.824059e+01
<VARIANCE> 13
 1.670935e+01 1.071095e+01 1.119092e+01 1.227657e+01 1.782623e+01 1.761992e+01 1.861397e+01 2.041149e+01 1.931044e+01 1.744054e+01 1.546829e+01 1.339463e+01 4.016370e+01
<GCONST> 6.053819e+01
<STATE> 4
<NUMMIXES> 2
<MIXTURE> 1 5.021881e-01
<MEAN> 13
 -7.774243e+00 -3.688354e+00 -9.309660e-01 -7.853678e-01 1.303937e+00 -2.218682e+00 3.018927e-01 -3.157936e+00 -2.873614e+00 -3.951835e-01 1.994072e-02 -9.630803e-01 5.623101e+01
<VARIANCE> 13
 1.802740e+01 2.907236e+01 1.491911e+01 1.181907e+01 2.439667e+01 2.381521e+01 2.218919e+01 2.588137e+01 2.194624e+01 1.716305e+01 1.620400e+01 1.721423e+01 6.426102e+01
<GCONST> 6.376965e+01
<MIXTURE> 2 4.978137e-01
<MEAN> 13
 -7.808746e+00 -5.763306e+00 -2.142379e+00 -2.335477e+00 -9.167532e-01 -4.937234e+00 -2.340649e+00 -5.997069e+00 -4.787925e+00 -2.258055e+00 -1.762748e+00 -2.236293e+00 6.019092e+01
<VARIANCE> 13
 2.089387e+01 3.133364e+01 1.679897e+01 1.364637e+01 2.652542e+01 2.594047e+01 2.041795e+01 2.428533e+01 2.326518e+01 1.754250e+01 1.723705e+01 2.022252e+01 6.845924e+01
<GCONST> 6.464322e+01
<TRANSP> 5
 0.000000e+00 1.000000e+00 0.000000e+00 0.000000e+00 0.000000e+00
 0.000000e+00 9.972416e-01 2.758416e-03 0.000000e+00 0.000000e+00
 0.000000e+00 0.000000e+00 9.594774e-01 4.052259e-02 0.000000e+00
 0.000000e+00 0.000000e+00 0.000000e+00 9.820286e-01 1.797141e-02
 0.000000e+00 0.000000e+00 0.000000e+00 0.000000e+00 0.000000e+00
<ENDHMM>
~h "si"
<BEGINHMM>
<NUMSTATES> 5
<STATE> 2
<NUMMIXES> 2
<MIXTURE> 1 5.100808e-01
<MEAN> 13
 -1.071140e+01 5.352877e-01 1.978434e+00 2.289381e-01 2.546603e+00 8.110933e-01 3.639676e+00 8.533170e-01 8.286984e-01 9.230527e-01 2.200310e+00 -5.694481e-01 5.195803e+01
<VARIANCE> 13
 1.745727e+01 1.380557e+01 1.106133e+01 1.329830e+01 1.585518e+01 1.713718e+01 1.840043e+01 1.999567e+01 1.930512e+01 1.764351e+01 1.653033e+01 1.449962e+01 4.302193e+01
<GCONST> 6.095273e+01
<MIXTURE> 2 4.895280e-01
<MEAN> 13
 -1.134752e+01 -1.196508e+00 3.358163e-01 -1.588284e+00 2.151100e-01 -1.675450e+00 1.094268e+00 -1.346934e+00 -1.490315e+00 -9.053445e-01 3.341034e-01 -1.947789e+00 5.336549e+01
<VARIANCE> 13
 2.041891e+01 2.128382e+01 1.447266e+01 1.492063e+01 1.837960e+01 1.922340e+01 1.963381e+01 2.057236e+01 1.930359e+01 1.769885e+01 1.640571e+01 1.511029e+01 4.611322e+01
<GCONST> 6.238829e+01
<STATE> 3
<NUMMIXES> 2
<MIXTURE> 1 5.073569e-01
<MEAN> 13
 -5.199153e+00 2.747907e+00 2.192852e+00 -1.812042e+00 3.907068e+00 3.116579e+00 2.808879e+00 5.272452e+00 7.866040e-02 9.365867e-01 1.935772e+00 -2.121710e+00 4.290558e+01
<VARIANCE> 13
 4.018468e+00 4.054421e+00 6.360801e+00 8.192957e+00 1.207778e+01 1.209092e+01 1.271673e+01 1.449111e+01 1.390230e+01 1.464627e+01 1.269830e+01 1.173406e+01 2.101730e+00
<GCONST> 5.189978e+01
<MIXTURE> 2 4.923081e-01
<MEAN> 13
 -5.618590e+00 1.874240e+00 9.945024e-01 -3.304397e+00 2.395562e+00 1.327951e+00 7.987753e-01 3.423208e+00 -1.869676e+00 -9.835067e-01 2.486698e-01 -3.416514e+00 4.275355e+01
<VARIANCE> 13
 3.969919e+00 4.207708e+00 6.771631e+00 8.679487e+00 1.245798e+01 1.280503e+01 1.335383e+01 1.485126e+01 1.423691e+01 1.460160e+01 1.326501e+01 1.211822e+01 2.097296e+00
<GCONST> 5.230132e+01
<STATE> 4
<NUMMIXES> 2
<MIXTURE> 1 5.042857e-01
<MEAN> 13
 -8.431337e+00 1.799287e+00 1.697407e+00 -6.403936e-01 2.472414e+00 1.428854e+00 3.476021e+00 3.413607e+00 1.050267e+00 1.274486e+00 1.539300e+00 -1.366248e+00 4.651287e+01
<VARIANCE> 13
 1.167452e+01 1.068669e+01 8.927463e+00 1.155623e+01 1.260166e+01 1.487266e+01 1.457545e+01 1.567273e+01 1.503507e+01 1.479957e+01 1.385887e+01 1.285834e+01 9.243309e+00
<GCONST> 5.683158e+01
<MIXTURE> 2 4.954303e-01
<MEAN> 13
 -8.425754e+00 9.396587e-01 3.992895e-01 -2.298340e+00 6.684420e-01 -5.968772e-01 1.319264e+00 1.398810e+00 -8.699403e-01 -5.707703e-01 -2.585777e-01 -2.671404e+00 4.677550e+01
<VARIANCE> 13
 1.308730e+01 1.221442e+01 1.009189e+01 1.288053e+01 1.324875e+01 1.618033e+01 1.554222e+01 1.698979e+01 1.554791e+01 1.514469e+01 1.429753e+01 1.359869e+01 1.154261e+01
<GCONST> 5.795567e+01
<TRANSP> 5
 0.000000e+00 1.000000e+00 0.000000e+00 0.000000e+00 0.000000e+00
 0.000000e+00 9.906818e-01 9.318279e-03 0.000000e+00 0.000000e+00
 0.000000e+00 0.000000e+00 9.933220e-01 6.678057e-03 0.000000e+00
 0.000000e+00 0.000000e+00 0.000000e+00 9.890465e-01 1.095357e-02
 0.000000e+00 0.000000e+00 0.000000e+00 0.000000e+00 0.000000e+00
<ENDHMM>
~h "st"
<BEGINHMM>
<NUMSTATES> 5
<STATE> 2
<NUMMIXES> 2
<MIXTURE> 1 5.084781e-01
<MEAN> 13
 -5.171677e+00 1.203053e-01 -2.970461e+00 -4.660339e+00 -1.105196e+00 -1.475513e+00 -2.568948e+00 -1.260953e+00 -2.827842e+00 -1.389773e+00 -8.986578e-01 -2.384603e+00 7.093384e+01
<VARIANCE> 13
 6.270935e+00 6.977591e+00 7.532018e+00 1.036535e+01 1.125952e+01 1.119571e+01 1.347406e+01 1.621728e+01 1.508898e+01 1.342167e+01 1.314945e+01 1.216447e+01 3.561034e+01
<GCONST> 5.621062e+01
<MIXTURE> 2 4.915137e-01
<MEAN> 13
 -5.876525e+00 -7.792022e-01 -3.949136e+00 -6.283846e+00 -2.906982e+00 -3.433732e+00 -4.991647e+00 -3.504018e+00 -5.177014e+00 -3.400766e+00 -2.869538e+00 -3.476919e+00 7.133006e+01
<VARIANCE> 13
 7.508464e+00 8.949330e+00 8.112312e+00 1.182069e+01 1.229110e+01 1.138387e+01 1.392372e+01 1.617446e+01 1.553122e+01 1.339550e+01 1.375004e+01 1.247238e+01 3.889599e+01
<GCONST> 5.716457e+01
<STATE> 3
<NUMMIXES> 2
<MIXTURE> 1 4.775370e-01
<MEAN> 13
 -9.364225e+00 8.288512e-01 1.112510e+00 -1.877052e+00 4.088523e-01 -1.288765e-01 2.943515e+00 3.891157e-01 6.332500e-01 6.180177e-01 1.608108e+00 -1.825626e+00 5.454110e+01
<VARIANCE> 13
 1.590786e+01 1.098786e+01 1.123781e+01 1.726075e+01 1.655214e+01 1.740693e+01 1.641568e+01 1.862861e+01 1.972019e+01 1.749276e+01 1.578797e+01 1.394172e+01 4.045076e+01
<GCONST> 6.064769e+01
<MIXTURE> 2 5.224527e-01
<MEAN> 13
 -9.704511e+00 -5.774141e-01 1.643454e-01 -4.013486e+00 -1.753960e+00 -2.363351e+00 7.235100e-01 -1.676001e+00 -1.594993e+00 -1.498172e+00 -2.944115e-01 -3.181974e+00 5.638942e+01
<VARIANCE> 13
 1.724163e+01 1.468635e+01 1.212610e+01 1.942361e+01 1.835197e+01 2.047829e+01 1.882954e+01 1.983500e+01 2.056944e+01 1.815985e+01 1.586119e+01 1.455421e+01 4.411606e+01
<GCONST> 6.189207e+01
<STATE> 4
<NUMMIXES> 2
<MIXTURE> 1 5.038463e-01
<MEAN> 13
 -5.118832e+00 -1.474273e+00 7.069064e-01 -7.234612e+00 -1.637066e+00 -2.063628e+00 -6.938072e-01 -1.518726e+00 2.516217e-01 -7.674382e-01 -1.631990e+00 -1.435695e+00 5.864988e+01
<VARIANCE> 13
 3.207604e+01 3.413217e+01 3.814935e+01 4.811485e+01 2.901845e+01 4.831786e+01 3.112150e+01 2.993833e+01 2.696787e+01 2.713279e+01 3.943147e+01 2.339915e+01 7.168501e+01
<GCONST> 7.018356e+01
<MIXTURE> 2 4.961613e-01
<MEAN> 13
 -3.792799e+00 -3.799823e+00 -5.081947e-01 -1.179287e+01 -3.443350e+00 -5.649205e+00 -4.617612e+00 -3.820214e+00 -1.860535e+00 -3.673084e+00 -5.261384e+00 -2.636482e+00 6.129263e+01
<VARIANCE> 13
 3.473742e+01 3.273804e+01 4.335731e+01 6.742502e+01 3.266744e+01 5.272981e+01 4.572104e+01 4.401131e+01 3.353082e+01 3.349382e+01 5.217066e+01 2.647716e+01 5.318424e+01
<GCONST> 7.219621e+01
<TRANSP> 5
 0.000000e+00 1.000000e+00 0.000000e+00 0.000000e+00 0.000000e+00
 0.000000e+00 9.701180e-01 2.988193e-02 0.000000e+00 0.000000e+00
 0.000000e+00 0.000000e+00 9.908902e-01 9.109785e-03 0.000000e+00
 0.000000e+00 0.000000e+00 0.000000e+00 9.450350e-01 5.496499e-02
 0.000000e+00 0.000000e+00 0.000000e+00 0.000000e+00 0.000000e+00
<ENDHMM>
~h "spe"
<BEGINHMM>
<NUMSTATES> 5
<STATE> 2
<NUMMIXES> 2
<MIXTURE> 1 5.077286e-01
<MEAN> 13
 -2.821376e+00 -4.245162e+00 -2.932438e+00 -2.700955e+00 2.985974e+00 5.254743e+00 5.611031e+00 1.979659e+00 1.605870e-01 2.224633e+00 2.349955e+00 -1.897858e+00 4.971065e+01
<VARIANCE> 13
 4.563996e+00 7.024722e+00 6.636556e+00 8.601445e+00 1.175162e+01 1.328758e+01 1.306091e+01 1.350023e+01 1.330646e+01 1.342827e+01 1.316680e+01 1.205140e+01 4.126163e+00
<GCONST> 5.329755e+01
<MIXTURE> 2 4.923162e-01
<MEAN> 13
 -3.106530e+00 -5.177916e+00 -4.021881e+00 -4.140463e+00 1.175148e+00 3.329086e+00 3.519879e+00 -1.310347e-01 -1.845673e+00 1.367485e-01 4.024205e-01 -3.204413e+00 4.984929e+01
<VARIANCE> 13
 5.231765e+00 7.976195e+00 7.535171e+00 9.589121e+00 1.246459e+01 1.443063e+01 1.284104e+01 1.481774e+01 1.400178e+01 1.387954e+01 1.408853e+01 1.270699e+01 4.680434e+00
<GCONST> 5.434504e+01
<STATE> 3
<NUMMIXES> 2
<MIXTURE> 1 5.087445e-01
<MEAN> 13
 -1.539698e+00 -2.829793e+00 4.940381e-01 -3.974988e+00 -2.300837e+00 4.157732e-01 1.068987e+00 3.180170e-01 -7.022239e-01 1.404314e+00 3.135139e-01 -4.609357e+00 5.315551e+01
<VARIANCE> 13
 1.480893e+01 2.607854e+01 3.465310e+01 2.609977e+01 4.450216e+01 3.583963e+01 3.114585e+01 3.148140e+01 2.649902e+01 2.466022e+01 2.695502e+01 2.363649e+01 1.910635e+01
<GCONST> 6.680801e+01
<MIXTURE> 2 4.912073e-01
<MEAN> 13
 -1.010390e+00 -3.946091e+00 2.000831e-01 -5.585320e+00 -3.677279e+00 -1.107573e+00 -1.868678e+00 -1.840811e+00 -3.084643e+00 -9.520270e-01 -2.148225e+00 -6.825284e+00 5.430316e+01
<VARIANCE> 13
 1.514524e+01 3.030628e+01 3.864966e+01 2.886236e+01 4.807173e+01 3.860961e+01 3.400512e+01 3.485361e+01 3.090895e+01 2.938717e+01 3.059072e+01 2.653592e+01 2.003995e+01
<GCONST> 6.815090e+01
<STATE> 4
<NUMMIXES> 2
<MIXTURE> 1 5.072328e-01
<MEAN> 13
 -7.571908e+00 8.408962e-01 -1.161237e+00 -4.262414e-01 1.342517e-01 2.088544e+00 4.386976e+00 1.936480e+00 1.436423e+00 2.779428e+00 1.111415e+00 -1.243171e+00 4.919072e+01
<VARIANCE> 13
 2.294472e+01 1.256115e+01 9.117838e+00 9.123441e+00 1.471190e+01 1.744956e+01 1.546608e+01 1.593886e+01 1.591152e+01 1.530942e+01 1.386097e+01 1.310334e+01 2.372413e+01
<GCONST> 5.889651e+01
<MIXTURE> 2 4.927495e-01
<MEAN> 13
 -9.057900e+00 -9.696620e-01 -2.376114e+00 -2.141231e+00 -1.505919e+00 -6.742197e-01 1.814030e+00 -9.542535e-01 -8.906427e-01 5.996035e-01 -6.287037e-01 -2.241973e+00 5.219525e+01
<VARIANCE> 13
 2.778528e+01 1.978013e+01 1.130577e+01 1.056908e+01 1.672884e+01 2.245864e+01 1.888780e+01 1.931785e+01 1.731617e+01 1.718123e+01 1.585833e+01 1.571686e+01 4.493270e+01
<GCONST> 6.183224e+01
<TRANSP> 5
 0.000000e+00 1.000000e+00 0.000000e+00 0.000000e+00 0.000000e+00
 0.000000e+00 9.966520e-01 3.348010e-03 0.000000e+00 0.000000e+00
 0.000000e+00 0.000000e+00 9.972211e-01 2.778929e-03 0.000000e+00
 0.000000e+00 0.000000e+00 0.000000e+00 9.977959e-01 2.204120e-03
 0.000000e+00 0.000000e+00 0.000000e+00 0.000000e+00 0.000000e+00
<ENDHMM>
