~o
<STREAMINFO> 1 39
<VECSIZE> 39<NULLD><MFCC_D_A_0><DIAGC>
~h "ap"
<BEGINHMM>
<NUMSTATES> 5
<STATE> 2
<NUMMIXES> 2
<MIXTURE> 1 5.000000e-01
<MEAN> 39
 -1.187457e+01 -7.901524e+00 -2.417133e+00 1.320998e+00 9.852993e-02 -2.135171e+00 3.792397e+00 -1.604081e+00 -1.100495e+00 2.480967e-01 1.367033e+00 -3.827991e-01 6.392108e+01 2.101167e-01 1.048600e-01 9.861942e-02 1.952742e-01 2.232845e-01 2.138996e-01 2.106960e-01 2.131138e-01 1.975767e-01 2.191035e-01 2.393035e-01 2.139353e-01 7.924539e-01 1.137943e-01 1.043064e-01 7.732998e-02 8.151210e-02 1.306236e-01 1.552647e-01 1.180866e-01 1.102640e-01 1.158301e-01 1.238287e-01 1.117862e-01 9.888176e-02 1.736156e-01
<VARIANCE> 39
 3.029599e+01 4.402620e+01 2.266329e+01 2.423131e+01 3.111007e+01 4.109242e+01 2.395454e+01 2.563752e+01 2.168147e+01 1.998236e+01 1.953907e+01 1.494251e+01 1.138994e+02 1.547586e+00 1.617309e+00 9.497284e-01 1.058355e+00 1.921635e+00 2.604108e+00 1.618385e+00 1.528898e+00 1.630014e+00 1.689554e+00 1.562086e+00 1.334282e+00 7.230986e+00 2.387206e-01 2.297429e-01 1.464247e-01 1.968277e-01 3.447409e-01 4.796529e-01 2.951278e-01 2.829404e-01 3.150378e-01 3.432019e-01 3.094223e-01 2.747072e-01 1.060481e+00
<GCONST> 1.070396e+02
<MIXTURE> 2 5.000000e-01
<MEAN> 39
 -1.407625e+01 -1.055561e+01 -4.321373e+00 -6.480142e-01 -2.132526e+00 -4.699306e+00 1.834661e+00 -3.629421e+00 -2.963029e+00 -1.539969e+00 -4.010879e-01 -1.929021e+00 5.965214e+01 -2.874913e-01 -4.038338e-01 -2.911966e-01 -2.162313e-01 -3.312077e-01 -4.315904e-01 -2.981670e-01 -2.814806e-01 -3.131113e-01 -3.008278e-01 -2.606302e-01 -2.481092e-01 -2.831658e-01 -8.164183e-02 -8.741963e-02 -7.573195e-02 -9.594897e-02 -1.042349e-01 -1.217632e-01 -9.921602e-02 -1.025046e-01 -1.086828e-01 -1.105051e-01 -1.107168e-01 -1.107683e-01 -2.383031e-01
<VARIANCE> 39
 3.029599e+01 4.402620e+01 2.266329e+01 2.423131e+01 3.111007e+01 4.109242e+01 2.395454e+01 2.563752e+01 2.168147e+01 1.998236e+01 1.953907e+01 1.494251e+01 1.138994e+02 1.547586e+00 1.617309e+00 9.497284e-01 1.058355e+00 1.921635e+00 2.604108e+00 1.618385e+00 1.528898e+00 1.630014e+00 1.689554e+00 1.562086e+00 1.334282e+00 7.230986e+00 2.387206e-01 2.297429e-01 1.464247e-01 1.968277e-01 3.447409e-01 4.796529e-01 2.951278e-01 2.829404e-01 3.150378e-01 3.432019e-01 3.094223e-01 2.747072e-01 1.060481e+00
<GCONST> 1.070396e+02
<STATE> 3
<NUMMIXES> 2
<MIXTURE> 1 5.000000e-01
<MEAN> 39
 -9.859620e+00 -1.585047e+01 -9.424031e+00 3.070109e+00 1.533098e+00 -8.220210e+00 1.502423e+00 -1.285450e+00 -5.170124e+00 -2.820690e+00 1.498605e+00 -7.144989e-01 7.090260e+01 2.552446e-01 1.980780e-01 2.347995e-01 2.551956e-01 3.756753e-01 3.432164e-01 2.850776e-01 2.271431e-01 2.551905e-01 2.625484e-01 2.596247e-01 2.636290e-01 4.592878e-02 5.887093e-02 7.295089e-02 7.808352e-02 9.335456e-02 1.132602e-01 1.177969e-01 9.930165e-02 1.049041e-01 1.225426e-01 1.180404e-01 1.033522e-01 1.292485e-01 1.388018e-01
<VARIANCE> 39
 1.320414e+01 1.724324e+01 1.746691e+01 2.244173e+01 3.120138e+01 2.329006e+01 2.794347e+01 2.109798e+01 2.391340e+01 2.231830e+01 1.684727e+01 1.571128e+01 7.323176e+01 5.359021e-01 5.044989e-01 6.036314e-01 8.835495e-01 1.569088e+00 1.615813e+00 1.241261e+00 1.175207e+00 1.604916e+00 1.502207e+00 1.290372e+00 1.635203e+00 3.664146e+00 8.983345e-02 8.518308e-02 1.049210e-01 1.620789e-01 2.951919e-01 3.288716e-01 2.387589e-01 2.206809e-01 3.236999e-01 3.105861e-01 2.522085e-01 3.670888e-01 5.743850e-01
<GCONST> 9.503900e+01
<MIXTURE> 2 5.000000e-01
<MEAN> 39
 -1.131312e+01 -1.751147e+01 -1.109577e+01 1.175201e+00 -7.012300e-01 -1.015060e+01 -6.120404e-01 -3.122752e+00 -7.126178e+00 -4.710380e+00 -1.432120e-01 -2.299997e+00 6.747958e+01 -3.757677e-02 -8.603431e-02 -7.597533e-02 -1.207937e-01 -1.253777e-01 -1.652421e-01 -1.605700e-01 -2.064847e-01 -2.515506e-01 -2.277099e-01 -1.947535e-01 -2.478712e-01 -7.197496e-01 -6.101799e-02 -4.379367e-02 -5.148252e-02 -6.768154e-02 -1.040661e-01 -1.115924e-01 -9.615020e-02 -8.300261e-02 -1.050360e-01 -1.048806e-01 -9.752931e-02 -1.131029e-01 -1.643510e-01
<VARIANCE> 39
 1.320414e+01 1.724324e+01 1.746691e+01 2.244173e+01 3.120138e+01 2.329006e+01 2.794347e+01 2.109798e+01 2.391340e+01 2.231830e+01 1.684727e+01 1.571128e+01 7.323176e+01 5.359021e-01 5.044989e-01 6.036314e-01 8.835495e-01 1.569088e+00 1.615813e+00 1.241261e+00 1.175207e+00 1.604916e+00 1.502207e+00 1.290372e+00 1.635203e+00 3.664146e+00 8.983345e-02 8.518308e-02 1.049210e-01 1.620789e-01 2.951919e-01 3.288716e-01 2.387589e-01 2.206809e-01 3.236999e-01 3.105861e-01 2.522085e-01 3.670888e-01 5.743850e-01
<GCONST> 9.503900e+01
<STATE> 4
<NUMMIXES> 2
<MIXTURE> 1 5.000000e-01
<MEAN> 39
 -9.323186e+00 -8.721339e+00 -3.694674e+00 1.932989e+00 1.958883e+00 -2.786751e+00 3.495963e+00 -1.518438e+00 -2.570467e+00 4.515372e-01 1.554713e+00 -6.788797e-01 6.192640e+01 1.920225e-01 2.598645e-01 1.940202e-01 1.895657e-01 2.416503e-01 2.880083e-01 2.347202e-01 2.552388e-01 2.652887e-01 2.547189e-01 2.285949e-01 2.165295e-01 4.200974e-01 7.310113e-02 8.760436e-02 6.990498e-02 8.153968e-02 1.051355e-01 1.149562e-01 9.934412e-02 1.051258e-01 1.056872e-01 1.082523e-01 1.013473e-01 9.844028e-02 1.786448e-01
<VARIANCE> 39
 2.458790e+01 5.297515e+01 2.614296e+01 2.416873e+01 3.687501e+01 3.495879e+01 2.554236e+01 2.887100e+01 2.288951e+01 1.972404e+01 1.678200e+01 1.463553e+01 1.312673e+02 8.796331e-01 1.286790e+00 7.714643e-01 9.301237e-01 1.573322e+00 1.807571e+00 1.338914e+00 1.501780e+00 1.490548e+00 1.481562e+00 1.335345e+00 1.210294e+00 5.220978e+00 1.373009e-01 1.977322e-01 1.288550e-01 1.739633e-01 2.905687e-01 3.481076e-01 2.558519e-01 2.800472e-01 2.990225e-01 3.050786e-01 2.650706e-01 2.451152e-01 7.748299e-01
<GCONST> 1.023021e+02
<MIXTURE> 2 5.000000e-01
<MEAN> 39
 -1.130663e+01 -1.163270e+01 -5.739882e+00 -3.347898e-02 -4.701086e-01 -5.151789e+00 1.474385e+00 -3.667708e+00 -4.484187e+00 -1.324933e+00 -8.392018e-02 -2.209136e+00 5.734352e+01 -1.831325e-01 -1.938826e-01 -1.573120e-01 -1.962060e-01 -2.600783e-01 -2.497755e-01 -2.281256e-01 -2.349498e-01 -2.230633e-01 -2.321588e-01 -2.336336e-01 -2.235240e-01 -4.938810e-01 -7.511541e-02 -9.026399e-02 -7.368054e-02 -8.529596e-02 -1.104822e-01 -1.210464e-01 -1.029831e-01 -1.065522e-01 -1.130446e-01 -1.126834e-01 -1.045927e-01 -9.959617e-02 -1.734529e-01
<VARIANCE> 39
 2.458790e+01 5.297515e+01 2.614296e+01 2.416873e+01 3.687501e+01 3.495879e+01 2.554236e+01 2.887100e+01 2.288951e+01 1.972404e+01 1.678200e+01 1.463553e+01 1.312673e+02 8.796331e-01 1.286790e+00 7.714643e-01 9.301237e-01 1.573322e+00 1.807571e+00 1.338914e+00 1.501780e+00 1.490548e+00 1.481562e+00 1.335345e+00 1.210294e+00 5.220978e+00 1.373009e-01 1.977322e-01 1.288550e-01 1.739633e-01 2.905687e-01 3.481076e-01 2.558519e-01 2.800472e-01 2.990225e-01 3.050786e-01 2.650706e-01 2.451152e-01 7.748299e-01
<GCONST> 1.023021e+02
<TRANSP> 5
 0.000000e+00 1.000000e+00 0.000000e+00 0.000000e+00 0.000000e+00
 0.000000e+00 9.865611e-01 1.343886e-02 0.000000e+00 0.000000e+00
 0.000000e+00 0.000000e+00 9.859527e-01 1.404734e-02 0.000000e+00
 0.000000e+00 0.000000e+00 0.000000e+00 9.928834e-01 7.116552e-03
 0.000000e+00 0.000000e+00 0.000000e+00 0.000000e+00 0.000000e+00
<ENDHMM>
~h "cl"
<BEGINHMM>
<NUMSTATES> 5
<STATE> 2
<NUMMIXES> 2
<MIXTURE> 1 5.000000e-01
<MEAN> 39
 -1.024654e+01 -5.935335e-01 -6.728411e-02 -1.771258e+00 5.610603e-02 5.994143e+00 4.303664e+00 7.882747e-01 3.132329e+00 1.199654e+00 -8.559798e-01 1.304745e+00 5.557422e+01 4.262626e-04 2.295147e-01 2.096207e-01 1.826814e-01 1.248078e-01 4.117219e-01 1.965379e-01 1.359795e-01 4.040724e-01 2.668181e-01 1.437505e-01 3.423891e-01 5.329685e-01 7.437056e-02 7.106882e-02 8.388723e-02 6.488956e-02 8.234194e-02 1.602681e-01 9.957302e-02 8.714175e-02 1.378867e-01 1.068361e-01 7.904138e-02 1.344443e-01 1.262890e-01
<VARIANCE> 39
 4.006749e+01 2.940841e+01 2.727168e+01 1.465574e+01 1.894507e+01 4.320676e+01 2.178881e+01 2.563867e+01 3.283121e+01 2.283651e+01 2.822564e+01 2.273732e+01 5.379216e+01 2.429453e+00 8.615450e-01 7.361827e-01 8.483881e-01 1.377704e+00 2.160582e+00 1.804113e+00 2.091803e+00 2.212277e+00 1.855251e+00 1.951475e+00 1.763107e+00 2.172717e+00 2.925861e-01 1.260850e-01 1.161292e-01 1.470583e-01 2.326457e-01 3.547154e-01 3.192575e-01 3.569473e-01 3.773227e-01 3.539301e-01 3.391467e-01 2.941070e-01 2.805653e-01
<GCONST> 1.033267e+02
<MIXTURE> 2 5.000000e-01
<MEAN> 39
 -1.277850e+01 -2.762714e+00 -2.156176e+00 -3.302570e+00 -1.684932e+00 3.364869e+00 2.436524e+00 -1.237111e+00 8.403884e-01 -7.118483e-01 -2.981092e+00 -6.026015e-01 5.264050e+01 -6.230419e-01 -1.417631e-01 -1.335837e-01 -1.857506e-01 -3.446948e-01 -1.762349e-01 -3.407312e-01 -4.425431e-01 -1.908766e-01 -2.780123e-01 -4.150303e-01 -1.887391e-01 -5.663708e-02 -1.419944e-01 -7.096498e-02 -5.242371e-02 -8.850316e-02 -1.105915e-01 -7.796384e-02 -1.264385e-01 -1.518385e-01 -1.078197e-01 -1.311321e-01 -1.539038e-01 -8.248222e-02 -8.558469e-02
<VARIANCE> 39
 4.006749e+01 2.940841e+01 2.727168e+01 1.465574e+01 1.894507e+01 4.320676e+01 2.178881e+01 2.563867e+01 3.283121e+01 2.283651e+01 2.822564e+01 2.273732e+01 5.379216e+01 2.429453e+00 8.615450e-01 7.361827e-01 8.483881e-01 1.377704e+00 2.160582e+00 1.804113e+00 2.091803e+00 2.212277e+00 1.855251e+00 1.951475e+00 1.763107e+00 2.172717e+00 2.925861e-01 1.260850e-01 1.161292e-01 1.470583e-01 2.326457e-01 3.547154e-01 3.192575e-01 3.569473e-01 3.773227e-01 3.539301e-01 3.391467e-01 2.941070e-01 2.805653e-01
<GCONST> 1.033267e+02
<STATE> 3
<NUMMIXES> 2
<MIXTURE> 1 5.000000e-01
<MEAN> 39
 -1.809840e+01 3.443047e+00 6.444728e-01 -4.632053e+00 -3.305445e+00 1.327426e+01 1.659674e+00 -2.674874e+00 8.582143e+00 -2.651857e+00 -2.537115e+00 6.255991e+00 5.964171e+01 2.943473e-01 1.363028e-01 1.656886e-01 1.949229e-01 2.277575e-01 2.822202e-01 2.728398e-01 2.591920e-01 2.572630e-01 2.517266e-01 2.553472e-01 2.516089e-01 1.824809e-01 1.256617e-01 5.736811e-02 7.463238e-02 8.508255e-02 1.007883e-01 1.170225e-01 1.211129e-01 1.223706e-01 1.145657e-01 1.187935e-01 1.166634e-01 1.076941e-01 7.631850e-02
<VARIANCE> 39
 5.111112e+01 9.873034e+00 1.984547e+01 1.248400e+01 1.773483e+01 3.400882e+01 2.553679e+01 2.224407e+01 2.629638e+01 2.016279e+01 1.929771e+01 1.985649e+01 2.080541e+01 1.809141e+00 4.968024e-01 7.629394e-01 9.181017e-01 1.248365e+00 2.033860e+00 1.845623e+00 1.752856e+00 1.792202e+00 1.636576e+00 1.580896e+00 1.615378e+00 9.591109e-01 3.288264e-01 8.840436e-02 1.428807e-01 1.803931e-01 2.391937e-01 3.875436e-01 3.600814e-01 3.462480e-01 3.541489e-01 3.300291e-01 3.137250e-01 3.119304e-01 1.755476e-01
<GCONST> 9.716221e+01
<MIXTURE> 2 5.000000e-01
<MEAN> 39
 -2.095808e+01 2.186191e+00 -1.137457e+00 -6.045361e+00 -4.989955e+00 1.094158e+01 -3.616834e-01 -4.561419e+00 6.530943e+00 -4.447977e+00 -4.294281e+00 4.473566e+00 5.781719e+01 -2.436699e-01 -1.456340e-01 -1.836970e-01 -1.883476e-01 -2.191635e-01 -2.882336e-01 -2.705750e-01 -2.703899e-01 -2.782296e-01 -2.599883e-01 -2.475876e-01 -2.567812e-01 -2.092560e-01 -1.037119e-01 -6.156337e-02 -7.656587e-02 -8.480828e-02 -9.484140e-02 -1.319895e-01 -1.189142e-01 -1.130008e-01 -1.234759e-01 -1.109992e-01 -1.073812e-01 -1.157088e-01 -9.127511e-02
<VARIANCE> 39
 5.111112e+01 9.873034e+00 1.984547e+01 1.248400e+01 1.773483e+01 3.400882e+01 2.553679e+01 2.224407e+01 2.629638e+01 2.016279e+01 1.929771e+01 1.985649e+01 2.080541e+01 1.809141e+00 4.968024e-01 7.629394e-01 9.181017e-01 1.248365e+00 2.033860e+00 1.845623e+00 1.752856e+00 1.792202e+00 1.636576e+00 1.580896e+00 1.615378e+00 9.591109e-01 3.288264e-01 8.840436e-02 1.428807e-01 1.803931e-01 2.391937e-01 3.875436e-01 3.600814e-01 3.462480e-01 3.541489e-01 3.300291e-01 3.137250e-01 3.119304e-01 1.755476e-01
<GCONST> 9.716221e+01
<STATE> 4
<NUMMIXES> 2
<MIXTURE> 1 5.000000e-01
<MEAN> 39
 -2.083417e+01 1.641386e+00 7.166118e+00 -2.164826e+00 -5.536913e+00 1.160973e+01 2.699668e+00 -5.378609e+00 4.030192e+00 5.528210e+00 -1.048794e+01 5.915992e+00 5.878857e+01 2.812106e-01 1.394164e-01 2.072535e-01 1.857704e-01 2.340796e-01 2.752108e-01 2.485098e-01 3.204096e-01 3.222710e-01 2.713416e-01 2.716967e-01 2.690254e-01 1.882522e-01 1.002982e-01 6.421288e-02 8.632910e-02 8.954520e-02 1.012308e-01 1.217742e-01 1.122765e-01 1.397928e-01 1.421092e-01 1.231801e-01 1.187056e-01 1.187787e-01 9.697922e-02
<VARIANCE> 39
 4.082031e+01 8.825403e+00 1.569707e+01 1.684584e+01 2.687832e+01 3.014976e+01 2.938708e+01 4.656882e+01 3.432633e+01 2.928609e+01 2.899346e+01 2.990117e+01 3.493845e+01 1.329393e+00 5.212137e-01 1.006194e+00 9.777774e-01 1.316853e+00 2.062995e+00 1.657736e+00 2.523539e+00 2.612819e+00 1.920439e+00 1.688581e+00 1.838771e+00 1.294937e+00 2.451829e-01 9.996895e-02 1.967848e-01 1.971982e-01 2.490804e-01 3.995659e-01 3.203340e-01 4.652195e-01 5.153207e-01 3.793915e-01 3.358519e-01 3.657122e-01 2.428510e-01
<GCONST> 1.030307e+02
<MIXTURE> 2 5.000000e-01
<MEAN> 39
 -2.338980e+01 4.530824e-01 5.581336e+00 -3.806574e+00 -7.610685e+00 9.413374e+00 5.312740e-01 -8.108263e+00 1.686645e+00 3.363544e+00 -1.264176e+01 3.728714e+00 5.642422e+01 -1.799867e-01 -1.493642e-01 -1.939833e-01 -2.097601e-01 -2.249373e-01 -2.993144e-01 -2.665026e-01 -3.150165e-01 -3.242976e-01 -2.829780e-01 -2.480849e-01 -2.733797e-01 -2.669291e-01 -9.776558e-02 -6.225860e-02 -9.111264e-02 -8.808281e-02 -9.840105e-02 -1.310707e-01 -1.141157e-01 -1.330352e-01 -1.450342e-01 -1.231990e-01 -1.131053e-01 -1.231179e-01 -1.001404e-01
<VARIANCE> 39
 4.082031e+01 8.825403e+00 1.569707e+01 1.684584e+01 2.687832e+01 3.014976e+01 2.938708e+01 4.656882e+01 3.432633e+01 2.928609e+01 2.899346e+01 2.990117e+01 3.493845e+01 1.329393e+00 5.212137e-01 1.006194e+00 9.777774e-01 1.316853e+00 2.062995e+00 1.657736e+00 2.523539e+00 2.612819e+00 1.920439e+00 1.688581e+00 1.838771e+00 1.294937e+00 2.451829e-01 9.996895e-02 1.967848e-01 1.971982e-01 2.490804e-01 3.995659e-01 3.203340e-01 4.652195e-01 5.153207e-01 3.793915e-01 3.358519e-01 3.657122e-01 2.428510e-01
<GCONST> 1.030307e+02
<TRANSP> 5
 0.000000e+00 1.000000e+00 0.000000e+00 0.000000e+00 0.000000e+00
 0.000000e+00 9.449549e-01 5.504510e-02 0.000000e+00 0.000000e+00
 0.000000e+00 0.000000e+00 9.921186e-01 7.881410e-03 0.000000e+00
 0.000000e+00 0.000000e+00 0.000000e+00 9.936381e-01 6.361850e-03
 0.000000e+00 0.000000e+00 0.000000e+00 0.000000e+00 0.000000e+00
<ENDHMM>
~h "cm"
<BEGINHMM>
<NUMSTATES> 5
<STATE> 2
<NUMMIXES> 2
<MIXTURE> 1 5.000000e-01
<MEAN> 39
 -8.304696e+00 -3.483345e-01 -1.920766e+00 -3.566218e+00 -2.191234e-02 -1.612126e-01 -8.614261e-01 -1.457324e-01 -1.847450e+00 -1.845310e-01 9.692413e-01 -1.370165e+00 6.354306e+01 2.048101e-01 1.449927e-01 1.622358e-01 1.771493e-01 1.869004e-01 1.992148e-01 1.879945e-01 1.880313e-01 2.067513e-01 2.172854e-01 1.911010e-01 2.300625e-01 5.491908e-01 5.731646e-02 7.380971e-02 7.541275e-02 9.634835e-02 1.060240e-01 1.222059e-01 1.200939e-01 1.159797e-01 1.155524e-01 1.221024e-01 1.198848e-01 1.024167e-01 6.063560e-02
<VARIANCE> 39
 2.015340e+01 1.849376e+01 1.437444e+01 1.760781e+01 1.657086e+01 1.741061e+01 2.055108e+01 2.081137e+01 2.138018e+01 1.905929e+01 1.891154e+01 1.472591e+01 6.806679e+01 5.314689e-01 7.166539e-01 7.690451e-01 1.050806e+00 1.212856e+00 1.501659e+00 1.533336e+00 1.630464e+00 1.674780e+00 1.554966e+00 1.520826e+00 1.362682e+00 1.095674e+00 7.406653e-02 1.151542e-01 1.376278e-01 1.874629e-01 2.329666e-01 2.834446e-01 2.922987e-01 3.103716e-01 3.272006e-01 3.036855e-01 2.854555e-01 2.577124e-01 1.297607e-01
<GCONST> 9.232977e+01
<MIXTURE> 2 5.000000e-01
<MEAN> 39
 -1.010040e+01 -2.068509e+00 -3.437312e+00 -5.244684e+00 -1.650205e+00 -1.830254e+00 -2.674758e+00 -1.970512e+00 -3.696998e+00 -1.930809e+00 -7.702547e-01 -2.905139e+00 6.024296e+01 -8.679757e-02 -1.936289e-01 -1.885451e-01 -2.328860e-01 -2.536186e-01 -2.909541e-01 -3.073173e-01 -3.227272e-01 -3.109019e-01 -2.815077e-01 -3.021861e-01 -2.368734e-01 1.304930e-01 -5.154421e-02 -6.192780e-02 -7.298014e-02 -7.683960e-02 -8.704246e-02 -9.075217e-02 -9.616476e-02 -1.068643e-01 -1.132534e-01 -9.832826e-02 -9.382738e-02 -1.006448e-01 -8.345365e-02
<VARIANCE> 39
 2.015340e+01 1.849376e+01 1.437444e+01 1.760781e+01 1.657086e+01 1.741061e+01 2.055108e+01 2.081137e+01 2.138018e+01 1.905929e+01 1.891154e+01 1.472591e+01 6.806679e+01 5.314689e-01 7.166539e-01 7.690451e-01 1.050806e+00 1.212856e+00 1.501659e+00 1.533336e+00 1.630464e+00 1.674780e+00 1.554966e+00 1.520826e+00 1.362682e+00 1.095674e+00 7.406653e-02 1.151542e-01 1.376278e-01 1.874629e-01 2.329666e-01 2.834446e-01 2.922987e-01 3.103716e-01 3.272006e-01 3.036855e-01 2.854555e-01 2.577124e-01 1.297607e-01
<GCONST> 9.232977e+01
<STATE> 3
<NUMMIXES> 2
<MIXTURE> 1 5.000000e-01
<MEAN> 39
 -1.239171e+01 6.921371e-01 -2.100201e+00 -4.177433e+00 8.338494e-01 1.874851e+00 -8.722200e-01 7.665069e-01 -1.832730e+00 1.376084e+00 3.632473e+00 3.387779e-01 6.002380e+01 1.310004e-01 1.210586e-01 1.346817e-01 1.810317e-01 2.093362e-01 2.146335e-01 2.197002e-01 2.244601e-01 2.170871e-01 2.153097e-01 2.022439e-01 2.107666e-01 1.578019e-01 5.235546e-02 5.094984e-02 5.986739e-02 7.408053e-02 7.868402e-02 8.254816e-02 9.490487e-02 9.820350e-02 9.532470e-02 8.504959e-02 8.238972e-02 8.646825e-02 3.483315e-02
<VARIANCE> 39
 8.785215e+00 1.148517e+01 1.038795e+01 1.152541e+01 1.438809e+01 1.538551e+01 1.719931e+01 1.867639e+01 1.679189e+01 1.646529e+01 1.857036e+01 1.625904e+01 2.160611e+01 2.324903e-01 3.550163e-01 5.027947e-01 7.554395e-01 9.631809e-01 1.181932e+00 1.314436e+00 1.385003e+00 1.389829e+00 1.318953e+00 1.279132e+00 1.187484e+00 2.087194e-01 3.119407e-02 6.051772e-02 9.432421e-02 1.407063e-01 1.873395e-01 2.384059e-01 2.649867e-01 2.768689e-01 2.801342e-01 2.720055e-01 2.565316e-01 2.406172e-01 2.206369e-02
<GCONST> 7.788869e+01
<MIXTURE> 2 5.000000e-01
<MEAN> 39
 -1.357731e+01 -6.634541e-01 -3.389415e+00 -5.535397e+00 -6.834160e-01 3.058766e-01 -2.531102e+00 -9.621407e-01 -3.471846e+00 -2.470134e-01 1.908739e+00 -1.274122e+00 5.816451e+01 -6.186863e-02 -1.172744e-01 -1.489504e-01 -1.666324e-01 -1.832309e-01 -2.202333e-01 -2.388952e-01 -2.462846e-01 -2.544769e-01 -2.440730e-01 -2.501510e-01 -2.251204e-01 -2.494139e-02 -1.829192e-02 -4.745156e-02 -6.298160e-02 -7.596282e-02 -9.444690e-02 -1.127592e-01 -1.110026e-01 -1.122698e-01 -1.163861e-01 -1.235670e-01 -1.202061e-01 -1.097427e-01 -2.458226e-02
<VARIANCE> 39
 8.785215e+00 1.148517e+01 1.038795e+01 1.152541e+01 1.438809e+01 1.538551e+01 1.719931e+01 1.867639e+01 1.679189e+01 1.646529e+01 1.857036e+01 1.625904e+01 2.160611e+01 2.324903e-01 3.550163e-01 5.027947e-01 7.554395e-01 9.631809e-01 1.181932e+00 1.314436e+00 1.385003e+00 1.389829e+00 1.318953e+00 1.279132e+00 1.187484e+00 2.087194e-01 3.119407e-02 6.051772e-02 9.432421e-02 1.407063e-01 1.873395e-01 2.384059e-01 2.649867e-01 2.768689e-01 2.801342e-01 2.720055e-01 2.565316e-01 2.406172e-01 2.206369e-02
<GCONST> 7.788869e+01
<STATE> 4
<NUMMIXES> 2
<MIXTURE> 1 5.000000e-01
<MEAN> 39
 -4.852981e+00 1.082612e+00 -2.075213e+00 -3.163172e+00 -1.894376e-01 -8.067260e-01 -2.413678e+00 -1.704747e+00 -3.333186e+00 -1.722997e+00 -9.034889e-01 -2.130396e+00 6.954536e+01 1.486674e-01 1.371902e-01 1.741678e-01 2.189099e-01 2.290767e-01 2.271604e-01 2.408910e-01 2.056259e-01 2.297961e-01 2.237561e-01 2.271065e-01 2.096865e-01 -4.988305e-02 2.950493e-02 4.453180e-02 5.988630e-02 7.302462e-02 8.481715e-02 9.621149e-02 1.000415e-01 1.018722e-01 1.063088e-01 1.066721e-01 1.061902e-01 1.011402e-01 2.279222e-02
<VARIANCE> 39
 8.737039e+00 1.013901e+01 1.209989e+01 1.387405e+01 1.423294e+01 1.340303e+01 1.530303e+01 1.721611e+01 1.677463e+01 1.530377e+01 1.458060e+01 1.280025e+01 6.345312e+01 2.084650e-01 2.984791e-01 4.687013e-01 6.872146e-01 8.772045e-01 1.042067e+00 1.174993e+00 1.247702e+00 1.326557e+00 1.333599e+00 1.282939e+00 1.157998e+00 3.470403e-01 3.213443e-02 5.322591e-02 8.815773e-02 1.326660e-01 1.708646e-01 2.070683e-01 2.322905e-01 2.466760e-01 2.649277e-01 2.717498e-01 2.575394e-01 2.333114e-01 2.846644e-02
<GCONST> 7.730477e+01
<MIXTURE> 2 5.000000e-01
<MEAN> 39
 -6.035321e+00 -1.910610e-01 -3.466609e+00 -4.653088e+00 -1.698500e+00 -2.271132e+00 -3.978442e+00 -3.364439e+00 -4.971459e+00 -3.287799e+00 -2.430871e+00 -3.561494e+00 6.635907e+01 -3.396446e-02 -8.134276e-02 -9.967920e-02 -1.126837e-01 -1.455601e-01 -1.811664e-01 -1.926974e-01 -2.411765e-01 -2.309089e-01 -2.381701e-01 -2.259611e-01 -2.207548e-01 -2.855236e-01 -4.219938e-02 -4.775116e-02 -5.887917e-02 -7.266875e-02 -8.052594e-02 -8.580754e-02 -9.274462e-02 -9.679376e-02 -9.957572e-02 -1.018464e-01 -9.680320e-02 -9.206906e-02 -4.469578e-02
<VARIANCE> 39
 8.737039e+00 1.013901e+01 1.209989e+01 1.387405e+01 1.423294e+01 1.340303e+01 1.530303e+01 1.721611e+01 1.677463e+01 1.530377e+01 1.458060e+01 1.280025e+01 6.345312e+01 2.084650e-01 2.984791e-01 4.687013e-01 6.872146e-01 8.772045e-01 1.042067e+00 1.174993e+00 1.247702e+00 1.326557e+00 1.333599e+00 1.282939e+00 1.157998e+00 3.470403e-01 3.213443e-02 5.322591e-02 8.815773e-02 1.326660e-01 1.708646e-01 2.070683e-01 2.322905e-01 2.466760e-01 2.649277e-01 2.717498e-01 2.575394e-01 2.333114e-01 2.846644e-02
<GCONST> 7.730477e+01
<TRANSP> 5
 0.000000e+00 1.000000e+00 0.000000e+00 0.000000e+00 0.000000e+00
 0.000000e+00 9.559678e-01 4.403223e-02 0.000000e+00 0.000000e+00
 0.000000e+00 0.000000e+00 9.642596e-01 3.574042e-02 0.000000e+00
 0.000000e+00 0.000000e+00 0.000000e+00 9.854881e-01 1.451192e-02
 0.000000e+00 0.000000e+00 0.000000e+00 0.000000e+00 0.000000e+00
<ENDHMM>
~h "co"
<BEGINHMM>
<NUMSTATES> 5
<STATE> 2
<NUMMIXES> 2
<MIXTURE> 1 5.000000e-01
<MEAN> 39
 -5.685888e+00 -4.807707e+00 1.262656e+00 1.817189e-01 -1.115321e+01 -4.602422e+00 -2.839524e+00 9.760292e-01 3.249553e+00 -7.772202e-01 -2.423996e+00 -6.049541e+00 6.444461e+01 -4.186832e-01 1.966415e-01 5.716200e-01 -1.334255e-01 -8.149987e-02 -4.828147e-01 1.786635e-01 -3.818315e-01 -6.141694e-01 -6.278135e-01 -6.799695e-02 -3.825575e-03 2.899461e+00 1.931043e-02 1.696619e-01 9.064401e-02 1.480793e-01 5.336043e-01 3.550090e-01 3.388252e-01 1.925941e-01 7.514431e-02 2.351512e-01 2.914371e-01 1.964241e-01 2.387321e-02
<VARIANCE> 39
 1.891496e+01 3.545127e+01 3.532928e+01 3.908337e+01 9.671445e+01 6.549059e+01 7.877244e+01 6.758766e+01 5.518056e+01 4.377011e+01 5.191427e+01 3.631904e+01 1.011243e+02 1.140566e+00 2.130359e+00 1.849181e+00 1.913033e+00 6.669853e+00 3.735470e+00 4.130363e+00 3.581875e+00 4.191899e+00 3.323505e+00 2.660883e+00 2.841364e+00 3.468661e+00 1.416857e-01 3.193521e-01 2.765017e-01 2.483880e-01 7.623311e-01 5.971094e-01 6.296418e-01 5.821192e-01 6.825739e-01 6.024674e-01 4.139984e-01 4.704655e-01 5.123518e-01
<GCONST> 1.259012e+02
<MIXTURE> 2 5.000000e-01
<MEAN> 39
 -7.425542e+00 -7.189345e+00 -1.114881e+00 -2.318949e+00 -1.508695e+01 -7.839472e+00 -6.389678e+00 -2.312439e+00 2.782086e-01 -3.423580e+00 -5.306058e+00 -8.460153e+00 6.042219e+01 -8.458723e-01 -3.871885e-01 2.768159e-02 -6.866753e-01 -1.114542e+00 -1.255909e+00 -6.342683e-01 -1.138865e+00 -1.433135e+00 -1.357033e+00 -7.204854e-01 -6.780794e-01 2.154487e+00 -1.312542e-01 -5.638312e-02 -1.196897e-01 -5.127487e-02 1.843579e-01 4.591759e-02 2.142535e-02 -1.125928e-01 -2.553278e-01 -7.532395e-02 3.406629e-02 -7.793789e-02 -2.624418e-01
<VARIANCE> 39
 1.891496e+01 3.545127e+01 3.532928e+01 3.908337e+01 9.671445e+01 6.549059e+01 7.877244e+01 6.758766e+01 5.518056e+01 4.377011e+01 5.191427e+01 3.631904e+01 1.011243e+02 1.140566e+00 2.130359e+00 1.849181e+00 1.913033e+00 6.669853e+00 3.735470e+00 4.130363e+00 3.581875e+00 4.191899e+00 3.323505e+00 2.660883e+00 2.841364e+00 3.468661e+00 1.416857e-01 3.193521e-01 2.765017e-01 2.483880e-01 7.623311e-01 5.971094e-01 6.296418e-01 5.821192e-01 6.825739e-01 6.024674e-01 4.139984e-01 4.704655e-01 5.123518e-01
<GCONST> 1.259012e+02
<STATE> 3
<NUMMIXES> 2
<MIXTURE> 1 5.000000e-01
<MEAN> 39
 -5.746465e+00 -5.621824e+00 5.764664e-01 -1.257661e+00 -6.548889e+00 -6.948919e+00 -4.769947e+00 -5.822727e+00 -3.736717e+00 -3.234690e+00 -3.084919e+00 -7.700471e+00 6.913252e+01 2.049644e-01 1.486896e-01 1.940155e-01 2.719015e-01 4.402032e-01 3.017675e-01 2.321694e-01 2.444392e-01 3.394517e-01 3.408724e-01 3.140143e-01 2.382773e-01 1.287212e-01 6.807232e-02 8.067126e-02 8.378405e-02 1.026321e-01 1.279034e-01 1.157887e-01 1.187923e-01 1.387906e-01 1.725199e-01 1.417162e-01 1.255327e-01 1.156840e-01 4.571586e-02
<VARIANCE> 39
 1.771619e+01 1.202223e+01 2.474469e+01 2.152836e+01 3.323905e+01 3.166457e+01 5.087958e+01 5.724274e+01 4.255616e+01 3.848032e+01 3.653131e+01 3.951619e+01 4.692685e+01 4.521719e-01 7.541766e-01 9.255964e-01 1.224088e+00 2.504410e+00 1.724412e+00 2.166595e+00 2.267249e+00 3.042974e+00 2.302386e+00 2.196250e+00 1.775717e+00 1.269135e+00 6.324751e-02 1.521475e-01 1.634694e-01 2.273418e-01 4.471786e-01 3.295147e-01 3.904838e-01 4.285816e-01 6.238267e-01 4.659229e-01 4.321886e-01 3.417210e-01 1.465864e-01
<GCONST> 1.057193e+02
<MIXTURE> 2 5.000000e-01
<MEAN> 39
 -7.430089e+00 -7.008748e+00 -1.413295e+00 -3.113607e+00 -8.855022e+00 -9.199770e+00 -7.623144e+00 -8.849085e+00 -6.346121e+00 -5.715990e+00 -5.502565e+00 -1.021495e+01 6.639240e+01 -6.401047e-02 -1.986838e-01 -1.908162e-01 -1.706526e-01 -1.928100e-01 -2.235000e-01 -3.566049e-01 -3.578563e-01 -3.583131e-01 -2.660722e-01 -2.787757e-01 -2.947468e-01 -3.219023e-01 -3.252392e-02 -7.535311e-02 -7.794135e-02 -8.808938e-02 -1.395822e-01 -1.138248e-01 -1.311625e-01 -1.230740e-01 -1.434109e-01 -1.313180e-01 -1.374315e-01 -1.181436e-01 -1.074306e-01
<VARIANCE> 39
 1.771619e+01 1.202223e+01 2.474469e+01 2.152836e+01 3.323905e+01 3.166457e+01 5.087958e+01 5.724274e+01 4.255616e+01 3.848032e+01 3.653131e+01 3.951619e+01 4.692685e+01 4.521719e-01 7.541766e-01 9.255964e-01 1.224088e+00 2.504410e+00 1.724412e+00 2.166595e+00 2.267249e+00 3.042974e+00 2.302386e+00 2.196250e+00 1.775717e+00 1.269135e+00 6.324751e-02 1.521475e-01 1.634694e-01 2.273418e-01 4.471786e-01 3.295147e-01 3.904838e-01 4.285816e-01 6.238267e-01 4.659229e-01 4.321886e-01 3.417210e-01 1.465864e-01
<GCONST> 1.057193e+02
<STATE> 4
<NUMMIXES> 2
<MIXTURE> 1 5.000000e-01
<MEAN> 39
 -3.082788e+00 -2.662980e+00 4.737110e+00 3.142806e+00 -1.262081e-01 -1.441285e+00 -3.729244e+00 -3.608154e+00 -2.744024e+00 -3.275313e+00 -2.743285e+00 -7.405908e+00 5.943568e+01 1.693116e-01 2.690570e-01 1.916363e-01 2.151053e-01 3.808329e-01 3.102257e-01 3.361486e-01 3.278485e-01 2.502762e-01 2.730722e-01 2.693454e-01 2.806787e-01 -1.174907e-01 3.729623e-02 6.204797e-02 6.179549e-02 7.554206e-02 9.260415e-02 8.849312e-02 1.118679e-01 1.082546e-01 1.118716e-01 1.171005e-01 1.096082e-01 1.033323e-01 5.546140e-02
<VARIANCE> 39
 1.281635e+01 2.300010e+01 2.038219e+01 2.462828e+01 3.708596e+01 3.077627e+01 5.258290e+01 4.184917e+01 3.182494e+01 3.660720e+01 3.263885e+01 2.846341e+01 6.532088e+01 2.870165e-01 5.692050e-01 6.705687e-01 8.413311e-01 1.486483e+00 1.213327e+00 1.728804e+00 1.582031e+00 1.608394e+00 1.758410e+00 1.553709e+00 1.432359e+00 7.501263e-01 4.293721e-02 9.660082e-02 1.232710e-01 1.604500e-01 2.653938e-01 2.319770e-01 3.197401e-01 2.957841e-01 3.148406e-01 3.511796e-01 3.101520e-01 2.829244e-01 6.413027e-02
<GCONST> 9.521964e+01
<MIXTURE> 2 5.000000e-01
<MEAN> 39
 -4.514786e+00 -4.581316e+00 2.931244e+00 1.157730e+00 -2.562138e+00 -3.660339e+00 -6.629807e+00 -6.195791e+00 -5.000568e+00 -5.695469e+00 -5.028502e+00 -9.539952e+00 5.620282e+01 -4.498405e-02 -3.272565e-02 -1.359167e-01 -1.517911e-01 -1.068527e-01 -1.303788e-01 -1.897873e-01 -1.752667e-01 -2.570137e-01 -2.573480e-01 -2.292461e-01 -1.980461e-01 -4.639301e-01 -4.558895e-02 -6.227472e-02 -7.864439e-02 -8.468278e-02 -1.134614e-01 -1.041628e-01 -1.143143e-01 -1.092895e-01 -1.125711e-01 -1.199412e-01 -1.131570e-01 -1.094302e-01 -4.583443e-02
<VARIANCE> 39
 1.281635e+01 2.300010e+01 2.038219e+01 2.462828e+01 3.708596e+01 3.077627e+01 5.258290e+01 4.184917e+01 3.182494e+01 3.660720e+01 3.263885e+01 2.846341e+01 6.532088e+01 2.870165e-01 5.692050e-01 6.705687e-01 8.413311e-01 1.486483e+00 1.213327e+00 1.728804e+00 1.582031e+00 1.608394e+00 1.758410e+00 1.553709e+00 1.432359e+00 7.501263e-01 4.293721e-02 9.660082e-02 1.232710e-01 1.604500e-01 2.653938e-01 2.319770e-01 3.197401e-01 2.957841e-01 3.148406e-01 3.511796e-01 3.101520e-01 2.829244e-01 6.413027e-02
<GCONST> 9.521964e+01
<TRANSP> 5
 0.000000e+00 1.000000e+00 0.000000e+00 0.000000e+00 0.000000e+00
 0.000000e+00 8.453104e-01 1.546896e-01 0.000000e+00 0.000000e+00
 0.000000e+00 0.000000e+00 9.839901e-01 1.600992e-02 0.000000e+00
 0.000000e+00 0.000000e+00 0.000000e+00 9.817278e-01 1.827214e-02
 0.000000e+00 0.000000e+00 0.000000e+00 0.000000e+00 0.000000e+00
<ENDHMM>
~h "ds"
<BEGINHMM>
<NUMSTATES> 5
<STATE> 2
<NUMMIXES> 2
<MIXTURE> 1 5.000000e-01
<MEAN> 39
 -1.250725e+01 1.689503e+00 1.755806e+00 6.169990e-01 1.210608e+00 -1.090136e+00 5.912460e+00 -8.633984e-01 2.919818e+00 2.833465e+00 5.161929e+00 1.147807e+00 6.732743e+01 9.922363e-02 3.043679e-01 1.527399e-01 1.989215e-01 1.591408e-01 2.049760e-01 2.954918e-01 2.867454e-01 3.351836e-01 3.889745e-01 2.955101e-01 3.033600e-01 1.379728e+00 1.482920e-01 6.181636e-02 1.067556e-01 1.424920e-01 1.823994e-01 2.221643e-01 1.370629e-01 1.925561e-01 1.065886e-01 9.445196e-02 1.276817e-01 1.412700e-01 3.006089e-02
<VARIANCE> 39
 2.259042e+01 1.749350e+01 1.549029e+01 2.020774e+01 2.831428e+01 2.368690e+01 2.836471e+01 3.713900e+01 2.798105e+01 2.474014e+01 2.012824e+01 1.720535e+01 9.398882e+01 2.144875e+00 1.111036e+00 1.435101e+00 1.713638e+00 2.581532e+00 2.335770e+00 2.460799e+00 2.472542e+00 2.178592e+00 2.292234e+00 2.012038e+00 1.788773e+00 3.955290e+00 3.387716e-01 1.996164e-01 2.410673e-01 3.139797e-01 4.719663e-01 4.574213e-01 4.361842e-01 4.653557e-01 3.978306e-01 4.387305e-01 3.739071e-01 3.382798e-01 6.297008e-01
<GCONST> 1.107578e+02
<MIXTURE> 2 5.000000e-01
<MEAN> 39
 -1.440843e+01 1.649374e-02 1.814980e-01 -1.181122e+00 -9.178386e-01 -3.036904e+00 3.782118e+00 -3.301069e+00 8.039336e-01 8.438867e-01 3.367349e+00 -5.113668e-01 6.344952e+01 -4.865921e-01 -1.172549e-01 -3.264429e-01 -3.247025e-01 -4.835451e-01 -4.063530e-01 -3.319855e-01 -3.422273e-01 -2.552186e-01 -2.166305e-01 -2.718752e-01 -2.316200e-01 5.842119e-01 -8.452435e-02 -1.168975e-01 -8.963886e-02 -8.164359e-02 -9.239982e-02 -4.836737e-02 -1.271141e-01 -8.031185e-02 -1.457067e-01 -1.704950e-01 -1.169100e-01 -9.137727e-02 -2.873539e-01
<VARIANCE> 39
 2.259042e+01 1.749350e+01 1.549029e+01 2.020774e+01 2.831428e+01 2.368690e+01 2.836471e+01 3.713900e+01 2.798105e+01 2.474014e+01 2.012824e+01 1.720535e+01 9.398882e+01 2.144875e+00 1.111036e+00 1.435101e+00 1.713638e+00 2.581532e+00 2.335770e+00 2.460799e+00 2.472542e+00 2.178592e+00 2.292234e+00 2.012038e+00 1.788773e+00 3.955290e+00 3.387716e-01 1.996164e-01 2.410673e-01 3.139797e-01 4.719663e-01 4.574213e-01 4.361842e-01 4.653557e-01 3.978306e-01 4.387305e-01 3.739071e-01 3.382798e-01 6.297008e-01
<GCONST> 1.107578e+02
<STATE> 3
<NUMMIXES> 2
<MIXTURE> 1 5.000000e-01
<MEAN> 39
 -1.568962e+01 8.419534e-01 -1.245658e+00 -1.065750e-01 -2.769746e+00 -1.674049e+00 2.399517e+00 -1.504709e+00 2.288387e+00 4.075983e+00 5.414537e+00 1.840006e+00 7.319173e+01 5.246076e-01 1.048407e-01 4.955883e-01 7.090673e-01 8.343461e-01 6.085384e-01 3.111886e-01 3.440721e-01 2.138919e-01 6.442246e-02 1.785133e-01 1.398341e-01 2.298627e-01 2.130251e-01 1.714509e-01 1.335315e-01 1.051968e-01 1.079345e-01 2.916525e-02 1.001560e-01 -5.126342e-03 7.802309e-02 1.187788e-01 3.364138e-02 4.214041e-02 2.683952e-01
<VARIANCE> 39
 1.421521e+01 7.172735e+00 8.066903e+00 1.224528e+01 1.528077e+01 1.198263e+01 1.278737e+01 1.220720e+01 1.420240e+01 1.433142e+01 1.444492e+01 1.199784e+01 1.759405e+02 1.568557e+00 9.182478e-01 9.329084e-01 8.196753e-01 1.036905e+00 1.510620e+00 1.388552e+00 1.430396e+00 1.296385e+00 1.386395e+00 1.155057e+00 1.206019e+00 1.980565e+01 3.267173e-01 1.411786e-01 1.735891e-01 1.806257e-01 2.004228e-01 3.093709e-01 2.788056e-01 2.517689e-01 2.571261e-01 2.720796e-01 2.362177e-01 2.590278e-01 3.672978e+00
<GCONST> 9.580313e+01
<MIXTURE> 2 5.000000e-01
<MEAN> 39
 -1.719774e+01 -2.293252e-01 -2.381750e+00 -1.506305e+00 -4.333372e+00 -3.058687e+00 9.691393e-01 -2.902261e+00 7.809445e-01 2.561709e+00 3.894279e+00 4.544901e-01 6.788602e+01 2.363938e-02 -2.784603e-01 1.092395e-01 3.469237e-01 4.270319e-01 1.169092e-01 -1.601587e-01 -1.343245e-01 -2.415438e-01 -4.065587e-01 -2.513810e-01 -2.994415e-01 -1.550279e+00 -1.561164e-02 2.115593e-02 -3.312465e-02 -6.480348e-02 -7.113995e-02 -1.933192e-01 -1.110521e-01 -2.058327e-01 -1.248073e-01 -8.986623e-02 -1.607676e-01 -1.614387e-01 -4.982054e-01
<VARIANCE> 39
 1.421521e+01 7.172735e+00 8.066903e+00 1.224528e+01 1.528077e+01 1.198263e+01 1.278737e+01 1.220720e+01 1.420240e+01 1.433142e+01 1.444492e+01 1.199784e+01 1.759405e+02 1.568557e+00 9.182478e-01 9.329084e-01 8.196753e-01 1.036905e+00 1.510620e+00 1.388552e+00 1.430396e+00 1.296385e+00 1.386395e+00 1.155057e+00 1.206019e+00 1.980565e+01 3.267173e-01 1.411786e-01 1.735891e-01 1.806257e-01 2.004228e-01 3.093709e-01 2.788056e-01 2.517689e-01 2.571261e-01 2.720796e-01 2.362177e-01 2.590278e-01 3.672978e+00
<GCONST> 9.580313e+01
<STATE> 4
<NUMMIXES> 2
<MIXTURE> 1 5.000000e-01
<MEAN> 39
 -9.156953e+00 2.155895e+00 2.870404e+00 1.654427e+00 3.866855e+00 1.646743e+00 3.944957e+00 -3.210673e-01 1.292347e+00 6.149657e-01 3.029132e+00 -7.101218e-01 5.742616e+01 1.938312e-01 1.412681e-01 1.853487e-01 1.969950e-01 2.590615e-01 2.626615e-01 2.696690e-01 2.596688e-01 2.606190e-01 2.504356e-01 2.384975e-01 2.187250e-01 7.779653e-02 6.114597e-02 5.761381e-02 6.878532e-02 8.125266e-02 9.763408e-02 1.038555e-01 1.107008e-01 1.110147e-01 1.192831e-01 1.206062e-01 1.159872e-01 1.062795e-01 6.716697e-02
<VARIANCE> 39
 1.566611e+01 1.168696e+01 1.602159e+01 1.734763e+01 1.953400e+01 2.170100e+01 2.409005e+01 1.919429e+01 2.419424e+01 2.266272e+01 1.797987e+01 1.716044e+01 5.950464e+01 5.837943e-01 4.821302e-01 6.730072e-01 9.092992e-01 1.295876e+00 1.424462e+00 1.586377e+00 1.544541e+00 1.750340e+00 1.757326e+00 1.594510e+00 1.360205e+00 8.362501e-01 9.805182e-02 8.482129e-02 1.249228e-01 1.752839e-01 2.557897e-01 2.768472e-01 3.111345e-01 3.073234e-01 3.467123e-01 3.532178e-01 3.236263e-01 2.733116e-01 1.038614e-01
<GCONST> 9.189868e+01
<MIXTURE> 2 5.000000e-01
<MEAN> 39
 -1.074017e+01 7.884470e-01 1.269325e+00 -1.159245e-02 2.098963e+00 -2.166302e-01 1.981693e+00 -2.073519e+00 -6.751586e-01 -1.289249e+00 1.333025e+00 -2.367128e+00 5.434058e+01 -1.117946e-01 -1.364742e-01 -1.427994e-01 -1.844337e-01 -1.962847e-01 -2.147419e-01 -2.341369e-01 -2.374495e-01 -2.685826e-01 -2.798211e-01 -2.665982e-01 -2.477863e-01 -2.879903e-01 -6.410695e-02 -5.888257e-02 -7.259236e-02 -8.621503e-02 -1.046685e-01 -1.066096e-01 -1.124169e-01 -1.107323e-01 -1.162460e-01 -1.171223e-01 -1.115654e-01 -1.028374e-01 -6.174317e-02
<VARIANCE> 39
 1.566611e+01 1.168696e+01 1.602159e+01 1.734763e+01 1.953400e+01 2.170100e+01 2.409005e+01 1.919429e+01 2.419424e+01 2.266272e+01 1.797987e+01 1.716044e+01 5.950464e+01 5.837943e-01 4.821302e-01 6.730072e-01 9.092992e-01 1.295876e+00 1.424462e+00 1.586377e+00 1.544541e+00 1.750340e+00 1.757326e+00 1.594510e+00 1.360205e+00 8.362501e-01 9.805182e-02 8.482129e-02 1.249228e-01 1.752839e-01 2.557897e-01 2.768472e-01 3.111345e-01 3.073234e-01 3.467123e-01 3.532178e-01 3.236263e-01 2.733116e-01 1.038614e-01
<GCONST> 9.189868e+01
<TRANSP> 5
 0.000000e+00 1.000000e+00 0.000000e+00 0.000000e+00 0.000000e+00
 0.000000e+00 9.312922e-01 6.870781e-02 0.000000e+00 0.000000e+00
 0.000000e+00 0.000000e+00 8.671644e-01 1.328356e-01 0.000000e+00
 0.000000e+00 0.000000e+00 0.000000e+00 9.936328e-01 6.367180e-03
 0.000000e+00 0.000000e+00 0.000000e+00 0.000000e+00 0.000000e+00
<ENDHMM>
~h "kj"
<BEGINHMM>
<NUMSTATES> 5
<STATE> 2
<NUMMIXES> 2
<MIXTURE> 1 5.000000e-01
<MEAN> 39
 -1.837500e+01 4.576425e+00 6.261767e-01 -3.915421e-01 -1.481294e-01 4.654502e+00 3.213257e+00 3.335156e+00 5.021196e-01 9.937444e-01 2.316264e+00 -6.745815e-02 5.680488e+01 1.380112e-01 1.662111e-01 1.727305e-01 1.896854e-01 2.126752e-01 2.534716e-01 2.584522e-01 2.560710e-01 2.625901e-01 2.580130e-01 2.528242e-01 2.299403e-01 1.319252e-01 6.665464e-02 6.200269e-02 7.342783e-02 8.585473e-02 9.194703e-02 1.053656e-01 1.138022e-01 1.160051e-01 1.141152e-01 1.170770e-01 1.080455e-01 1.033342e-01 4.973227e-02
<VARIANCE> 39
 3.131836e+01 2.373359e+01 1.721058e+01 2.652461e+01 1.702797e+01 3.564259e+01 2.614981e+01 2.173977e+01 1.807927e+01 2.116952e+01 1.693790e+01 1.579610e+01 2.339824e+01 6.502712e-01 5.547807e-01 7.267615e-01 9.309544e-01 1.156014e+00 1.468925e+00 1.605223e+00 1.634507e+00 1.609614e+00 1.681556e+00 1.506476e+00 1.335696e+00 3.953097e-01 1.068566e-01 1.008347e-01 1.356832e-01 1.820848e-01 2.219773e-01 2.908402e-01 3.190624e-01 3.277329e-01 3.262608e-01 3.366777e-01 3.034251e-01 2.682093e-01 6.143961e-02
<GCONST> 9.196697e+01
<MIXTURE> 2 5.000000e-01
<MEAN> 39
 -2.061352e+01 2.627739e+00 -1.033249e+00 -2.451624e+00 -1.798728e+00 2.266446e+00 1.167781e+00 1.470119e+00 -1.198669e+00 -8.466696e-01 6.700364e-01 -1.657230e+00 5.487001e+01 -1.845464e-01 -1.317233e-01 -1.682707e-01 -1.962585e-01 -2.173971e-01 -2.313253e-01 -2.483374e-01 -2.553204e-01 -2.448923e-01 -2.606863e-01 -2.381301e-01 -2.323490e-01 -1.195695e-01 -6.410107e-02 -6.501522e-02 -7.391298e-02 -8.483086e-02 -9.651083e-02 -1.103528e-01 -1.121403e-01 -1.129867e-01 -1.143618e-01 -1.150187e-01 -1.122906e-01 -1.038215e-01 -4.941579e-02
<VARIANCE> 39
 3.131836e+01 2.373359e+01 1.721058e+01 2.652461e+01 1.702797e+01 3.564259e+01 2.614981e+01 2.173977e+01 1.807927e+01 2.116952e+01 1.693790e+01 1.579610e+01 2.339824e+01 6.502712e-01 5.547807e-01 7.267615e-01 9.309544e-01 1.156014e+00 1.468925e+00 1.605223e+00 1.634507e+00 1.609614e+00 1.681556e+00 1.506476e+00 1.335696e+00 3.953097e-01 1.068566e-01 1.008347e-01 1.356832e-01 1.820848e-01 2.219773e-01 2.908402e-01 3.190624e-01 3.277329e-01 3.262608e-01 3.366777e-01 3.034251e-01 2.682093e-01 6.143961e-02
<GCONST> 9.196697e+01
<STATE> 3
<NUMMIXES> 2
<MIXTURE> 1 5.000000e-01
<MEAN> 39
 -1.420134e+01 -6.334444e+00 -3.555291e+00 -1.701416e-01 -1.057444e+00 -3.113822e+00 -1.283408e+00 -2.647606e+00 -1.737976e+00 1.422874e+00 1.210127e+00 3.846473e-02 6.580086e+01 2.359724e-01 1.175086e-01 1.476339e-01 2.088729e-01 2.370441e-01 1.866202e-01 2.295633e-01 2.030033e-01 2.271896e-01 2.521758e-01 2.348348e-01 2.355009e-01 3.416171e-01 6.570403e-02 1.213680e-01 9.516443e-02 8.530077e-02 1.098573e-01 1.322544e-01 1.434866e-01 1.308670e-01 1.242927e-01 1.182464e-01 1.110377e-01 9.733333e-02 8.329327e-02
<VARIANCE> 39
 1.877847e+01 3.153149e+01 1.261103e+01 1.506220e+01 1.725975e+01 1.947600e+01 2.053960e+01 1.995667e+01 1.804312e+01 1.735430e+01 1.613998e+01 1.342861e+01 6.873110e+01 6.664438e-01 1.776262e+00 8.452535e-01 9.593308e-01 1.296079e+00 1.721516e+00 1.861937e+00 1.768798e+00 1.686693e+00 1.521080e+00 1.438427e+00 1.268068e+00 2.148499e+00 1.034908e-01 2.707012e-01 1.502883e-01 1.839842e-01 2.465703e-01 3.096305e-01 3.526607e-01 3.401440e-01 3.417105e-01 3.059342e-01 2.895977e-01 2.621247e-01 2.745765e-01
<GCONST> 9.677302e+01
<MIXTURE> 2 5.000000e-01
<MEAN> 39
 -1.593470e+01 -8.580560e+00 -4.975771e+00 -1.722544e+00 -2.719238e+00 -4.879087e+00 -3.096234e+00 -4.434522e+00 -3.437064e+00 -2.434660e-01 -3.968573e-01 -1.427338e+00 6.248469e+01 -9.057162e-02 -4.155973e-01 -2.201168e-01 -1.829088e-01 -2.183378e-01 -3.382061e-01 -3.162479e-01 -3.289814e-01 -2.923014e-01 -2.411525e-01 -2.449030e-01 -2.149332e-01 -2.446933e-01 -6.297592e-02 -8.674780e-02 -5.990371e-02 -8.627275e-02 -8.876605e-02 -9.032343e-02 -9.405440e-02 -1.024205e-01 -1.095314e-01 -1.029989e-01 -1.042194e-01 -1.074591e-01 -1.263069e-01
<VARIANCE> 39
 1.877847e+01 3.153149e+01 1.261103e+01 1.506220e+01 1.725975e+01 1.947600e+01 2.053960e+01 1.995667e+01 1.804312e+01 1.735430e+01 1.613998e+01 1.342861e+01 6.873110e+01 6.664438e-01 1.776262e+00 8.452535e-01 9.593308e-01 1.296079e+00 1.721516e+00 1.861937e+00 1.768798e+00 1.686693e+00 1.521080e+00 1.438427e+00 1.268068e+00 2.148499e+00 1.034908e-01 2.707012e-01 1.502883e-01 1.839842e-01 2.465703e-01 3.096305e-01 3.526607e-01 3.401440e-01 3.417105e-01 3.059342e-01 2.895977e-01 2.621247e-01 2.745765e-01
<GCONST> 9.677302e+01
<STATE> 4
<NUMMIXES> 2
<MIXTURE> 1 5.000000e-01
<MEAN> 39
 -2.005132e+01 1.867435e+00 3.099739e+00 2.929044e+00 -1.957970e+00 1.010203e-01 7.827447e+00 1.132739e-01 -3.077060e+00 5.621515e+00 1.481524e+00 -2.739479e+00 5.737627e+01 1.682184e-01 1.754870e-01 1.693853e-01 1.872805e-01 2.275067e-01 2.405113e-01 2.676899e-01 2.589518e-01 2.658813e-01 2.550864e-01 2.421064e-01 2.347749e-01 1.144452e-01 5.759022e-02 6.993899e-02 6.778920e-02 8.322214e-02 9.854580e-02 1.032805e-01 1.098026e-01 1.113297e-01 1.157902e-01 1.142310e-01 1.086157e-01 1.055780e-01 5.448307e-02
<VARIANCE> 39
 3.843637e+01 2.662656e+01 1.784648e+01 1.882480e+01 1.683861e+01 2.110373e+01 3.273618e+01 2.007537e+01 1.934618e+01 2.293760e+01 1.793242e+01 1.611628e+01 2.856342e+01 4.773540e-01 7.409413e-01 6.660789e-01 9.456784e-01 1.213922e+00 1.356339e+00 1.657017e+00 1.556043e+00 1.630790e+00 1.730274e+00 1.442110e+00 1.315116e+00 5.335792e-01 7.786546e-02 1.263033e-01 1.231363e-01 1.819331e-01 2.389230e-01 2.680428e-01 3.168278e-01 3.115573e-01 3.295721e-01 3.440408e-01 2.900966e-01 2.663171e-01 7.628715e-02
<GCONST> 9.209850e+01
<MIXTURE> 2 5.000000e-01
<MEAN> 39
 -2.253120e+01 -1.966029e-01 1.409935e+00 1.193542e+00 -3.599365e+00 -1.736531e+00 5.538825e+00 -1.678948e+00 -4.836432e+00 3.705787e+00 -2.123432e-01 -4.345283e+00 5.523849e+01 -1.081449e-01 -1.688248e-01 -1.570694e-01 -2.017035e-01 -2.132058e-01 -2.253366e-01 -2.472108e-01 -2.400141e-01 -2.449282e-01 -2.710731e-01 -2.382452e-01 -2.239391e-01 -1.777408e-01 -5.402732e-02 -7.221771e-02 -7.257393e-02 -8.739232e-02 -9.697320e-02 -1.038109e-01 -1.153472e-01 -1.119395e-01 -1.138433e-01 -1.203890e-01 -1.068268e-01 -1.008457e-01 -5.599745e-02
<VARIANCE> 39
 3.843637e+01 2.662656e+01 1.784648e+01 1.882480e+01 1.683861e+01 2.110373e+01 3.273618e+01 2.007537e+01 1.934618e+01 2.293760e+01 1.793242e+01 1.611628e+01 2.856342e+01 4.773540e-01 7.409413e-01 6.660789e-01 9.456784e-01 1.213922e+00 1.356339e+00 1.657017e+00 1.556043e+00 1.630790e+00 1.730274e+00 1.442110e+00 1.315116e+00 5.335792e-01 7.786546e-02 1.263033e-01 1.231363e-01 1.819331e-01 2.389230e-01 2.680428e-01 3.168278e-01 3.115573e-01 3.295721e-01 3.440408e-01 2.900966e-01 2.663171e-01 7.628715e-02
<GCONST> 9.209850e+01
<TRANSP> 5
 0.000000e+00 1.000000e+00 0.000000e+00 0.000000e+00 0.000000e+00
 0.000000e+00 9.938041e-01 6.195848e-03 0.000000e+00 0.000000e+00
 0.000000e+00 0.000000e+00 9.739727e-01 2.602727e-02 0.000000e+00
 0.000000e+00 0.000000e+00 0.000000e+00 9.913121e-01 8.687910e-03
 0.000000e+00 0.000000e+00 0.000000e+00 0.000000e+00 0.000000e+00
<ENDHMM>
~h "kn"
<BEGINHMM>
<NUMSTATES> 5
<STATE> 2
<NUMMIXES> 2
<MIXTURE> 1 5.000000e-01
<MEAN> 39
 5.079690e-01 1.748921e+00 -1.336746e+00 -1.775036e+00 2.130267e+00 3.890134e-01 3.012754e+00 -2.098225e+00 8.507462e-01 7.204196e-01 1.715432e+00 -3.060431e+00 5.926202e+01 4.761895e-01 4.256217e-01 1.888293e-01 3.590754e-01 5.121773e-01 -8.403403e-02 7.831386e-01 4.023958e-01 1.314027e+00 5.170492e-01 4.880456e-01 5.896914e-01 2.439002e+00 7.156011e-02 1.675351e-01 2.053041e-01 1.635155e-01 2.770434e-01 3.190252e-01 1.048469e-01 2.277221e-01 -1.676315e-02 8.509636e-02 1.186074e-01 2.119254e-01 -1.981287e-01
<VARIANCE> 39
 2.541906e+01 2.460114e+01 2.937930e+01 1.185425e+01 2.067234e+01 2.614165e+01 2.601226e+01 5.457790e+01 2.935607e+01 3.196898e+01 2.450151e+01 1.816427e+01 1.265595e+02 2.307118e+00 1.379054e+00 1.887084e+00 9.748552e-01 1.489307e+00 2.067819e+00 2.966716e+00 5.292174e+00 3.337305e+00 2.286561e+00 2.057676e+00 2.159448e+00 6.789631e+00 3.337479e-01 1.744775e-01 2.909233e-01 1.492941e-01 2.161895e-01 3.363641e-01 4.948483e-01 7.483419e-01 6.200220e-01 3.947847e-01 3.334534e-01 3.305719e-01 1.066884e+00
<GCONST> 1.132444e+02
<MIXTURE> 2 5.000000e-01
<MEAN> 39
 -1.508724e+00 -2.350603e-01 -3.504853e+00 -3.152236e+00 3.115931e-01 -1.656143e+00 9.726657e-01 -5.053299e+00 -1.316504e+00 -1.541225e+00 -2.645282e-01 -4.765213e+00 5.476208e+01 -1.313785e-01 -4.411076e-02 -3.606554e-01 -3.586362e-02 2.402866e-02 -6.592306e-01 9.417224e-02 -5.177932e-01 5.832950e-01 -8.780599e-02 -8.573855e-02 1.888990e-03 1.396725e+00 -1.595236e-01 4.531145e-04 -1.044509e-02 8.961119e-03 9.105864e-02 8.703759e-02 -1.765350e-01 -1.183050e-01 -3.317291e-01 -1.662312e-01 -1.123743e-01 -1.805615e-02 -6.112890e-01
<VARIANCE> 39
 2.541906e+01 2.460114e+01 2.937930e+01 1.185425e+01 2.067234e+01 2.614165e+01 2.601226e+01 5.457790e+01 2.935607e+01 3.196898e+01 2.450151e+01 1.816427e+01 1.265595e+02 2.307118e+00 1.379054e+00 1.887084e+00 9.748552e-01 1.489307e+00 2.067819e+00 2.966716e+00 5.292174e+00 3.337305e+00 2.286561e+00 2.057676e+00 2.159448e+00 6.789631e+00 3.337479e-01 1.744775e-01 2.909233e-01 1.492941e-01 2.161895e-01 3.363641e-01 4.948483e-01 7.483419e-01 6.200220e-01 3.947847e-01 3.334534e-01 3.305719e-01 1.066884e+00
<GCONST> 1.132444e+02
<STATE> 3
<NUMMIXES> 2
<MIXTURE> 1 5.000000e-01
<MEAN> 39
 6.245522e+00 7.458167e-01 -2.077473e+00 1.669216e+00 5.269024e+00 -1.972318e-04 2.656091e+00 -3.068633e+00 5.637057e-01 -2.035332e-02 1.877787e+00 -1.021581e+00 6.130810e+01 1.910163e-01 1.642998e-01 1.994227e-01 2.416922e-01 2.529564e-01 2.489744e-01 2.311094e-01 2.942086e-01 2.202890e-01 2.583522e-01 2.186017e-01 2.600590e-01 1.636603e-01 5.216945e-02 7.560730e-02 7.090183e-02 8.422429e-02 9.774159e-02 1.051873e-01 1.025819e-01 1.238319e-01 1.119849e-01 1.087904e-01 9.929392e-02 9.096188e-02 1.036936e-01
<VARIANCE> 39
 1.136902e+01 2.366623e+01 1.440498e+01 1.440887e+01 1.866633e+01 2.178073e+01 2.087334e+01 2.273307e+01 2.216302e+01 2.051794e+01 1.685732e+01 1.710646e+01 3.215118e+01 3.890500e-01 8.205914e-01 7.569036e-01 9.581388e-01 1.349702e+00 1.357310e+00 1.448742e+00 1.901821e+00 1.766267e+00 1.506004e+00 1.348012e+00 1.428270e+00 1.931497e+00 6.842861e-02 1.579888e-01 1.394438e-01 2.018573e-01 2.871868e-01 2.734223e-01 2.978083e-01 4.011182e-01 3.718095e-01 3.169086e-01 2.701349e-01 2.890557e-01 3.235097e-01
<GCONST> 9.389594e+01
<MIXTURE> 2 5.000000e-01
<MEAN> 39
 4.896803e+00 -1.200101e+00 -3.595629e+00 1.508554e-01 3.540842e+00 -1.866990e+00 8.285970e-01 -4.975801e+00 -1.319399e+00 -1.832223e+00 2.354806e-01 -2.675979e+00 5.904002e+01 -5.847924e-02 -1.980462e-01 -1.485781e-01 -1.498461e-01 -2.117504e-01 -2.170402e-01 -2.503454e-01 -2.574175e-01 -3.113149e-01 -2.325253e-01 -2.458139e-01 -2.179820e-01 -3.922529e-01 -5.246601e-02 -8.338392e-02 -7.846688e-02 -9.548984e-02 -1.166177e-01 -1.039718e-01 -1.157054e-01 -1.295037e-01 -1.319198e-01 -1.163881e-01 -1.086041e-01 -1.240937e-01 -1.238181e-01
<VARIANCE> 39
 1.136902e+01 2.366623e+01 1.440498e+01 1.440887e+01 1.866633e+01 2.178073e+01 2.087334e+01 2.273307e+01 2.216302e+01 2.051794e+01 1.685732e+01 1.710646e+01 3.215118e+01 3.890500e-01 8.205914e-01 7.569036e-01 9.581388e-01 1.349702e+00 1.357310e+00 1.448742e+00 1.901821e+00 1.766267e+00 1.506004e+00 1.348012e+00 1.428270e+00 1.931497e+00 6.842861e-02 1.579888e-01 1.394438e-01 2.018573e-01 2.871868e-01 2.734223e-01 2.978083e-01 4.011182e-01 3.718095e-01 3.169086e-01 2.701349e-01 2.890557e-01 3.235097e-01
<GCONST> 9.389594e+01
<STATE> 4
<NUMMIXES> 2
<MIXTURE> 1 5.000000e-01
<MEAN> 39
 4.678906e+00 3.418615e+00 1.339529e+00 1.602090e+00 6.171575e+00 3.285378e+00 2.291149e+00 -1.970018e-01 -1.929242e+00 -5.961965e-01 7.602256e-01 -2.085624e+00 5.221254e+01 -1.249081e-01 2.282882e-01 3.294719e-01 1.051833e-01 2.156418e-01 4.223775e-01 2.270742e-01 4.070233e-01 1.356550e-01 1.864198e-01 1.766049e-01 1.298109e-01 -3.267959e-01 2.268182e-02 3.605119e-02 5.551203e-02 5.272232e-02 6.440470e-02 6.609373e-02 1.226414e-01 1.108656e-01 1.289475e-01 1.083591e-01 1.093852e-01 1.084157e-01 4.805155e-02
<VARIANCE> 39
 1.526390e+01 1.805559e+01 1.570065e+01 1.374028e+01 2.123022e+01 1.731713e+01 1.913591e+01 1.968551e+01 2.030545e+01 1.907835e+01 1.548347e+01 1.477042e+01 2.474095e+01 2.012153e-01 3.524554e-01 5.398098e-01 6.193700e-01 9.392281e-01 1.074023e+00 1.266538e+00 1.492572e+00 1.540792e+00 1.381121e+00 1.274182e+00 1.162604e+00 1.502941e-01 2.841673e-02 5.779425e-02 9.765270e-02 1.187594e-01 1.799080e-01 2.016534e-01 2.602565e-01 2.960391e-01 3.132605e-01 2.769305e-01 2.578324e-01 2.282447e-01 1.184692e-02
<GCONST> 7.880408e+01
<MIXTURE> 2 5.000000e-01
<MEAN> 39
 3.116144e+00 1.718941e+00 -2.454327e-01 1.193742e-01 4.328524e+00 1.620824e+00 5.413648e-01 -1.971736e+00 -3.731704e+00 -2.343348e+00 -8.137360e-01 -3.622916e+00 5.022293e+01 -3.043362e-01 -9.183608e-03 3.558490e-02 -2.096170e-01 -1.720134e-01 7.837147e-03 -2.230881e-01 -8.166014e-02 -3.608596e-01 -2.836646e-01 -2.749138e-01 -3.014856e-01 -4.818671e-01 -4.474723e-02 -6.011055e-02 -6.948571e-02 -8.512363e-02 -1.052576e-01 -1.135296e-01 -8.141994e-02 -1.067723e-01 -9.493126e-02 -1.021376e-01 -9.372357e-02 -8.268417e-02 4.514128e-03
<VARIANCE> 39
 1.526390e+01 1.805559e+01 1.570065e+01 1.374028e+01 2.123022e+01 1.731713e+01 1.913591e+01 1.968551e+01 2.030545e+01 1.907835e+01 1.548347e+01 1.477042e+01 2.474095e+01 2.012153e-01 3.524554e-01 5.398098e-01 6.193700e-01 9.392281e-01 1.074023e+00 1.266538e+00 1.492572e+00 1.540792e+00 1.381121e+00 1.274182e+00 1.162604e+00 1.502941e-01 2.841673e-02 5.779425e-02 9.765270e-02 1.187594e-01 1.799080e-01 2.016534e-01 2.602565e-01 2.960391e-01 3.132605e-01 2.769305e-01 2.578324e-01 2.282447e-01 1.184692e-02
<GCONST> 7.880408e+01
<TRANSP> 5
 0.000000e+00 1.000000e+00 0.000000e+00 0.000000e+00 0.000000e+00
 0.000000e+00 8.382227e-01 1.617773e-01 0.000000e+00 0.000000e+00
 0.000000e+00 0.000000e+00 9.856058e-01 1.439416e-02 0.000000e+00
 0.000000e+00 0.000000e+00 0.000000e+00 9.542887e-01 4.571135e-02
 0.000000e+00 0.000000e+00 0.000000e+00 0.000000e+00 0.000000e+00
<ENDHMM>
~h "kt"
<BEGINHMM>
<NUMSTATES> 5
<STATE> 2
<NUMMIXES> 2
<MIXTURE> 1 5.000000e-01
<MEAN> 39
 -1.023210e+01 6.485327e-01 -5.930855e+00 -4.372764e-01 2.147122e+00 2.139057e+00 5.496898e+00 1.507648e+00 2.007452e+00 1.623285e+00 2.331563e+00 -5.878287e-01 5.651046e+01 1.919646e-01 1.337999e-01 1.517130e-01 1.848060e-01 2.098968e-01 2.414022e-01 2.633972e-01 2.580991e-01 2.517115e-01 2.568511e-01 2.441919e-01 2.253186e-01 2.016589e-01 8.250598e-02 5.816318e-02 7.181967e-02 8.179848e-02 9.539832e-02 1.091713e-01 1.187512e-01 1.184530e-01 1.132176e-01 1.167913e-01 1.087265e-01 1.021113e-01 8.176867e-02
<VARIANCE> 39
 1.482802e+01 6.253479e+00 7.538746e+00 1.085184e+01 1.198692e+01 1.717464e+01 1.624011e+01 1.630730e+01 1.678627e+01 1.540234e+01 1.441504e+01 1.325274e+01 1.840689e+01 8.992484e-01 4.420919e-01 6.190640e-01 8.522709e-01 1.105829e+00 1.466336e+00 1.691804e+00 1.678939e+00 1.624498e+00 1.650863e+00 1.485619e+00 1.302881e+00 1.009440e+00 1.655376e-01 8.635886e-02 1.243243e-01 1.658628e-01 2.243794e-01 2.991386e-01 3.554126e-01 3.470739e-01 3.268457e-01 3.414008e-01 2.979821e-01 2.633189e-01 1.750310e-01
<GCONST> 8.745560e+01
<MIXTURE> 2 5.000000e-01
<MEAN> 39
 -1.177238e+01 -3.517456e-01 -7.029127e+00 -1.754962e+00 7.622364e-01 4.813650e-01 3.884937e+00 -1.076437e-01 3.686099e-01 5.345261e-02 8.128771e-01 -2.044001e+00 5.479432e+01 -1.873503e-01 -1.321601e-01 -1.630094e-01 -1.844681e-01 -2.107368e-01 -2.429672e-01 -2.568803e-01 -2.601964e-01 -2.581117e-01 -2.570925e-01 -2.433519e-01 -2.312566e-01 -2.002246e-01 -8.023927e-02 -5.938433e-02 -6.921894e-02 -8.110654e-02 -9.407650e-02 -1.096030e-01 -1.197147e-01 -1.171989e-01 -1.154641e-01 -1.169267e-01 -1.096245e-01 -1.031471e-01 -8.557817e-02
<VARIANCE> 39
 1.482802e+01 6.253479e+00 7.538746e+00 1.085184e+01 1.198692e+01 1.717464e+01 1.624011e+01 1.630730e+01 1.678627e+01 1.540234e+01 1.441504e+01 1.325274e+01 1.840689e+01 8.992484e-01 4.420919e-01 6.190640e-01 8.522709e-01 1.105829e+00 1.466336e+00 1.691804e+00 1.678939e+00 1.624498e+00 1.650863e+00 1.485619e+00 1.302881e+00 1.009440e+00 1.655376e-01 8.635886e-02 1.243243e-01 1.658628e-01 2.243794e-01 2.991386e-01 3.554126e-01 3.470739e-01 3.268457e-01 3.414008e-01 2.979821e-01 2.633189e-01 1.750310e-01
<GCONST> 8.745560e+01
<STATE> 3
<NUMMIXES> 2
<MIXTURE> 1 5.000000e-01
<MEAN> 39
 -1.159992e+01 3.689675e+00 -2.181843e+00 1.595172e+00 1.605806e+00 -1.537962e+00 3.268490e+00 1.952683e+00 8.592602e-01 3.062971e-01 4.619550e-01 -8.698000e-01 5.402373e+01 1.658176e-01 1.391398e-01 1.698491e-01 1.985411e-01 2.346200e-01 2.581553e-01 2.715646e-01 2.374465e-01 2.661236e-01 2.838652e-01 2.681118e-01 2.244859e-01 2.680218e-01 8.391230e-02 5.795731e-02 8.112527e-02 8.562676e-02 1.095536e-01 1.336876e-01 1.203354e-01 1.185456e-01 1.229585e-01 1.370196e-01 1.196546e-01 1.082145e-01 9.677026e-02
<VARIANCE> 39
 7.959146e+00 6.185600e+00 9.183114e+00 1.173477e+01 1.457933e+01 1.688782e+01 1.744590e+01 1.701557e+01 1.773827e+01 1.968004e+01 1.759529e+01 1.396655e+01 2.039863e+01 7.494953e-01 4.788755e-01 7.612830e-01 9.304486e-01 1.337192e+00 1.802674e+00 1.675526e+00 1.597115e+00 1.724516e+00 2.134555e+00 1.705697e+00 1.380823e+00 1.656473e+00 1.440712e-01 8.992330e-02 1.522003e-01 1.898545e-01 2.734858e-01 3.826127e-01 3.420070e-01 3.253706e-01 3.500257e-01 4.494801e-01 3.382595e-01 2.819322e-01 3.144694e-01
<GCONST> 9.128784e+01
<MIXTURE> 2 5.000000e-01
<MEAN> 39
 -1.272840e+01 2.694840e+00 -3.393989e+00 2.249302e-01 7.849067e-02 -3.181754e+00 1.597758e+00 3.026853e-01 -8.254129e-01 -1.468191e+00 -1.215915e+00 -2.364674e+00 5.221713e+01 -1.804760e-01 -1.376635e-01 -1.791571e-01 -1.872979e-01 -2.279281e-01 -2.788995e-01 -2.462039e-01 -2.680615e-01 -2.591597e-01 -3.005394e-01 -2.542975e-01 -2.455478e-01 -2.467944e-01 -6.791456e-02 -6.199155e-02 -7.492616e-02 -8.866242e-02 -9.962992e-02 -1.137352e-01 -1.135901e-01 -1.096195e-01 -1.136934e-01 -1.311534e-01 -1.129857e-01 -1.041747e-01 -1.275400e-01
<VARIANCE> 39
 7.959146e+00 6.185600e+00 9.183114e+00 1.173477e+01 1.457933e+01 1.688782e+01 1.744590e+01 1.701557e+01 1.773827e+01 1.968004e+01 1.759529e+01 1.396655e+01 2.039863e+01 7.494953e-01 4.788755e-01 7.612830e-01 9.304486e-01 1.337192e+00 1.802674e+00 1.675526e+00 1.597115e+00 1.724516e+00 2.134555e+00 1.705697e+00 1.380823e+00 1.656473e+00 1.440712e-01 8.992330e-02 1.522003e-01 1.898545e-01 2.734858e-01 3.826127e-01 3.420070e-01 3.253706e-01 3.500257e-01 4.494801e-01 3.382595e-01 2.819322e-01 3.144694e-01
<GCONST> 9.128784e+01
<STATE> 4
<NUMMIXES> 2
<MIXTURE> 1 5.000000e-01
<MEAN> 39
 -9.092863e+00 3.767008e+00 -1.891938e+00 6.463653e-01 1.255540e+00 7.000011e-01 3.969762e+00 2.978785e+00 1.491366e+00 8.097374e-01 1.371814e+00 -1.371656e+00 4.948371e+01 1.832126e-01 1.418702e-01 1.740807e-01 1.764441e-01 2.221089e-01 2.404403e-01 2.426896e-01 2.501797e-01 2.536401e-01 2.557326e-01 2.430427e-01 2.235343e-01 1.544564e-01 7.174398e-02 6.317335e-02 7.380331e-02 8.389349e-02 9.622655e-02 1.015332e-01 1.059560e-01 1.090700e-01 1.140902e-01 1.149370e-01 1.067345e-01 9.960405e-02 7.773059e-02
<VARIANCE> 39
 9.510647e+00 8.999660e+00 1.096293e+01 1.157749e+01 1.665619e+01 1.586443e+01 1.692978e+01 1.739175e+01 1.735916e+01 1.734427e+01 1.508544e+01 1.299997e+01 1.163663e+01 6.897222e-01 5.165132e-01 6.984593e-01 8.597818e-01 1.156451e+00 1.312013e+00 1.432621e+00 1.485285e+00 1.609799e+00 1.614944e+00 1.435835e+00 1.230577e+00 7.777712e-01 1.309525e-01 9.956209e-02 1.362937e-01 1.717322e-01 2.311346e-01 2.653836e-01 2.928983e-01 2.997794e-01 3.305216e-01 3.349189e-01 2.912271e-01 2.463210e-01 1.423842e-01
<GCONST> 8.647223e+01
<MIXTURE> 2 5.000000e-01
<MEAN> 39
 -1.032644e+01 2.567030e+00 -3.216350e+00 -7.146631e-01 -3.769397e-01 -8.932060e-01 2.323930e+00 1.310649e+00 -1.752075e-01 -8.561207e-01 -1.817856e-01 -2.813874e+00 4.811921e+01 -1.489854e-01 -1.456052e-01 -1.602148e-01 -1.944536e-01 -2.080447e-01 -2.177323e-01 -2.360789e-01 -2.373094e-01 -2.538713e-01 -2.525893e-01 -2.362627e-01 -2.201912e-01 -1.983089e-01 -7.300547e-02 -6.304050e-02 -7.386860e-02 -8.186885e-02 -9.607928e-02 -1.045284e-01 -1.105243e-01 -1.099384e-01 -1.158739e-01 -1.165517e-01 -1.091273e-01 -9.891889e-02 -7.320473e-02
<VARIANCE> 39
 9.510647e+00 8.999660e+00 1.096293e+01 1.157749e+01 1.665619e+01 1.586443e+01 1.692978e+01 1.739175e+01 1.735916e+01 1.734427e+01 1.508544e+01 1.299997e+01 1.163663e+01 6.897222e-01 5.165132e-01 6.984593e-01 8.597818e-01 1.156451e+00 1.312013e+00 1.432621e+00 1.485285e+00 1.609799e+00 1.614944e+00 1.435835e+00 1.230577e+00 7.777712e-01 1.309525e-01 9.956209e-02 1.362937e-01 1.717322e-01 2.311346e-01 2.653836e-01 2.928983e-01 2.997794e-01 3.305216e-01 3.349189e-01 2.912271e-01 2.463210e-01 1.423842e-01
<GCONST> 8.647223e+01
<TRANSP> 5
 0.000000e+00 1.000000e+00 0.000000e+00 0.000000e+00 0.000000e+00
 0.000000e+00 9.916883e-01 8.311717e-03 0.000000e+00 0.000000e+00
 0.000000e+00 0.000000e+00 9.849269e-01 1.507311e-02 0.000000e+00
 0.000000e+00 0.000000e+00 0.000000e+00 9.930157e-01 6.984294e-03
 0.000000e+00 0.000000e+00 0.000000e+00 0.000000e+00 0.000000e+00
<ENDHMM>
~h "pr"
<BEGINHMM>
<NUMSTATES> 5
<STATE> 2
<NUMMIXES> 2
<MIXTURE> 1 5.000000e-01
<MEAN> 39
 -1.346939e+01 -6.518159e+00 1.235176e+00 -5.617281e+00 4.291680e+00 7.215346e+00 6.370914e+00 1.845531e+00 -6.584501e-01 -8.850235e-01 6.333396e+00 1.023070e+00 5.922063e+01 1.417090e-01 1.658915e-01 2.112226e-01 2.179027e-01 2.596380e-01 2.874248e-01 2.973858e-01 2.864094e-01 3.070087e-01 2.673372e-01 2.997988e-01 3.342415e-01 1.887586e-01 8.262216e-02 7.388099e-02 8.117565e-02 1.006709e-01 1.004488e-01 1.157033e-01 1.198235e-01 1.294479e-01 1.316484e-01 1.257731e-01 1.263676e-01 1.182634e-01 4.633393e-02
<VARIANCE> 39
 3.258801e+01 4.262409e+01 4.440487e+01 3.530730e+01 4.692142e+01 7.039951e+01 5.147467e+01 6.317721e+01 5.925018e+01 3.427959e+01 5.455011e+01 5.629727e+01 2.611976e+01 8.148867e-01 7.944251e-01 9.780173e-01 1.378806e+00 1.508453e+00 1.828513e+00 2.106114e+00 2.315882e+00 2.260650e+00 1.996498e+00 2.378735e+00 2.097220e+00 5.965137e-01 1.193711e-01 1.273577e-01 1.670651e-01 2.400717e-01 2.703255e-01 3.252641e-01 3.891493e-01 4.110939e-01 4.194048e-01 3.622004e-01 4.392759e-01 3.784446e-01 8.251503e-02
<GCONST> 1.085905e+02
<MIXTURE> 2 5.000000e-01
<MEAN> 39
 -1.575283e+01 -9.129643e+00 -1.430303e+00 -7.994079e+00 1.551712e+00 3.859170e+00 3.501080e+00 -1.333832e+00 -3.737416e+00 -3.226974e+00 3.379074e+00 -1.978190e+00 5.717633e+01 -2.193753e-01 -1.906306e-01 -1.843564e-01 -2.517876e-01 -2.316384e-01 -2.534653e-01 -2.831124e-01 -3.223115e-01 -2.944096e-01 -2.978527e-01 -3.171272e-01 -2.450297e-01 -1.201786e-01 -5.557832e-02 -6.886785e-02 -8.231875e-02 -9.531754e-02 -1.075225e-01 -1.124244e-01 -1.297038e-01 -1.270185e-01 -1.273975e-01 -1.149593e-01 -1.387439e-01 -1.278080e-01 -6.856779e-02
<VARIANCE> 39
 3.258801e+01 4.262409e+01 4.440487e+01 3.530730e+01 4.692142e+01 7.039951e+01 5.147467e+01 6.317721e+01 5.925018e+01 3.427959e+01 5.455011e+01 5.629727e+01 2.611976e+01 8.148867e-01 7.944251e-01 9.780173e-01 1.378806e+00 1.508453e+00 1.828513e+00 2.106114e+00 2.315882e+00 2.260650e+00 1.996498e+00 2.378735e+00 2.097220e+00 5.965137e-01 1.193711e-01 1.273577e-01 1.670651e-01 2.400717e-01 2.703255e-01 3.252641e-01 3.891493e-01 4.110939e-01 4.194048e-01 3.622004e-01 4.392759e-01 3.784446e-01 8.251503e-02
<GCONST> 1.085905e+02
<STATE> 3
<NUMMIXES> 2
<MIXTURE> 1 5.000000e-01
<MEAN> 39
 -1.840608e+01 4.219538e+00 1.858187e+01 -1.521724e+01 4.448033e+00 1.316152e+01 -5.152501e+00 -2.956530e+00 1.155963e+01 -3.831308e+00 -7.390432e+00 9.826747e+00 5.348557e+01 2.176414e-01 1.028711e-01 1.338722e-01 1.812714e-01 2.489065e-01 2.330312e-01 2.073791e-01 2.864117e-01 2.250075e-01 3.009064e-01 2.506940e-01 2.182163e-01 4.220561e-02 7.400244e-02 6.095813e-02 5.695369e-02 9.125741e-02 1.087756e-01 1.028126e-01 1.098494e-01 1.240236e-01 1.072615e-01 1.119027e-01 1.334009e-01 8.370113e-02 4.613161e-02
<VARIANCE> 39
 2.010172e+01 1.812727e+01 1.445820e+01 3.218480e+01 2.847153e+01 2.350352e+01 1.744494e+01 3.788421e+01 3.283921e+01 4.489116e+01 3.141009e+01 2.062343e+01 1.401756e+01 5.392417e-01 4.599563e-01 5.242839e-01 8.841605e-01 1.259750e+00 1.597786e+00 1.380119e+00 1.524967e+00 1.615803e+00 1.676504e+00 1.873601e+00 1.126173e+00 2.375087e-01 1.311713e-01 8.713631e-02 1.034846e-01 1.758800e-01 2.606765e-01 3.425883e-01 2.797892e-01 3.101591e-01 3.386711e-01 3.224200e-01 3.685098e-01 2.296262e-01 5.647199e-02
<GCONST> 9.181772e+01
<MIXTURE> 2 5.000000e-01
<MEAN> 39
 -2.019948e+01 2.516492e+00 1.706091e+01 -1.748650e+01 2.313684e+00 1.122230e+01 -6.823187e+00 -5.418536e+00 9.267409e+00 -6.511343e+00 -9.632220e+00 8.010226e+00 5.198797e+01 -7.609092e-02 -1.684093e-01 -1.557576e-01 -1.948478e-01 -2.000478e-01 -2.725830e-01 -2.625348e-01 -2.075465e-01 -2.834494e-01 -2.170132e-01 -2.968242e-01 -2.062689e-01 -1.527338e-01 -7.086787e-02 -5.711731e-02 -7.172240e-02 -7.649480e-02 -9.545038e-02 -1.313116e-01 -1.017310e-01 -9.874415e-02 -1.255203e-01 -1.152255e-01 -1.094191e-01 -1.079762e-01 -4.892373e-02
<VARIANCE> 39
 2.010172e+01 1.812727e+01 1.445820e+01 3.218480e+01 2.847153e+01 2.350352e+01 1.744494e+01 3.788421e+01 3.283921e+01 4.489116e+01 3.141009e+01 2.062343e+01 1.401756e+01 5.392417e-01 4.599563e-01 5.242839e-01 8.841605e-01 1.259750e+00 1.597786e+00 1.380119e+00 1.524967e+00 1.615803e+00 1.676504e+00 1.873601e+00 1.126173e+00 2.375087e-01 1.311713e-01 8.713631e-02 1.034846e-01 1.758800e-01 2.606765e-01 3.425883e-01 2.797892e-01 3.101591e-01 3.386711e-01 3.224200e-01 3.685098e-01 2.296262e-01 5.647199e-02
<GCONST> 9.181772e+01
<STATE> 4
<NUMMIXES> 2
<MIXTURE> 1 5.000000e-01
<MEAN> 39
 -1.278947e+01 -3.648884e+00 6.288479e+00 -4.294055e+00 5.337547e+00 5.836910e-01 5.014834e+00 6.177297e+00 4.176421e+00 -5.422413e-01 -1.732053e+00 4.575845e+00 5.553180e+01 1.459647e-01 1.505671e-01 1.422917e-01 2.119549e-01 1.916677e-01 2.390912e-01 2.533345e-01 2.479976e-01 2.596806e-01 2.620906e-01 2.601806e-01 2.119291e-01 4.937386e-02 4.699209e-02 5.500162e-02 7.094704e-02 8.161998e-02 9.350097e-02 1.099443e-01 1.097004e-01 1.085140e-01 1.139338e-01 1.181832e-01 1.107493e-01 1.014901e-01 3.281235e-02
<VARIANCE> 39
 3.928415e+01 5.432948e+01 5.214396e+01 5.496534e+01 8.580455e+01 9.093330e+01 6.827238e+01 6.338379e+01 5.259073e+01 4.969888e+01 5.203184e+01 6.975395e+01 4.672082e+01 3.172708e-01 4.118063e-01 6.504812e-01 9.350042e-01 1.130411e+00 1.517003e+00 1.529760e+00 1.580367e+00 1.686141e+00 1.741297e+00 1.550771e+00 1.363541e+00 1.626788e-01 5.686088e-02 7.407604e-02 1.211843e-01 1.704211e-01 2.209266e-01 2.945410e-01 3.003176e-01 2.992722e-01 3.239766e-01 3.418556e-01 3.073895e-01 2.635871e-01 2.655189e-02
<GCONST> 1.006144e+02
<MIXTURE> 2 5.000000e-01
<MEAN> 39
 -1.529655e+01 -6.597226e+00 3.400048e+00 -7.259600e+00 1.632317e+00 -3.230667e+00 1.709750e+00 2.992739e+00 1.275643e+00 -3.362139e+00 -4.617377e+00 1.235091e+00 5.279769e+01 -7.934243e-02 -1.061214e-01 -1.803179e-01 -1.748275e-01 -2.336155e-01 -2.535755e-01 -2.413993e-01 -2.548530e-01 -2.597253e-01 -2.657423e-01 -2.379392e-01 -2.551539e-01 -1.119600e-01 -4.838999e-02 -5.386604e-02 -6.829910e-02 -8.350839e-02 -9.451035e-02 -1.071422e-01 -1.095045e-01 -1.103091e-01 -1.137420e-01 -1.156905e-01 -1.110216e-01 -1.038729e-01 -3.236666e-02
<VARIANCE> 39
 3.928415e+01 5.432948e+01 5.214396e+01 5.496534e+01 8.580455e+01 9.093330e+01 6.827238e+01 6.338379e+01 5.259073e+01 4.969888e+01 5.203184e+01 6.975395e+01 4.672082e+01 3.172708e-01 4.118063e-01 6.504812e-01 9.350042e-01 1.130411e+00 1.517003e+00 1.529760e+00 1.580367e+00 1.686141e+00 1.741297e+00 1.550771e+00 1.363541e+00 1.626788e-01 5.686088e-02 7.407604e-02 1.211843e-01 1.704211e-01 2.209266e-01 2.945410e-01 3.003176e-01 2.992722e-01 3.239766e-01 3.418556e-01 3.073895e-01 2.635871e-01 2.655189e-02
<GCONST> 1.006144e+02
<TRANSP> 5
 0.000000e+00 1.000000e+00 0.000000e+00 0.000000e+00 0.000000e+00
 0.000000e+00 9.894537e-01 1.054625e-02 0.000000e+00 0.000000e+00
 0.000000e+00 0.000000e+00 9.847061e-01 1.529392e-02 0.000000e+00
 0.000000e+00 0.000000e+00 0.000000e+00 9.952337e-01 4.766312e-03
 0.000000e+00 0.000000e+00 0.000000e+00 0.000000e+00 0.000000e+00
<ENDHMM>
~h "pw"
<BEGINHMM>
<NUMSTATES> 5
<STATE> 2
<NUMMIXES> 2
<MIXTURE> 1 5.000000e-01
<MEAN> 39
 -1.248728e+01 -1.184567e+00 -3.043013e-01 5.672288e-02 1.979803e+00 -2.132192e-01 3.879647e+00 1.077578e+00 1.698963e-01 1.779867e+00 9.064544e-01 -2.356681e-01 5.479061e+01 1.462103e-01 1.708511e-01 1.703673e-01 1.885299e-01 2.123619e-01 2.291680e-01 2.416442e-01 2.453972e-01 2.498076e-01 2.416347e-01 2.421126e-01 2.251141e-01 1.555571e-01 6.027551e-02 7.053964e-02 7.055203e-02 8.432443e-02 9.374191e-02 1.044284e-01 1.063824e-01 1.110838e-01 1.121913e-01 1.098564e-01 1.091467e-01 1.015240e-01 6.032401e-02
<VARIANCE> 39
 1.586834e+01 2.116791e+01 1.170746e+01 1.207927e+01 1.516221e+01 1.767651e+01 1.722564e+01 1.851783e+01 1.656959e+01 1.558362e+01 1.446677e+01 1.294551e+01 2.263213e+01 5.515756e-01 7.627864e-01 6.970858e-01 8.970372e-01 1.149306e+00 1.399940e+00 1.447965e+00 1.560035e+00 1.587887e+00 1.463919e+00 1.456793e+00 1.250691e+00 5.652246e-01 9.071176e-02 1.294169e-01 1.334489e-01 1.773812e-01 2.278225e-01 2.852674e-01 2.939284e-01 3.128647e-01 3.257053e-01 2.939377e-01 3.005415e-01 2.546763e-01 8.327886e-02
<GCONST> 8.782594e+01
<MIXTURE> 2 5.000000e-01
<MEAN> 39
 -1.408068e+01 -3.024911e+00 -1.672948e+00 -1.333487e+00 4.222553e-01 -1.894957e+00 2.219495e+00 -6.437163e-01 -1.458334e+00 2.008233e-01 -6.149539e-01 -1.674863e+00 5.288768e+01 -1.508623e-01 -1.784994e-01 -1.635994e-01 -1.903183e-01 -2.164608e-01 -2.441082e-01 -2.396815e-01 -2.542082e-01 -2.542380e-01 -2.423354e-01 -2.406781e-01 -2.222231e-01 -1.451686e-01 -6.019806e-02 -7.335861e-02 -7.557061e-02 -8.414217e-02 -9.718111e-02 -1.092133e-01 -1.104782e-01 -1.126535e-01 -1.160911e-01 -1.070077e-01 -1.101400e-01 -1.003379e-01 -5.510829e-02
<VARIANCE> 39
 1.586834e+01 2.116791e+01 1.170746e+01 1.207927e+01 1.516221e+01 1.767651e+01 1.722564e+01 1.851783e+01 1.656959e+01 1.558362e+01 1.446677e+01 1.294551e+01 2.263213e+01 5.515756e-01 7.627864e-01 6.970858e-01 8.970372e-01 1.149306e+00 1.399940e+00 1.447965e+00 1.560035e+00 1.587887e+00 1.463919e+00 1.456793e+00 1.250691e+00 5.652246e-01 9.071176e-02 1.294169e-01 1.334489e-01 1.773812e-01 2.278225e-01 2.852674e-01 2.939284e-01 3.128647e-01 3.257053e-01 2.939377e-01 3.005415e-01 2.546763e-01 8.327886e-02
<GCONST> 8.782594e+01
<STATE> 3
<NUMMIXES> 2
<MIXTURE> 1 5.000000e-01
<MEAN> 39
 -9.993187e+00 -5.104331e+00 -1.771633e+00 -7.130433e-01 1.051652e+00 -3.494276e+00 2.726085e-01 -3.449578e+00 -2.392993e+00 6.856859e-03 5.772327e-01 2.571474e-01 6.306071e+01 1.536516e-01 1.451058e-01 1.545014e-01 1.912942e-01 2.304687e-01 2.297705e-01 2.086362e-01 2.022609e-01 2.095529e-01 2.179717e-01 2.385845e-01 2.361644e-01 4.886797e-01 7.289969e-02 8.977742e-02 7.690918e-02 8.204395e-02 1.178397e-01 1.354860e-01 1.263438e-01 1.275486e-01 1.198690e-01 1.119039e-01 1.098183e-01 1.000363e-01 1.248602e-01
<VARIANCE> 39
 2.181326e+01 2.821468e+01 1.386566e+01 1.262970e+01 1.875426e+01 2.568544e+01 2.220388e+01 2.680822e+01 1.947899e+01 1.706665e+01 1.502449e+01 1.335341e+01 8.556409e+01 6.561662e-01 1.081499e+00 7.348660e-01 8.654714e-01 1.462992e+00 1.911874e+00 1.698719e+00 1.778222e+00 1.537348e+00 1.465103e+00 1.375737e+00 1.303299e+00 3.899038e+00 1.092890e-01 1.643669e-01 1.359674e-01 1.658870e-01 2.866498e-01 3.621109e-01 3.282818e-01 3.409727e-01 3.104496e-01 2.940530e-01 2.798472e-01 2.713536e-01 5.318342e-01
<GCONST> 9.761434e+01
<MIXTURE> 2 5.000000e-01
<MEAN> 39
 -1.186137e+01 -7.229031e+00 -3.261097e+00 -2.134575e+00 -6.805959e-01 -5.521508e+00 -1.612231e+00 -5.520644e+00 -4.158393e+00 -1.645615e+00 -9.732248e-01 -1.204545e+00 5.936067e+01 -1.703648e-01 -2.708748e-01 -1.883960e-01 -1.808287e-01 -2.533482e-01 -3.233117e-01 -3.127034e-01 -3.311391e-01 -2.864064e-01 -2.661941e-01 -2.305828e-01 -2.204841e-01 -3.011596e-01 -5.933585e-02 -7.239134e-02 -7.058585e-02 -8.087297e-02 -9.631905e-02 -1.052166e-01 -1.028397e-01 -1.060228e-01 -1.030030e-01 -1.050027e-01 -1.017840e-01 -1.083301e-01 -1.668476e-01
<VARIANCE> 39
 2.181326e+01 2.821468e+01 1.386566e+01 1.262970e+01 1.875426e+01 2.568544e+01 2.220388e+01 2.680822e+01 1.947899e+01 1.706665e+01 1.502449e+01 1.335341e+01 8.556409e+01 6.561662e-01 1.081499e+00 7.348660e-01 8.654714e-01 1.462992e+00 1.911874e+00 1.698719e+00 1.778222e+00 1.537348e+00 1.465103e+00 1.375737e+00 1.303299e+00 3.899038e+00 1.092890e-01 1.643669e-01 1.359674e-01 1.658870e-01 2.866498e-01 3.621109e-01 3.282818e-01 3.409727e-01 3.104496e-01 2.940530e-01 2.798472e-01 2.713536e-01 5.318342e-01
<GCONST> 9.761434e+01
<STATE> 4
<NUMMIXES> 2
<MIXTURE> 1 5.000000e-01
<MEAN> 39
 -1.119493e+01 -2.071352e+00 -8.892413e-01 -2.113421e-01 1.639887e+00 -1.246097e-01 3.717775e+00 4.232916e-01 -6.359321e-02 1.462140e+00 1.124190e+00 -9.981483e-02 5.573009e+01 1.565750e-01 1.833271e-01 1.663681e-01 1.830758e-01 2.172298e-01 2.555573e-01 2.527804e-01 2.645863e-01 2.562127e-01 2.509121e-01 2.387356e-01 2.232760e-01 1.626308e-01 5.935541e-02 7.057599e-02 7.026853e-02 8.105431e-02 9.347653e-02 1.073568e-01 1.065776e-01 1.097736e-01 1.091379e-01 1.105136e-01 1.070721e-01 1.031575e-01 7.255312e-02
<VARIANCE> 39
 1.736127e+01 2.138991e+01 1.285232e+01 1.220567e+01 1.441529e+01 2.098832e+01 1.839809e+01 2.113855e+01 1.749067e+01 1.615583e+01 1.436638e+01 1.336155e+01 3.444152e+01 5.336692e-01 7.648364e-01 6.625508e-01 8.540644e-01 1.135389e+00 1.458762e+00 1.463848e+00 1.571648e+00 1.519456e+00 1.506459e+00 1.415453e+00 1.288684e+00 8.908322e-01 8.693903e-02 1.271752e-01 1.247476e-01 1.669894e-01 2.242453e-01 2.927640e-01 2.913610e-01 3.135002e-01 3.077239e-01 3.096485e-01 2.883309e-01 2.651954e-01 1.271460e-01
<GCONST> 8.947496e+01
<MIXTURE> 2 5.000000e-01
<MEAN> 39
 -1.286161e+01 -3.921320e+00 -2.323246e+00 -1.608807e+00 1.211885e-01 -1.957130e+00 2.002055e+00 -1.415776e+00 -1.736467e+00 -1.456327e-01 -3.919304e-01 -1.561953e+00 5.338262e+01 -1.356357e-01 -1.664926e-01 -1.592209e-01 -1.865866e-01 -2.089887e-01 -2.275596e-01 -2.311779e-01 -2.368753e-01 -2.368521e-01 -2.400395e-01 -2.371556e-01 -2.308049e-01 -2.149049e-01 -5.858629e-02 -7.207053e-02 -7.100997e-02 -8.240303e-02 -9.594165e-02 -1.090739e-01 -1.093338e-01 -1.141908e-01 -1.127536e-01 -1.120706e-01 -1.077137e-01 -1.028310e-01 -7.007704e-02
<VARIANCE> 39
 1.736127e+01 2.138991e+01 1.285232e+01 1.220567e+01 1.441529e+01 2.098832e+01 1.839809e+01 2.113855e+01 1.749067e+01 1.615583e+01 1.436638e+01 1.336155e+01 3.444152e+01 5.336692e-01 7.648364e-01 6.625508e-01 8.540644e-01 1.135389e+00 1.458762e+00 1.463848e+00 1.571648e+00 1.519456e+00 1.506459e+00 1.415453e+00 1.288684e+00 8.908322e-01 8.693903e-02 1.271752e-01 1.247476e-01 1.669894e-01 2.242453e-01 2.927640e-01 2.913610e-01 3.135002e-01 3.077239e-01 3.096485e-01 2.883309e-01 2.651954e-01 1.271460e-01
<GCONST> 8.947496e+01
<TRANSP> 5
 0.000000e+00 1.000000e+00 0.000000e+00 0.000000e+00 0.000000e+00
 0.000000e+00 9.938607e-01 6.139319e-03 0.000000e+00 0.000000e+00
 0.000000e+00 0.000000e+00 9.884057e-01 1.159432e-02 0.000000e+00
 0.000000e+00 0.000000e+00 0.000000e+00 9.972139e-01 2.786074e-03
 0.000000e+00 0.000000e+00 0.000000e+00 0.000000e+00 0.000000e+00
<ENDHMM>
~h "si"
<BEGINHMM>
<NUMSTATES> 5
<STATE> 2
<NUMMIXES> 2
<MIXTURE> 1 5.000000e-01
<MEAN> 39
 -5.265087e+00 2.583885e+00 1.822515e+00 -1.260484e+00 2.828241e+00 2.715083e+00 3.049663e+00 4.179778e+00 3.736963e-01 1.171541e+00 1.535464e+00 -1.908463e+00 4.478886e+01 7.975683e-02 1.148916e-01 1.286323e-01 1.575955e-01 1.876569e-01 2.133326e-01 2.304135e-01 2.473757e-01 2.399695e-01 2.439759e-01 2.358496e-01 2.111829e-01 4.162643e-02 3.378406e-02 4.727203e-02 6.010801e-02 7.438087e-02 8.596811e-02 9.422305e-02 1.009989e-01 1.037261e-01 1.064740e-01 1.076022e-01 1.038877e-01 9.631850e-02 2.356361e-02
<VARIANCE> 39
 7.282465e+00 6.112239e+00 9.997492e+00 1.100260e+01 1.784924e+01 1.492955e+01 1.608456e+01 1.895253e+01 1.649074e+01 1.699062e+01 1.490075e+01 1.323208e+01 6.522759e+00 1.711959e-01 3.075513e-01 4.737889e-01 6.924107e-01 9.366462e-01 1.115417e+00 1.270239e+00 1.367233e+00 1.394630e+00 1.413191e+00 1.321062e+00 1.131651e+00 8.198459e-02 3.004632e-02 5.777007e-02 9.226602e-02 1.376352e-01 1.862265e-01 2.232605e-01 2.555894e-01 2.750641e-01 2.827115e-01 2.876397e-01 2.686417e-01 2.289167e-01 1.243712e-02
<GCONST> 7.314698e+01
<MIXTURE> 2 5.000000e-01
<MEAN> 39
 -6.344529e+00 1.594967e+00 5.577629e-01 -2.587290e+00 1.138307e+00 1.169531e+00 1.445441e+00 2.438398e+00 -1.250655e+00 -4.772459e-01 -8.595228e-03 -3.363500e+00 4.376727e+01 -8.574647e-02 -1.069376e-01 -1.466970e-01 -1.752494e-01 -1.994651e-01 -2.091206e-01 -2.204061e-01 -2.203393e-01 -2.324083e-01 -2.315350e-01 -2.239002e-01 -2.143335e-01 -7.290538e-02 -3.555144e-02 -4.886959e-02 -6.139328e-02 -7.401601e-02 -8.664776e-02 -9.477875e-02 -1.012245e-01 -1.060601e-01 -1.062085e-01 -1.069260e-01 -1.034349e-01 -9.506246e-02 -2.104512e-02
<VARIANCE> 39
 7.282465e+00 6.112239e+00 9.997492e+00 1.100260e+01 1.784924e+01 1.492955e+01 1.608456e+01 1.895253e+01 1.649074e+01 1.699062e+01 1.490075e+01 1.323208e+01 6.522759e+00 1.711959e-01 3.075513e-01 4.737889e-01 6.924107e-01 9.366462e-01 1.115417e+00 1.270239e+00 1.367233e+00 1.394630e+00 1.413191e+00 1.321062e+00 1.131651e+00 8.198459e-02 3.004632e-02 5.777007e-02 9.226602e-02 1.376352e-01 1.862265e-01 2.232605e-01 2.555894e-01 2.750641e-01 2.827115e-01 2.876397e-01 2.686417e-01 2.289167e-01 1.243712e-02
<GCONST> 7.314698e+01
<STATE> 3
<NUMMIXES> 2
<MIXTURE> 1 5.000000e-01
<MEAN> 39
 -3.341192e+00 -3.296973e+00 -3.046963e+00 -2.624485e+00 2.051858e+00 4.506232e+00 5.150405e+00 1.490009e+00 1.606304e-01 1.960093e+00 2.007546e+00 -1.873160e+00 5.121453e+01 7.899122e-02 1.047075e-01 1.295550e-01 1.564872e-01 1.885761e-01 2.167368e-01 2.296794e-01 2.447668e-01 2.424482e-01 2.485318e-01 2.366442e-01 2.244922e-01 4.130804e-02 3.152993e-02 4.967624e-02 6.508557e-02 7.510810e-02 8.739946e-02 9.272353e-02 9.871162e-02 1.062426e-01 1.066918e-01 1.076174e-01 1.043538e-01 9.917017e-02 2.434439e-02
<VARIANCE> 39
 7.855145e+00 8.436184e+00 7.967901e+00 9.167837e+00 1.482171e+01 1.541891e+01 1.604955e+01 1.614682e+01 1.553083e+01 1.541501e+01 1.474536e+01 1.329714e+01 5.279509e+00 1.652762e-01 3.027472e-01 4.920168e-01 6.796408e-01 9.544304e-01 1.149013e+00 1.278816e+00 1.429910e+00 1.408615e+00 1.432194e+00 1.359999e+00 1.207978e+00 7.517003e-02 2.854029e-02 5.736564e-02 9.714712e-02 1.345635e-01 1.925160e-01 2.311493e-01 2.566988e-01 2.908047e-01 2.868545e-01 2.939566e-01 2.782610e-01 2.454342e-01 1.180623e-02
<GCONST> 7.273185e+01
<MIXTURE> 2 5.000000e-01
<MEAN> 39
 -4.462274e+00 -4.458777e+00 -4.176063e+00 -3.835623e+00 5.118995e-01 2.935556e+00 3.547930e+00 -1.173148e-01 -1.415737e+00 3.896149e-01 4.715583e-01 -3.331770e+00 5.029544e+01 -8.362548e-02 -1.153823e-01 -1.510207e-01 -1.732742e-01 -2.022037e-01 -2.120313e-01 -2.226596e-01 -2.335486e-01 -2.322922e-01 -2.301655e-01 -2.298318e-01 -2.151400e-01 -6.836058e-02 -3.604556e-02 -4.612826e-02 -5.958816e-02 -7.162350e-02 -8.810712e-02 -9.958843e-02 -1.039502e-01 -1.094627e-01 -1.075434e-01 -1.092537e-01 -1.066480e-01 -9.899510e-02 -1.911820e-02
<VARIANCE> 39
 7.855145e+00 8.436184e+00 7.967901e+00 9.167837e+00 1.482171e+01 1.541891e+01 1.604955e+01 1.614682e+01 1.553083e+01 1.541501e+01 1.474536e+01 1.329714e+01 5.279509e+00 1.652762e-01 3.027472e-01 4.920168e-01 6.796408e-01 9.544304e-01 1.149013e+00 1.278816e+00 1.429910e+00 1.408615e+00 1.432194e+00 1.359999e+00 1.207978e+00 7.517003e-02 2.854029e-02 5.736564e-02 9.714712e-02 1.345635e-01 1.925160e-01 2.311493e-01 2.566988e-01 2.908047e-01 2.868545e-01 2.939566e-01 2.782610e-01 2.454342e-01 1.180623e-02
<GCONST> 7.273185e+01
<STATE> 4
<NUMMIXES> 2
<MIXTURE> 1 5.000000e-01
<MEAN> 39
 -7.819748e+00 1.065598e+00 9.893308e-01 -8.820878e-01 1.561782e+00 1.331420e+00 3.537007e+00 2.171681e+00 8.899502e-01 1.573364e+00 1.679556e+00 -9.037563e-01 5.056757e+01 1.206214e-01 1.479086e-01 1.566242e-01 1.817390e-01 2.045406e-01 2.228225e-01 2.353299e-01 2.430427e-01 2.481260e-01 2.468520e-01 2.402498e-01 2.269069e-01 1.605679e-01 5.278301e-02 6.181080e-02 6.750516e-02 7.999709e-02 9.204317e-02 1.027512e-01 1.065495e-01 1.104147e-01 1.100705e-01 1.097307e-01 1.063769e-01 9.941690e-02 5.455434e-02
<VARIANCE> 39
 2.059179e+01 1.681403e+01 1.368996e+01 1.442603e+01 1.940653e+01 1.937170e+01 1.966877e+01 2.297189e+01 1.933421e+01 1.791366e+01 1.668440e+01 1.559400e+01 3.360374e+01 4.216426e-01 5.565264e-01 6.077507e-01 8.360822e-01 1.076001e+00 1.306036e+00 1.411215e+00 1.521019e+00 1.510540e+00 1.496262e+00 1.399296e+00 1.239218e+00 5.199253e-01 6.623116e-02 9.592399e-02 1.141901e-01 1.619606e-01 2.100165e-01 2.578987e-01 2.816842e-01 3.031275e-01 3.033140e-01 3.025442e-01 2.827504e-01 2.497312e-01 7.481521e-02
<GCONST> 8.740818e+01
<MIXTURE> 2 5.000000e-01
<MEAN> 39
 -9.634875e+00 -5.745989e-01 -4.906670e-01 -2.401352e+00 -2.003319e-01 -4.291120e-01 1.763027e+00 2.545210e-01 -8.688772e-01 -1.196169e-01 4.569381e-02 -2.483326e+00 4.824883e+01 -1.391147e-01 -1.504941e-01 -1.552093e-01 -1.840111e-01 -2.103813e-01 -2.343052e-01 -2.398484e-01 -2.502757e-01 -2.434902e-01 -2.424352e-01 -2.329175e-01 -2.183738e-01 -1.278555e-01 -5.015865e-02 -6.207559e-02 -6.766295e-02 -8.098023e-02 -9.126707e-02 -1.003838e-01 -1.057462e-01 -1.098134e-01 -1.102253e-01 -1.102854e-01 -1.063203e-01 -1.004755e-01 -5.485514e-02
<VARIANCE> 39
 2.059179e+01 1.681403e+01 1.368996e+01 1.442603e+01 1.940653e+01 1.937170e+01 1.966877e+01 2.297189e+01 1.933421e+01 1.791366e+01 1.668440e+01 1.559400e+01 3.360374e+01 4.216426e-01 5.565264e-01 6.077507e-01 8.360822e-01 1.076001e+00 1.306036e+00 1.411215e+00 1.521019e+00 1.510540e+00 1.496262e+00 1.399296e+00 1.239218e+00 5.199253e-01 6.623116e-02 9.592399e-02 1.141901e-01 1.619606e-01 2.100165e-01 2.578987e-01 2.816842e-01 3.031275e-01 3.033140e-01 3.025442e-01 2.827504e-01 2.497312e-01 7.481521e-02
<GCONST> 8.740818e+01
<TRANSP> 5
 0.000000e+00 1.000000e+00 0.000000e+00 0.000000e+00 0.000000e+00
 0.000000e+00 9.908848e-01 9.115247e-03 0.000000e+00 0.000000e+00
 0.000000e+00 0.000000e+00 9.801808e-01 1.981915e-02 0.000000e+00
 0.000000e+00 0.000000e+00 0.000000e+00 9.913875e-01 8.612478e-03
 0.000000e+00 0.000000e+00 0.000000e+00 0.000000e+00 0.000000e+00
<ENDHMM>
~h "st"
<BEGINHMM>
<NUMSTATES> 5
<STATE> 2
<NUMMIXES> 2
<MIXTURE> 1 5.000000e-01
<MEAN> 39
 -8.742077e+00 -1.891494e+00 7.395381e-01 -4.707712e+00 -3.945971e-01 -2.307542e+00 1.653165e+00 1.006885e+00 5.214247e-01 3.543618e-01 1.853977e+00 -1.747667e+00 6.210328e+01 4.890515e-02 -2.738531e-01 4.204183e-01 -2.027786e-01 -1.846984e-02 -2.147036e-01 1.332596e-01 2.862373e-01 3.283803e-01 2.482958e-01 2.903681e-01 2.914629e-01 1.665016e+00 1.659033e-01 1.787051e-01 9.342792e-02 1.947702e-01 2.124033e-01 2.791500e-01 2.410535e-01 1.588352e-01 1.275141e-01 1.569970e-01 1.190073e-01 1.257579e-01 -5.353989e-02
<VARIANCE> 39
 2.194813e+01 2.897324e+01 1.867019e+01 2.837475e+01 2.592658e+01 3.604526e+01 2.719709e+01 2.473738e+01 2.117903e+01 2.169350e+01 2.039356e+01 1.536212e+01 9.657705e+01 1.361837e+00 1.511043e+00 1.208346e+00 1.903658e+00 2.271041e+00 3.104913e+00 2.460769e+00 2.342620e+00 1.830546e+00 2.180979e+00 2.133652e+00 1.759691e+00 5.090398e+00 1.853282e-01 2.501169e-01 1.993265e-01 3.155120e-01 3.750040e-01 4.894191e-01 4.083022e-01 4.353869e-01 3.196888e-01 3.812147e-01 3.771155e-01 3.096792e-01 8.068495e-01
<GCONST> 1.100707e+02
<MIXTURE> 2 5.000000e-01
<MEAN> 39
 -1.061603e+01 -4.044566e+00 -9.888225e-01 -6.838430e+00 -2.431323e+00 -4.709050e+00 -4.328681e-01 -9.825829e-01 -1.319403e+00 -1.508689e+00 4.760772e-02 -3.315449e+00 5.817234e+01 -4.178860e-01 -7.655511e-01 -1.928088e-02 -7.546710e-01 -6.212687e-01 -9.195341e-01 -4.942140e-01 -3.259875e-01 -2.128104e-01 -3.424297e-01 -2.939129e-01 -2.391505e-01 7.625398e-01 -6.295741e-03 -2.134170e-02 -8.515608e-02 -2.991164e-02 -3.254699e-02 -6.839931e-04 -1.454065e-02 -1.051002e-01 -9.865005e-02 -8.997334e-02 -1.266316e-01 -9.683743e-02 -4.128391e-01
<VARIANCE> 39
 2.194813e+01 2.897324e+01 1.867019e+01 2.837475e+01 2.592658e+01 3.604526e+01 2.719709e+01 2.473738e+01 2.117903e+01 2.169350e+01 2.039356e+01 1.536212e+01 9.657705e+01 1.361837e+00 1.511043e+00 1.208346e+00 1.903658e+00 2.271041e+00 3.104913e+00 2.460769e+00 2.342620e+00 1.830546e+00 2.180979e+00 2.133652e+00 1.759691e+00 5.090398e+00 1.853282e-01 2.501169e-01 1.993265e-01 3.155120e-01 3.750040e-01 4.894191e-01 4.083022e-01 4.353869e-01 3.196888e-01 3.812147e-01 3.771155e-01 3.096792e-01 8.068495e-01
<GCONST> 1.100707e+02
<STATE> 3
<NUMMIXES> 2
<MIXTURE> 1 5.000000e-01
<MEAN> 39
 -6.477361e+00 -2.431214e+00 -1.026515e+00 -4.118713e+00 -8.916974e-02 3.011283e-01 3.300700e+00 5.859872e-01 -2.370592e-01 5.500082e-01 1.795242e+00 -1.706403e+00 5.732456e+01 1.455993e-01 1.863912e-01 1.635507e-01 2.351619e-01 2.387741e-01 2.766790e-01 2.594173e-01 2.468730e-01 2.453943e-01 2.549263e-01 2.479500e-01 2.300308e-01 1.793621e-01 5.564626e-02 6.884588e-02 7.266548e-02 9.492896e-02 1.020582e-01 1.103834e-01 1.084145e-01 1.118785e-01 1.129943e-01 1.137827e-01 1.117412e-01 1.034255e-01 8.879667e-02
<VARIANCE> 39
 1.519022e+01 1.659828e+01 1.459582e+01 2.015024e+01 1.940493e+01 2.389910e+01 1.956788e+01 1.886539e+01 1.849984e+01 1.891117e+01 1.568085e+01 1.429984e+01 3.202151e+01 5.265820e-01 6.845475e-01 7.181959e-01 1.167647e+00 1.335478e+00 1.574497e+00 1.547473e+00 1.565223e+00 1.573650e+00 1.586915e+00 1.505283e+00 1.309715e+00 1.299343e+00 8.262476e-02 1.133152e-01 1.356136e-01 2.165353e-01 2.593164e-01 3.067689e-01 3.114380e-01 3.192586e-01 3.225054e-01 3.264986e-01 3.104776e-01 2.664135e-01 1.947317e-01
<GCONST> 9.254754e+01
<MIXTURE> 2 5.000000e-01
<MEAN> 39
 -8.036346e+00 -4.060853e+00 -2.554694e+00 -5.914274e+00 -1.851211e+00 -1.654340e+00 1.531276e+00 -1.151385e+00 -1.957517e+00 -1.189471e+00 2.112799e-01 -3.219009e+00 5.506106e+01 -1.446646e-01 -1.445583e-01 -1.754351e-01 -1.970689e-01 -2.234775e-01 -2.252369e-01 -2.381726e-01 -2.535625e-01 -2.563865e-01 -2.489650e-01 -2.428099e-01 -2.277403e-01 -2.765929e-01 -5.933184e-02 -6.580342e-02 -7.463753e-02 -9.120445e-02 -1.016343e-01 -1.111635e-01 -1.148120e-01 -1.141334e-01 -1.141639e-01 -1.147775e-01 -1.111409e-01 -1.030356e-01 -8.771699e-02
<VARIANCE> 39
 1.519022e+01 1.659828e+01 1.459582e+01 2.015024e+01 1.940493e+01 2.389910e+01 1.956788e+01 1.886539e+01 1.849984e+01 1.891117e+01 1.568085e+01 1.429984e+01 3.202151e+01 5.265820e-01 6.845475e-01 7.181959e-01 1.167647e+00 1.335478e+00 1.574497e+00 1.547473e+00 1.565223e+00 1.573650e+00 1.586915e+00 1.505283e+00 1.309715e+00 1.299343e+00 8.262476e-02 1.133152e-01 1.356136e-01 2.165353e-01 2.593164e-01 3.067689e-01 3.114380e-01 3.192586e-01 3.225054e-01 3.264986e-01 3.104776e-01 2.664135e-01 1.947317e-01
<GCONST> 9.254754e+01
<STATE> 4
<NUMMIXES> 2
<MIXTURE> 1 5.000000e-01
<MEAN> 39
 -9.522520e+00 1.407447e+00 1.482057e+00 -1.745351e+00 1.092463e+00 1.204886e-01 2.880919e+00 1.240372e+00 1.111750e+00 6.852368e-01 1.496599e+00 -1.532047e+00 5.344069e+01 1.372200e-01 1.478163e-01 1.562021e-01 2.064234e-01 2.283782e-01 2.565427e-01 2.501893e-01 2.502933e-01 2.493214e-01 2.434026e-01 2.333723e-01 2.287862e-01 1.685901e-01 5.465401e-02 5.721990e-02 6.793940e-02 8.287395e-02 9.207375e-02 1.037222e-01 1.075411e-01 1.127887e-01 1.117715e-01 1.124354e-01 1.084156e-01 1.025465e-01 7.064050e-02
<VARIANCE> 39
 1.464095e+01 8.977329e+00 1.134261e+01 1.723193e+01 1.652988e+01 1.946029e+01 1.807093e+01 1.990652e+01 1.754056e+01 1.640429e+01 1.466983e+01 1.332556e+01 3.636594e+01 4.374155e-01 4.936281e-01 6.264941e-01 9.994650e-01 1.161157e+00 1.391218e+00 1.438732e+00 1.543194e+00 1.532642e+00 1.504553e+00 1.417313e+00 1.272164e+00 9.741396e-01 7.095602e-02 8.727039e-02 1.202512e-01 1.840937e-01 2.243410e-01 2.709293e-01 2.863961e-01 3.110128e-01 3.093172e-01 3.070158e-01 2.908587e-01 2.619978e-01 1.209143e-01
<GCONST> 8.754115e+01
<MIXTURE> 2 5.000000e-01
<MEAN> 39
 -1.105306e+01 2.089590e-01 1.349051e-01 -3.405805e+00 -5.338153e-01 -1.644064e+00 1.180523e+00 -5.442971e-01 -5.635084e-01 -9.348516e-01 -3.544998e-02 -2.992215e+00 5.102851e+01 -1.273295e-01 -1.332184e-01 -1.604035e-01 -1.934696e-01 -2.026498e-01 -2.152569e-01 -2.295993e-01 -2.466082e-01 -2.458783e-01 -2.472383e-01 -2.428315e-01 -2.223748e-01 -2.262039e-01 -5.189629e-02 -6.094635e-02 -7.076962e-02 -8.875062e-02 -9.738486e-02 -1.044813e-01 -1.065229e-01 -1.102854e-01 -1.106936e-01 -1.092006e-01 -1.073096e-01 -1.021964e-01 -6.845044e-02
<VARIANCE> 39
 1.464095e+01 8.977329e+00 1.134261e+01 1.723193e+01 1.652988e+01 1.946029e+01 1.807093e+01 1.990652e+01 1.754056e+01 1.640429e+01 1.466983e+01 1.332556e+01 3.636594e+01 4.374155e-01 4.936281e-01 6.264941e-01 9.994650e-01 1.161157e+00 1.391218e+00 1.438732e+00 1.543194e+00 1.532642e+00 1.504553e+00 1.417313e+00 1.272164e+00 9.741396e-01 7.095602e-02 8.727039e-02 1.202512e-01 1.840937e-01 2.243410e-01 2.709293e-01 2.863961e-01 3.110128e-01 3.093172e-01 3.070158e-01 2.908587e-01 2.619978e-01 1.209143e-01
<GCONST> 8.754115e+01
<TRANSP> 5
 0.000000e+00 1.000000e+00 0.000000e+00 0.000000e+00 0.000000e+00
 0.000000e+00 8.396266e-01 1.603734e-01 0.000000e+00 0.000000e+00
 0.000000e+00 0.000000e+00 9.915597e-01 8.440292e-03 0.000000e+00
 0.000000e+00 0.000000e+00 0.000000e+00 9.913327e-01 8.667349e-03
 0.000000e+00 0.000000e+00 0.000000e+00 0.000000e+00 0.000000e+00
<ENDHMM>
~h "spe"
<BEGINHMM>
<NUMSTATES> 5
<STATE> 2
<NUMMIXES> 2
<MIXTURE> 1 5.000000e-01
<MEAN> 39
 -1.540683e-01 7.830946e-01 7.483423e+00 -4.207897e+00 -5.396130e+00 1.921005e+00 -5.866431e-01 -3.790584e+00 -3.188718e+00 7.069265e-01 1.005396e+00 -4.312919e+00 5.641837e+01 2.714567e-01 -6.410082e-02 4.127008e-01 5.543214e-02 5.444250e-02 1.910632e-01 -3.620863e-03 3.975583e-01 3.407065e-01 4.363772e-01 2.664159e-01 6.860790e-02 4.543003e-01 4.578835e-02 1.549339e-02 4.371585e-02 8.252770e-02 1.465940e-01 1.032750e-01 9.450571e-02 1.545659e-01 1.403028e-01 1.223675e-01 6.974450e-02 8.613888e-02 5.173756e-02
<VARIANCE> 39
 2.406750e+01 2.622463e+01 7.748061e+01 3.882405e+01 6.567022e+01 3.637420e+01 2.247864e+01 3.755700e+01 3.075624e+01 2.883364e+01 2.407617e+01 2.785979e+01 1.450223e+01 7.038090e-01 9.687312e-01 1.196845e+00 1.573117e+00 2.752344e+00 2.276686e+00 1.590134e+00 2.487744e+00 2.077433e+00 1.890350e+00 1.638116e+00 1.621657e+00 4.488551e-01 8.173230e-02 1.206654e-01 1.471256e-01 2.125801e-01 4.274436e-01 4.259309e-01 2.727327e-01 3.729610e-01 3.235573e-01 3.238814e-01 2.863115e-01 2.485993e-01 3.816047e-02
<GCONST> 1.013879e+02
<MIXTURE> 2 5.000000e-01
<MEAN> 39
 -2.116414e+00 -1.265305e+00 3.962501e+00 -6.700255e+00 -8.637616e+00 -4.914364e-01 -2.483109e+00 -6.241935e+00 -5.407050e+00 -1.440952e+00 -9.573031e-01 -6.424213e+00 5.489510e+01 -6.411656e-02 -4.577974e-01 -2.490082e-02 -4.462637e-01 -6.091651e-01 -4.124844e-01 -5.080230e-01 -2.333451e-01 -2.358256e-01 -1.135828e-01 -2.455397e-01 -4.407693e-01 1.863137e-01 -6.856710e-02 -1.234543e-01 -1.097120e-01 -1.018979e-01 -1.149227e-01 -1.577785e-01 -1.143896e-01 -8.971624e-02 -8.722562e-02 -1.052748e-01 -1.442878e-01 -1.133001e-01 -2.640126e-02
<VARIANCE> 39
 2.406750e+01 2.622463e+01 7.748061e+01 3.882405e+01 6.567022e+01 3.637420e+01 2.247864e+01 3.755700e+01 3.075624e+01 2.883364e+01 2.407617e+01 2.785979e+01 1.450223e+01 7.038090e-01 9.687312e-01 1.196845e+00 1.573117e+00 2.752344e+00 2.276686e+00 1.590134e+00 2.487744e+00 2.077433e+00 1.890350e+00 1.638116e+00 1.621657e+00 4.488551e-01 8.173230e-02 1.206654e-01 1.471256e-01 2.125801e-01 4.274436e-01 4.259309e-01 2.727327e-01 3.729610e-01 3.235573e-01 3.238814e-01 2.863115e-01 2.485993e-01 3.816047e-02
<GCONST> 1.013879e+02
<STATE> 3
<NUMMIXES> 2
<MIXTURE> 1 5.000000e-01
<MEAN> 39
 -5.109880e-01 -3.735955e+00 2.420371e+00 -1.039759e+01 -1.040276e+00 -3.213191e+00 -3.204614e+00 4.856625e-01 -2.722543e-01 -7.526194e-01 -3.815550e+00 -3.597020e+00 6.253527e+01 1.307176e-01 2.530890e-01 1.666470e-01 3.248750e-01 3.607851e-01 2.696942e-01 2.748309e-01 2.538441e-01 2.782642e-01 2.297772e-01 2.286072e-01 2.654143e-01 1.261546e-01 5.893398e-02 1.004711e-01 9.203236e-02 1.228391e-01 1.121959e-01 1.281573e-01 1.343535e-01 1.167072e-01 1.202907e-01 1.238284e-01 1.346440e-01 1.275959e-01 2.399428e-02
<VARIANCE> 39
 2.538205e+01 4.019360e+01 5.908514e+01 6.745747e+01 5.069468e+01 6.150859e+01 4.116630e+01 5.667910e+01 3.852422e+01 3.968903e+01 5.432250e+01 4.029742e+01 2.341275e+01 6.654856e-01 1.138291e+00 1.365289e+00 1.588464e+00 1.817066e+00 1.889785e+00 1.931570e+00 2.377588e+00 2.392674e+00 2.077521e+00 2.082630e+00 1.768126e+00 4.586969e-01 9.043132e-02 1.505590e-01 2.014314e-01 2.571905e-01 3.001780e-01 3.451585e-01 3.539951e-01 4.353524e-01 4.525644e-01 4.031177e-01 3.852415e-01 3.394265e-01 5.143869e-02
<GCONST> 1.081575e+02
<MIXTURE> 2 5.000000e-01
<MEAN> 39
 -2.526212e+00 -6.271893e+00 -6.543033e-01 -1.368289e+01 -3.888284e+00 -6.350287e+00 -5.771052e+00 -2.525759e+00 -2.754970e+00 -3.272589e+00 -6.763702e+00 -6.136230e+00 6.059980e+01 -1.955916e-01 -1.736739e-01 -3.007354e-01 -1.792622e-01 -1.784092e-01 -2.801836e-01 -2.810928e-01 -3.629331e-01 -3.404667e-01 -3.467672e-01 -3.486456e-01 -2.664693e-01 -1.447540e-01 -6.135322e-02 -5.473658e-02 -8.749208e-02 -8.001667e-02 -1.069581e-01 -1.068435e-01 -1.036364e-01 -1.472178e-01 -1.488009e-01 -1.301379e-01 -1.136273e-01 -1.054454e-01 -6.672612e-02
<VARIANCE> 39
 2.538205e+01 4.019360e+01 5.908514e+01 6.745747e+01 5.069468e+01 6.150859e+01 4.116630e+01 5.667910e+01 3.852422e+01 3.968903e+01 5.432250e+01 4.029742e+01 2.341275e+01 6.654856e-01 1.138291e+00 1.365289e+00 1.588464e+00 1.817066e+00 1.889785e+00 1.931570e+00 2.377588e+00 2.392674e+00 2.077521e+00 2.082630e+00 1.768126e+00 4.586969e-01 9.043132e-02 1.505590e-01 2.014314e-01 2.571905e-01 3.001780e-01 3.451585e-01 3.539951e-01 4.353524e-01 4.525644e-01 4.031177e-01 3.852415e-01 3.394265e-01 5.143869e-02
<GCONST> 1.081575e+02
<STATE> 4
<NUMMIXES> 2
<MIXTURE> 1 5.000000e-01
<MEAN> 39
 -4.341897e-01 -2.047526e+00 1.284627e+00 -3.418809e+00 -1.212737e+00 9.801551e-01 8.609540e-01 2.432546e-01 -8.858418e-01 1.014289e+00 6.485498e-02 -4.608781e+00 5.411362e+01 1.171107e-01 1.665521e-01 1.800292e-01 2.100904e-01 2.507223e-01 2.567931e-01 2.708412e-01 2.701310e-01 2.677394e-01 2.658263e-01 2.675158e-01 2.582182e-01 6.937453e-02 4.402221e-02 6.127144e-02 7.240949e-02 8.166875e-02 9.819842e-02 1.044998e-01 1.074557e-01 1.145340e-01 1.150427e-01 1.136902e-01 1.107766e-01 1.068120e-01 3.042659e-02
<VARIANCE> 39
 1.484327e+01 2.718487e+01 3.259971e+01 2.538215e+01 4.519556e+01 3.522806e+01 3.431889e+01 3.065613e+01 2.874923e+01 2.789848e+01 2.888724e+01 2.540607e+01 1.616144e+01 3.600520e-01 6.538579e-01 8.511946e-01 1.005230e+00 1.459515e+00 1.500782e+00 1.565333e+00 1.711162e+00 1.705612e+00 1.662557e+00 1.639274e+00 1.514550e+00 2.094440e-01 4.895854e-02 9.511113e-02 1.298285e-01 1.699023e-01 2.406842e-01 2.662019e-01 2.873259e-01 3.237267e-01 3.260300e-01 3.201951e-01 3.101579e-01 2.862944e-01 2.246696e-02
<GCONST> 9.256774e+01
<MIXTURE> 2 5.000000e-01
<MEAN> 39
 -1.975268e+00 -4.133090e+00 -9.992193e-01 -5.434037e+00 -3.901843e+00 -1.393974e+00 -1.482339e+00 -1.971464e+00 -3.030574e+00 -1.098472e+00 -2.085019e+00 -6.624959e+00 5.250556e+01 -1.229067e-01 -1.568938e-01 -1.890117e-01 -1.909542e-01 -2.325193e-01 -2.332326e-01 -2.296119e-01 -2.531146e-01 -2.546569e-01 -2.499344e-01 -2.446208e-01 -2.340500e-01 -1.136857e-01 -4.448410e-02 -6.208893e-02 -7.171740e-02 -8.320808e-02 -9.803989e-02 -1.018792e-01 -1.069555e-01 -1.130540e-01 -1.133534e-01 -1.126529e-01 -1.119907e-01 -1.072140e-01 -2.952934e-02
<VARIANCE> 39
 1.484327e+01 2.718487e+01 3.259971e+01 2.538215e+01 4.519556e+01 3.522806e+01 3.431889e+01 3.065613e+01 2.874923e+01 2.789848e+01 2.888724e+01 2.540607e+01 1.616144e+01 3.600520e-01 6.538579e-01 8.511946e-01 1.005230e+00 1.459515e+00 1.500782e+00 1.565333e+00 1.711162e+00 1.705612e+00 1.662557e+00 1.639274e+00 1.514550e+00 2.094440e-01 4.895854e-02 9.511113e-02 1.298285e-01 1.699023e-01 2.406842e-01 2.662019e-01 2.873259e-01 3.237267e-01 3.260300e-01 3.201951e-01 3.101579e-01 2.862944e-01 2.246696e-02
<GCONST> 9.256774e+01
<TRANSP> 5
 0.000000e+00 1.000000e+00 0.000000e+00 0.000000e+00 0.000000e+00
 0.000000e+00 9.419150e-01 5.808495e-02 0.000000e+00 0.000000e+00
 0.000000e+00 0.000000e+00 9.825259e-01 1.747412e-02 0.000000e+00
 0.000000e+00 0.000000e+00 0.000000e+00 9.968085e-01 3.191507e-03
 0.000000e+00 0.000000e+00 0.000000e+00 0.000000e+00 0.000000e+00
<ENDHMM>
