~o
<STREAMINFO> 1 13
<VECSIZE> 13<NULLD><MFCC_0><DIAGC>
~h "ap"
<BEGINHMM>
<NUMSTATES> 5
<STATE> 2
<MEAN> 13
 -1.202571e+01 -7.746278e+00 -3.855970e+00 -7.193052e-01 6.103038e-01 -2.615859e+00 2.289679e+00 -2.501750e+00 -2.153532e+00 -5.297108e-01 7.561185e-01 -1.095688e+00 5.976922e+01
<VARIANCE> 13
 3.049664e+01 3.898394e+01 2.606145e+01 2.100741e+01 3.018159e+01 3.705338e+01 2.419899e+01 2.768653e+01 2.147194e+01 1.967757e+01 1.710760e+01 1.482979e+01 1.204860e+02
<GCONST> 6.717926e+01
<STATE> 3
<MEAN> 13
 -1.107259e+01 -1.602827e+01 -1.050342e+01 1.597682e+00 8.822562e-01 -9.218989e+00 -2.483905e-01 -2.049493e+00 -5.815517e+00 -3.926853e+00 4.413498e-01 -1.299622e+00 6.943092e+01
<VARIANCE> 13
 1.376385e+01 2.017604e+01 1.759747e+01 2.194386e+01 3.321099e+01 2.397300e+01 2.604889e+01 1.956958e+01 2.430451e+01 1.991175e+01 1.653801e+01 1.496777e+01 8.474127e+01
<GCONST> 6.452209e+01
<STATE> 4
<MEAN> 13
 -9.932057e+00 -1.253137e+01 -4.206496e+00 2.834778e+00 -8.260615e-01 -4.857590e+00 3.642072e+00 -2.866146e+00 -4.136225e+00 -1.799245e-01 7.057557e-01 -1.800665e+00 6.044772e+01
<VARIANCE> 13
 2.356561e+01 5.461956e+01 2.028872e+01 2.259313e+01 3.911568e+01 3.281322e+01 2.312939e+01 2.920456e+01 2.332770e+01 2.025023e+01 1.877008e+01 1.495754e+01 1.188684e+02
<GCONST> 6.742638e+01
<TRANSP> 5
 0.000000e+00 1.000000e+00 0.000000e+00 0.000000e+00 0.000000e+00
 0.000000e+00 9.912689e-01 8.731021e-03 0.000000e+00 0.000000e+00
 0.000000e+00 0.000000e+00 9.868964e-01 1.310359e-02 0.000000e+00
 0.000000e+00 0.000000e+00 0.000000e+00 9.895031e-01 1.049683e-02
 0.000000e+00 0.000000e+00 0.000000e+00 0.000000e+00 0.000000e+00
<ENDHMM>
~h "cl"
<BEGINHMM>
<NUMSTATES> 5
<STATE> 2
<MEAN> 13
 -1.427844e+01 -8.079530e-01 1.259034e+00 -3.040548e+00 -1.622485e+00 6.075138e+00 3.461695e+00 -1.085454e+00 2.300217e+00 1.305863e+00 -4.277668e+00 1.396247e+00 5.405900e+01
<VARIANCE> 13
 6.785149e+01 2.210083e+01 3.462123e+01 1.508114e+01 1.926605e+01 3.931926e+01 2.337882e+01 2.881192e+01 3.121222e+01 2.459828e+01 3.433801e+01 2.304897e+01 4.806787e+01
<GCONST> 6.779591e+01
<STATE> 3
<MEAN> 13
 -1.953971e+01 2.811496e+00 -2.424891e-01 -5.332276e+00 -4.149890e+00 1.211178e+01 6.812512e-01 -3.610379e+00 7.561904e+00 -3.544238e+00 -3.434972e+00 5.355375e+00 5.871412e+01
<VARIANCE> 13
 5.104519e+01 9.848949e+00 1.979930e+01 1.250050e+01 1.773937e+01 3.395617e+01 2.575385e+01 2.224047e+01 2.632655e+01 2.013969e+01 1.937265e+01 1.986583e+01 2.080619e+01
<GCONST> 6.363663e+01
<STATE> 4
<MEAN> 13
 -2.243734e+01 1.090026e+00 6.543571e+00 -2.911028e+00 -6.906557e+00 1.070385e+01 1.422247e+00 -7.142475e+00 2.837593e+00 4.617249e+00 -1.191659e+01 4.989512e+00 5.792404e+01
<VARIANCE> 13
 3.609251e+01 8.825202e+00 1.448621e+01 1.696854e+01 2.639287e+01 2.994136e+01 2.920745e+01 4.614604e+01 3.468252e+01 2.939189e+01 2.804822e+01 3.050713e+01 3.341046e+01
<GCONST> 6.622694e+01
<TRANSP> 5
 0.000000e+00 1.000000e+00 0.000000e+00 0.000000e+00 0.000000e+00
 0.000000e+00 9.672211e-01 3.277893e-02 0.000000e+00 0.000000e+00
 0.000000e+00 0.000000e+00 9.921646e-01 7.835367e-03 0.000000e+00
 0.000000e+00 0.000000e+00 0.000000e+00 9.930604e-01 6.939591e-03
 0.000000e+00 0.000000e+00 0.000000e+00 0.000000e+00 0.000000e+00
<ENDHMM>
~h "cm"
<BEGINHMM>
<NUMSTATES> 5
<STATE> 2
<MEAN> 13
 -1.250624e+01 5.737269e-02 -2.587088e+00 -4.891477e+00 -1.314134e-01 9.105437e-01 -1.061266e+00 3.003307e-01 -1.926787e+00 9.339873e-01 2.857515e+00 -5.857215e-01 5.711000e+01
<VARIANCE> 13
 1.439665e+01 1.481237e+01 1.206329e+01 1.342458e+01 1.505423e+01 1.632889e+01 1.833846e+01 1.815364e+01 1.774012e+01 1.695634e+01 1.882621e+01 1.678831e+01 2.008304e+01
<GCONST> 6.011686e+01
<STATE> 3
<MEAN> 13
 -1.027658e+01 -1.248965e+00 -2.899711e+00 -3.873384e+00 -5.894262e-01 -8.034934e-01 -2.625037e+00 -2.041280e+00 -4.376994e+00 -1.575249e+00 -1.694682e-01 -1.678818e+00 6.514602e+01
<VARIANCE> 13
 1.290640e+01 1.358580e+01 1.603188e+01 1.492722e+01 1.606364e+01 1.599216e+01 1.748934e+01 2.007867e+01 1.856799e+01 1.674458e+01 1.810673e+01 1.463840e+01 3.728216e+01
<GCONST> 6.088478e+01
<STATE> 4
<MEAN> 13
 -5.235679e+00 4.144720e-01 -2.768808e+00 -4.047732e+00 -9.511622e-01 -1.565807e+00 -3.206953e+00 -2.421949e+00 -3.969801e+00 -2.538266e+00 -1.678386e+00 -2.972765e+00 6.785677e+01
<VARIANCE> 13
 7.996776e+00 1.040409e+01 1.093945e+01 1.403165e+01 1.425521e+01 1.365289e+01 1.536194e+01 1.731798e+01 1.670990e+01 1.505782e+01 1.431173e+01 1.241086e+01 6.588832e+01
<GCONST> 5.909756e+01
<TRANSP> 5
 0.000000e+00 1.000000e+00 0.000000e+00 0.000000e+00 0.000000e+00
 0.000000e+00 9.660320e-01 3.396806e-02 0.000000e+00 0.000000e+00
 0.000000e+00 0.000000e+00 9.529873e-01 4.701281e-02 0.000000e+00
 0.000000e+00 0.000000e+00 0.000000e+00 9.854839e-01 1.451614e-02
 0.000000e+00 0.000000e+00 0.000000e+00 0.000000e+00 0.000000e+00
<ENDHMM>
~h "co"
<BEGINHMM>
<NUMSTATES> 5
<STATE> 2
<MEAN> 13
 -6.459611e+00 -5.742774e+00 2.318157e-01 2.122161e-02 -6.169865e+00 -1.150683e+00 -9.179648e-01 -3.498966e-02 5.817662e-01 -1.905337e+00 -2.769109e+00 -6.074531e+00 5.846070e+01
<VARIANCE> 13
 1.662690e+01 2.525724e+01 2.508766e+01 2.746771e+01 8.318853e+01 3.871044e+01 5.406967e+01 3.711527e+01 4.093059e+01 3.877254e+01 4.458459e+01 2.848400e+01 8.195950e+01
<GCONST> 7.107199e+01
<STATE> 3
<MEAN> 13
 -6.660862e+00 -6.533273e+00 -8.569247e-01 -2.504010e+00 -8.114621e+00 -8.174125e+00 -6.882041e+00 -6.886601e+00 -4.688725e+00 -5.139660e+00 -4.542057e+00 -9.615523e+00 6.861783e+01
<VARIANCE> 13
 1.675946e+01 1.169562e+01 2.294166e+01 2.061957e+01 3.558361e+01 3.254552e+01 5.560812e+01 5.486802e+01 4.458199e+01 4.210389e+01 3.706675e+01 4.211649e+01 3.815626e+01
<GCONST> 6.893988e+01
<STATE> 4
<MEAN> 13
 -3.538741e+00 -3.255689e+00 4.580578e+00 2.496499e+00 -1.420686e+00 -3.322863e+00 -5.241050e+00 -6.024903e+00 -4.583800e+00 -3.951405e+00 -3.838788e+00 -8.065380e+00 5.745373e+01
<VARIANCE> 13
 1.302987e+01 2.251985e+01 1.758029e+01 2.403223e+01 3.844843e+01 3.240302e+01 4.370278e+01 4.765830e+01 3.062548e+01 3.119445e+01 3.131462e+01 2.405662e+01 5.967165e+01
<GCONST> 6.796468e+01
<TRANSP> 5
 0.000000e+00 1.000000e+00 0.000000e+00 0.000000e+00 0.000000e+00
 0.000000e+00 9.106724e-01 8.932765e-02 0.000000e+00 0.000000e+00
 0.000000e+00 0.000000e+00 9.836977e-01 1.630228e-02 0.000000e+00
 0.000000e+00 0.000000e+00 0.000000e+00 9.804374e-01 1.956258e-02
 0.000000e+00 0.000000e+00 0.000000e+00 0.000000e+00 0.000000e+00
<ENDHMM>
~h "ds"
<BEGINHMM>
<NUMSTATES> 5
<STATE> 2
<MEAN> 13
 -1.445823e+01 2.166793e-01 -3.074358e-01 -5.634853e-01 -1.117738e+00 -2.192395e+00 3.011068e+00 -2.529909e+00 1.177493e+00 2.315613e+00 4.324969e+00 4.058352e-02 6.637241e+01
<VARIANCE> 13
 1.677960e+01 9.687840e+00 1.165196e+01 1.465884e+01 2.281244e+01 1.738068e+01 2.371420e+01 2.649590e+01 2.162524e+01 1.928231e+01 1.691186e+01 1.598777e+01 9.846803e+01
<GCONST> 6.277230e+01
<STATE> 3
<MEAN> 13
 -9.580302e+00 4.728623e+00 4.621740e+00 5.704652e+00 5.871470e+00 2.695712e+00 6.127414e+00 -1.441250e+00 2.551296e+00 1.153171e+00 3.210905e+00 1.951907e-01 6.748109e+01
<VARIANCE> 13
 1.529196e+01 8.965038e+00 8.280392e+00 7.925317e+00 1.139923e+01 1.305711e+01 1.457800e+01 1.394076e+01 1.643974e+01 1.468715e+01 1.490960e+01 1.320597e+01 5.428565e+01
<GCONST> 5.807783e+01
<STATE> 4
<MEAN> 13
 -9.816520e+00 1.326381e+00 2.002497e+00 4.947997e-01 2.900371e+00 6.656023e-01 2.825821e+00 -1.065235e+00 1.862721e-01 -5.495458e-01 2.031363e+00 -1.647844e+00 5.468816e+01
<VARIANCE> 13
 1.568930e+01 1.158460e+01 1.632000e+01 1.651940e+01 1.942204e+01 2.227151e+01 2.439557e+01 1.945702e+01 2.493686e+01 2.334805e+01 1.824653e+01 1.744066e+01 4.948874e+01
<GCONST> 6.295570e+01
<TRANSP> 5
 0.000000e+00 1.000000e+00 0.000000e+00 0.000000e+00 0.000000e+00
 0.000000e+00 9.632485e-01 3.675151e-02 0.000000e+00 0.000000e+00
 0.000000e+00 0.000000e+00 9.116833e-01 8.831669e-02 0.000000e+00
 0.000000e+00 0.000000e+00 0.000000e+00 9.928879e-01 7.112110e-03
 0.000000e+00 0.000000e+00 0.000000e+00 0.000000e+00 0.000000e+00
<ENDHMM>
~h "kj"
<BEGINHMM>
<NUMSTATES> 5
<STATE> 2
<MEAN> 13
 -1.910169e+01 3.369149e+00 3.904783e-01 -2.866522e+00 -9.001770e-01 4.409520e+00 1.536896e+00 2.681357e+00 -1.881279e-01 -3.686192e-03 1.498411e+00 -1.126671e+00 5.578620e+01
<VARIANCE> 13
 3.099524e+01 1.962382e+01 1.459684e+01 1.613057e+01 1.707053e+01 3.273908e+01 2.430323e+01 2.181703e+01 1.786134e+01 2.159934e+01 1.716899e+01 1.517294e+01 2.463869e+01
<GCONST> 6.308596e+01
<STATE> 3
<MEAN> 13
 -1.482313e+01 -5.910100e+00 -4.157018e+00 -5.469754e-01 -1.217665e+00 -3.776683e+00 -1.715298e+00 -3.158749e+00 -2.507025e+00 8.478239e-01 5.348066e-01 -7.335092e-01 6.215308e+01
<VARIANCE> 13
 1.737113e+01 3.082080e+01 1.267996e+01 1.606645e+01 1.641058e+01 1.737435e+01 2.057940e+01 1.943714e+01 1.819136e+01 1.725116e+01 1.541766e+01 1.320332e+01 6.189638e+01
<GCONST> 6.232683e+01
<STATE> 4
<MEAN> 13
 -2.133973e+01 1.460373e+00 1.236770e+00 2.305721e+00 -2.580447e+00 -5.080307e-01 6.112947e+00 -2.546630e-01 -3.218779e+00 3.566381e+00 8.175552e-01 -2.687934e+00 5.662820e+01
<VARIANCE> 13
 3.560644e+01 3.700837e+01 2.209025e+01 2.260429e+01 1.717932e+01 2.513248e+01 3.320887e+01 2.175733e+01 2.088598e+01 2.608034e+01 1.787926e+01 1.876228e+01 3.357559e+01
<GCONST> 6.556954e+01
<TRANSP> 5
 0.000000e+00 1.000000e+00 0.000000e+00 0.000000e+00 0.000000e+00
 0.000000e+00 9.918804e-01 8.119609e-03 0.000000e+00 0.000000e+00
 0.000000e+00 0.000000e+00 9.757537e-01 2.424625e-02 0.000000e+00
 0.000000e+00 0.000000e+00 0.000000e+00 9.933563e-01 6.643697e-03
 0.000000e+00 0.000000e+00 0.000000e+00 0.000000e+00 0.000000e+00
<ENDHMM>
~h "kn"
<BEGINHMM>
<NUMSTATES> 5
<STATE> 2
<MEAN> 13
 2.830766e+00 2.015028e+00 -2.859123e+00 -2.150226e+00 1.409968e+00 -4.669899e-01 5.655566e-01 -3.364631e+00 3.221807e-01 4.452367e-01 1.459228e+00 -2.190897e+00 5.580033e+01
<VARIANCE> 13
 2.045565e+01 2.898038e+01 2.552103e+01 1.011496e+01 1.320276e+01 2.181374e+01 1.805498e+01 3.050048e+01 2.564301e+01 2.214424e+01 1.912057e+01 1.786829e+01 5.879810e+01
<GCONST> 6.405467e+01
<STATE> 3
<MEAN> 13
 4.934730e+00 -1.513868e+00 -2.291335e+00 2.193056e+00 5.442058e+00 -8.468469e-01 3.072938e+00 -4.087147e+00 -2.958149e-01 -1.200411e+00 1.290121e+00 -1.453499e+00 6.256839e+01
<VARIANCE> 13
 8.697133e+00 1.824376e+01 1.127816e+01 1.223557e+01 1.823811e+01 2.410230e+01 2.033742e+01 2.296655e+01 2.100745e+01 2.097731e+01 1.731193e+01 1.768976e+01 2.364019e+01
<GCONST> 6.109441e+01
<STATE> 4
<MEAN> 13
 6.344979e+00 1.723227e+00 -1.044426e+00 1.137126e+00 5.572055e+00 1.019529e+00 8.245230e-01 -2.323362e+00 -2.798611e+00 -2.024385e+00 -4.306172e-01 -3.202752e+00 5.378320e+01
<VARIANCE> 13
 1.450433e+01 1.789180e+01 1.747632e+01 1.200303e+01 1.821913e+01 2.056926e+01 1.952572e+01 2.291145e+01 1.881085e+01 1.714623e+01 1.331485e+01 1.367696e+01 2.842781e+01
<GCONST> 6.115501e+01
<TRANSP> 5
 0.000000e+00 1.000000e+00 0.000000e+00 0.000000e+00 0.000000e+00
 0.000000e+00 9.620854e-01 3.791453e-02 0.000000e+00 0.000000e+00
 0.000000e+00 0.000000e+00 9.752267e-01 2.477330e-02 0.000000e+00
 0.000000e+00 0.000000e+00 0.000000e+00 9.675210e-01 3.247900e-02
 0.000000e+00 0.000000e+00 0.000000e+00 0.000000e+00 0.000000e+00
<ENDHMM>
~h "kt"
<BEGINHMM>
<NUMSTATES> 5
<STATE> 2
<MEAN> 13
 -1.098305e+01 1.463864e-01 -6.473585e+00 -1.105936e+00 1.442758e+00 1.330490e+00 4.695475e+00 7.310846e-01 1.197419e+00 8.379017e-01 1.588651e+00 -1.320765e+00 5.561374e+01
<VARIANCE> 13
 1.483898e+01 6.303943e+00 7.599225e+00 1.082572e+01 1.201745e+01 1.712780e+01 1.618538e+01 1.626791e+01 1.674233e+01 1.533992e+01 1.435566e+01 1.324310e+01 1.847237e+01
<GCONST> 5.745346e+01
<STATE> 3
<MEAN> 13
 -1.240961e+01 3.136760e+00 -3.097981e+00 8.074365e-01 7.192851e-01 -2.694215e+00 2.372207e+00 8.681121e-01 -4.893929e-02 -6.827307e-01 -5.622153e-01 -1.578397e+00 5.375381e+01
<VARIANCE> 13
 7.619524e+00 6.175426e+00 8.294587e+00 1.174181e+01 1.453116e+01 1.590865e+01 1.750264e+01 1.695663e+01 1.792187e+01 1.995759e+01 1.781603e+01 1.416429e+01 1.941890e+01
<GCONST> 5.783532e+01
<STATE> 4
<MEAN> 13
 -9.807170e+00 3.192292e+00 -2.461100e+00 7.740392e-02 5.205843e-01 -1.511585e-01 3.114310e+00 2.143790e+00 6.292688e-01 -2.568135e-02 5.803468e-01 -2.070168e+00 4.890125e+01
<VARIANCE> 13
 9.505813e+00 8.752542e+00 1.105170e+01 1.170594e+01 1.656045e+01 1.604831e+01 1.697819e+01 1.734388e+01 1.734198e+01 1.743495e+01 1.512613e+01 1.301068e+01 1.210889e+01
<GCONST> 5.793186e+01
<TRANSP> 5
 0.000000e+00 1.000000e+00 0.000000e+00 0.000000e+00 0.000000e+00
 0.000000e+00 9.916949e-01 8.305049e-03 0.000000e+00 0.000000e+00
 0.000000e+00 0.000000e+00 9.820029e-01 1.799711e-02 0.000000e+00
 0.000000e+00 0.000000e+00 0.000000e+00 9.935006e-01 6.499399e-03
 0.000000e+00 0.000000e+00 0.000000e+00 0.000000e+00 0.000000e+00
<ENDHMM>
~h "pr"
<BEGINHMM>
<NUMSTATES> 5
<STATE> 2
<MEAN> 13
 -1.665987e+01 -9.022230e+00 1.896415e-01 -4.619285e+00 1.856677e+00 -1.604299e+00 7.000351e+00 3.058461e+00 1.260634e+00 -2.181837e+00 3.392339e-01 1.411323e-01 6.070940e+01
<VARIANCE> 13
 2.951414e+01 3.437992e+01 4.023745e+01 3.670091e+01 1.021851e+02 5.826538e+01 6.823112e+01 6.220200e+01 4.527573e+01 3.777428e+01 3.739193e+01 6.164822e+01 8.670083e+00
<GCONST> 7.250461e+01
<STATE> 3
<MEAN> 13
 -2.098621e+01 4.489275e+00 1.744475e+01 -1.504083e+01 1.844905e+00 1.278743e+01 -5.674579e+00 -6.178493e+00 1.207266e+01 -7.385050e+00 -7.202853e+00 8.180333e+00 5.416814e+01
<VARIANCE> 13
 1.089861e+01 1.594855e+01 1.467350e+01 2.647760e+01 2.077902e+01 2.447200e+01 1.832115e+01 2.569897e+01 2.362500e+01 3.030019e+01 2.720995e+01 1.834468e+01 6.879854e+00
<GCONST> 6.211370e+01
<STATE> 4
<MEAN> 13
 -1.217911e+01 -3.078135e+00 7.088905e+00 -8.490024e+00 4.928481e+00 3.498245e+00 4.381352e-01 3.360600e+00 1.400593e+00 -1.441221e+00 -2.499761e+00 4.010783e+00 5.053664e+01
<VARIANCE> 13
 3.213966e+01 4.923916e+01 6.145108e+01 6.758173e+01 4.456382e+01 1.123562e+02 4.578553e+01 6.731166e+01 6.922163e+01 4.984348e+01 9.477183e+01 6.985461e+01 2.757925e+01
<GCONST> 7.640381e+01
<TRANSP> 5
 0.000000e+00 1.000000e+00 0.000000e+00 0.000000e+00 0.000000e+00
 0.000000e+00 9.929636e-01 7.036415e-03 0.000000e+00 0.000000e+00
 0.000000e+00 0.000000e+00 9.804568e-01 1.954317e-02 0.000000e+00
 0.000000e+00 0.000000e+00 0.000000e+00 9.943415e-01 5.658504e-03
 0.000000e+00 0.000000e+00 0.000000e+00 0.000000e+00 0.000000e+00
<ENDHMM>
~h "pw"
<BEGINHMM>
<NUMSTATES> 5
<STATE> 2
<MEAN> 13
 -1.339883e+01 -1.717605e+00 -5.418202e-01 -3.385431e-01 1.436032e+00 -1.089787e+00 2.957798e+00 2.222011e-01 -7.044427e-01 8.531385e-01 4.172783e-02 -9.605104e-01 5.340242e+01
<VARIANCE> 13
 1.509351e+01 2.178517e+01 1.106028e+01 1.208668e+01 1.478366e+01 1.669731e+01 1.681444e+01 1.830288e+01 1.695734e+01 1.557215e+01 1.458742e+01 1.293431e+01 2.579891e+01
<GCONST> 5.988799e+01
<STATE> 3
<MEAN> 13
 -1.244935e+01 -6.469334e+00 -2.680051e+00 -1.580306e+00 -9.842991e-02 -4.340033e+00 -1.461092e-01 -3.930082e+00 -2.984083e+00 -7.921122e-01 -1.879151e-01 -5.696923e-01 6.121680e+01
<VARIANCE> 13
 2.376688e+01 2.145346e+01 1.257002e+01 1.215152e+01 1.666660e+01 2.334114e+01 2.113380e+01 2.515164e+01 1.862365e+01 1.641664e+01 1.479439e+01 1.333568e+01 5.922863e+01
<GCONST> 6.248359e+01
<STATE> 4
<MEAN> 13
 -1.166389e+01 -2.749855e+00 -1.618978e+00 -9.205583e-01 9.533712e-01 -8.155074e-01 3.011762e+00 -3.228340e-01 -7.705431e-01 8.386225e-01 4.325109e-01 -8.337301e-01 5.416846e+01
<VARIANCE> 13
 1.669163e+01 2.101800e+01 1.292969e+01 1.214056e+01 1.467912e+01 2.093297e+01 1.866038e+01 2.124156e+01 1.737938e+01 1.612149e+01 1.430422e+01 1.335422e+01 3.305589e+01
<GCONST> 6.090490e+01
<TRANSP> 5
 0.000000e+00 1.000000e+00 0.000000e+00 0.000000e+00 0.000000e+00
 0.000000e+00 9.928312e-01 7.168743e-03 0.000000e+00 0.000000e+00
 0.000000e+00 0.000000e+00 9.911878e-01 8.812237e-03 0.000000e+00
 0.000000e+00 0.000000e+00 0.000000e+00 9.971839e-01 2.816157e-03
 0.000000e+00 0.000000e+00 0.000000e+00 0.000000e+00 0.000000e+00
<ENDHMM>
~h "si"
<BEGINHMM>
<NUMSTATES> 5
<STATE> 2
<MEAN> 13
 -8.727831e+00 -1.139519e-02 1.184248e-01 -1.617961e+00 4.188226e-01 5.386337e-01 2.694720e+00 7.357003e-01 -4.357957e-02 5.759020e-01 7.445689e-01 -1.808495e+00 5.045965e+01
<VARIANCE> 13
 2.287883e+01 1.829384e+01 1.570530e+01 1.580877e+01 2.211965e+01 2.022350e+01 2.113731e+01 2.360715e+01 2.059454e+01 1.882256e+01 1.761318e+01 1.666146e+01 3.284654e+01
<GCONST> 6.289331e+01
<STATE> 3
<MEAN> 13
 -3.765203e+00 -4.028848e+00 -3.803811e+00 -3.264858e+00 1.489512e+00 3.857283e+00 4.462457e+00 7.106055e-01 -6.693261e-01 1.253119e+00 1.293628e+00 -2.532313e+00 5.046262e+01
<VARIANCE> 13
 6.634882e+00 7.092844e+00 7.100986e+00 8.420247e+00 1.330241e+01 1.490051e+01 1.527564e+01 1.588064e+01 1.501409e+01 1.485439e+01 1.427881e+01 1.285698e+01 3.803637e+00
<GCONST> 5.457131e+01
<STATE> 4
<MEAN> 13
 -6.204941e+00 1.870566e+00 1.060437e+00 -1.932041e+00 1.894253e+00 1.677512e+00 2.302107e+00 3.264879e+00 -3.267987e-01 5.116351e-01 8.607469e-01 -2.441080e+00 4.455437e+01
<VARIANCE> 13
 8.932564e+00 7.331630e+00 9.306774e+00 1.070316e+01 1.630215e+01 1.549579e+01 1.575644e+01 1.832450e+01 1.616644e+01 1.663614e+01 1.461958e+01 1.317647e+01 9.042223e+00
<GCONST> 5.693015e+01
<TRANSP> 5
 0.000000e+00 1.000000e+00 0.000000e+00 0.000000e+00 0.000000e+00
 0.000000e+00 9.897103e-01 1.028976e-02 0.000000e+00 0.000000e+00
 0.000000e+00 0.000000e+00 9.782972e-01 2.170287e-02 0.000000e+00
 0.000000e+00 0.000000e+00 0.000000e+00 9.924820e-01 7.517994e-03
 0.000000e+00 0.000000e+00 0.000000e+00 0.000000e+00 0.000000e+00
<ENDHMM>
~h "st"
<BEGINHMM>
<NUMSTATES> 5
<STATE> 2
<MEAN> 13
 -8.809628e+00 -2.765650e+00 -5.539740e-01 -5.180923e+00 -1.331924e+00 -1.771365e+00 1.936821e+00 -7.852492e-01 -1.342675e+00 -1.066541e+00 8.903328e-01 -2.305449e+00 5.795084e+01
<VARIANCE> 13
 1.718589e+01 2.161544e+01 1.476173e+01 2.336501e+01 2.015697e+01 2.491774e+01 2.076156e+01 1.932001e+01 1.913713e+01 1.920389e+01 1.618302e+01 1.458603e+01 4.235337e+01
<GCONST> 6.298337e+01
<STATE> 3
<MEAN> 13
 -5.501030e+00 -3.704405e+00 -3.155099e+00 -4.873248e+00 -5.670043e-01 3.540768e-01 2.747816e+00 3.302654e-01 -6.052068e-01 6.419764e-01 1.119138e+00 -2.676830e+00 5.431911e+01
<VARIANCE> 13
 7.368272e+00 1.044938e+01 1.142356e+01 1.586708e+01 1.867782e+01 2.216121e+01 1.896137e+01 1.827338e+01 1.722920e+01 1.691742e+01 1.544518e+01 1.378182e+01 1.930373e+01
<GCONST> 5.930547e+01
<STATE> 4
<MEAN> 13
 -1.038041e+01 8.061065e-01 8.532758e-01 -2.558687e+00 2.905741e-01 -7.613498e-01 2.054961e+00 3.740722e-01 2.341919e-01 -1.581986e-01 7.358431e-01 -2.253191e+00 5.226061e+01
<VARIANCE> 13
 1.452776e+01 9.525903e+00 1.114042e+01 1.780405e+01 1.659518e+01 1.949358e+01 1.804692e+01 1.989208e+01 1.791762e+01 1.655429e+01 1.471570e+01 1.341374e+01 3.757351e+01
<GCONST> 6.037890e+01
<TRANSP> 5
 0.000000e+00 1.000000e+00 0.000000e+00 0.000000e+00 0.000000e+00
 0.000000e+00 9.856158e-01 1.438421e-02 0.000000e+00 0.000000e+00
 0.000000e+00 0.000000e+00 9.823169e-01 1.768316e-02 0.000000e+00
 0.000000e+00 0.000000e+00 0.000000e+00 9.912295e-01 8.770515e-03
 0.000000e+00 0.000000e+00 0.000000e+00 0.000000e+00 0.000000e+00
<ENDHMM>
~h "spe"
<BEGINHMM>
<NUMSTATES> 5
<STATE> 2
<MEAN> 13
 -2.551830e+00 -3.043692e+00 3.471587e-01 -6.513475e+00 -1.633345e+00 -9.782584e-01 6.043769e-01 -7.783333e-01 -2.512565e+00 1.054202e+00 4.362610e-01 -4.707623e+00 5.555663e+01
<VARIANCE> 13
 1.943106e+01 2.808236e+01 3.513096e+01 3.636044e+01 3.642149e+01 3.612404e+01 3.580495e+01 3.286202e+01 2.525530e+01 2.274750e+01 2.701295e+01 1.964510e+01 1.824031e+01
<GCONST> 6.713078e+01
<STATE> 3
<MEAN> 13
 -1.132092e+00 -4.810764e+00 3.062683e+00 -1.148224e+01 -4.233953e+00 -4.604281e+00 -5.140768e+00 -2.687798e+00 -2.239203e+00 -2.291054e+00 -5.255807e+00 -4.972948e+00 6.117698e+01
<VARIANCE> 13
 2.084091e+01 3.354361e+01 7.664803e+01 6.464177e+01 6.536052e+01 6.272172e+01 3.841171e+01 5.628819e+01 4.015112e+01 3.991208e+01 5.076837e+01 4.155098e+01 2.370460e+01
<GCONST> 7.314692e+01
<STATE> 4
<MEAN> 13
 -8.805026e-01 -2.938016e+00 -5.945212e-02 -3.927402e+00 -2.724652e+00 8.921386e-02 -4.793397e-01 -7.784607e-01 -1.782860e+00 -3.126315e-01 -1.346580e+00 -5.856928e+00 5.280689e+01
<VARIANCE> 13
 1.442817e+01 2.896351e+01 3.069635e+01 2.317162e+01 4.614823e+01 3.448672e+01 3.192149e+01 3.070445e+01 2.974797e+01 2.862007e+01 2.896327e+01 2.661325e+01 1.474780e+01
<GCONST> 6.684021e+01
<TRANSP> 5
 0.000000e+00 1.000000e+00 0.000000e+00 0.000000e+00 0.000000e+00
 0.000000e+00 9.868936e-01 1.310639e-02 0.000000e+00 0.000000e+00
 0.000000e+00 0.000000e+00 9.831967e-01 1.680325e-02 0.000000e+00
 0.000000e+00 0.000000e+00 0.000000e+00 9.960312e-01 3.968826e-03
 0.000000e+00 0.000000e+00 0.000000e+00 0.000000e+00 0.000000e+00
<ENDHMM>
