~o
<STREAMINFO> 1 39
<VECSIZE> 39<NULLD><MFCC_D_A_Z_0><DIAGC>
~h "ap"
<BEGINHMM>
<NUMSTATES> 5
<STATE> 2
<MEAN> 39
 -4.315342e+00 7.033892e-01 -9.527419e-01 -1.159283e+00 -2.472885e+00 -7.229378e-01 -1.078953e+00 2.192115e-01 1.092436e+00 -8.075587e-02 -1.065285e+00 -3.511841e-02 7.016793e+00 -3.958039e-01 -7.169473e-01 -3.613324e-01 -8.710495e-02 -2.555760e-01 -3.365825e-01 -1.717501e-01 -3.952187e-01 -2.330856e-01 -1.925451e-01 -7.349353e-02 -1.216349e-01 1.104807e+00 7.742407e-02 7.608827e-02 5.312791e-02 1.173977e-02 1.210292e-01 9.657454e-02 5.722009e-02 3.532097e-02 2.225252e-02 7.338171e-02 1.205979e-02 -3.874590e-03 -2.397755e-01
<VARIANCE> 39
 3.299466e+01 5.642622e+01 3.353938e+01 1.877067e+01 2.799049e+01 4.687691e+01 2.506394e+01 2.694487e+01 2.407336e+01 2.494966e+01 2.022328e+01 1.659674e+01 1.730778e+02 2.962524e+00 2.959706e+00 1.200416e+00 1.441264e+00 2.818062e+00 3.822980e+00 1.968647e+00 1.853672e+00 1.756482e+00 1.883333e+00 1.924512e+00 1.626318e+00 1.228648e+01 3.854289e-01 3.604921e-01 1.503409e-01 2.382528e-01 3.985835e-01 5.420218e-01 2.890381e-01 2.815940e-01 2.853107e-01 3.027695e-01 2.951733e-01 2.796821e-01 1.490834e+00
<GCONST> 1.140630e+02
<STATE> 3
<MEAN> 39
 -4.023965e+00 -7.804325e-01 -1.217360e+00 -9.800470e-01 -1.605324e+00 -5.119631e-01 -6.880490e-01 -9.365168e-01 4.667753e-01 -2.400673e-01 -8.951789e-01 -2.713863e-01 6.442257e+00 8.474723e-02 -1.584837e-01 -4.188322e-03 3.763799e-02 1.594004e-01 6.534860e-02 7.765575e-02 -1.401020e-01 -7.322191e-02 -7.196252e-03 3.362840e-02 -2.426912e-02 -1.991929e-01 6.601819e-02 7.828329e-02 4.927642e-02 1.776561e-02 5.094542e-02 5.155056e-02 3.265998e-02 3.591414e-02 2.237520e-02 2.114413e-02 1.536427e-02 1.538551e-02 -1.759301e-01
<VARIANCE> 39
 1.979753e+01 3.954111e+01 2.915742e+01 1.645406e+01 2.670923e+01 3.295729e+01 2.310660e+01 2.325909e+01 2.176079e+01 2.168507e+01 1.676574e+01 1.516530e+01 1.025073e+02 1.232496e+00 1.311963e+00 7.522088e-01 8.984271e-01 1.565051e+00 2.006516e+00 1.409911e+00 1.447564e+00 1.384401e+00 1.456780e+00 1.370255e+00 1.450024e+00 5.509998e+00 1.865526e-01 1.935424e-01 1.195291e-01 1.739678e-01 3.057896e-01 3.917542e-01 2.641793e-01 2.711382e-01 2.709057e-01 2.977261e-01 2.738479e-01 2.985687e-01 7.913585e-01
<GCONST> 1.017384e+02
<STATE> 4
<MEAN> 39
 2.145093e-01 1.980988e-03 5.582020e-02 5.502943e-02 1.049029e-01 3.176391e-02 4.545196e-02 1.845078e-02 -4.010647e-02 8.251026e-03 5.042836e-02 7.883543e-03 -3.462007e-01 2.818897e-02 1.333319e-02 1.332453e-02 1.427274e-02 1.569986e-02 1.036412e-02 8.449496e-03 1.236319e-02 3.460992e-03 4.345920e-03 5.293866e-03 -6.642173e-04 -6.085057e-02 -9.458607e-05 1.465126e-03 8.905259e-05 -3.445272e-04 -9.934589e-04 9.446287e-06 -2.592258e-04 1.725036e-03 2.195904e-04 -3.252397e-05 -6.354970e-04 -1.078165e-04 -1.527309e-04
<VARIANCE> 39
 1.812495e+01 3.743899e+01 2.007599e+01 1.770716e+01 2.714738e+01 3.095943e+01 2.105248e+01 2.361436e+01 2.162833e+01 1.837647e+01 1.619755e+01 1.396311e+01 1.035027e+02 9.082074e-01 1.122266e+00 7.665792e-01 9.414398e-01 1.637996e+00 1.920602e+00 1.372306e+00 1.411811e+00 1.554071e+00 1.533749e+00 1.369628e+00 1.338175e+00 5.186083e+00 1.447697e-01 1.727275e-01 1.269969e-01 1.754976e-01 3.030302e-01 3.727058e-01 2.609638e-01 2.654616e-01 3.109348e-01 3.170654e-01 2.728242e-01 2.828685e-01 7.797037e-01
<GCONST> 1.002100e+02
<TRANSP> 5
 0.000000e+00 1.000000e+00 0.000000e+00 0.000000e+00 0.000000e+00
 0.000000e+00 8.571413e-01 1.428587e-01 0.000000e+00 0.000000e+00
 0.000000e+00 0.000000e+00 8.571427e-01 1.428573e-01 0.000000e+00
 0.000000e+00 0.000000e+00 0.000000e+00 9.963251e-01 3.674849e-03
 0.000000e+00 0.000000e+00 0.000000e+00 0.000000e+00 0.000000e+00
<ENDHMM>
~h "cl"
<BEGINHMM>
<NUMSTATES> 5
<STATE> 2
<MEAN> 39
 3.118093e+00 -4.850591e-02 -7.788739e-01 9.896830e-01 7.511347e-01 -1.908056e+00 4.855222e-01 1.515980e+00 3.054027e-01 1.622190e-01 2.066362e+00 -1.164578e+00 -2.540440e+00 -5.125756e-01 7.887220e-02 1.879519e-01 -9.758379e-02 -2.790286e-01 3.478256e-01 -1.295895e-01 -4.004368e-01 2.429365e-01 -1.255938e-01 -3.281468e-01 2.278432e-01 4.086445e-01 4.680505e-02 -8.458238e-03 3.035022e-04 -2.449165e-02 2.332493e-02 -3.080974e-02 -1.890375e-02 1.786125e-02 -3.018345e-02 2.424263e-02 -1.763530e-02 -2.268371e-02 -4.012934e-02
<VARIANCE> 39
 5.019093e+01 1.286882e+01 1.767306e+01 1.283058e+01 2.775925e+01 3.845731e+01 2.368956e+01 4.802076e+01 3.411097e+01 2.271685e+01 4.463221e+01 3.101704e+01 3.724743e+01 3.485823e+00 9.205918e-01 9.264336e-01 1.079919e+00 1.612008e+00 2.626719e+00 2.100795e+00 2.672162e+00 2.705191e+00 2.139413e+00 2.383791e+00 2.032856e+00 2.201626e+00 5.061541e-01 1.310895e-01 1.344533e-01 1.689828e-01 2.469374e-01 4.096563e-01 3.392433e-01 4.127388e-01 4.307459e-01 3.752468e-01 4.010093e-01 3.257671e-01 3.244671e-01
<GCONST> 1.078050e+02
<STATE> 3
<MEAN> 39
 1.681504e+00 -1.422382e-02 3.418150e-03 4.893398e-01 -8.192859e-02 -6.359950e-01 -5.155491e-02 1.665656e-01 9.075156e-01 2.187552e-02 7.733412e-01 -3.970651e-01 -1.454482e+00 -1.710338e-01 -3.231182e-03 1.038763e-01 -6.628224e-02 -1.019667e-01 1.636952e-01 -6.878368e-02 -1.684915e-01 7.016475e-02 -9.799338e-03 -1.659655e-01 9.623475e-02 1.266773e-01 4.852161e-02 -1.246187e-02 -1.249175e-02 7.887052e-03 2.549701e-02 -2.556898e-02 1.192381e-02 3.467444e-02 -2.373288e-02 1.596500e-02 2.739014e-02 -1.815572e-02 -4.014513e-02
<VARIANCE> 39
 3.946756e+01 1.076204e+01 1.574674e+01 1.300861e+01 2.242261e+01 3.196515e+01 2.190955e+01 3.665437e+01 3.203412e+01 2.174269e+01 3.237785e+01 2.729672e+01 2.692687e+01 2.523215e+00 6.555690e-01 8.896338e-01 1.035150e+00 1.399752e+00 2.278651e+00 1.633092e+00 2.482244e+00 2.484068e+00 2.017449e+00 2.152079e+00 1.941532e+00 1.745532e+00 4.266814e-01 1.113367e-01 1.537221e-01 1.893908e-01 2.521797e-01 4.280456e-01 3.214118e-01 4.310599e-01 4.757683e-01 4.004231e-01 4.015112e-01 3.617780e-01 2.974228e-01
<GCONST> 1.039306e+02
<STATE> 4
<MEAN> 39
 -1.156187e-01 1.510929e-03 1.868019e-02 -3.562948e-02 -1.612236e-02 6.128356e-02 -1.045303e-02 -4.053204e-02 -2.921955e-02 -4.434090e-03 -6.840802e-02 3.761843e-02 9.623621e-02 3.559484e-02 -3.822274e-03 -4.979906e-03 -1.241271e-03 6.633913e-03 -1.279696e-02 -4.169741e-03 3.054359e-03 -5.991772e-03 -2.080470e-03 1.150028e-02 -5.291520e-03 -2.522638e-02 1.092902e-03 1.169089e-04 -4.444540e-04 1.150815e-04 1.368220e-05 -1.875957e-03 -6.957543e-04 5.997389e-04 -5.116127e-04 -2.426688e-05 9.753618e-04 -3.253307e-04 -9.362804e-04
<VARIANCE> 39
 4.106094e+01 8.866072e+00 1.368288e+01 1.183957e+01 1.684850e+01 2.821448e+01 2.204172e+01 2.725181e+01 2.703525e+01 2.072540e+01 2.023185e+01 1.987646e+01 2.659899e+01 1.528567e+00 5.190284e-01 8.858773e-01 9.392552e-01 1.280030e+00 2.034746e+00 1.739373e+00 2.151550e+00 2.226519e+00 1.783415e+00 1.627671e+00 1.727398e+00 1.169203e+00 2.743282e-01 9.549745e-02 1.705348e-01 1.875032e-01 2.436560e-01 3.906189e-01 3.372702e-01 4.081711e-01 4.386757e-01 3.556507e-01 3.232431e-01 3.386191e-01 2.123003e-01
<GCONST> 9.822153e+01
<TRANSP> 5
 0.000000e+00 1.000000e+00 0.000000e+00 0.000000e+00 0.000000e+00
 0.000000e+00 8.560418e-01 1.439581e-01 0.000000e+00 0.000000e+00
 0.000000e+00 0.000000e+00 8.560431e-01 1.439569e-01 0.000000e+00
 0.000000e+00 0.000000e+00 0.000000e+00 9.965320e-01 3.468066e-03
 0.000000e+00 0.000000e+00 0.000000e+00 0.000000e+00 0.000000e+00
<ENDHMM>
~h "cm"
<BEGINHMM>
<NUMSTATES> 5
<STATE> 2
<MEAN> 39
 -2.364651e+00 3.316696e-01 1.432526e-01 -6.779760e-01 -4.658861e-01 3.534430e-01 9.092914e-01 1.665760e+00 1.450586e+00 1.131628e+00 1.249784e+00 6.184243e-01 -5.469016e+00 3.899825e-02 -3.817523e-02 -5.769707e-02 -1.318422e-01 -5.889335e-02 -6.188666e-02 -1.040926e-01 -8.309451e-02 -3.536410e-02 -2.468256e-02 -1.038055e-01 1.359258e-02 6.172593e-01 1.184950e-02 -2.685884e-03 -8.375083e-03 1.263604e-02 6.175666e-03 1.183147e-02 1.910313e-02 4.697151e-03 -1.400502e-02 1.768288e-03 1.165084e-02 -8.186668e-03 8.448489e-03
<VARIANCE> 39
 1.438351e+01 1.219890e+01 1.113543e+01 1.589014e+01 1.478385e+01 1.550139e+01 1.701174e+01 1.827241e+01 1.728167e+01 1.691143e+01 1.817487e+01 1.394769e+01 3.680697e+01 5.152517e-01 6.292709e-01 7.334558e-01 9.834127e-01 1.186563e+00 1.394485e+00 1.427353e+00 1.672255e+00 1.631162e+00 1.565596e+00 1.564380e+00 1.383073e+00 9.350145e-01 6.141045e-02 8.525186e-02 1.175076e-01 1.493782e-01 2.074923e-01 2.327091e-01 2.522760e-01 2.867890e-01 2.805081e-01 2.732624e-01 2.627958e-01 2.343231e-01 1.033357e-01
<GCONST> 8.699824e+01
<STATE> 3
<MEAN> 39
 -1.960683e+00 5.456798e-02 -2.268086e-01 -1.125333e+00 -6.530676e-01 5.233920e-02 4.327987e-01 1.148817e+00 9.864177e-01 9.370396e-01 8.746319e-01 5.310535e-01 -2.101625e+00 5.896859e-02 -3.919724e-02 -5.139845e-02 -5.641716e-02 -2.281724e-02 -4.132802e-02 -6.480520e-02 -7.291947e-02 -6.867867e-02 -2.814505e-02 -4.829368e-02 -1.483212e-02 4.595222e-01 1.911110e-03 1.197132e-04 1.862433e-03 1.027979e-02 4.789387e-03 1.902717e-03 4.056943e-03 1.094860e-03 -3.656742e-03 -7.226992e-04 7.401285e-03 -3.442541e-03 -2.511501e-02
<VARIANCE> 39
 1.242264e+01 9.884521e+00 1.013230e+01 1.293930e+01 1.349576e+01 1.447369e+01 1.618181e+01 1.708463e+01 1.620043e+01 1.557597e+01 1.718405e+01 1.328013e+01 3.649183e+01 3.985155e-01 5.044086e-01 6.298909e-01 8.795815e-01 1.101779e+00 1.297756e+00 1.381433e+00 1.517466e+00 1.545826e+00 1.419985e+00 1.442659e+00 1.265766e+00 6.209617e-01 5.519241e-02 8.613384e-02 1.178030e-01 1.626716e-01 2.145120e-01 2.572770e-01 2.711623e-01 3.002574e-01 3.104042e-01 2.861794e-01 2.791561e-01 2.517500e-01 7.099789e-02
<GCONST> 8.420317e+01
<STATE> 4
<MEAN> 39
 2.863398e-01 -2.557059e-02 5.531673e-03 1.193792e-01 7.407509e-02 -2.686466e-02 -8.884849e-02 -1.863284e-01 -1.613336e-01 -1.369472e-01 -1.406388e-01 -7.609699e-02 5.011851e-01 5.277728e-02 1.861258e-02 2.680296e-02 4.303060e-02 2.893859e-02 1.123212e-02 1.153156e-02 -1.864114e-02 -9.625248e-03 -1.191952e-02 -7.845769e-03 -6.162167e-03 -9.002686e-02 8.040153e-05 8.604798e-04 6.087166e-04 4.471381e-04 6.268809e-04 1.864805e-03 1.287563e-03 3.900901e-04 8.232050e-04 -1.040788e-03 -4.066481e-04 8.366515e-04 -7.137479e-03
<VARIANCE> 39
 1.187225e+01 8.675238e+00 8.570990e+00 1.163990e+01 1.208053e+01 1.321582e+01 1.419952e+01 1.551329e+01 1.500352e+01 1.407862e+01 1.442185e+01 1.220351e+01 3.720844e+01 2.514791e-01 3.679240e-01 5.139402e-01 7.499082e-01 9.370954e-01 1.137954e+00 1.258608e+00 1.320419e+00 1.383658e+00 1.356268e+00 1.303713e+00 1.187713e+00 4.113431e-01 3.753112e-02 6.418187e-02 9.651544e-02 1.434840e-01 1.832965e-01 2.268828e-01 2.499789e-01 2.621783e-01 2.783164e-01 2.777507e-01 2.616192e-01 2.392393e-01 4.079330e-02
<GCONST> 7.819573e+01
<TRANSP> 5
 0.000000e+00 1.000000e+00 0.000000e+00 0.000000e+00 0.000000e+00
 0.000000e+00 8.569861e-01 1.430138e-01 0.000000e+00 0.000000e+00
 0.000000e+00 0.000000e+00 8.569871e-01 1.430129e-01 0.000000e+00
 0.000000e+00 0.000000e+00 0.000000e+00 9.905319e-01 9.468077e-03
 0.000000e+00 0.000000e+00 0.000000e+00 0.000000e+00 0.000000e+00
<ENDHMM>
~h "co"
<BEGINHMM>
<NUMSTATES> 5
<STATE> 2
<MEAN> 39
 -2.466789e+00 -1.242344e-01 -6.763673e-01 -1.279650e+00 -4.987122e+00 1.373472e-02 2.735210e+00 3.841173e+00 2.855989e+00 7.323065e-01 1.840402e-01 1.532701e+00 1.879480e+00 -3.911518e-01 -1.745942e-01 1.438427e-01 -1.910198e-01 -1.910343e-01 -4.674336e-01 -1.549853e-01 -5.446169e-01 -5.919406e-01 -4.569411e-01 -1.806640e-01 -1.665481e-01 1.571018e+00 1.755032e-02 2.364455e-02 -2.407692e-02 2.860893e-02 1.542808e-01 7.684448e-02 5.665213e-02 2.770194e-02 -2.301845e-02 3.604153e-02 6.027687e-02 5.428372e-03 -1.064867e-01
<VARIANCE> 39
 1.515845e+01 1.898374e+01 2.108370e+01 2.088204e+01 7.103697e+01 4.488676e+01 5.027436e+01 5.467716e+01 4.842323e+01 4.166267e+01 2.920337e+01 2.572070e+01 1.005085e+02 9.186252e-01 1.450047e+00 1.517484e+00 1.683309e+00 5.050605e+00 3.117505e+00 3.101701e+00 2.984506e+00 3.387851e+00 3.018638e+00 2.332841e+00 2.244173e+00 3.770479e+00 1.116421e-01 2.253854e-01 2.153539e-01 2.106119e-01 5.405034e-01 4.358961e-01 4.737776e-01 4.679465e-01 5.647328e-01 4.563918e-01 3.673413e-01 3.737416e-01 3.153196e-01
<GCONST> 1.155453e+02
<STATE> 3
<MEAN> 39
 -3.227799e+00 -9.299963e-01 -9.542584e-01 -1.416794e+00 -3.619866e+00 -1.127367e+00 1.954759e+00 1.288592e+00 5.582663e-01 -1.767945e-01 1.912011e-01 8.920096e-01 5.977653e+00 -7.773960e-02 -1.068499e-01 -5.796467e-02 -1.539211e-03 2.306684e-01 -1.299120e-01 -1.064014e-01 -3.408324e-01 -2.931066e-01 -9.586231e-02 1.783552e-02 -8.250553e-02 4.740249e-01 4.646188e-02 8.001787e-03 -2.857007e-02 2.594477e-02 4.902547e-02 4.394141e-02 1.324760e-03 2.856518e-02 4.862345e-02 5.171535e-02 2.400354e-02 1.216196e-02 -1.579203e-01
<VARIANCE> 39
 1.203864e+01 1.247433e+01 1.680181e+01 1.610060e+01 4.458043e+01 2.838014e+01 3.883185e+01 4.652208e+01 3.438695e+01 3.074942e+01 2.596931e+01 2.345954e+01 4.822993e+01 6.507184e-01 9.433041e-01 1.019638e+00 1.196459e+00 2.771112e+00 2.135514e+00 2.372910e+00 2.352478e+00 2.822448e+00 2.520482e+00 1.995084e+00 1.868706e+00 2.425738e+00 8.853592e-02 1.720737e-01 1.850013e-01 2.074555e-01 4.318921e-01 3.810844e-01 4.397808e-01 4.495853e-01 5.234722e-01 4.693280e-01 3.905107e-01 3.535080e-01 1.881724e-01
<GCONST> 1.056318e+02
<STATE> 4
<MEAN> 39
 3.620845e-01 6.703262e-02 1.036806e-01 1.714511e-01 5.472718e-01 7.080559e-02 -2.982096e-01 -3.261751e-01 -2.170904e-01 -3.531944e-02 -2.385861e-02 -1.541740e-01 -4.995889e-01 6.369463e-02 5.699826e-02 2.700600e-02 3.269700e-02 1.010088e-01 5.389433e-02 4.279950e-03 1.726731e-02 -1.109551e-02 1.885545e-03 7.155703e-03 2.802206e-04 -1.811474e-01 6.829597e-04 2.782840e-03 -4.768148e-05 1.243382e-03 -3.006158e-04 7.831184e-04 2.795922e-03 2.995635e-03 1.175242e-03 1.380725e-03 -4.093603e-05 1.513182e-04 -5.384567e-03
<VARIANCE> 39
 1.311026e+01 1.464880e+01 1.776873e+01 1.825075e+01 3.743110e+01 2.525367e+01 3.783344e+01 3.430349e+01 2.757183e+01 2.623082e+01 2.568766e+01 2.280825e+01 6.622409e+01 3.822028e-01 6.886600e-01 8.125946e-01 1.054765e+00 2.086417e+00 1.504791e+00 1.996985e+00 1.964092e+00 2.421006e+00 2.076757e+00 1.914564e+00 1.637469e+00 1.126955e+00 5.326772e-02 1.285108e-01 1.453706e-01 1.976207e-01 3.760972e-01 2.884791e-01 3.625741e-01 3.675576e-01 4.836913e-01 4.172508e-01 3.783206e-01 3.173890e-01 1.126872e-01
<GCONST> 9.911169e+01
<TRANSP> 5
 0.000000e+00 1.000000e+00 0.000000e+00 0.000000e+00 0.000000e+00
 0.000000e+00 8.566454e-01 1.433546e-01 0.000000e+00 0.000000e+00
 0.000000e+00 0.000000e+00 8.566462e-01 1.433537e-01 0.000000e+00
 0.000000e+00 0.000000e+00 0.000000e+00 9.908845e-01 9.115506e-03
 0.000000e+00 0.000000e+00 0.000000e+00 0.000000e+00 0.000000e+00
<ENDHMM>
~h "ds"
<BEGINHMM>
<NUMSTATES> 5
<STATE> 2
<MEAN> 39
 -2.777323e+00 -6.607736e-01 -1.527295e+00 -1.875455e+00 -3.098468e+00 -2.252915e+00 -1.877139e-01 -8.463600e-01 8.294195e-01 1.365178e+00 1.494391e+00 1.005686e+00 5.613413e+00 -2.198387e-01 3.309471e-03 5.698510e-02 1.128281e-01 1.711333e-01 5.884420e-02 1.007381e-01 6.350356e-02 1.036421e-01 -1.144110e-02 3.317786e-02 -1.710589e-02 9.167992e-01 1.068876e-01 3.806734e-02 3.956209e-02 5.342125e-02 6.368610e-02 7.080200e-02 1.374618e-02 1.320799e-02 -2.389234e-02 -3.144152e-02 -2.677633e-02 1.952062e-02 -1.860393e-01
<VARIANCE> 39
 2.300600e+01 1.253073e+01 1.604826e+01 1.766521e+01 2.518614e+01 2.264106e+01 2.424692e+01 2.699957e+01 2.369021e+01 2.275772e+01 1.818209e+01 1.593438e+01 8.772132e+01 2.463416e+00 1.316781e+00 1.361156e+00 1.607452e+00 2.357384e+00 2.351056e+00 2.420221e+00 2.351858e+00 2.225454e+00 2.439077e+00 1.829837e+00 1.654083e+00 7.377201e+00 3.547525e-01 2.052409e-01 2.060340e-01 2.611321e-01 3.624540e-01 4.065237e-01 3.954554e-01 3.942073e-01 3.716250e-01 4.037606e-01 3.062093e-01 2.886598e-01 9.621438e-01
<GCONST> 1.087829e+02
<STATE> 3
<MEAN> 39
 -2.400645e+00 -5.705650e-01 -9.535326e-01 -8.760069e-01 -1.813936e+00 -1.388152e+00 2.372507e-01 -3.839813e-01 7.196548e-01 1.168117e+00 1.214200e+00 9.131662e-01 6.046227e+00 9.544380e-02 1.200910e-02 9.088077e-02 1.507659e-01 1.960270e-01 1.344490e-01 5.675457e-02 6.478442e-02 -3.325472e-02 -3.757909e-02 -5.537161e-02 -2.085845e-02 -6.414499e-02 3.861359e-02 -2.175385e-03 1.155475e-03 -7.165168e-04 -3.909196e-03 3.711060e-03 -8.121256e-03 -1.567320e-03 -1.849984e-02 -4.904757e-04 -1.131113e-02 -2.922503e-03 -1.350414e-01
<VARIANCE> 39
 1.712002e+01 9.900459e+00 1.309205e+01 1.440404e+01 2.206490e+01 1.867407e+01 1.958706e+01 2.251263e+01 1.890815e+01 1.872507e+01 1.616494e+01 1.436619e+01 9.916740e+01 1.548360e+00 9.315093e-01 1.106254e+00 1.262751e+00 1.771715e+00 1.807151e+00 1.760848e+00 1.896007e+00 1.759427e+00 1.858208e+00 1.585148e+00 1.458400e+00 8.128882e+00 2.879546e-01 1.712633e-01 1.978955e-01 2.373404e-01 3.298879e-01 3.719002e-01 3.449352e-01 3.787658e-01 3.484452e-01 3.777751e-01 3.161328e-01 2.970436e-01 1.358358e+00
<GCONST> 1.029733e+02
<STATE> 4
<MEAN> 39
 2.104162e-01 5.003875e-02 1.008144e-01 1.118120e-01 1.996266e-01 1.479625e-01 -2.012322e-03 4.999795e-02 -6.294896e-02 -1.029461e-01 -1.100681e-01 -7.797381e-02 -4.738126e-01 3.938028e-02 5.924009e-03 2.027058e-02 1.370899e-02 2.924374e-02 2.249484e-02 1.227002e-02 7.646803e-03 -3.750698e-03 -1.213940e-02 -1.303487e-02 -1.270702e-02 -7.801244e-02 -3.006728e-05 -1.034134e-04 -4.261095e-04 -9.034193e-04 -9.742390e-04 -4.289896e-04 -8.525921e-04 -2.018011e-04 3.810863e-04 2.656925e-04 1.228562e-03 4.381077e-04 -9.041869e-04
<VARIANCE> 39
 1.433430e+01 1.030757e+01 1.489068e+01 1.521470e+01 1.925721e+01 2.077893e+01 2.253493e+01 1.902938e+01 2.321419e+01 2.189917e+01 1.775612e+01 1.667568e+01 5.748632e+01 6.545082e-01 5.060854e-01 7.105535e-01 9.445655e-01 1.352274e+00 1.461247e+00 1.613113e+00 1.574061e+00 1.747305e+00 1.757608e+00 1.601937e+00 1.375312e+00 1.484617e+00 1.114490e-01 8.948875e-02 1.311355e-01 1.816877e-01 2.649551e-01 2.858187e-01 3.158387e-01 3.130190e-01 3.460697e-01 3.540865e-01 3.252354e-01 2.769798e-01 2.262855e-01
<GCONST> 9.330663e+01
<TRANSP> 5
 0.000000e+00 1.000000e+00 0.000000e+00 0.000000e+00 0.000000e+00
 0.000000e+00 8.514693e-01 1.485306e-01 0.000000e+00 0.000000e+00
 0.000000e+00 0.000000e+00 8.514702e-01 1.485298e-01 0.000000e+00
 0.000000e+00 0.000000e+00 0.000000e+00 9.939641e-01 6.035935e-03
 0.000000e+00 0.000000e+00 0.000000e+00 0.000000e+00 0.000000e+00
<ENDHMM>
~h "kj"
<BEGINHMM>
<NUMSTATES> 5
<STATE> 2
<MEAN> 39
 5.804334e+00 -1.373381e+00 -2.402370e+00 1.189199e-01 8.421497e-01 -1.910835e+00 -1.976911e+00 -1.215578e+00 -6.491109e-01 3.598742e-01 -7.621325e-01 -5.989437e-02 -2.354363e+00 -2.974359e-01 -1.664796e-01 -1.806745e-01 -5.703780e-03 -1.361066e-01 -1.244554e-01 -1.399181e-01 -2.451914e-01 3.182340e-04 -3.050254e-02 6.037689e-02 3.832154e-03 4.601816e-01 4.711288e-03 1.185050e-02 2.815799e-02 -1.185179e-02 -5.996245e-03 1.865933e-02 3.645111e-02 3.943505e-02 1.567764e-02 -8.210595e-03 -2.150840e-02 1.113284e-03 -2.831563e-02
<VARIANCE> 39
 2.130360e+01 2.529947e+01 1.426118e+01 1.650499e+01 1.847685e+01 2.509665e+01 2.789911e+01 2.263072e+01 1.882985e+01 1.940012e+01 1.512723e+01 1.495470e+01 3.031600e+01 8.474076e-01 1.040566e+00 9.755127e-01 9.871091e-01 1.593306e+00 1.647463e+00 2.059022e+00 1.933679e+00 1.676739e+00 1.956256e+00 1.475610e+00 1.346580e+00 1.001179e+00 1.141816e-01 1.472975e-01 1.455282e-01 1.639694e-01 2.586038e-01 2.747798e-01 3.284475e-01 3.292395e-01 2.921965e-01 3.421885e-01 2.690805e-01 2.238489e-01 1.166079e-01
<GCONST> 9.485747e+01
<STATE> 3
<MEAN> 39
 4.345410e+00 -1.631323e+00 -2.738798e+00 -2.364870e-02 5.639895e-01 -1.889690e+00 -2.217962e+00 -1.642969e+00 -4.389535e-01 1.685060e-01 -5.660044e-01 2.384245e-02 -7.417912e-01 -1.963938e-01 -2.272236e-02 -3.430969e-02 -2.110430e-02 -2.840090e-02 1.613385e-02 -2.412455e-02 -4.032217e-02 3.277981e-02 -2.685306e-02 2.490877e-02 1.269218e-02 2.037022e-01 1.501723e-02 2.097267e-02 1.960967e-02 -1.175048e-03 1.715861e-02 1.955820e-02 1.390387e-02 2.726539e-02 3.259584e-03 1.605603e-03 -3.143937e-03 1.359113e-03 -3.654163e-02
<VARIANCE> 39
 1.992729e+01 2.340679e+01 1.418749e+01 1.471513e+01 1.720423e+01 2.326906e+01 2.625866e+01 2.193287e+01 1.825711e+01 1.822446e+01 1.558774e+01 1.515007e+01 2.505708e+01 6.710150e-01 8.701909e-01 7.981949e-01 9.957621e-01 1.371808e+00 1.481499e+00 1.748929e+00 1.868347e+00 1.592588e+00 1.757201e+00 1.404531e+00 1.306978e+00 7.623454e-01 1.115687e-01 1.503833e-01 1.476238e-01 1.985545e-01 2.691705e-01 2.929351e-01 3.576400e-01 3.703990e-01 3.150160e-01 3.593686e-01 2.886801e-01 2.553533e-01 1.070642e-01
<GCONST> 9.329602e+01
<STATE> 4
<MEAN> 39
 -2.360590e-01 6.988243e-02 1.195712e-01 -2.216781e-03 -3.270370e-02 8.839342e-02 9.756319e-02 6.648418e-02 2.530594e-02 -1.228904e-02 3.088870e-02 8.399341e-04 7.201086e-02 1.977729e-02 -4.106207e-03 3.924232e-03 -2.239943e-03 6.489023e-03 1.683420e-03 4.910579e-03 2.421426e-03 3.826873e-03 -1.736529e-03 2.052690e-03 2.355081e-03 -1.804500e-02 1.081491e-03 2.030064e-04 9.480981e-05 -2.820252e-04 1.636807e-04 3.490213e-04 1.369765e-03 9.574124e-04 8.080470e-04 5.012300e-04 2.123234e-04 7.045541e-05 -1.442228e-03
<VARIANCE> 39
 2.780282e+01 3.089512e+01 1.571735e+01 1.380811e+01 1.525058e+01 2.328665e+01 2.718366e+01 2.101694e+01 1.739686e+01 1.918912e+01 1.579845e+01 1.450328e+01 2.858202e+01 5.790862e-01 7.656223e-01 7.106043e-01 9.374151e-01 1.180381e+00 1.454098e+00 1.643690e+00 1.608322e+00 1.626553e+00 1.671518e+00 1.476164e+00 1.319601e+00 6.438900e-01 9.505191e-02 1.300561e-01 1.322552e-01 1.823032e-01 2.296566e-01 2.848827e-01 3.214206e-01 3.220718e-01 3.305488e-01 3.349178e-01 2.976925e-01 2.680404e-01 9.199343e-02
<GCONST> 9.192230e+01
<TRANSP> 5
 0.000000e+00 1.000000e+00 0.000000e+00 0.000000e+00 0.000000e+00
 0.000000e+00 8.571286e-01 1.428715e-01 0.000000e+00 0.000000e+00
 0.000000e+00 0.000000e+00 8.571299e-01 1.428701e-01 0.000000e+00
 0.000000e+00 0.000000e+00 0.000000e+00 9.966769e-01 3.323061e-03
 0.000000e+00 0.000000e+00 0.000000e+00 0.000000e+00 0.000000e+00
<ENDHMM>
~h "kn"
<BEGINHMM>
<NUMSTATES> 5
<STATE> 2
<MEAN> 39
 -2.618901e+00 5.651664e-01 -1.045555e+00 -1.641492e+00 -1.426396e+00 -4.461681e-01 3.944824e-01 -1.292031e+00 9.660159e-01 -2.226460e-01 1.474204e-01 -6.640353e-01 1.993441e+00 2.145806e-01 1.387837e-01 9.496082e-02 2.239650e-01 2.221581e-01 -1.283816e-01 3.016339e-01 1.430121e-02 5.287657e-01 2.202606e-01 5.323466e-02 2.760953e-01 9.142637e-01 -1.705337e-02 2.023755e-02 2.662591e-02 2.447895e-02 5.934517e-02 9.318825e-02 -4.340318e-02 -9.149953e-03 -1.446182e-01 -4.195450e-02 -1.412614e-02 -5.234218e-03 -2.445347e-01
<VARIANCE> 39
 1.694073e+01 1.399541e+01 1.408157e+01 1.153660e+01 1.693550e+01 2.067778e+01 2.094863e+01 3.446443e+01 2.384391e+01 1.879892e+01 1.729653e+01 1.818474e+01 5.616162e+01 1.525182e+00 1.150375e+00 1.316682e+00 9.390391e-01 1.355732e+00 1.907986e+00 2.352561e+00 4.238405e+00 3.009075e+00 1.974947e+00 1.656056e+00 1.901962e+00 6.024491e+00 2.148086e-01 1.573524e-01 1.957707e-01 1.527919e-01 2.431680e-01 2.852921e-01 3.811303e-01 6.165557e-01 4.781137e-01 3.384341e-01 2.683617e-01 2.961016e-01 6.362001e-01
<GCONST> 1.034917e+02
<STATE> 3
<MEAN> 39
 -1.291643e+00 7.850565e-01 -4.178205e-01 -5.394194e-01 -3.659821e-01 -3.578591e-01 7.364826e-01 -1.211992e+00 1.351322e+00 2.286084e-01 1.211013e-01 1.729332e-01 2.324029e+00 1.868164e-01 1.817660e-02 8.648413e-02 1.493914e-01 1.408118e-01 2.476852e-02 2.009465e-02 9.254968e-03 5.457988e-03 4.796521e-02 -1.022762e-02 1.008313e-01 -4.013242e-02 -2.742347e-03 -2.054598e-02 -4.084959e-03 -1.449586e-02 -1.881095e-02 1.416149e-02 -3.834654e-02 8.397094e-04 -6.514993e-02 -2.226381e-02 -8.365795e-03 -2.685328e-02 -1.215497e-01
<VARIANCE> 39
 1.165167e+01 1.092264e+01 1.149402e+01 1.025087e+01 1.557198e+01 1.649993e+01 1.804593e+01 2.332814e+01 1.858651e+01 1.778449e+01 1.587857e+01 1.542890e+01 3.082361e+01 6.748212e-01 7.719079e-01 8.808403e-01 8.512144e-01 1.305280e+00 1.408966e+00 1.553361e+00 2.102639e+00 1.866330e+00 1.570777e+00 1.279606e+00 1.515149e+00 3.053634e+00 1.271543e-01 1.450303e-01 1.552012e-01 1.703122e-01 2.698838e-01 2.874889e-01 3.198950e-01 4.419933e-01 3.960479e-01 3.342015e-01 2.523058e-01 3.021769e-01 4.614227e-01
<GCONST> 9.381262e+01
<STATE> 4
<MEAN> 39
 3.268654e-01 -1.128593e-01 1.223135e-01 1.822923e-01 1.498180e-01 6.720752e-02 -9.453270e-02 2.093012e-01 -1.936980e-01 -4.987051e-04 -2.244675e-02 4.104796e-02 -3.608787e-01 -2.188992e-02 1.564367e-02 4.740020e-02 5.257248e-03 1.233386e-02 5.075940e-02 -1.917199e-03 5.164661e-02 -4.179590e-02 -8.536583e-03 -1.289526e-02 -1.460532e-02 -1.320722e-01 -4.610436e-03 -1.429849e-04 3.492286e-04 -3.379441e-03 -2.967605e-03 3.419502e-04 4.121966e-03 2.919598e-03 8.098654e-04 2.288596e-05 2.905002e-04 -5.519805e-04 -8.233056e-04
<VARIANCE> 39
 9.112288e+00 1.085473e+01 1.128998e+01 9.143711e+00 1.254765e+01 1.610636e+01 1.507233e+01 2.003128e+01 1.815181e+01 1.545013e+01 1.445352e+01 1.429605e+01 2.865091e+01 3.735733e-01 7.200344e-01 7.327014e-01 8.795281e-01 1.255630e+00 1.303891e+00 1.435707e+00 1.838138e+00 1.757699e+00 1.486282e+00 1.364516e+00 1.367280e+00 1.626939e+00 6.056470e-02 1.346161e-01 1.343483e-01 1.835170e-01 2.613297e-01 2.595747e-01 2.936854e-01 3.780819e-01 3.642308e-01 3.089053e-01 2.732469e-01 2.754232e-01 2.653881e-01
<GCONST> 8.853254e+01
<TRANSP> 5
 0.000000e+00 1.000000e+00 0.000000e+00 0.000000e+00 0.000000e+00
 0.000000e+00 8.568303e-01 1.431697e-01 0.000000e+00 0.000000e+00
 0.000000e+00 0.000000e+00 8.568309e-01 1.431691e-01 0.000000e+00
 0.000000e+00 0.000000e+00 0.000000e+00 9.880327e-01 1.196727e-02
 0.000000e+00 0.000000e+00 0.000000e+00 0.000000e+00 0.000000e+00
<ENDHMM>
~h "kt"
<BEGINHMM>
<NUMSTATES> 5
<STATE> 2
<MEAN> 39
 -5.041123e-01 -1.230421e+00 5.919656e-01 -3.801595e-01 -4.209635e-01 -2.285987e-01 -5.697794e-01 -4.438555e-02 -4.257907e-01 1.384859e-01 -2.043413e-01 5.079564e-01 1.109447e+00 -1.831378e-01 5.769777e-02 -1.329278e-01 3.309801e-02 -7.143954e-02 -1.474395e-01 7.686976e-02 -3.708120e-02 2.173042e-02 -2.253192e-02 4.889678e-02 -2.502689e-02 3.331335e-01 3.111332e-02 -5.913794e-03 2.685288e-02 1.708781e-02 2.454823e-02 2.408382e-02 -9.539329e-03 2.492921e-02 2.128336e-02 8.904661e-03 9.618160e-03 -8.372255e-03 -6.711632e-02
<VARIANCE> 39
 1.282919e+01 1.011028e+01 1.111826e+01 1.191715e+01 1.598180e+01 2.104249e+01 1.631058e+01 2.062205e+01 1.553396e+01 1.757023e+01 1.694233e+01 1.397437e+01 2.479842e+01 1.212512e+00 6.897525e-01 9.070428e-01 1.045404e+00 1.511126e+00 2.303261e+00 1.728036e+00 1.791568e+00 1.662277e+00 2.116865e+00 1.642355e+00 1.405068e+00 2.029279e+00 1.702827e-01 1.087028e-01 1.575109e-01 1.799381e-01 2.671427e-01 3.906328e-01 3.174276e-01 3.134029e-01 3.134279e-01 3.735706e-01 2.892270e-01 2.578454e-01 2.794609e-01
<GCONST> 9.416344e+01
<STATE> 3
<MEAN> 39
 -6.949055e-01 -9.742023e-01 2.677612e-01 -6.197200e-02 -4.637418e-01 -4.876808e-01 -4.031234e-01 -1.297110e-01 -1.854334e-01 9.312209e-02 1.666120e-01 4.508308e-01 1.362398e+00 -1.116722e-02 3.358096e-02 -3.752866e-02 4.607751e-02 1.577703e-04 -2.582417e-02 1.733050e-02 -1.160513e-02 3.443108e-02 -5.325617e-03 5.260782e-02 -5.561398e-03 5.627472e-03 2.319276e-02 -2.928416e-03 1.190315e-02 2.376496e-04 8.459657e-03 1.612764e-02 -8.035001e-03 1.406788e-03 -4.803523e-04 1.466960e-03 -6.559165e-04 3.869538e-03 -4.329225e-02
<VARIANCE> 39
 9.188103e+00 8.356701e+00 9.372771e+00 1.075706e+01 1.496585e+01 1.702372e+01 1.660801e+01 1.800733e+01 1.627333e+01 1.623376e+01 1.585693e+01 1.340652e+01 1.616590e+01 8.420442e-01 5.805283e-01 8.605723e-01 9.382752e-01 1.342846e+00 1.685993e+00 1.635431e+00 1.548978e+00 1.689590e+00 1.807400e+00 1.544373e+00 1.404502e+00 1.307951e+00 1.547113e-01 1.108615e-01 1.730409e-01 1.881052e-01 2.716815e-01 3.539234e-01 3.436275e-01 3.068414e-01 3.461988e-01 3.858624e-01 3.147531e-01 2.892824e-01 2.319833e-01
<GCONST> 9.061514e+01
<STATE> 4
<MEAN> 39
 2.657426e-02 4.885986e-02 -1.905307e-02 9.798442e-03 1.960720e-02 1.587361e-02 2.156206e-02 3.858984e-03 1.354688e-02 -5.133209e-03 8.362565e-04 -2.124871e-02 -5.478279e-02 1.140371e-02 -2.402131e-03 3.791387e-03 -4.591617e-03 5.310447e-03 6.510165e-03 3.315485e-03 3.813662e-04 -1.784693e-03 -4.673814e-04 8.981160e-04 -1.907366e-03 -1.494503e-02 6.224296e-04 -4.301928e-04 2.727131e-04 -1.120869e-04 5.958569e-04 4.432333e-04 -1.211266e-04 3.958404e-04 -3.201262e-04 -5.514179e-06 -2.115899e-04 4.820739e-04 -4.845004e-04
<VARIANCE> 39
 1.049346e+01 6.530983e+00 8.165712e+00 1.054663e+01 1.272992e+01 1.602122e+01 1.562954e+01 1.590515e+01 1.671135e+01 1.625438e+01 1.473803e+01 1.286912e+01 1.378405e+01 7.663887e-01 4.748894e-01 6.727918e-01 8.658474e-01 1.163008e+00 1.443132e+00 1.571210e+00 1.574359e+00 1.636500e+00 1.722366e+00 1.504384e+00 1.281953e+00 1.008662e+00 1.454631e-01 9.205361e-02 1.337718e-01 1.727503e-01 2.357474e-01 2.981276e-01 3.253573e-01 3.226998e-01 3.332402e-01 3.594627e-01 3.031992e-01 2.590644e-01 1.858529e-01
<GCONST> 8.690250e+01
<TRANSP> 5
 0.000000e+00 1.000000e+00 0.000000e+00 0.000000e+00 0.000000e+00
 0.000000e+00 8.571410e-01 1.428590e-01 0.000000e+00 0.000000e+00
 0.000000e+00 0.000000e+00 8.571425e-01 1.428575e-01 0.000000e+00
 0.000000e+00 0.000000e+00 0.000000e+00 9.968338e-01 3.166183e-03
 0.000000e+00 0.000000e+00 0.000000e+00 0.000000e+00 0.000000e+00
<ENDHMM>
~h "pr"
<BEGINHMM>
<NUMSTATES> 5
<STATE> 2
<MEAN> 39
 -2.925895e+00 1.241944e+00 1.978723e-01 5.590885e-01 7.777981e-01 1.959686e+00 -6.120667e-01 -2.978241e+00 -2.771547e-01 -5.391907e-01 1.246095e+00 -3.992918e-01 2.424160e+00 -4.141550e-01 -1.862168e-01 5.566153e-02 -1.554054e-01 5.070874e-02 2.856668e-01 -6.699715e-02 -5.407936e-01 1.735089e-01 -3.517683e-01 -3.718499e-02 5.445648e-01 4.095742e-01 1.126431e-01 4.424239e-02 -3.489345e-02 3.613131e-02 2.437343e-02 -2.546860e-02 -3.205267e-02 5.267911e-02 -2.312138e-02 3.549516e-02 1.531641e-02 -9.826219e-02 -9.694260e-02
<VARIANCE> 39
 3.181685e+01 2.468769e+01 2.329305e+01 3.480945e+01 4.825771e+01 4.198001e+01 4.377581e+01 5.659625e+01 3.678260e+01 4.067284e+01 4.539280e+01 5.212355e+01 2.160147e+01 2.754824e+00 9.814999e-01 1.645620e+00 1.724974e+00 2.215010e+00 2.543437e+00 2.465922e+00 2.922500e+00 2.558545e+00 2.202120e+00 3.198398e+00 3.007744e+00 1.563148e+00 3.143485e-01 1.394949e-01 2.269629e-01 2.453229e-01 3.288352e-01 4.140383e-01 3.656141e-01 4.058058e-01 4.009033e-01 3.453608e-01 4.628936e-01 4.254771e-01 1.514497e-01
<GCONST> 1.133971e+02
<STATE> 3
<MEAN> 39
 -3.469386e+00 8.926468e-01 3.474980e-01 2.807353e-01 1.251120e+00 2.455772e+00 -1.163453e+00 -4.117566e+00 4.079353e-01 -1.762136e+00 1.070227e+00 5.813792e-01 3.007241e+00 -4.304397e-02 -3.592411e-02 1.877485e-02 -2.757456e-02 6.798749e-02 4.816703e-02 -7.773942e-02 -1.217361e-01 9.049623e-02 -1.548495e-01 -2.522652e-02 9.595046e-02 4.982777e-02 4.526501e-02 1.832333e-02 -2.014763e-03 1.607290e-02 -4.263667e-05 -3.378423e-02 1.710851e-03 5.899639e-02 -1.054342e-02 2.684336e-02 6.741125e-04 -5.846821e-02 -4.523134e-02
<VARIANCE> 39
 1.574691e+01 2.318048e+01 1.533063e+01 2.882687e+01 5.633858e+01 3.366652e+01 3.736927e+01 5.009506e+01 3.817307e+01 4.340881e+01 3.969844e+01 4.623177e+01 1.177583e+01 1.164259e+00 7.194266e-01 1.047931e+00 1.394020e+00 1.717329e+00 2.181178e+00 2.049409e+00 2.441951e+00 2.228490e+00 1.908676e+00 2.584960e+00 2.130950e+00 6.578618e-01 2.256721e-01 1.313488e-01 1.876853e-01 2.577756e-01 3.283821e-01 4.250030e-01 3.842692e-01 4.380526e-01 4.301678e-01 3.636177e-01 4.993345e-01 4.025146e-01 1.152762e-01
<GCONST> 1.060944e+02
<STATE> 4
<MEAN> 39
 1.256064e-01 -4.192214e-02 -1.071549e-02 -1.649318e-02 -3.984952e-02 -8.672097e-02 3.487347e-02 1.393630e-01 -2.570635e-03 4.520331e-02 -4.549345e-02 -3.577633e-03 -1.066744e-01 3.126500e-02 8.146079e-03 -1.109820e-02 8.774239e-03 -6.476002e-03 -9.933850e-03 3.195205e-03 1.345311e-02 -8.886953e-03 1.251382e-02 1.235475e-03 -1.233870e-02 -2.848041e-02 3.759527e-04 1.260423e-04 -3.250884e-06 4.867857e-04 -4.936403e-04 -1.908878e-04 8.339105e-05 -7.739694e-05 -3.928774e-04 6.450771e-04 1.597235e-04 -1.123960e-03 -2.935826e-04
<VARIANCE> 39
 2.758225e+01 1.927513e+01 2.678792e+01 3.498851e+01 3.904572e+01 3.832027e+01 3.375235e+01 3.870912e+01 4.021000e+01 4.067104e+01 3.684587e+01 3.732711e+01 1.817744e+01 4.236438e-01 5.050686e-01 6.872667e-01 1.019037e+00 1.222242e+00 1.580001e+00 1.627122e+00 1.716942e+00 1.797762e+00 1.782329e+00 1.778013e+00 1.462613e+00 2.520260e-01 7.854234e-02 8.821107e-02 1.267545e-01 1.867652e-01 2.371502e-01 3.066382e-01 3.172593e-01 3.261366e-01 3.484932e-01 3.431727e-01 3.469421e-01 2.818034e-01 4.256350e-02
<GCONST> 9.612688e+01
<TRANSP> 5
 0.000000e+00 1.000000e+00 0.000000e+00 0.000000e+00 0.000000e+00
 0.000000e+00 8.569923e-01 1.430077e-01 0.000000e+00 0.000000e+00
 0.000000e+00 0.000000e+00 8.569936e-01 1.430064e-01 0.000000e+00
 0.000000e+00 0.000000e+00 0.000000e+00 9.971913e-01 2.808742e-03
 0.000000e+00 0.000000e+00 0.000000e+00 0.000000e+00 0.000000e+00
<ENDHMM>
~h "pw"
<BEGINHMM>
<NUMSTATES> 5
<STATE> 2
<MEAN> 39
 -8.229892e-01 2.447591e+00 5.271264e-01 4.187081e-02 1.536172e-02 7.431014e-01 6.575038e-02 9.572203e-01 8.505368e-01 1.589824e-01 -8.771405e-02 5.423572e-02 -1.176521e+00 -3.298516e-01 -2.345237e-01 9.190603e-02 4.586643e-02 -9.474850e-02 -2.804550e-01 -2.088526e-01 -2.129904e-01 -3.722956e-02 -1.155767e-01 -1.658857e-02 4.933745e-02 6.471083e-01 3.047825e-02 -4.232245e-03 -3.753401e-02 -3.456702e-03 3.389268e-02 1.982042e-02 -7.962256e-03 -1.300748e-03 -2.333810e-02 9.752139e-03 1.341336e-02 -3.002015e-02 -2.124770e-02
<VARIANCE> 39
 1.542113e+01 2.219615e+01 1.143596e+01 1.120737e+01 1.604308e+01 2.407157e+01 2.284567e+01 2.540405e+01 1.682540e+01 1.516826e+01 1.438426e+01 1.373088e+01 5.506364e+01 9.349942e-01 9.486713e-01 8.281012e-01 1.036235e+00 1.571179e+00 1.851260e+00 1.793533e+00 1.788881e+00 1.581849e+00 1.733449e+00 1.479172e+00 1.533374e+00 2.752279e+00 1.378345e-01 1.322341e-01 1.415098e-01 1.708872e-01 2.484464e-01 2.949814e-01 3.172631e-01 2.851452e-01 3.001549e-01 2.938801e-01 2.650686e-01 2.820457e-01 3.204243e-01
<GCONST> 9.542040e+01
<STATE> 3
<MEAN> 39
 -1.561361e+00 1.224605e+00 5.261355e-01 3.934639e-01 2.191449e-01 5.671947e-02 -5.548624e-01 7.928817e-02 3.684960e-01 -2.123440e-01 -7.536852e-02 -9.700251e-02 8.940133e-01 -8.112098e-02 -1.655497e-01 -9.200965e-03 5.007168e-02 4.124744e-02 -7.712454e-02 -7.411841e-02 -1.147176e-01 -6.956565e-02 -4.514056e-02 3.247524e-03 -2.820315e-02 2.541460e-01 3.520367e-02 1.107649e-02 -1.173959e-02 9.370899e-04 1.727659e-02 2.910344e-02 2.157292e-02 1.538265e-02 -2.695857e-03 9.709273e-03 1.746606e-03 -8.592958e-03 -5.829694e-02
<VARIANCE> 39
 1.309885e+01 2.405423e+01 1.040614e+01 1.030343e+01 1.548140e+01 2.183014e+01 2.321360e+01 2.568630e+01 1.832320e+01 1.499357e+01 1.416955e+01 1.323136e+01 5.324861e+01 7.188949e-01 8.980145e-01 7.655450e-01 9.133720e-01 1.300780e+00 1.603566e+00 1.723228e+00 1.697035e+00 1.657064e+00 1.506570e+00 1.477280e+00 1.368779e+00 2.076229e+00 1.161093e-01 1.484920e-01 1.520769e-01 1.793505e-01 2.560640e-01 3.146631e-01 3.416635e-01 3.182750e-01 3.415566e-01 2.930612e-01 3.068632e-01 2.892544e-01 2.791319e-01
<GCONST> 9.410637e+01
<STATE> 4
<MEAN> 39
 2.809472e-02 -4.326968e-02 -1.240982e-02 -5.128681e-03 -2.762496e-03 -9.424316e-03 5.762970e-03 -1.221332e-02 -1.436275e-02 6.292029e-04 1.921319e-03 5.038828e-04 3.328464e-03 9.316975e-03 -3.788648e-04 -3.479879e-04 -1.676480e-03 8.971878e-04 3.832623e-03 2.574745e-03 1.669159e-03 9.207317e-04 1.581552e-03 1.412082e-03 -9.888480e-04 -1.137427e-02 4.536915e-04 3.435129e-04 1.275968e-04 -2.677602e-04 -2.568611e-04 4.462022e-04 1.517056e-04 -1.529270e-04 -9.584261e-05 1.918459e-04 7.463214e-05 1.141354e-04 -6.476909e-04
<VARIANCE> 39
 1.521465e+01 2.160048e+01 1.103858e+01 1.119288e+01 1.434267e+01 2.042580e+01 1.898052e+01 2.240594e+01 1.742446e+01 1.572459e+01 1.421240e+01 1.283850e+01 3.930508e+01 5.480753e-01 8.061526e-01 6.792940e-01 8.645946e-01 1.179565e+00 1.501505e+00 1.486511e+00 1.594436e+00 1.538638e+00 1.486019e+00 1.419515e+00 1.276530e+00 1.198249e+00 9.025467e-02 1.328867e-01 1.282263e-01 1.694856e-01 2.336234e-01 3.005103e-01 2.965390e-01 3.176061e-01 3.127427e-01 3.034537e-01 2.904992e-01 2.627096e-01 1.698220e-01
<GCONST> 9.022861e+01
<TRANSP> 5
 0.000000e+00 1.000000e+00 0.000000e+00 0.000000e+00 0.000000e+00
 0.000000e+00 8.571408e-01 1.428592e-01 0.000000e+00 0.000000e+00
 0.000000e+00 0.000000e+00 8.571423e-01 1.428577e-01 0.000000e+00
 0.000000e+00 0.000000e+00 0.000000e+00 9.983167e-01 1.683307e-03
 0.000000e+00 0.000000e+00 0.000000e+00 0.000000e+00 0.000000e+00
<ENDHMM>
~h "si"
<BEGINHMM>
<NUMSTATES> 5
<STATE> 2
<MEAN> 39
 7.299183e-01 5.143345e-01 1.074867e+00 1.359660e+00 9.357557e-01 1.415351e-01 -3.719788e-01 -1.184184e+00 -5.126740e-01 -9.673272e-01 -8.547031e-01 -1.626192e-01 1.109887e+00 1.121594e-02 2.687217e-02 -2.831719e-02 -4.147905e-02 -2.848421e-02 4.172173e-02 4.918513e-02 1.041447e-01 2.114121e-02 4.534882e-02 3.049376e-02 -1.851833e-02 -1.344488e-01 -5.800496e-03 -3.565050e-04 -1.607902e-03 9.343605e-04 -1.061827e-03 2.430469e-03 -1.708703e-03 -2.069636e-03 1.255827e-03 4.954842e-03 7.028682e-03 2.223868e-03 -8.747823e-05
<VARIANCE> 39
 1.161948e+01 1.194916e+01 1.189982e+01 1.414179e+01 1.604628e+01 1.738222e+01 1.809398e+01 2.007791e+01 1.890608e+01 1.692123e+01 1.630273e+01 1.566624e+01 1.133143e+01 2.354564e-01 3.827451e-01 5.267697e-01 7.461817e-01 9.918995e-01 1.191428e+00 1.331990e+00 1.449447e+00 1.479058e+00 1.404693e+00 1.401681e+00 1.281632e+00 1.909691e-01 3.332881e-02 5.866649e-02 8.858383e-02 1.265456e-01 1.743920e-01 2.066301e-01 2.293933e-01 2.483076e-01 2.571256e-01 2.514515e-01 2.488917e-01 2.240447e-01 2.232512e-02
<GCONST> 7.780241e+01
<STATE> 3
<MEAN> 39
 6.164578e-01 6.030757e-01 8.465143e-01 1.049471e+00 7.163619e-01 3.098904e-01 -8.182635e-02 -6.323956e-01 -3.542112e-01 -6.756455e-01 -6.561314e-01 -2.471131e-01 5.077432e-01 -2.070152e-02 1.127673e-02 -3.365755e-02 -4.472059e-02 -3.049530e-02 2.201435e-02 4.091977e-02 7.598663e-02 2.402147e-02 4.175994e-02 2.852283e-02 -1.092494e-02 -7.894766e-02 -4.394904e-03 -2.358221e-03 -6.484274e-04 -4.209403e-04 -2.153563e-04 -3.627400e-03 -1.216262e-03 -4.220531e-03 1.929243e-04 -1.015174e-03 -6.154980e-04 1.048217e-03 8.613999e-03
<VARIANCE> 39
 9.789827e+00 9.415653e+00 1.011327e+01 1.237390e+01 1.481094e+01 1.569646e+01 1.597550e+01 1.817074e+01 1.718987e+01 1.607532e+01 1.527085e+01 1.421852e+01 9.911916e+00 2.592461e-01 3.838877e-01 5.249472e-01 7.518315e-01 1.001637e+00 1.181089e+00 1.287723e+00 1.398489e+00 1.419378e+00 1.402103e+00 1.374535e+00 1.210665e+00 2.076282e-01 4.136028e-02 6.755662e-02 1.002197e-01 1.460178e-01 1.991968e-01 2.338088e-01 2.576515e-01 2.796680e-01 2.868575e-01 2.846144e-01 2.780291e-01 2.461729e-01 2.856224e-02
<GCONST> 7.804613e+01
<STATE> 4
<MEAN> 39
 -3.527705e-02 -2.927824e-02 -5.034273e-02 -6.312156e-02 -4.328803e-02 -1.182782e-02 1.189050e-02 4.759626e-02 2.271360e-02 4.304831e-02 3.958606e-02 1.073536e-02 -4.238341e-02 -5.537095e-03 -9.351111e-04 -3.900239e-03 -3.545374e-03 -3.522394e-03 -2.876734e-03 -5.944134e-04 4.077120e-04 2.397500e-03 3.058509e-03 3.226448e-03 2.898821e-03 3.689481e-03 4.438642e-05 1.978136e-05 2.839688e-04 1.802757e-04 -4.851941e-06 -2.208217e-04 -2.962424e-04 -4.992288e-04 -9.856376e-05 -2.418187e-04 -2.813701e-04 -4.058988e-05 7.382387e-04
<VARIANCE> 39
 9.914559e+00 9.137432e+00 8.390969e+00 1.018391e+01 1.380307e+01 1.540946e+01 1.559009e+01 1.793153e+01 1.594781e+01 1.545647e+01 1.459867e+01 1.325480e+01 1.344490e+01 2.767859e-01 4.127002e-01 5.337113e-01 7.503352e-01 9.983448e-01 1.202203e+00 1.331837e+00 1.443745e+00 1.445462e+00 1.453768e+00 1.359353e+00 1.187688e+00 2.677638e-01 4.537134e-02 7.427549e-02 1.027738e-01 1.478495e-01 1.978962e-01 2.402239e-01 2.679279e-01 2.910313e-01 2.931339e-01 2.964195e-01 2.769488e-01 2.409300e-01 3.921380e-02
<GCONST> 7.878528e+01
<TRANSP> 5
 0.000000e+00 1.000000e+00 0.000000e+00 0.000000e+00 0.000000e+00
 0.000000e+00 8.546360e-01 1.453641e-01 0.000000e+00 0.000000e+00
 0.000000e+00 0.000000e+00 8.546492e-01 1.453508e-01 0.000000e+00
 0.000000e+00 0.000000e+00 0.000000e+00 9.961911e-01 3.808949e-03
 0.000000e+00 0.000000e+00 0.000000e+00 0.000000e+00 0.000000e+00
<ENDHMM>
~h "st"
<BEGINHMM>
<NUMSTATES> 5
<STATE> 2
<MEAN> 39
 9.622342e-02 -9.164774e-01 2.386400e-01 -9.096928e-01 -4.283777e-01 -1.860699e+00 -1.258612e+00 2.815806e-01 3.477368e-01 -1.474251e-01 9.366202e-02 1.913785e-02 2.724577e+00 -1.406709e-01 -2.617497e-01 1.040395e-01 -2.150944e-01 -1.188581e-01 -2.646549e-01 -8.754043e-02 -3.341441e-02 1.727306e-02 -6.704672e-02 -1.945367e-02 3.584700e-02 5.590737e-01 3.158415e-02 2.000777e-02 -1.132340e-02 3.139453e-02 2.584212e-02 4.333991e-02 3.007429e-02 -1.406556e-03 -8.915441e-03 2.306460e-02 5.046638e-03 1.001479e-02 -9.266455e-02
<VARIANCE> 39
 1.384883e+01 1.681302e+01 1.174096e+01 2.183510e+01 2.004572e+01 2.882426e+01 2.095904e+01 2.028675e+01 1.689910e+01 1.820589e+01 1.678970e+01 1.365381e+01 5.541050e+01 8.612220e-01 1.121542e+00 9.266542e-01 1.594934e+00 1.797401e+00 2.628462e+00 2.074991e+00 1.910997e+00 1.609132e+00 1.908548e+00 1.782608e+00 1.460300e+00 3.351125e+00 1.065025e-01 1.581881e-01 1.528287e-01 2.378049e-01 2.807184e-01 3.817532e-01 3.361267e-01 3.425266e-01 2.834052e-01 3.288845e-01 3.028187e-01 2.452842e-01 3.983726e-01
<GCONST> 9.915224e+01
<STATE> 3
<MEAN> 39
 8.246189e-02 -1.350157e+00 5.449528e-01 -9.384144e-01 -4.255967e-01 -1.994293e+00 -1.048964e+00 1.794812e-02 1.989009e-01 -1.609043e-01 2.583224e-02 1.662393e-01 3.041492e+00 1.369439e-02 -3.907300e-02 3.759508e-02 2.077728e-02 1.414730e-02 8.415398e-03 4.427404e-02 -3.796357e-02 -2.776550e-02 2.230959e-03 -1.110805e-02 1.830223e-02 -1.312722e-02 2.100882e-02 3.309821e-02 -9.510128e-03 3.450066e-02 1.811976e-02 3.875164e-02 1.751197e-02 -7.446111e-04 -6.031591e-03 8.051224e-03 1.091977e-03 -3.712580e-03 -8.146941e-02
<VARIANCE> 39
 1.257511e+01 1.363130e+01 1.056597e+01 1.828282e+01 1.810106e+01 2.351362e+01 1.890769e+01 1.954644e+01 1.722933e+01 1.656582e+01 1.490500e+01 1.327354e+01 4.164263e+01 5.400384e-01 7.127851e-01 7.034088e-01 1.224293e+00 1.380251e+00 1.825419e+00 1.689738e+00 1.689140e+00 1.547039e+00 1.606657e+00 1.517533e+00 1.324501e+00 2.021132e+00 8.548158e-02 1.215113e-01 1.346145e-01 2.140358e-01 2.618276e-01 3.458728e-01 3.406799e-01 3.474118e-01 3.124818e-01 3.365436e-01 3.169707e-01 2.689343e-01 2.703200e-01
<GCONST> 9.322977e+01
<STATE> 4
<MEAN> 39
 -5.351142e-03 6.788775e-02 -2.346873e-02 5.535270e-02 2.557795e-02 1.154600e-01 6.911477e-02 -8.971208e-03 -1.637066e-02 9.235504e-03 -3.578458e-03 -5.552708e-03 -1.727008e-01 1.487900e-03 9.361796e-03 -2.899031e-03 5.903112e-03 4.883788e-03 1.603077e-02 7.127427e-03 7.798007e-04 -9.293095e-05 1.227857e-03 -1.981341e-04 1.329939e-03 -2.304014e-02 3.599943e-04 4.219520e-04 -4.986424e-04 -2.271604e-04 -8.297788e-05 9.765741e-04 2.785675e-04 8.518073e-04 8.135499e-04 5.541918e-04 1.498697e-04 4.004087e-04 -3.634370e-04
<VARIANCE> 39
 1.124090e+01 1.160202e+01 1.056688e+01 1.685036e+01 1.698746e+01 2.024081e+01 1.751939e+01 1.771901e+01 1.706724e+01 1.643778e+01 1.466948e+01 1.333048e+01 2.970747e+01 4.940720e-01 6.016152e-01 6.799174e-01 1.092811e+00 1.259712e+00 1.491218e+00 1.497801e+00 1.561248e+00 1.559606e+00 1.551003e+00 1.469070e+00 1.297977e+00 1.187285e+00 7.884078e-02 1.023521e-01 1.290496e-01 2.022983e-01 2.441633e-01 2.905501e-01 3.000514e-01 3.167315e-01 3.171763e-01 3.177159e-01 3.023495e-01 2.659095e-01 1.666571e-01
<GCONST> 8.921015e+01
<TRANSP> 5
 0.000000e+00 1.000000e+00 0.000000e+00 0.000000e+00 0.000000e+00
 0.000000e+00 8.526109e-01 1.473891e-01 0.000000e+00 0.000000e+00
 0.000000e+00 0.000000e+00 8.526112e-01 1.473888e-01 0.000000e+00
 0.000000e+00 0.000000e+00 0.000000e+00 9.955854e-01 4.414530e-03
 0.000000e+00 0.000000e+00 0.000000e+00 0.000000e+00 0.000000e+00
<ENDHMM>
~h "spe"
<BEGINHMM>
<NUMSTATES> 5
<STATE> 2
<MEAN> 39
 5.844657e-01 4.710473e-01 1.027049e+00 -3.118099e+00 -8.064373e-01 1.363509e+00 -5.252019e-01 1.885895e-01 -6.227564e-01 2.260427e-01 1.007068e+00 -1.459494e-01 1.144632e+00 1.175171e-01 -3.401458e-01 2.804863e-01 -3.935593e-01 -2.177157e-01 -1.412742e-01 -3.464624e-01 8.172401e-02 4.635568e-02 2.386900e-01 1.712719e-02 -1.840800e-01 6.236094e-01 -2.669885e-02 -2.861803e-02 -9.752072e-03 3.674599e-02 -1.232766e-02 -3.167001e-02 2.087884e-02 -2.059068e-02 -5.553158e-03 1.072945e-02 -4.687945e-02 5.329252e-03 -7.940953e-03
<VARIANCE> 39
 2.583072e+01 3.939538e+01 5.566231e+01 4.555612e+01 4.404313e+01 3.472782e+01 3.760875e+01 4.769992e+01 3.386527e+01 2.939886e+01 3.210959e+01 2.203761e+01 1.881365e+01 6.015224e-01 1.026655e+00 1.076985e+00 1.817280e+00 2.245942e+00 2.015044e+00 1.885421e+00 2.827854e+00 2.635671e+00 1.876743e+00 2.120749e+00 1.803287e+00 5.006077e-01 6.418911e-02 1.194577e-01 1.422340e-01 2.451891e-01 3.244411e-01 3.278424e-01 3.062047e-01 4.164228e-01 3.689619e-01 3.099965e-01 3.441021e-01 2.907695e-01 4.973446e-02
<GCONST> 1.032880e+02
<STATE> 3
<MEAN> 39
 6.999210e-01 -1.248241e+00 2.074221e+00 -3.784822e+00 -1.522828e+00 4.194694e-01 -1.576856e+00 3.419339e-01 -4.556760e-01 9.481696e-01 1.085201e-01 -7.425923e-01 3.650631e+00 5.632044e-03 -2.304879e-01 1.349857e-01 -6.162917e-02 -8.802933e-02 -1.315059e-01 -1.262905e-01 1.589056e-02 2.088329e-02 8.667716e-02 -1.404555e-01 -7.309653e-02 3.250662e-01 -1.434437e-02 1.990005e-02 -2.182106e-02 4.692633e-02 2.106051e-02 4.967574e-03 3.166943e-02 -8.549863e-03 -3.459209e-03 -2.458888e-02 -1.948860e-02 1.618937e-02 -4.525536e-02
<VARIANCE> 39
 2.166657e+01 4.076054e+01 6.250595e+01 3.879971e+01 5.048959e+01 4.064894e+01 3.189869e+01 4.684552e+01 2.703250e+01 2.953281e+01 3.642984e+01 2.540403e+01 1.475818e+01 4.684609e-01 1.012790e+00 1.173069e+00 1.475559e+00 2.383941e+00 2.019831e+00 1.771359e+00 2.517953e+00 2.007831e+00 1.924159e+00 1.964563e+00 1.662736e+00 4.445068e-01 6.282096e-02 1.242579e-01 1.647363e-01 2.398303e-01 3.653372e-01 3.789185e-01 3.313392e-01 4.357908e-01 3.707157e-01 3.524965e-01 3.612232e-01 3.028107e-01 3.820967e-02
<GCONST> 1.024804e+02
<STATE> 4
<MEAN> 39
 -2.400865e-02 1.452792e-02 -5.797090e-02 1.290330e-01 4.353812e-02 -3.332935e-02 3.929289e-02 -9.916706e-03 2.015997e-02 -2.194721e-02 -2.085408e-02 1.660982e-02 -8.963536e-02 -4.922205e-03 8.775116e-03 -1.286479e-02 1.867507e-02 1.453048e-02 9.071585e-03 1.385519e-02 7.383219e-04 1.879915e-03 -9.434368e-04 3.192991e-03 6.285399e-03 -2.297620e-02 -1.360943e-04 8.350628e-04 -2.919887e-04 6.227048e-04 1.033548e-03 1.973909e-03 1.120795e-03 3.228526e-04 -8.366688e-05 6.044163e-04 6.238145e-04 4.993860e-04 -1.317176e-03
<VARIANCE> 39
 1.494562e+01 2.319352e+01 3.695303e+01 2.686178e+01 4.293966e+01 3.518815e+01 3.347360e+01 3.205629e+01 2.794663e+01 2.633705e+01 2.807337e+01 2.547781e+01 1.729895e+01 4.164816e-01 7.290064e-01 9.360366e-01 1.096029e+00 1.545450e+00 1.576656e+00 1.613335e+00 1.813686e+00 1.805137e+00 1.728239e+00 1.692291e+00 1.551069e+00 2.441692e-01 5.626195e-02 1.039673e-01 1.407421e-01 1.825238e-01 2.544971e-01 2.824153e-01 2.956956e-01 3.393291e-01 3.437120e-01 3.326366e-01 3.189964e-01 2.923196e-01 2.685729e-02
<GCONST> 9.434639e+01
<TRANSP> 5
 0.000000e+00 1.000000e+00 0.000000e+00 0.000000e+00 0.000000e+00
 0.000000e+00 8.568910e-01 1.431090e-01 0.000000e+00 0.000000e+00
 0.000000e+00 0.000000e+00 8.568913e-01 1.431087e-01 0.000000e+00
 0.000000e+00 0.000000e+00 0.000000e+00 9.973248e-01 2.675210e-03
 0.000000e+00 0.000000e+00 0.000000e+00 0.000000e+00 0.000000e+00
<ENDHMM>
