~o
<STREAMINFO> 1 39
<VECSIZE> 39<NULLD><MFCC_D_A_0><DIAGC>
~h "ap"
<BEGINHMM>
<NUMSTATES> 5
<STATE> 2
<MEAN> 39
 -1.430819e+01 -8.635052e+00 -3.047859e+00 4.300491e-01 -1.901358e+00 -3.302281e+00 2.562031e+00 -1.466871e+00 -7.165360e-01 -9.734755e-01 -2.344733e-03 -7.491696e-01 6.386858e+01 -5.170425e-01 -8.255012e-01 -4.563816e-01 -8.257055e-02 -4.122758e-01 -6.309764e-01 -2.876420e-01 -3.244884e-01 -2.380247e-01 -1.745305e-01 -8.940404e-02 -7.988478e-02 1.664679e+00 1.169559e-01 7.027041e-02 4.594411e-03 -6.311224e-02 1.097339e-01 1.608673e-01 7.770649e-02 3.266891e-02 2.822585e-02 6.538138e-02 1.353356e-02 -4.870090e-02 -2.590606e-01
<VARIANCE> 39
 4.153246e+01 5.170102e+01 3.197400e+01 2.362369e+01 3.233572e+01 5.528942e+01 2.760260e+01 2.840027e+01 2.297538e+01 2.427823e+01 2.053327e+01 1.669802e+01 1.579625e+02 3.330113e+00 3.602206e+00 1.551419e+00 1.729950e+00 3.031445e+00 4.306670e+00 2.252816e+00 2.242824e+00 2.049991e+00 2.174861e+00 1.855682e+00 1.637948e+00 1.386902e+01 4.984458e-01 5.112731e-01 2.106381e-01 2.938829e-01 5.104881e-01 7.418718e-01 3.660676e-01 3.675939e-01 3.663657e-01 3.931155e-01 3.105012e-01 3.085905e-01 2.196158e+00
<GCONST> 1.196278e+02
<STATE> 3
<MEAN> 39
 -1.204416e+01 -1.592688e+01 -9.805461e+00 1.568114e+00 7.048419e-02 -8.470177e+00 -1.915798e-02 -3.088048e+00 -5.008457e+00 -3.632464e+00 2.794301e-01 -1.321523e+00 7.020390e+01 1.490840e-01 5.904871e-02 8.775188e-02 7.214829e-02 1.672359e-01 1.226068e-01 8.093071e-02 2.882619e-03 -6.014006e-03 5.091227e-03 3.617233e-02 5.328690e-03 -4.152564e-01 5.464763e-04 1.786724e-02 1.965795e-02 2.145311e-02 6.832407e-03 -5.281121e-03 2.270734e-03 1.420149e-02 8.487251e-03 7.193331e-03 5.169857e-03 1.103309e-02 -1.583744e-02
<VARIANCE> 39
 1.511901e+01 1.892016e+01 2.258708e+01 2.333362e+01 2.986746e+01 2.685278e+01 2.601461e+01 2.108739e+01 2.275056e+01 2.369304e+01 1.721045e+01 1.596135e+01 5.971458e+01 4.641322e-01 4.200419e-01 5.936713e-01 8.829037e-01 1.431021e+00 1.504735e+00 1.184576e+00 1.184326e+00 1.519582e+00 1.425185e+00 1.265372e+00 1.755377e+00 3.007678e+00 7.985946e-02 7.217839e-02 1.026041e-01 1.627038e-01 2.687870e-01 3.071187e-01 2.275284e-01 2.259244e-01 3.069447e-01 2.925167e-01 2.479006e-01 3.977446e-01 4.696491e-01
<GCONST> 9.389276e+01
<STATE> 4
<MEAN> 39
 -1.072132e+01 -1.073033e+01 -4.986865e+00 1.005807e+00 3.268629e-01 -4.480093e+00 2.491403e+00 -2.421616e+00 -3.663067e+00 -8.342080e-01 7.658658e-01 -1.426662e+00 6.086356e+01 1.484824e-02 1.277169e-02 5.929460e-03 3.634035e-03 -2.066297e-03 5.479323e-03 2.457991e-03 1.206087e-02 6.545943e-03 5.678755e-03 1.251254e-03 -2.911014e-03 -2.891047e-02 -9.876247e-04 -4.603489e-04 -1.191668e-03 -1.349575e-03 -2.225610e-03 -1.402406e-03 -1.471657e-03 -2.542926e-04 -1.446792e-03 -1.575797e-03 -1.634132e-03 -4.472411e-06 1.896273e-03
<VARIANCE> 39
 2.501221e+01 5.225626e+01 2.722561e+01 2.430923e+01 3.539063e+01 3.813314e+01 2.556467e+01 2.698671e+01 2.488562e+01 2.067146e+01 1.739938e+01 1.469886e+01 1.253577e+02 9.595224e-01 1.212645e+00 7.754884e-01 9.323620e-01 1.644729e+00 1.949074e+00 1.389580e+00 1.439763e+00 1.539889e+00 1.537043e+00 1.387396e+00 1.247161e+00 5.384310e+00 1.515748e-01 1.860052e-01 1.291367e-01 1.746492e-01 3.042702e-01 3.755759e-01 2.643737e-01 2.701579e-01 3.072980e-01 3.179503e-01 2.772653e-01 2.571410e-01 8.060498e-01
<GCONST> 1.031381e+02
<TRANSP> 5
 0.000000e+00 1.000000e+00 0.000000e+00 0.000000e+00 0.000000e+00
 0.000000e+00 9.005157e-01 9.948436e-02 0.000000e+00 0.000000e+00
 0.000000e+00 0.000000e+00 9.796356e-01 2.036441e-02 0.000000e+00
 0.000000e+00 0.000000e+00 0.000000e+00 9.955940e-01 4.406047e-03
 0.000000e+00 0.000000e+00 0.000000e+00 0.000000e+00 0.000000e+00
<ENDHMM>
~h "cl"
<BEGINHMM>
<NUMSTATES> 5
<STATE> 2
<MEAN> 39
 -1.217488e+01 -5.401375e-01 -1.889848e+00 -3.144881e+00 -7.884035e-01 6.893033e+00 3.213300e+00 -7.449465e-01 3.026095e+00 -3.829075e-01 -2.148449e+00 1.585300e+00 5.427806e+01 -1.164406e-01 2.308749e-02 5.414190e-03 -6.862318e-03 -5.757082e-02 5.648744e-02 -2.818650e-02 -7.032501e-02 3.797215e-02 2.975309e-03 -5.205997e-02 3.037658e-02 8.992268e-02 -4.982533e-02 2.448016e-03 9.436957e-03 -3.102553e-03 -2.135940e-02 2.185700e-02 -1.217191e-02 -2.498555e-02 1.704603e-02 1.428374e-03 -3.124197e-02 2.028512e-02 3.466019e-02
<VARIANCE> 39
 3.593571e+01 2.752048e+01 2.395386e+01 1.436059e+01 1.716685e+01 4.795581e+01 1.969143e+01 2.369751e+01 3.144510e+01 2.350796e+01 2.541752e+01 2.486169e+01 4.082055e+01 1.731537e+00 7.480251e-01 6.681055e-01 8.334096e-01 1.310427e+00 1.914058e+00 1.639364e+00 1.821025e+00 2.044251e+00 1.732190e+00 1.767188e+00 1.647929e+00 1.433951e+00 2.488344e-01 1.108596e-01 1.130222e-01 1.482480e-01 2.358796e-01 3.387564e-01 2.935389e-01 3.389204e-01 3.749887e-01 3.390504e-01 3.361901e-01 2.965335e-01 2.054210e-01
<GCONST> 9.995205e+01
<STATE> 3
<MEAN> 39
 -1.942386e+01 2.766545e+00 2.908714e+00 -5.427296e+00 -5.778203e+00 1.077903e+01 -5.167203e-01 -4.101694e+00 8.139261e+00 -2.789561e+00 -5.143843e+00 5.552422e+00 5.746517e+01 -1.692137e-01 2.923303e-03 2.059955e-02 7.760800e-03 -1.818796e-02 5.288259e-02 -8.880232e-03 -4.316049e-02 -2.233984e-02 -3.224852e-02 -6.630869e-02 1.944869e-02 1.384951e-01 4.265445e-02 -4.821848e-03 -3.147919e-03 -5.053934e-03 1.655821e-02 -5.971505e-03 6.146575e-03 1.202115e-02 -1.852850e-02 4.125327e-04 1.130282e-02 -1.634140e-02 -3.062214e-02
<VARIANCE> 39
 4.933173e+01 9.594351e+00 2.185734e+01 1.783665e+01 1.951905e+01 3.785614e+01 2.851526e+01 2.857731e+01 3.102644e+01 3.111155e+01 2.541076e+01 2.088180e+01 2.603926e+01 3.103055e+00 5.580713e-01 8.684645e-01 1.142884e+00 1.534151e+00 2.506391e+00 1.911855e+00 2.160797e+00 2.111143e+00 1.822398e+00 1.781913e+00 1.727240e+00 1.776409e+00 5.421900e-01 1.039969e-01 1.541130e-01 2.257483e-01 2.912252e-01 4.713590e-01 3.709826e-01 4.067021e-01 3.960549e-01 3.654631e-01 3.400059e-01 3.274556e-01 3.157058e-01
<GCONST> 1.044783e+02
<STATE> 4
<MEAN> 39
 -2.152374e+01 1.615257e+00 3.760351e+00 -3.708573e+00 -5.578062e+00 1.128357e+01 1.508134e+00 -5.727901e+00 4.230663e+00 1.775627e+00 -8.705784e+00 4.968440e+00 5.835842e+01 7.481279e-02 -5.775678e-03 -2.557133e-03 -7.549420e-03 7.233974e-03 -1.863085e-02 -6.261494e-03 3.876611e-03 2.665588e-03 8.806579e-06 1.999047e-02 -4.505149e-03 -5.640109e-02 4.492303e-04 3.007094e-04 -1.298607e-03 1.103362e-03 2.400760e-04 -5.239120e-03 -1.096482e-03 2.509413e-03 -1.106324e-04 9.499881e-04 2.535674e-03 -3.196388e-04 -7.538861e-04
<VARIANCE> 39
 4.492341e+01 9.882898e+00 2.854857e+01 1.555823e+01 2.491471e+01 3.173172e+01 2.736744e+01 4.008741e+01 3.512203e+01 3.977835e+01 4.210028e+01 2.671960e+01 2.972689e+01 1.244976e+00 5.013626e-01 9.168209e-01 9.136564e-01 1.236518e+00 1.972946e+00 1.720771e+00 2.217438e+00 2.296779e+00 1.798905e+00 1.619828e+00 1.753995e+00 1.052583e+00 2.291384e-01 9.347571e-02 1.789812e-01 1.829394e-01 2.342902e-01 3.802538e-01 3.342743e-01 4.170369e-01 4.560775e-01 3.573398e-01 3.227580e-01 3.460439e-01 1.959924e-01
<GCONST> 1.020118e+02
<TRANSP> 5
 0.000000e+00 1.000000e+00 0.000000e+00 0.000000e+00 0.000000e+00
 0.000000e+00 9.605952e-01 3.940480e-02 0.000000e+00 0.000000e+00
 0.000000e+00 0.000000e+00 9.800671e-01 1.993288e-02 0.000000e+00
 0.000000e+00 0.000000e+00 0.000000e+00 9.955887e-01 4.411338e-03
 0.000000e+00 0.000000e+00 0.000000e+00 0.000000e+00 0.000000e+00
<ENDHMM>
~h "cm"
<BEGINHMM>
<NUMSTATES> 5
<STATE> 2
<MEAN> 39
 -9.583651e+00 -4.662003e-01 -1.983409e+00 -4.064270e+00 -4.788509e-01 -1.875036e-01 -7.934919e-01 7.617235e-03 -1.805905e+00 -4.499927e-01 5.047382e-01 -2.232544e+00 5.884800e+01 5.223646e-02 -3.719486e-02 -3.661805e-02 -9.307245e-02 -6.776418e-02 -1.000464e-01 -9.556702e-02 -8.990204e-02 -6.833873e-02 -3.868349e-02 -5.739072e-02 1.136649e-02 3.899875e-01 1.233471e-02 4.795352e-04 -1.167812e-02 -2.739866e-03 -4.269291e-04 6.205590e-03 -3.429685e-03 -1.528541e-02 -1.931005e-02 5.057109e-03 1.313241e-02 1.908263e-03 4.932515e-03
<VARIANCE> 39
 2.044030e+01 2.062355e+01 1.439756e+01 1.753600e+01 1.731200e+01 1.909197e+01 2.004120e+01 2.061655e+01 2.017979e+01 1.921711e+01 1.842081e+01 1.472031e+01 5.904660e+01 5.640755e-01 7.450437e-01 8.027853e-01 1.076932e+00 1.243927e+00 1.516445e+00 1.536995e+00 1.605338e+00 1.654566e+00 1.582961e+00 1.526968e+00 1.346779e+00 1.147563e+00 7.828461e-02 1.180088e-01 1.422883e-01 1.868370e-01 2.337179e-01 2.802955e-01 2.881553e-01 2.935002e-01 3.117129e-01 3.087297e-01 2.839659e-01 2.483977e-01 1.420325e-01
<GCONST> 9.261362e+01
<STATE> 3
<MEAN> 39
 -1.241850e+01 -6.750082e-01 -3.469741e+00 -5.267719e+00 -5.024800e-01 2.168439e-01 -2.253375e+00 -6.983140e-01 -3.108432e+00 3.441108e-01 2.420803e+00 -3.830319e-01 6.135837e+01 6.293458e-02 -1.542449e-02 -1.545022e-02 1.545795e-02 4.501624e-03 -2.618431e-03 -1.919050e-02 -2.497042e-02 -2.902268e-02 -3.818052e-02 -5.572517e-02 -2.967129e-02 1.643055e-01 6.602493e-03 3.852028e-03 8.009548e-03 1.199434e-02 5.936368e-03 4.036550e-03 7.899713e-03 5.583558e-03 2.646692e-03 -1.234526e-02 -1.425873e-02 -1.239361e-02 -9.398770e-03
<VARIANCE> 39
 1.302531e+01 1.116012e+01 1.049497e+01 1.160485e+01 1.457799e+01 1.653181e+01 1.734887e+01 1.896435e+01 1.723332e+01 1.689953e+01 2.007550e+01 1.596618e+01 3.008108e+01 2.833788e-01 4.042278e-01 5.535931e-01 7.937171e-01 1.009719e+00 1.238262e+00 1.382726e+00 1.459962e+00 1.439564e+00 1.375144e+00 1.317314e+00 1.249354e+00 3.551966e-01 3.918089e-02 7.003654e-02 1.040947e-01 1.517072e-01 1.998262e-01 2.515429e-01 2.813842e-01 2.961904e-01 2.924834e-01 2.802528e-01 2.611555e-01 2.509466e-01 3.725787e-02
<GCONST> 8.163219e+01
<STATE> 4
<MEAN> 39
 -5.628381e+00 4.474418e-01 -2.626731e+00 -3.823464e+00 -8.115096e-01 -1.409884e+00 -3.139212e+00 -2.506073e+00 -4.137519e+00 -2.549583e+00 -1.628677e+00 -2.882825e+00 6.756300e+01 4.789442e-02 3.523347e-02 4.404213e-02 6.071584e-02 4.891910e-02 3.160767e-02 3.157000e-02 -1.037988e-02 4.421514e-03 2.758904e-03 1.097982e-02 6.028289e-04 -1.904550e-01 -4.291407e-03 -7.244067e-04 -3.058510e-04 -1.511245e-03 -4.128312e-04 8.784938e-04 1.636175e-03 2.457576e-03 3.019216e-03 2.558516e-03 4.103077e-03 4.859511e-03 -9.319002e-03
<VARIANCE> 39
 9.655489e+00 1.055463e+01 1.190309e+01 1.385063e+01 1.440124e+01 1.377888e+01 1.544167e+01 1.738565e+01 1.691556e+01 1.521460e+01 1.472611e+01 1.266734e+01 6.745261e+01 2.027739e-01 2.997676e-01 4.596893e-01 6.870094e-01 8.711415e-01 1.042534e+00 1.166106e+00 1.245925e+00 1.334064e+00 1.319777e+00 1.282345e+00 1.149829e+00 3.144853e-01 3.101801e-02 5.295416e-02 8.638003e-02 1.320035e-01 1.695975e-01 2.071873e-01 2.298765e-01 2.463542e-01 2.675863e-01 2.695708e-01 2.581488e-01 2.327775e-01 2.697115e-02
<GCONST> 7.724234e+01
<TRANSP> 5
 0.000000e+00 1.000000e+00 0.000000e+00 0.000000e+00 0.000000e+00
 0.000000e+00 9.422053e-01 5.779463e-02 0.000000e+00 0.000000e+00
 0.000000e+00 0.000000e+00 9.670160e-01 3.298404e-02 0.000000e+00
 0.000000e+00 0.000000e+00 0.000000e+00 9.861071e-01 1.389296e-02
 0.000000e+00 0.000000e+00 0.000000e+00 0.000000e+00 0.000000e+00
<ENDHMM>
~h "co"
<BEGINHMM>
<NUMSTATES> 5
<STATE> 2
<MEAN> 39
 -6.322451e+00 -6.008357e+00 -3.944094e-02 -9.093165e-01 -1.306134e+01 -6.156425e+00 -4.803643e+00 -5.917825e-01 2.042362e+00 -1.940861e+00 -3.886283e+00 -7.290338e+00 6.194937e+01 -6.148009e-01 -9.581302e-02 3.195753e-01 -4.313870e-01 -6.725710e-01 -9.301287e-01 -2.640320e-01 -7.690759e-01 -1.014406e+00 -1.046453e+00 -4.445073e-01 -3.724200e-01 2.578143e+00 -7.099481e-02 6.985933e-02 -5.013984e-03 4.355230e-02 3.694724e-01 2.064097e-01 1.947908e-01 3.403628e-02 -1.212570e-01 6.466885e-02 1.673762e-01 6.383235e-02 -9.697665e-02
<VARIANCE> 39
 1.816003e+01 3.616568e+01 3.543136e+01 3.905205e+01 9.945578e+01 6.582483e+01 7.969110e+01 6.810781e+01 5.483538e+01 4.388538e+01 5.320217e+01 3.686980e+01 9.867721e+01 1.162289e+00 2.181904e+00 1.847456e+00 1.910895e+00 6.738380e+00 3.702228e+00 4.155698e+00 3.642253e+00 4.282429e+00 3.264566e+00 2.654558e+00 2.879434e+00 3.529197e+00 1.386198e-01 3.169719e-01 2.726952e-01 2.496632e-01 7.815628e-01 6.004807e-01 6.281151e-01 5.874296e-01 6.740195e-01 6.049131e-01 4.136519e-01 4.758194e-01 5.174554e-01
<GCONST> 1.260537e+02
<STATE> 3
<MEAN> 39
 -7.112019e+00 -6.404604e+00 -9.829030e-01 -2.535975e+00 -7.941899e+00 -8.582241e+00 -5.641963e+00 -7.213629e+00 -5.312810e+00 -4.454589e+00 -3.838527e+00 -8.822803e+00 6.854358e+01 7.215273e-02 -3.039792e-02 -2.598710e-02 4.726178e-02 1.338815e-01 3.001477e-02 -8.017343e-02 -9.080292e-02 -1.499815e-02 3.819790e-02 1.322871e-02 -4.017122e-02 -7.800122e-02 2.328803e-02 5.165497e-04 2.348221e-03 8.343798e-03 -8.441688e-03 -9.001230e-05 -1.099150e-02 1.013280e-02 2.108748e-02 6.238514e-03 -8.292842e-03 -5.430304e-03 -3.908345e-02
<VARIANCE> 39
 1.782297e+01 1.122799e+01 2.424713e+01 2.161820e+01 3.277601e+01 3.080318e+01 5.154072e+01 5.858812e+01 4.360691e+01 3.865101e+01 3.444779e+01 3.982227e+01 4.424536e+01 4.704228e-01 7.819378e-01 9.466469e-01 1.257561e+00 2.586365e+00 1.742131e+00 2.218160e+00 2.282166e+00 3.237066e+00 2.353031e+00 2.223703e+00 1.806723e+00 1.249192e+00 6.546884e-02 1.607986e-01 1.675481e-01 2.300531e-01 4.595466e-01 3.331162e-01 3.983708e-01 4.308725e-01 6.665146e-01 4.757369e-01 4.378927e-01 3.453916e-01 1.461350e-01
<GCONST> 1.061471e+02
<STATE> 4
<MEAN> 39
 -3.861226e+00 -3.989889e+00 3.599267e+00 1.708213e+00 -2.221820e+00 -3.050148e+00 -5.762500e+00 -5.378003e+00 -3.846971e+00 -4.505779e+00 -4.310705e+00 -8.649287e+00 5.885080e+01 5.770371e-02 9.878623e-02 4.479855e-02 3.759919e-02 1.308731e-01 9.094974e-02 6.804799e-02 7.960162e-02 -4.901909e-03 1.303152e-02 2.624345e-02 4.113612e-02 -2.679720e-01 -3.813416e-03 1.008396e-03 -7.082682e-03 -2.858565e-03 -7.132177e-03 -5.298493e-03 1.145887e-03 -2.590217e-04 -5.706613e-04 5.830178e-04 -3.534890e-04 3.962844e-04 3.040708e-03
<VARIANCE> 39
 1.245597e+01 2.251345e+01 2.026384e+01 2.455448e+01 4.072430e+01 3.176852e+01 5.229949e+01 4.448365e+01 3.230846e+01 3.673589e+01 3.484862e+01 3.007471e+01 6.727200e+01 3.044521e-01 5.798979e-01 6.967846e-01 8.794507e-01 1.589707e+00 1.286107e+00 1.761964e+00 1.678053e+00 1.690973e+00 1.810512e+00 1.636004e+00 1.462179e+00 8.580163e-01 4.480623e-02 9.957979e-02 1.274586e-01 1.692677e-01 2.845886e-01 2.458010e-01 3.257151e-01 3.158470e-01 3.318091e-01 3.627151e-01 3.255021e-01 2.895933e-01 7.919997e-02
<GCONST> 9.689909e+01
<TRANSP> 5
 0.000000e+00 1.000000e+00 0.000000e+00 0.000000e+00 0.000000e+00
 0.000000e+00 8.387278e-01 1.612722e-01 0.000000e+00 0.000000e+00
 0.000000e+00 0.000000e+00 9.807731e-01 1.922693e-02 0.000000e+00
 0.000000e+00 0.000000e+00 0.000000e+00 9.847195e-01 1.528053e-02
 0.000000e+00 0.000000e+00 0.000000e+00 0.000000e+00 0.000000e+00
<ENDHMM>
~h "ds"
<BEGINHMM>
<NUMSTATES> 5
<STATE> 2
<MEAN> 39
 -1.367912e+01 6.570789e-01 6.729049e-01 -6.578583e-01 -2.559817e-01 -2.297914e+00 4.669075e+00 -2.125972e+00 1.721160e+00 1.989499e+00 4.387018e+00 3.204091e-01 6.535473e+01 -2.137767e-01 7.305116e-02 -8.106101e-02 -4.342966e-02 -1.255283e-01 -5.316177e-02 -6.210955e-03 -7.719589e-03 4.284005e-02 3.187548e-02 2.113315e-02 3.829160e-02 9.956840e-01 6.076582e-02 -1.399214e-02 3.790925e-02 5.880521e-02 6.823593e-02 1.050534e-01 2.577787e-02 6.330566e-02 -3.348188e-03 -4.372879e-02 -7.641053e-03 2.656534e-02 -1.464177e-01
<VARIANCE> 39
 2.282273e+01 1.619884e+01 1.585162e+01 1.985336e+01 3.009087e+01 2.382409e+01 2.880704e+01 3.707823e+01 2.771287e+01 2.457188e+01 1.988841e+01 1.692686e+01 9.335859e+01 2.126957e+00 1.106133e+00 1.413860e+00 1.734414e+00 2.656500e+00 2.460423e+00 2.480212e+00 2.520740e+00 2.174680e+00 2.333110e+00 2.002229e+00 1.757359e+00 3.998672e+00 3.365114e-01 1.946560e-01 2.385361e-01 3.214346e-01 4.782445e-01 4.596150e-01 4.465289e-01 4.628984e-01 4.006476e-01 4.313456e-01 3.707547e-01 3.389210e-01 5.987532e-01
<GCONST> 1.107720e+02
<STATE> 3
<MEAN> 39
 -1.633988e+01 5.821451e-01 -1.474876e+00 -2.579347e-01 -2.892024e+00 -1.698241e+00 2.259000e+00 -1.779981e+00 2.086850e+00 3.018268e+00 4.389878e+00 1.309372e+00 7.034006e+01 3.011665e-01 -5.604874e-02 3.832153e-01 5.646479e-01 6.037705e-01 3.320854e-01 1.211230e-01 1.459705e-01 6.333194e-02 9.101593e-03 -2.764399e-02 -8.592127e-02 -6.378912e-01 7.071035e-02 8.605666e-02 -1.247902e-02 -4.777347e-02 -4.243816e-02 -1.665111e-01 -7.956145e-02 -1.526125e-01 -8.672266e-02 3.886263e-02 -4.313031e-02 -6.875288e-02 -1.096432e-01
<VARIANCE> 39
 1.883364e+01 9.986914e+00 1.016326e+01 1.323398e+01 1.804504e+01 1.209525e+01 1.416745e+01 1.213264e+01 1.442416e+01 1.621174e+01 1.644113e+01 1.317366e+01 2.253548e+02 2.001671e+00 1.139842e+00 1.109185e+00 8.990304e-01 1.113389e+00 1.480390e+00 1.444341e+00 1.404917e+00 1.266909e+00 1.319713e+00 1.200410e+00 1.369256e+00 2.531272e+01 4.228046e-01 1.877878e-01 1.970102e-01 1.816229e-01 2.076275e-01 3.058439e-01 2.653697e-01 2.589129e-01 2.385454e-01 2.848172e-01 2.549540e-01 2.721152e-01 4.796020e+00
<GCONST> 9.978249e+01
<STATE> 4
<MEAN> 39
 -1.000328e+01 1.467051e+00 2.042587e+00 8.173321e-01 2.924263e+00 6.771058e-01 2.946420e+00 -1.220222e+00 3.151193e-01 -2.996291e-01 2.207365e+00 -1.515125e+00 5.605523e+01 4.409909e-02 2.262349e-03 2.062801e-02 8.576855e-03 3.518004e-02 2.422644e-02 1.556652e-02 8.726899e-03 -7.156023e-03 -1.796899e-02 -1.543444e-02 -1.516842e-02 -1.121042e-01 -1.992124e-03 -4.916918e-04 -1.700722e-03 -2.285593e-03 -3.113044e-03 -6.846296e-04 -5.568414e-05 1.658236e-04 2.105042e-03 1.460610e-03 1.952564e-03 1.285157e-03 2.790981e-03
<VARIANCE> 39
 1.581839e+01 1.166799e+01 1.601171e+01 1.728754e+01 1.976438e+01 2.170056e+01 2.400371e+01 1.917212e+01 2.410287e+01 2.268163e+01 1.795762e+01 1.713236e+01 6.155606e+01 5.802569e-01 4.800429e-01 6.708048e-01 9.057973e-01 1.290688e+00 1.418714e+00 1.581026e+00 1.540508e+00 1.747173e+00 1.754472e+00 1.589417e+00 1.355768e+00 8.329164e-01 9.733901e-02 8.445399e-02 1.248837e-01 1.744456e-01 2.542632e-01 2.762516e-01 3.101612e-01 3.064191e-01 3.460242e-01 3.525500e-01 3.224679e-01 2.726609e-01 1.028441e-01
<GCONST> 9.184151e+01
<TRANSP> 5
 0.000000e+00 1.000000e+00 0.000000e+00 0.000000e+00 0.000000e+00
 0.000000e+00 9.306769e-01 6.932310e-02 0.000000e+00 0.000000e+00
 0.000000e+00 0.000000e+00 8.294069e-01 1.705931e-01 0.000000e+00
 0.000000e+00 0.000000e+00 0.000000e+00 9.937048e-01 6.295208e-03
 0.000000e+00 0.000000e+00 0.000000e+00 0.000000e+00 0.000000e+00
<ENDHMM>
~h "kj"
<BEGINHMM>
<NUMSTATES> 5
<STATE> 2
<MEAN> 39
 -1.420841e+01 4.859249e+00 -2.920918e-01 -2.315050e+00 -9.739763e-01 2.626073e+00 1.134912e+00 3.280272e+00 2.454829e-01 5.592403e-01 9.445272e-01 -1.286533e+00 5.122695e+01 -8.404645e-02 -2.274838e-02 -1.314942e-02 2.963501e-03 -3.618961e-02 -3.687952e-02 -1.516415e-02 -3.923817e-02 1.229054e-02 4.037817e-03 1.543427e-02 1.203439e-02 9.014995e-02 -4.731210e-03 -1.694799e-02 2.466202e-03 3.931474e-03 -6.629470e-03 -9.441197e-03 -1.766091e-04 -3.722696e-03 -6.000791e-03 -3.701762e-03 -7.430703e-03 -9.153099e-04 1.541817e-02
<VARIANCE> 39
 2.465468e+01 1.868441e+01 1.239819e+01 1.282563e+01 1.926292e+01 2.674751e+01 2.553362e+01 2.148152e+01 1.879161e+01 2.262430e+01 1.794276e+01 1.645362e+01 1.623594e+01 6.489356e-01 7.326106e-01 6.534272e-01 8.690544e-01 1.186803e+00 1.462679e+00 1.809693e+00 1.737282e+00 1.658309e+00 1.773994e+00 1.503834e+00 1.313955e+00 4.394539e-01 9.554698e-02 1.204704e-01 1.159398e-01 1.637727e-01 2.192939e-01 2.809975e-01 3.487999e-01 3.384359e-01 3.289108e-01 3.520732e-01 2.952385e-01 2.615525e-01 5.089778e-02
<GCONST> 9.023673e+01
<STATE> 3
<MEAN> 39
 -1.566696e+01 -3.083363e+00 -4.260428e+00 -4.339612e-01 -1.077652e+00 -2.906209e+00 -4.791266e-01 -2.249965e+00 -2.273282e+00 1.702968e+00 4.624753e-01 -9.057271e-01 5.943299e+01 -1.361337e-01 5.642454e-02 9.922837e-04 -3.349542e-03 1.084176e-02 3.940954e-02 1.191450e-02 5.551440e-03 -1.322597e-02 5.244980e-03 1.610732e-02 4.674832e-03 4.828437e-02 -5.260591e-03 3.274787e-02 2.394734e-02 -5.311597e-03 7.771988e-03 2.644956e-02 2.360998e-02 2.458470e-02 8.069213e-03 2.719316e-03 6.421554e-03 -2.236380e-03 -2.757789e-02
<VARIANCE> 39
 1.507894e+01 2.573879e+01 1.338719e+01 1.787695e+01 1.678149e+01 1.873363e+01 1.978241e+01 1.975334e+01 1.943109e+01 1.965850e+01 1.615921e+01 1.427734e+01 2.303492e+01 6.425657e-01 9.880005e-01 7.538783e-01 9.425483e-01 1.262253e+00 1.502317e+00 1.671762e+00 1.675789e+00 1.623881e+00 1.683179e+00 1.576862e+00 1.372799e+00 8.235372e-01 1.074636e-01 1.628264e-01 1.403302e-01 1.848703e-01 2.475155e-01 2.911712e-01 3.395104e-01 3.358293e-01 3.249688e-01 3.395021e-01 3.263329e-01 2.790860e-01 1.224726e-01
<GCONST> 9.261694e+01
<STATE> 4
<MEAN> 39
 -2.092949e+01 1.365390e+00 9.120046e-01 2.671625e-01 -1.948072e+00 1.322583e+00 4.143693e+00 5.291754e-01 -2.195057e+00 2.004109e+00 1.145401e+00 -2.027824e+00 5.747705e+01 4.148260e-02 -1.543194e-02 3.593428e-04 -3.437252e-03 6.711868e-03 -1.610638e-03 1.721934e-03 -5.390043e-04 5.844153e-03 -5.081990e-03 4.825763e-04 1.015737e-03 -2.265996e-02 3.304189e-03 -1.199583e-03 -2.323955e-03 -4.943430e-04 3.142867e-04 -9.965281e-04 -2.721671e-04 3.883646e-05 1.196043e-03 5.460659e-04 -3.411382e-04 6.068649e-04 -1.768337e-03
<VARIANCE> 39
 3.249672e+01 3.777599e+01 1.980104e+01 2.688750e+01 1.740921e+01 3.673261e+01 3.683519e+01 2.454683e+01 2.126987e+01 2.719684e+01 1.746705e+01 1.769321e+01 3.736111e+01 5.692398e-01 7.489516e-01 7.232945e-01 9.492471e-01 1.185279e+00 1.452298e+00 1.632055e+00 1.598974e+00 1.622996e+00 1.666243e+00 1.455801e+00 1.313117e+00 6.654726e-01 9.419802e-02 1.275427e-01 1.341117e-01 1.844422e-01 2.304610e-01 2.843652e-01 3.162192e-01 3.193810e-01 3.300447e-01 3.327881e-01 2.928250e-01 2.657261e-01 9.433305e-02
<GCONST> 9.529677e+01
<TRANSP> 5
 0.000000e+00 1.000000e+00 0.000000e+00 0.000000e+00 0.000000e+00
 0.000000e+00 9.705921e-01 2.940787e-02 0.000000e+00 0.000000e+00
 0.000000e+00 0.000000e+00 9.718071e-01 2.819293e-02 0.000000e+00
 0.000000e+00 0.000000e+00 0.000000e+00 9.959258e-01 4.074192e-03
 0.000000e+00 0.000000e+00 0.000000e+00 0.000000e+00 0.000000e+00
<ENDHMM>
~h "kn"
<BEGINHMM>
<NUMSTATES> 5
<STATE> 2
<MEAN> 39
 -5.672579e-01 7.088488e-01 -2.350782e+00 -2.476660e+00 1.110696e+00 -5.843942e-01 1.816706e+00 -3.543177e+00 -4.880094e-01 -3.526452e-01 6.274593e-01 -3.999919e+00 5.633327e+01 1.854988e-01 1.565795e-01 -1.348316e-01 1.267371e-01 2.073740e-01 -4.349339e-01 4.610451e-01 -8.629711e-02 9.900231e-01 2.073147e-01 1.916759e-01 2.448672e-01 2.061242e+00 -6.343137e-02 9.918468e-02 1.048084e-01 7.376741e-02 1.948505e-01 2.031890e-01 -1.582455e-02 8.773506e-02 -1.311609e-01 -2.754285e-02 1.818415e-02 1.076286e-01 -3.735710e-01
<VARIANCE> 39
 2.648073e+01 2.366576e+01 3.040360e+01 1.170846e+01 2.078119e+01 2.581329e+01 2.607905e+01 5.637939e+01 2.937044e+01 3.264843e+01 2.500023e+01 1.795819e+01 1.261701e+02 2.415932e+00 1.408764e+00 1.940183e+00 9.762685e-01 1.493568e+00 2.058934e+00 3.058020e+00 5.337403e+00 3.375745e+00 2.379204e+00 2.099290e+00 2.181780e+00 6.837938e+00 3.375867e-01 1.708962e-01 2.969649e-01 1.485358e-01 2.201222e-01 3.400403e-01 5.020811e-01 7.464483e-01 6.067281e-01 3.981522e-01 3.405500e-01 3.366604e-01 1.102212e+00
<GCONST> 1.136516e+02
<STATE> 3
<MEAN> 39
 4.487055e+00 -2.975017e-01 -2.720018e+00 1.022834e+00 4.377023e+00 -1.447826e+00 2.262539e+00 -4.342268e+00 4.506851e-02 -1.024094e+00 1.309713e+00 -1.625359e+00 6.201979e+01 8.678220e-02 -4.608184e-02 2.090065e-02 7.002686e-02 4.473843e-02 7.741292e-03 2.106083e-04 2.942881e-02 -4.342825e-02 1.384206e-02 -5.799746e-03 4.518818e-02 -8.353055e-02 7.740926e-03 -9.261180e-03 -5.212584e-03 -3.412630e-03 -1.602382e-02 -2.627033e-03 -1.460955e-02 -9.911845e-03 -2.432982e-02 -3.854823e-03 -1.194618e-02 -1.804847e-02 -2.436681e-02
<VARIANCE> 39
 1.029221e+01 2.578507e+01 1.421519e+01 1.544053e+01 1.935060e+01 2.404449e+01 2.185634e+01 2.314899e+01 2.305589e+01 2.192368e+01 1.769215e+01 1.766754e+01 2.754564e+01 4.194200e-01 8.837293e-01 8.183118e-01 1.064795e+00 1.475365e+00 1.543487e+00 1.429103e+00 1.861627e+00 1.829435e+00 1.464793e+00 1.318632e+00 1.390722e+00 2.215149e+00 7.725815e-02 1.759619e-01 1.492329e-01 2.238911e-01 3.168850e-01 3.138902e-01 2.959055e-01 3.893835e-01 3.827808e-01 3.031711e-01 2.554982e-01 2.712532e-01 3.882460e-01
<GCONST> 9.542879e+01
<STATE> 4
<MEAN> 39
 5.772692e+00 1.142005e+00 -1.389783e+00 7.572235e-01 4.809588e+00 1.105506e+00 1.129475e+00 -2.368416e+00 -1.872012e+00 -1.088706e+00 3.298365e-01 -2.526774e+00 5.437651e+01 -8.325718e-02 7.454392e-02 1.072527e-01 -1.669466e-02 7.986343e-03 1.202596e-01 -1.269433e-02 7.756458e-02 -7.573333e-02 -1.387522e-02 -3.446301e-02 -4.244496e-02 -2.785772e-01 -1.049746e-02 -3.801867e-03 -4.040501e-03 -1.033774e-02 -8.170962e-03 -6.034641e-03 1.081020e-02 2.427496e-03 9.333818e-03 -2.441813e-03 6.130227e-03 -2.029286e-03 1.317657e-02
<VARIANCE> 39
 1.449203e+01 2.096641e+01 1.834067e+01 1.317841e+01 1.936875e+01 1.856414e+01 1.861347e+01 2.211479e+01 2.090295e+01 1.864190e+01 1.538719e+01 1.548634e+01 3.352589e+01 2.890091e-01 5.465062e-01 6.048225e-01 7.031007e-01 1.046520e+00 1.061345e+00 1.382684e+00 1.776841e+00 1.609343e+00 1.483321e+00 1.342770e+00 1.348144e+00 8.458906e-01 4.296731e-02 9.525094e-02 1.113520e-01 1.429733e-01 2.086948e-01 2.030795e-01 2.829901e-01 3.659037e-01 3.396028e-01 3.116208e-01 2.776060e-01 2.771842e-01 1.247007e-01
<GCONST> 8.737718e+01
<TRANSP> 5
 0.000000e+00 1.000000e+00 0.000000e+00 0.000000e+00 0.000000e+00
 0.000000e+00 8.279365e-01 1.720635e-01 0.000000e+00 0.000000e+00
 0.000000e+00 0.000000e+00 9.774259e-01 2.257402e-02 0.000000e+00
 0.000000e+00 0.000000e+00 0.000000e+00 9.789118e-01 2.108824e-02
 0.000000e+00 0.000000e+00 0.000000e+00 0.000000e+00 0.000000e+00
<ENDHMM>
~h "kt"
<BEGINHMM>
<NUMSTATES> 5
<STATE> 2
<MEAN> 39
 -1.097312e+01 6.567553e-03 -6.350736e+00 -1.311999e+00 1.252113e+00 1.285058e+00 4.749745e+00 8.577479e-01 1.335972e+00 9.894716e-01 1.676604e+00 -1.296055e+00 5.562524e+01 -3.343520e-02 1.279307e-02 -1.749435e-02 9.213960e-03 -5.292217e-03 -2.404607e-02 -2.218633e-03 -2.074200e-03 -2.127642e-04 4.824147e-03 -2.023975e-03 4.213402e-03 4.858607e-02 3.952571e-03 -8.497939e-05 3.034636e-03 2.702118e-03 1.926032e-03 1.654963e-03 5.941835e-04 -1.470121e-04 -1.948234e-03 -2.980894e-03 1.257086e-03 -2.208397e-03 -4.279125e-03
<VARIANCE> 39
 1.541902e+01 6.966716e+00 9.335938e+00 1.074604e+01 1.215725e+01 1.714288e+01 1.641725e+01 1.645819e+01 1.705510e+01 1.521786e+01 1.404945e+01 1.344824e+01 1.914428e+01 1.008154e+00 4.664747e-01 6.484072e-01 8.927403e-01 1.111974e+00 1.504317e+00 1.742736e+00 1.741579e+00 1.669860e+00 1.649005e+00 1.480894e+00 1.305995e+00 1.166695e+00 1.839033e-01 8.970165e-02 1.285641e-01 1.712543e-01 2.236371e-01 3.059570e-01 3.657228e-01 3.601607e-01 3.344613e-01 3.386263e-01 3.001864e-01 2.617438e-01 1.962949e-01
<GCONST> 8.882406e+01
<STATE> 3
<MEAN> 39
 -1.256034e+01 2.832608e+00 -3.499002e+00 9.111768e-01 9.490805e-01 -2.293675e+00 2.520010e+00 7.517367e-01 2.432012e-01 -5.181380e-01 -2.755292e-01 -1.519965e+00 5.430106e+01 2.552283e-02 1.551300e-03 6.090424e-03 4.053838e-03 1.925758e-02 1.183681e-02 1.952213e-02 -1.368154e-02 -9.092526e-04 -1.663385e-02 5.156888e-03 -1.118352e-02 -3.769482e-02 5.740746e-03 -1.690852e-03 8.567826e-04 -4.294596e-03 2.597536e-03 7.749816e-03 2.373031e-03 5.701317e-03 6.080627e-03 6.312270e-03 3.991428e-04 1.965721e-03 -1.305636e-02
<VARIANCE> 39
 7.833044e+00 6.364153e+00 9.158088e+00 1.174122e+01 1.415671e+01 1.671252e+01 1.738262e+01 1.731568e+01 1.775047e+01 1.960568e+01 1.784503e+01 1.412550e+01 2.200089e+01 7.020438e-01 4.526431e-01 7.044300e-01 9.090654e-01 1.304073e+00 1.736796e+00 1.656860e+00 1.595235e+00 1.703388e+00 2.096344e+00 1.702931e+00 1.396839e+00 1.495161e+00 1.373581e-01 8.783624e-02 1.418981e-01 1.862149e-01 2.665405e-01 3.662026e-01 3.390519e-01 3.263785e-01 3.459404e-01 4.422854e-01 3.358548e-01 2.890292e-01 2.940106e-01
<GCONST> 9.063663e+01
<STATE> 4
<MEAN> 39
 -9.687759e+00 2.947251e+00 -2.911167e+00 -9.393318e-02 6.546416e-01 1.612501e-01 3.327320e+00 2.022483e+00 5.710464e-01 6.454031e-03 6.635181e-01 -2.041043e+00 4.923318e+01 2.219752e-02 -8.865628e-03 7.608679e-03 -1.259770e-02 1.981630e-03 1.407914e-02 3.300639e-03 5.763960e-03 -5.256762e-04 2.264944e-03 5.030051e-03 -2.623854e-03 -2.644517e-02 -1.259085e-03 -4.293617e-04 4.293160e-05 7.995951e-04 3.169115e-04 -1.733050e-03 -2.354946e-03 -4.828950e-04 -1.213298e-03 -5.496457e-04 -9.306970e-04 1.178564e-03 2.471568e-03
<VARIANCE> 39
 9.298573e+00 8.935613e+00 1.187820e+01 1.137090e+01 1.636576e+01 1.639877e+01 1.699335e+01 1.715497e+01 1.712354e+01 1.709609e+01 1.509510e+01 1.285119e+01 1.296546e+01 6.756622e-01 5.031398e-01 6.920285e-01 8.422913e-01 1.154672e+00 1.328449e+00 1.443793e+00 1.475978e+00 1.591710e+00 1.624357e+00 1.440320e+00 1.228890e+00 7.656125e-01 1.280283e-01 9.676427e-02 1.360376e-01 1.687862e-01 2.324470e-01 2.705624e-01 2.963480e-01 2.981999e-01 3.267693e-01 3.376312e-01 2.907851e-01 2.458267e-01 1.392863e-01
<GCONST> 8.642800e+01
<TRANSP> 5
 0.000000e+00 1.000000e+00 0.000000e+00 0.000000e+00 0.000000e+00
 0.000000e+00 9.895320e-01 1.046796e-02 0.000000e+00 0.000000e+00
 0.000000e+00 0.000000e+00 9.858343e-01 1.416569e-02 0.000000e+00
 0.000000e+00 0.000000e+00 0.000000e+00 9.938917e-01 6.108369e-03
 0.000000e+00 0.000000e+00 0.000000e+00 0.000000e+00 0.000000e+00
<ENDHMM>
~h "pr"
<BEGINHMM>
<NUMSTATES> 5
<STATE> 2
<MEAN> 39
 -1.377207e+01 -7.713892e+00 8.923683e-02 -7.583364e+00 4.129135e+00 6.103002e+00 2.648715e+00 -3.129788e+00 -2.794898e-01 -1.603446e+00 4.565434e+00 6.174554e-01 5.754388e+01 -1.546186e-01 -5.948106e-02 4.881769e-02 -3.462818e-02 3.531267e-02 4.470010e-02 -6.238550e-04 -7.738067e-02 9.136108e-03 -5.566387e-02 -4.021750e-02 1.238161e-01 1.470807e-01 4.124302e-02 7.776663e-03 -1.075920e-02 8.522253e-03 -8.842363e-03 2.445258e-03 -6.451050e-03 4.225920e-03 -5.932957e-04 1.562017e-02 -1.385481e-02 -1.211112e-02 -3.300846e-02
<VARIANCE> 39
 3.755102e+01 4.464072e+01 6.239172e+01 3.801102e+01 5.768437e+01 9.669025e+01 5.427886e+01 5.652072e+01 4.979009e+01 3.430311e+01 5.565467e+01 4.492363e+01 2.600443e+01 1.415836e+00 1.032779e+00 1.414075e+00 1.985857e+00 2.020227e+00 2.389231e+00 2.547293e+00 3.055637e+00 2.692206e+00 2.114347e+00 3.108493e+00 2.475017e+00 9.738766e-01 1.987149e-01 1.635905e-01 2.320923e-01 3.394712e-01 3.424645e-01 3.958395e-01 4.551739e-01 5.126722e-01 5.074689e-01 3.769691e-01 5.697471e-01 4.361802e-01 1.311873e-01
<GCONST> 1.163472e+02
<STATE> 3
<MEAN> 39
 -2.092313e+01 4.275766e+00 1.753279e+01 -1.521439e+01 1.985186e+00 1.275078e+01 -5.748450e+00 -6.045714e+00 1.190089e+01 -7.147394e+00 -7.369608e+00 8.271979e+00 5.411475e+01 5.473554e-02 -5.354106e-02 1.623922e-02 -6.562943e-02 3.975164e-02 -1.896664e-02 -4.178933e-02 4.487417e-02 -2.043599e-02 5.586687e-02 -5.430855e-02 3.308059e-02 -5.003387e-02 2.422044e-03 4.138942e-03 -3.130869e-03 2.362682e-03 1.207860e-02 -1.243534e-02 3.705148e-03 2.026061e-02 -8.811507e-03 2.913681e-03 1.250580e-02 -1.058301e-02 -2.650781e-03
<VARIANCE> 39
 1.085931e+01 1.749433e+01 1.493097e+01 2.797059e+01 2.180327e+01 2.403430e+01 1.809448e+01 2.619465e+01 2.547495e+01 3.245781e+01 2.719643e+01 1.933474e+01 8.104722e+00 6.377071e-01 5.023506e-01 5.431867e-01 9.033367e-01 1.334475e+00 1.744409e+00 1.417821e+00 1.583769e+00 1.660005e+00 1.750461e+00 2.011948e+00 1.166792e+00 2.827285e-01 1.537664e-01 9.592634e-02 1.058047e-01 1.854275e-01 2.821234e-01 3.801842e-01 2.918981e-01 3.280611e-01 3.533417e-01 3.302134e-01 4.004450e-01 2.418274e-01 6.709946e-02
<GCONST> 9.100607e+01
<STATE> 4
<MEAN> 39
 -1.421156e+01 -5.499109e+00 4.393509e+00 -6.615809e+00 3.475532e+00 6.497752e-01 3.484638e+00 3.940554e+00 1.516347e+00 -1.815724e+00 -1.832519e+00 2.437000e+00 5.480752e+01 3.503192e-02 2.109360e-02 -2.039888e-02 2.225972e-02 -1.633619e-02 -5.740067e-03 8.115571e-03 1.016206e-03 -1.907472e-03 -7.659147e-04 1.438649e-02 -1.953985e-02 -3.152648e-02 -7.153623e-04 6.515916e-05 8.642628e-04 5.009561e-04 -1.231526e-03 3.045198e-04 -5.924360e-04 -1.525937e-03 3.581296e-04 5.328649e-05 -1.404382e-04 -1.952570e-03 3.252230e-04
<VARIANCE> 39
 3.582497e+01 5.188873e+01 6.115370e+01 5.868122e+01 7.424815e+01 9.150249e+01 6.740520e+01 6.119770e+01 5.928441e+01 4.577196e+01 6.846992e+01 7.202431e+01 4.592857e+01 3.500673e-01 4.631699e-01 6.641517e-01 9.579414e-01 1.148684e+00 1.499901e+00 1.593277e+00 1.645702e+00 1.753120e+00 1.767352e+00 1.640564e+00 1.462998e+00 2.091645e-01 6.097047e-02 8.075086e-02 1.227676e-01 1.731675e-01 2.216645e-01 2.888353e-01 3.093276e-01 3.097325e-01 3.331544e-01 3.423399e-01 3.188608e-01 2.786012e-01 3.280414e-02
<GCONST> 1.021859e+02
<TRANSP> 5
 0.000000e+00 1.000000e+00 0.000000e+00 0.000000e+00 0.000000e+00
 0.000000e+00 9.686721e-01 3.132790e-02 0.000000e+00 0.000000e+00
 0.000000e+00 0.000000e+00 9.807935e-01 1.920645e-02 0.000000e+00
 0.000000e+00 0.000000e+00 0.000000e+00 9.965038e-01 3.496194e-03
 0.000000e+00 0.000000e+00 0.000000e+00 0.000000e+00 0.000000e+00
<ENDHMM>
~h "pw"
<BEGINHMM>
<NUMSTATES> 5
<STATE> 2
<MEAN> 39
 -1.320672e+01 -1.212504e+00 -4.238100e-01 -1.601816e-01 1.600908e+00 -8.110924e-01 3.044120e+00 3.278109e-01 -5.318046e-01 8.663726e-01 1.220526e-01 -7.837892e-01 5.275030e+01 -3.201033e-02 -2.408493e-02 3.491492e-03 1.420633e-03 -1.878333e-02 -3.332802e-02 -1.435884e-02 -1.199889e-02 -6.730801e-03 -5.962056e-03 -4.424047e-03 7.696123e-03 5.267983e-02 -3.586433e-03 -1.136857e-02 -4.855318e-03 -2.157948e-03 -5.247090e-03 -8.187315e-03 -8.489033e-03 -5.754868e-03 -4.542964e-03 -2.213349e-03 -1.387611e-03 -4.633815e-04 1.917746e-02
<VARIANCE> 39
 1.474440e+01 2.099721e+01 1.141121e+01 1.208216e+01 1.448502e+01 1.627657e+01 1.661491e+01 1.752029e+01 1.651090e+01 1.546427e+01 1.450928e+01 1.323707e+01 2.225139e+01 5.999026e-01 8.100386e-01 7.109212e-01 8.966708e-01 1.137063e+00 1.411744e+00 1.469633e+00 1.549314e+00 1.569734e+00 1.452845e+00 1.406369e+00 1.264444e+00 7.652620e-01 9.385656e-02 1.357855e-01 1.368067e-01 1.769636e-01 2.225544e-01 2.839777e-01 2.953695e-01 3.086910e-01 3.187562e-01 2.850158e-01 2.856493e-01 2.553078e-01 1.125222e-01
<GCONST> 8.819328e+01
<STATE> 3
<MEAN> 39
 -1.129614e+01 -6.141646e+00 -2.505203e+00 -1.406484e+00 1.160424e-01 -4.474300e+00 -5.197319e-01 -4.271598e+00 -3.171331e+00 -9.211805e-01 -2.315336e-01 -4.370214e-01 6.095451e+01 1.938920e-02 -4.332532e-02 -9.110916e-03 1.577974e-03 1.075851e-02 -1.144907e-02 -2.319035e-02 -4.542699e-02 -2.869715e-02 -1.705998e-02 9.566539e-03 1.199734e-04 3.043677e-02 1.034321e-02 1.896893e-02 4.302298e-03 2.602213e-03 1.209098e-02 1.977908e-02 1.674438e-02 1.521698e-02 9.398771e-03 8.541312e-03 3.671196e-03 -3.332963e-03 -3.648857e-02
<VARIANCE> 39
 2.270864e+01 2.750012e+01 1.310326e+01 1.211278e+01 1.840748e+01 2.492239e+01 2.194809e+01 2.703499e+01 1.936166e+01 1.656544e+01 1.460372e+01 1.329152e+01 8.079581e+01 5.606658e-01 1.024807e+00 7.161293e-01 8.450525e-01 1.429214e+00 1.827454e+00 1.664873e+00 1.806410e+00 1.560133e+00 1.466439e+00 1.364688e+00 1.294065e+00 3.488871e+00 9.799341e-02 1.566902e-01 1.321246e-01 1.611877e-01 2.841031e-01 3.517970e-01 3.274354e-01 3.522050e-01 3.180148e-01 2.974474e-01 2.787414e-01 2.690201e-01 4.710602e-01
<GCONST> 9.658717e+01
<STATE> 4
<MEAN> 39
 -1.215810e+01 -3.072430e+00 -1.651475e+00 -9.880618e-01 8.481326e-01 -1.090825e+00 2.875857e+00 -4.432824e-01 -8.996323e-01 7.663741e-01 3.498431e-01 -9.005458e-01 5.473637e+01 1.006937e-02 7.810456e-03 1.968746e-03 -1.457602e-03 2.684484e-03 1.001674e-02 7.335654e-03 9.431793e-03 7.240440e-03 4.624372e-03 8.382017e-04 -2.955859e-03 -2.037632e-02 4.305049e-04 -6.400989e-04 -3.706413e-04 -4.476157e-04 -7.882640e-04 -7.367644e-04 -1.031021e-03 -1.800129e-03 -1.454633e-03 -6.699315e-04 -7.873109e-05 3.342619e-04 7.942008e-04
<VARIANCE> 39
 1.759999e+01 2.102188e+01 1.271889e+01 1.218143e+01 1.462816e+01 2.095294e+01 1.856871e+01 2.121755e+01 1.744981e+01 1.614585e+01 1.445035e+01 1.323669e+01 3.339483e+01 5.437385e-01 7.636040e-01 6.678401e-01 8.646848e-01 1.145730e+00 1.462995e+00 1.462581e+00 1.565952e+00 1.529082e+00 1.502925e+00 1.436301e+00 1.281650e+00 8.665291e-01 8.897804e-02 1.272836e-01 1.259459e-01 1.696054e-01 2.262472e-01 2.937489e-01 2.913169e-01 3.118653e-01 3.104170e-01 3.088810e-01 2.940210e-01 2.639641e-01 1.240541e-01
<GCONST> 8.953018e+01
<TRANSP> 5
 0.000000e+00 1.000000e+00 0.000000e+00 0.000000e+00 0.000000e+00
 0.000000e+00 9.901889e-01 9.811090e-03 0.000000e+00 0.000000e+00
 0.000000e+00 0.000000e+00 9.886960e-01 1.130400e-02 0.000000e+00
 0.000000e+00 0.000000e+00 0.000000e+00 9.976058e-01 2.394199e-03
 0.000000e+00 0.000000e+00 0.000000e+00 0.000000e+00 0.000000e+00
<ENDHMM>
~h "si"
<BEGINHMM>
<NUMSTATES> 5
<STATE> 2
<MEAN> 39
 -4.746354e+00 1.086786e+00 1.183167e+00 -1.717374e+00 2.765912e-01 1.592885e+00 2.112484e+00 1.226235e+00 -1.983209e-01 6.363741e-01 1.606600e-01 -3.001902e+00 4.774563e+01 4.601211e-04 3.173717e-03 -3.029541e-02 -3.735177e-02 -2.596280e-02 2.089970e-02 2.784075e-02 5.015513e-02 1.946583e-02 3.112985e-02 2.233554e-02 -6.504970e-03 -6.973061e-02 -1.689515e-03 -3.010724e-03 -5.701715e-03 -2.430129e-03 6.448862e-04 3.043655e-03 4.417092e-03 2.857560e-03 2.605759e-03 4.478119e-03 5.533983e-03 2.887829e-03 1.582885e-03
<VARIANCE> 39
 9.807837e+00 1.523185e+01 1.720312e+01 1.761062e+01 2.776385e+01 2.049381e+01 2.108287e+01 2.523736e+01 2.165671e+01 2.149004e+01 1.928399e+01 1.720498e+01 2.065165e+01 1.654757e-01 3.106228e-01 4.900561e-01 7.070453e-01 9.724194e-01 1.135764e+00 1.299912e+00 1.418741e+00 1.413970e+00 1.448980e+00 1.384355e+00 1.243331e+00 8.806880e-02 2.655311e-02 5.449354e-02 9.021010e-02 1.359772e-01 1.879110e-01 2.205652e-01 2.544576e-01 2.759126e-01 2.765943e-01 2.861908e-01 2.722734e-01 2.460923e-01 1.111778e-02
<GCONST> 7.898995e+01
<STATE> 3
<MEAN> 39
 -4.062665e+00 -2.779110e+00 -3.376886e+00 -2.894778e+00 9.252663e-01 3.645454e+00 4.422645e+00 1.200336e+00 -2.996483e-01 1.498046e+00 1.176575e+00 -2.589424e+00 4.931489e+01 -2.675941e-03 2.630809e-04 -7.591241e-03 -4.363826e-03 -1.072229e-03 7.484668e-04 3.218296e-04 6.083311e-03 1.482628e-03 3.437702e-03 2.977906e-03 2.972337e-03 -7.525185e-03 -2.065637e-03 2.711238e-03 4.607225e-03 3.042029e-03 5.772092e-04 -5.108460e-03 -5.280718e-03 -3.270342e-03 -1.743479e-03 -3.330023e-03 -2.611851e-03 1.171269e-04 2.196412e-03
<VARIANCE> 39
 6.179605e+00 1.145402e+01 7.523232e+00 9.035841e+00 1.395962e+01 1.394032e+01 1.438980e+01 1.600626e+01 1.505738e+01 1.463723e+01 1.397046e+01 1.262651e+01 8.767387e+00 1.589043e-01 2.983053e-01 4.831575e-01 6.748905e-01 9.461759e-01 1.130294e+00 1.260864e+00 1.405055e+00 1.402731e+00 1.418764e+00 1.333336e+00 1.174948e+00 7.021421e-02 2.817976e-02 5.701587e-02 9.624676e-02 1.348496e-01 1.918923e-01 2.292648e-01 2.550193e-01 2.863900e-01 2.878954e-01 2.920504e-01 2.742094e-01 2.395884e-01 1.140872e-02
<GCONST> 7.236531e+01
<STATE> 4
<MEAN> 39
 -7.880212e+00 1.044954e+00 7.607437e-01 -1.826077e+00 1.614972e+00 9.990538e-01 2.397064e+00 2.320393e+00 -2.946073e-01 3.894365e-01 9.298588e-01 -1.981991e+00 4.704389e+01 -7.472372e-03 -5.574731e-04 -3.928238e-05 -2.306270e-04 -2.271436e-03 -5.679523e-03 -2.531614e-03 -3.567894e-03 1.170326e-03 9.756158e-04 1.876643e-03 3.228826e-03 1.211875e-02 6.516998e-04 -4.169938e-04 -1.589990e-04 -2.776373e-04 -3.564630e-04 7.547165e-04 3.942957e-04 -3.956836e-04 1.549095e-05 8.556789e-05 -2.987658e-04 -4.867586e-04 3.795742e-04
<VARIANCE> 39
 1.664300e+01 1.311317e+01 1.123045e+01 1.231844e+01 1.768960e+01 1.761862e+01 1.775255e+01 2.202685e+01 1.766824e+01 1.693685e+01 1.542666e+01 1.433916e+01 3.014493e+01 3.326460e-01 4.658402e-01 5.573063e-01 7.824612e-01 1.019934e+00 1.236393e+00 1.359184e+00 1.459684e+00 1.465489e+00 1.462494e+00 1.365806e+00 1.186590e+00 3.585953e-01 5.369792e-02 8.256458e-02 1.065047e-01 1.533383e-01 2.008246e-01 2.458124e-01 2.727320e-01 2.932636e-01 2.962535e-01 2.975962e-01 2.777226e-01 2.400641e-01 5.220310e-02
<GCONST> 8.349489e+01
<TRANSP> 5
 0.000000e+00 1.000000e+00 0.000000e+00 0.000000e+00 0.000000e+00
 0.000000e+00 9.694137e-01 3.058630e-02 0.000000e+00 0.000000e+00
 0.000000e+00 0.000000e+00 9.832276e-01 1.677242e-02 0.000000e+00
 0.000000e+00 0.000000e+00 0.000000e+00 9.945639e-01 5.436107e-03
 0.000000e+00 0.000000e+00 0.000000e+00 0.000000e+00 0.000000e+00
<ENDHMM>
~h "st"
<BEGINHMM>
<NUMSTATES> 5
<STATE> 2
<MEAN> 39
 -9.420203e+00 -2.591633e+00 -3.636231e-01 -5.409260e+00 -1.240728e+00 -2.967382e+00 8.264124e-01 1.643203e-01 -2.794316e-01 -4.670174e-01 9.083080e-01 -2.633041e+00 5.912435e+01 -2.263136e-01 -5.785127e-01 1.880638e-01 -5.378853e-01 -3.914854e-01 -6.450989e-01 -2.392473e-01 -1.849846e-02 6.948808e-02 -3.548910e-02 3.858179e-03 2.086725e-02 1.386676e+00 8.051898e-02 6.984789e-02 1.785743e-02 7.892300e-02 8.160403e-02 1.278082e-01 1.173868e-01 2.519966e-02 1.586758e-02 3.459220e-02 2.953717e-03 3.136661e-02 -2.261545e-01
<VARIANCE> 39
 2.353562e+01 2.761314e+01 1.946539e+01 2.797084e+01 2.594354e+01 3.592980e+01 2.736825e+01 2.467846e+01 2.102643e+01 2.148424e+01 1.983300e+01 1.569563e+01 9.366219e+01 1.398534e+00 1.520648e+00 1.283659e+00 1.952654e+00 2.291066e+00 3.160230e+00 2.507332e+00 2.394903e+00 1.903761e+00 2.212234e+00 2.120596e+00 1.744809e+00 4.939438e+00 1.941800e-01 2.558966e-01 2.115483e-01 3.277037e-01 3.791027e-01 5.047875e-01 4.166968e-01 4.428872e-01 3.291490e-01 3.751778e-01 3.672299e-01 2.999763e-01 8.467227e-01
<GCONST> 1.105112e+02
<STATE> 3
<MEAN> 39
 -7.304563e+00 -3.526270e+00 -1.801181e+00 -5.381537e+00 -1.151362e+00 -8.739715e-01 2.225565e+00 -3.442593e-01 -1.119085e+00 -4.318569e-01 9.286033e-01 -2.502242e+00 5.662823e+01 4.127550e-03 2.227826e-02 5.915838e-04 2.064946e-02 6.994369e-03 2.529114e-02 1.319153e-02 -4.352372e-03 -7.055567e-03 6.556346e-04 9.064483e-04 3.472793e-03 -5.608836e-02 -1.459714e-03 2.524970e-03 -2.010957e-03 3.644713e-03 2.059571e-03 1.842469e-03 -2.088128e-03 -8.782421e-04 -1.822173e-03 -3.069122e-04 9.563750e-04 -1.120958e-03 -1.487226e-03
<VARIANCE> 39
 1.556949e+01 1.675242e+01 1.490722e+01 2.011983e+01 1.962001e+01 2.464389e+01 1.959076e+01 1.871308e+01 1.862168e+01 1.917677e+01 1.586711e+01 1.444407e+01 3.435752e+01 5.492445e-01 6.875314e-01 7.293931e-01 1.192744e+00 1.343082e+00 1.580534e+00 1.555080e+00 1.559282e+00 1.575858e+00 1.598227e+00 1.521502e+00 1.323509e+00 1.392930e+00 8.605777e-02 1.136296e-01 1.376861e-01 2.217322e-01 2.599523e-01 3.073789e-01 3.130775e-01 3.176896e-01 3.220648e-01 3.289180e-01 3.139648e-01 2.697946e-01 2.096984e-01
<GCONST> 9.313264e+01
<STATE> 4
<MEAN> 39
 -9.887872e+00 5.004635e-01 5.052412e-01 -2.617054e+00 2.541779e-01 -6.291071e-01 2.212664e+00 3.104686e-01 1.152240e-01 -6.792554e-02 8.244269e-01 -2.252261e+00 5.244857e+01 2.990146e-03 9.321461e-03 -6.598555e-03 8.297675e-03 1.516242e-02 2.372070e-02 1.053503e-02 1.871940e-03 1.647816e-03 -1.391351e-04 -2.787657e-03 1.439833e-03 -3.029609e-02 8.377481e-04 -1.638178e-03 -1.171197e-03 -3.370338e-03 -3.142728e-03 -1.269364e-03 -7.282714e-04 9.008093e-04 1.327698e-03 1.236005e-03 -3.007698e-04 4.715555e-04 1.730442e-03
<VARIANCE> 39
 1.553781e+01 1.016615e+01 1.215988e+01 1.702933e+01 1.658548e+01 1.959110e+01 1.835235e+01 1.989872e+01 1.774703e+01 1.649123e+01 1.471709e+01 1.331218e+01 3.417853e+01 4.306678e-01 5.144881e-01 6.274007e-01 9.984492e-01 1.176318e+00 1.407080e+00 1.445460e+00 1.550041e+00 1.533325e+00 1.506183e+00 1.417875e+00 1.267942e+00 9.408806e-01 6.961640e-02 9.042759e-02 1.201583e-01 1.838540e-01 2.284018e-01 2.748723e-01 2.881134e-01 3.132071e-01 3.108805e-01 3.079870e-01 2.912185e-01 2.604358e-01 1.184962e-01
<GCONST> 8.783160e+01
<TRANSP> 5
 0.000000e+00 1.000000e+00 0.000000e+00 0.000000e+00 0.000000e+00
 0.000000e+00 8.312256e-01 1.687744e-01 0.000000e+00 0.000000e+00
 0.000000e+00 0.000000e+00 9.902188e-01 9.781166e-03 0.000000e+00
 0.000000e+00 0.000000e+00 0.000000e+00 9.924201e-01 7.579928e-03
 0.000000e+00 0.000000e+00 0.000000e+00 0.000000e+00 0.000000e+00
<ENDHMM>
~h "spe"
<BEGINHMM>
<NUMSTATES> 5
<STATE> 2
<MEAN> 39
 -1.355383e+00 2.596041e-01 1.180472e+00 -6.769646e+00 -2.318566e+00 7.437102e-01 -9.843948e-01 -2.559600e+00 -2.783234e+00 5.171281e-01 -5.997232e-01 -5.633578e+00 5.472662e+01 1.129126e-01 -3.633768e-01 3.016801e-01 -3.551332e-01 -3.691393e-01 -2.782572e-01 -3.365164e-01 1.051241e-01 1.039466e-01 2.663066e-01 7.878231e-02 -1.889410e-01 5.733103e-01 -1.742047e-02 -7.941227e-02 4.352900e-03 8.295387e-03 -5.899579e-02 -3.576997e-02 1.054830e-02 -1.757624e-03 3.348603e-02 1.685698e-02 -4.017622e-02 1.553343e-02 1.670790e-02
<VARIANCE> 39
 3.361384e+01 3.419431e+01 3.603345e+01 4.757476e+01 3.639581e+01 3.393756e+01 2.794041e+01 4.434898e+01 2.977360e+01 2.472202e+01 2.456570e+01 2.854812e+01 1.113621e+01 9.684637e-01 1.223898e+00 1.282964e+00 2.079138e+00 3.074866e+00 2.481641e+00 1.808510e+00 2.817385e+00 2.454742e+00 1.963990e+00 1.791341e+00 1.777348e+00 5.506793e-01 1.082496e-01 1.292519e-01 1.529423e-01 2.874163e-01 4.263224e-01 4.562161e-01 3.090696e-01 4.226832e-01 3.604810e-01 3.128553e-01 2.954949e-01 2.828672e-01 5.081788e-02
<GCONST> 1.042125e+02
<STATE> 3
<MEAN> 39
 -1.484140e+00 -4.853972e+00 2.243800e+00 -1.133367e+01 -3.623731e+00 -4.435368e+00 -4.365659e+00 -1.641957e+00 -1.986009e+00 -2.083111e+00 -4.768687e+00 -4.884830e+00 6.141748e+01 -1.932415e-02 2.555193e-02 -5.673417e-02 6.541126e-02 6.153750e-02 1.515455e-02 -1.084884e-02 -4.546010e-02 -2.758272e-02 -6.094264e-02 -6.567198e-02 -1.987144e-02 -1.501537e-02 -1.143972e-03 2.191919e-02 -8.794500e-03 1.584949e-02 1.780644e-02 1.155771e-02 1.081389e-02 -6.843099e-03 -1.145376e-02 -2.670609e-03 6.389086e-03 4.543624e-03 -1.928367e-02
<VARIANCE> 39
 2.323875e+01 3.752289e+01 7.404325e+01 6.932710e+01 6.225989e+01 6.228850e+01 3.946447e+01 5.691816e+01 3.916406e+01 3.878702e+01 5.558268e+01 3.954357e+01 2.272708e+01 6.254103e-01 1.080216e+00 1.341143e+00 1.505603e+00 1.873925e+00 1.876935e+00 1.873027e+00 2.364566e+00 2.324821e+00 2.038853e+00 2.030191e+00 1.731688e+00 4.214902e-01 8.549547e-02 1.458671e-01 1.966951e-01 2.422499e-01 3.133010e-01 3.465762e-01 3.416680e-01 4.252848e-01 4.401127e-01 3.971054e-01 3.766014e-01 3.253118e-01 4.917184e-02
<GCONST> 1.076883e+02
<STATE> 4
<MEAN> 39
 -1.198438e+00 -3.054021e+00 1.378070e-01 -4.441502e+00 -2.584756e+00 -1.975437e-01 -3.243728e-01 -9.097921e-01 -1.971586e+00 -3.989499e-02 -1.013794e+00 -5.608877e+00 5.331198e+01 -3.213950e-03 5.231026e-03 -5.343124e-03 1.148796e-02 1.111939e-02 1.128127e-02 1.956096e-02 8.264311e-03 5.513362e-03 8.805873e-03 1.110599e-02 1.207225e-02 -2.290648e-02 -2.515482e-04 -7.429756e-04 5.139300e-04 -7.716204e-04 -2.169003e-05 7.260733e-04 2.985346e-05 1.126010e-03 7.796058e-04 3.507635e-04 -5.962432e-04 -3.459668e-04 4.352258e-04
<VARIANCE> 39
 1.498683e+01 2.736114e+01 3.258848e+01 2.556708e+01 4.515979e+01 3.518311e+01 3.417040e+01 3.090952e+01 2.888433e+01 2.797179e+01 2.883049e+01 2.538844e+01 1.611367e+01 3.620993e-01 6.559201e-01 8.524609e-01 1.005903e+00 1.459381e+00 1.505019e+00 1.564724e+00 1.709751e+00 1.704416e+00 1.665711e+00 1.638099e+00 1.515798e+00 2.091268e-01 4.913864e-02 9.547839e-02 1.300238e-01 1.700236e-01 2.410394e-01 2.671136e-01 2.873425e-01 3.236341e-01 3.255170e-01 3.207433e-01 3.101025e-01 2.864330e-01 2.242995e-02
<GCONST> 9.261972e+01
<TRANSP> 5
 0.000000e+00 1.000000e+00 0.000000e+00 0.000000e+00 0.000000e+00
 0.000000e+00 9.074078e-01 9.259222e-02 0.000000e+00 0.000000e+00
 0.000000e+00 0.000000e+00 9.836841e-01 1.631592e-02 0.000000e+00
 0.000000e+00 0.000000e+00 0.000000e+00 9.968323e-01 3.167711e-03
 0.000000e+00 0.000000e+00 0.000000e+00 0.000000e+00 0.000000e+00
<ENDHMM>
