~o
<STREAMINFO> 1 13
<VECSIZE> 13<NULLD><MFCC_0><DIAGC>
~h "ap"
<BEGINHMM>
<NUMSTATES> 5
<STATE> 2
<MEAN> 13
 -1.207755e+01 -7.952226e+00 -4.175281e+00 -7.303613e-01 9.706290e-01 -2.945371e+00 1.974431e+00 -2.454948e+00 -2.317432e+00 -7.279682e-01 7.016917e-01 -1.132396e+00 5.999672e+01
<VARIANCE> 13
 3.015638e+01 3.905722e+01 2.761617e+01 2.062596e+01 3.054821e+01 3.729723e+01 2.490872e+01 2.730566e+01 2.158337e+01 1.968212e+01 1.712172e+01 1.463739e+01 1.220584e+02
<GCONST> 6.724937e+01
<STATE> 3
<MEAN> 13
 -1.099156e+01 -1.605578e+01 -1.053484e+01 1.539661e+00 8.926924e-01 -9.273564e+00 -2.108602e-01 -2.045504e+00 -5.788664e+00 -3.881421e+00 5.281850e-01 -1.290945e+00 6.960468e+01
<VARIANCE> 13
 1.350365e+01 1.987797e+01 1.747918e+01 2.251603e+01 3.449335e+01 2.389051e+01 2.557331e+01 1.972278e+01 2.430132e+01 2.065666e+01 1.621192e+01 1.526474e+01 8.352856e+01
<GCONST> 6.455283e+01
<STATE> 4
<MEAN> 13
 -9.712666e+00 -1.285679e+01 -3.922825e+00 3.280904e+00 -1.472939e+00 -4.710416e+00 4.119354e+00 -2.958088e+00 -4.197165e+00 1.098447e-02 6.972672e-01 -1.824805e+00 6.027979e+01
<VARIANCE> 13
 2.253591e+01 5.585108e+01 1.817136e+01 2.095706e+01 3.611419e+01 3.324204e+01 2.129717e+01 2.948781e+01 2.398765e+01 2.000448e+01 1.920101e+01 1.500784e+01 1.162458e+02
<GCONST> 6.709831e+01
<TRANSP> 5
 0.000000e+00 1.000000e+00 0.000000e+00 0.000000e+00 0.000000e+00
 0.000000e+00 9.919783e-01 8.021693e-03 0.000000e+00 0.000000e+00
 0.000000e+00 0.000000e+00 9.865087e-01 1.349129e-02 0.000000e+00
 0.000000e+00 0.000000e+00 0.000000e+00 9.885495e-01 1.145053e-02
 0.000000e+00 0.000000e+00 0.000000e+00 0.000000e+00 0.000000e+00
<ENDHMM>
~h "cl"
<BEGINHMM>
<NUMSTATES> 5
<STATE> 2
<MEAN> 13
 -1.427976e+01 -8.084675e-01 1.260201e+00 -3.039859e+00 -1.623303e+00 6.072227e+00 3.461228e+00 -1.085729e+00 2.299024e+00 1.307140e+00 -4.278332e+00 1.395120e+00 5.405967e+01
<VARIANCE> 13
 6.787846e+01 2.210404e+01 3.462224e+01 1.508752e+01 1.926844e+01 3.930512e+01 2.338560e+01 2.881912e+01 3.121452e+01 2.460480e+01 3.434184e+01 2.304601e+01 4.808451e+01
<GCONST> 6.779787e+01
<STATE> 3
<MEAN> 13
 -1.953917e+01 2.811383e+00 -2.427465e-01 -5.332201e+00 -4.149514e+00 1.211201e+01 6.814900e-01 -3.610095e+00 7.561674e+00 -3.544090e+00 -3.434910e+00 5.355334e+00 5.871376e+01
<VARIANCE> 13
 5.104532e+01 9.848909e+00 1.979835e+01 1.249940e+01 1.774019e+01 3.395390e+01 2.575285e+01 2.223992e+01 2.632584e+01 2.013869e+01 1.937295e+01 1.986577e+01 2.080646e+01
<GCONST> 6.363636e+01
<STATE> 4
<MEAN> 13
 -2.243724e+01 1.090022e+00 6.543653e+00 -2.911103e+00 -6.906581e+00 1.070392e+01 1.422295e+00 -7.142532e+00 2.837735e+00 4.617141e+00 -1.191658e+01 4.989560e+00 5.792395e+01
<VARIANCE> 13
 3.609272e+01 8.825247e+00 1.448607e+01 1.696838e+01 2.639287e+01 2.994151e+01 2.920762e+01 4.614581e+01 3.468332e+01 2.939225e+01 2.804831e+01 3.050709e+01 3.341058e+01
<GCONST> 6.622697e+01
<TRANSP> 5
 0.000000e+00 1.000000e+00 0.000000e+00 0.000000e+00 0.000000e+00
 0.000000e+00 9.672122e-01 3.278777e-02 0.000000e+00 0.000000e+00
 0.000000e+00 0.000000e+00 9.921651e-01 7.834839e-03 0.000000e+00
 0.000000e+00 0.000000e+00 0.000000e+00 9.930604e-01 6.939608e-03
 0.000000e+00 0.000000e+00 0.000000e+00 0.000000e+00 0.000000e+00
<ENDHMM>
~h "cm"
<BEGINHMM>
<NUMSTATES> 5
<STATE> 2
<MEAN> 13
 -1.249181e+01 1.862096e-02 -2.613282e+00 -4.913918e+00 -1.514801e-01 8.938454e-01 -1.097996e+00 2.646755e-01 -1.969042e+00 9.171107e-01 2.847537e+00 -5.813804e-01 5.718684e+01
<VARIANCE> 13
 1.439105e+01 1.473739e+01 1.206541e+01 1.341539e+01 1.496493e+01 1.626984e+01 1.843748e+01 1.831472e+01 1.788474e+01 1.692782e+01 1.869396e+01 1.669481e+01 2.025891e+01
<GCONST> 6.011806e+01
<STATE> 3
<MEAN> 13
 -1.008292e+01 -1.216038e+00 -2.845575e+00 -3.657267e+00 -4.925323e-01 -7.978839e-01 -2.598342e+00 -2.160510e+00 -4.510117e+00 -1.767233e+00 -4.183832e-01 -1.786182e+00 6.548164e+01
<VARIANCE> 13
 1.263165e+01 1.387249e+01 1.585219e+01 1.510828e+01 1.639610e+01 1.607520e+01 1.749437e+01 1.995483e+01 1.849887e+01 1.660128e+01 1.846499e+01 1.464473e+01 3.935452e+01
<GCONST> 6.096650e+01
<STATE> 4
<MEAN> 13
 -5.168343e+00 4.466147e-01 -2.774933e+00 -4.103038e+00 -9.868439e-01 -1.594287e+00 -3.227823e+00 -2.398135e+00 -3.921381e+00 -2.513910e+00 -1.655935e+00 -2.979691e+00 6.785193e+01
<VARIANCE> 13
 7.832050e+00 1.024158e+01 1.092589e+01 1.390235e+01 1.413261e+01 1.356109e+01 1.526887e+01 1.727913e+01 1.662312e+01 1.510931e+01 1.419635e+01 1.237950e+01 6.603566e+01
<GCONST> 5.901660e+01
<TRANSP> 5
 0.000000e+00 1.000000e+00 0.000000e+00 0.000000e+00 0.000000e+00
 0.000000e+00 9.667658e-01 3.323416e-02 0.000000e+00 0.000000e+00
 0.000000e+00 0.000000e+00 9.548946e-01 4.510540e-02 0.000000e+00
 0.000000e+00 0.000000e+00 0.000000e+00 9.851498e-01 1.485020e-02
 0.000000e+00 0.000000e+00 0.000000e+00 0.000000e+00 0.000000e+00
<ENDHMM>
~h "co"
<BEGINHMM>
<NUMSTATES> 5
<STATE> 2
<MEAN> 13
 -6.533743e+00 -5.610629e+00 4.314004e-01 4.303951e-01 -5.963283e+00 -1.194333e+00 -9.525347e-01 -6.211609e-01 2.864276e-01 -2.106242e+00 -2.930025e+00 -6.449188e+00 5.903991e+01
<VARIANCE> 13
 1.596121e+01 2.305073e+01 2.440913e+01 2.733770e+01 7.605582e+01 3.494178e+01 5.313604e+01 3.970806e+01 3.892245e+01 3.776851e+01 4.121317e+01 2.974405e+01 8.097299e+01
<GCONST> 7.064159e+01
<STATE> 3
<MEAN> 13
 -6.562817e+00 -6.580579e+00 -7.732258e-01 -2.493587e+00 -8.067950e+00 -8.103222e+00 -7.082977e+00 -6.864333e+00 -4.736218e+00 -5.229397e+00 -4.589394e+00 -9.650652e+00 6.854450e+01
<VARIANCE> 13
 1.681711e+01 1.174208e+01 2.327074e+01 2.054112e+01 3.584414e+01 3.309837e+01 5.536045e+01 5.481997e+01 4.466418e+01 4.218643e+01 3.759787e+01 4.248951e+01 3.832995e+01
<GCONST> 6.900790e+01
<STATE> 4
<MEAN> 13
 -3.485232e+00 -3.082921e+00 4.672238e+00 2.552837e+00 -1.246328e+00 -3.389209e+00 -5.095417e+00 -6.091594e+00 -4.623334e+00 -3.832772e+00 -3.759871e+00 -7.962037e+00 5.715374e+01
<VARIANCE> 13
 1.311427e+01 2.247528e+01 1.737322e+01 2.406043e+01 3.816208e+01 3.279596e+01 4.214375e+01 4.781662e+01 3.027250e+01 3.062710e+01 3.090008e+01 2.278130e+01 5.860647e+01
<GCONST> 6.781429e+01
<TRANSP> 5
 0.000000e+00 1.000000e+00 0.000000e+00 0.000000e+00 0.000000e+00
 0.000000e+00 9.224420e-01 7.755805e-02 0.000000e+00 0.000000e+00
 0.000000e+00 0.000000e+00 9.839310e-01 1.606894e-02 0.000000e+00
 0.000000e+00 0.000000e+00 0.000000e+00 9.793935e-01 2.060644e-02
 0.000000e+00 0.000000e+00 0.000000e+00 0.000000e+00 0.000000e+00
<ENDHMM>
~h "ds"
<BEGINHMM>
<NUMSTATES> 5
<STATE> 2
<MEAN> 13
 -1.442822e+01 2.615660e-01 -2.874475e-01 -4.496334e-01 -9.882857e-01 -2.113050e+00 2.993758e+00 -2.549552e+00 1.192432e+00 2.280535e+00 4.309065e+00 -4.621031e-03 6.639211e+01
<VARIANCE> 13
 1.660333e+01 9.708560e+00 1.146025e+01 1.485696e+01 2.284112e+01 1.731484e+01 2.341995e+01 2.600822e+01 2.167810e+01 1.917470e+01 1.700015e+01 1.601867e+01 9.693904e+01
<GCONST> 6.271544e+01
<STATE> 3
<MEAN> 13
 -9.100581e+00 4.885564e+00 4.911466e+00 5.791116e+00 6.139923e+00 2.978353e+00 6.375604e+00 -1.346551e+00 2.446266e+00 1.054757e+00 3.044218e+00 1.273156e-01 6.702067e+01
<VARIANCE> 13
 1.482702e+01 8.375964e+00 7.074146e+00 7.533992e+00 1.077651e+01 1.321609e+01 1.371993e+01 1.405636e+01 1.637980e+01 1.493773e+01 1.488884e+01 1.340585e+01 5.607129e+01
<GCONST> 5.773369e+01
<STATE> 4
<MEAN> 13
 -9.826806e+00 1.321607e+00 1.998790e+00 4.859331e-01 2.889227e+00 6.528448e-01 2.817040e+00 -1.059334e+00 1.905728e-01 -5.506002e-01 2.034480e+00 -1.640594e+00 5.467072e+01
<VARIANCE> 13
 1.562083e+01 1.158830e+01 1.633845e+01 1.653764e+01 1.940489e+01 2.222998e+01 2.439743e+01 1.946086e+01 2.497192e+01 2.337185e+01 1.824095e+01 1.745627e+01 4.959477e+01
<GCONST> 6.295655e+01
<TRANSP> 5
 0.000000e+00 1.000000e+00 0.000000e+00 0.000000e+00 0.000000e+00
 0.000000e+00 9.645348e-01 3.546521e-02 0.000000e+00 0.000000e+00
 0.000000e+00 0.000000e+00 9.087879e-01 9.121213e-02 0.000000e+00
 0.000000e+00 0.000000e+00 0.000000e+00 9.928560e-01 7.143992e-03
 0.000000e+00 0.000000e+00 0.000000e+00 0.000000e+00 0.000000e+00
<ENDHMM>
~h "kj"
<BEGINHMM>
<NUMSTATES> 5
<STATE> 2
<MEAN> 13
 -1.907688e+01 3.097805e+00 3.512222e-01 -2.973246e+00 -8.839560e-01 4.551657e+00 1.576385e+00 2.543407e+00 -2.024556e-01 -2.313776e-02 1.560132e+00 -1.129268e+00 5.603219e+01
<VARIANCE> 13
 3.056560e+01 2.030802e+01 1.465805e+01 1.629741e+01 1.689625e+01 3.327272e+01 2.419727e+01 2.190578e+01 1.781931e+01 2.137470e+01 1.699157e+01 1.501181e+01 2.476821e+01
<GCONST> 6.309771e+01
<STATE> 3
<MEAN> 13
 -1.479623e+01 -6.226798e+00 -4.103431e+00 -7.414871e-01 -1.341429e+00 -4.031439e+00 -1.833337e+00 -3.336246e+00 -2.574324e+00 8.990991e-01 5.190160e-01 -7.351402e-01 6.242692e+01
<VARIANCE> 13
 1.812464e+01 2.995258e+01 1.250022e+01 1.510041e+01 1.640940e+01 1.733595e+01 2.049801e+01 1.916074e+01 1.785570e+01 1.692494e+01 1.544442e+01 1.362142e+01 6.617906e+01
<GCONST> 6.230596e+01
<STATE> 4
<MEAN> 13
 -2.138507e+01 1.553200e+00 1.212964e+00 2.703473e+00 -2.635266e+00 -9.096895e-01 6.236263e+00 -3.017683e-01 -3.350194e+00 3.728942e+00 7.214785e-01 -2.741159e+00 5.647619e+01
<VARIANCE> 13
 3.599650e+01 3.783978e+01 2.290808e+01 2.008982e+01 1.723360e+01 2.096109e+01 3.329357e+01 2.178867e+01 2.070625e+01 2.579067e+01 1.791445e+01 1.883909e+01 3.327988e+01
<GCONST> 6.532411e+01
<TRANSP> 5
 0.000000e+00 1.000000e+00 0.000000e+00 0.000000e+00 0.000000e+00
 0.000000e+00 9.923958e-01 7.604179e-03 0.000000e+00 0.000000e+00
 0.000000e+00 0.000000e+00 9.741753e-01 2.582478e-02 0.000000e+00
 0.000000e+00 0.000000e+00 0.000000e+00 9.930888e-01 6.911192e-03
 0.000000e+00 0.000000e+00 0.000000e+00 0.000000e+00 0.000000e+00
<ENDHMM>
~h "kn"
<BEGINHMM>
<NUMSTATES> 5
<STATE> 2
<MEAN> 13
 2.986365e+00 2.139655e+00 -3.241460e+00 -2.302432e+00 1.465761e+00 -6.152930e-01 4.750276e-01 -3.528432e+00 6.730022e-01 5.650979e-01 1.486663e+00 -2.145871e+00 5.601697e+01
<VARIANCE> 13
 2.173797e+01 2.036714e+01 2.416322e+01 9.867167e+00 1.419279e+01 2.191691e+01 1.943414e+01 3.065962e+01 2.430131e+01 2.225528e+01 1.921562e+01 1.802784e+01 5.193710e+01
<GCONST> 6.368018e+01
<STATE> 3
<MEAN> 13
 4.964270e+00 -1.652662e+00 -2.268571e+00 2.058168e+00 5.219816e+00 -9.545149e-01 2.883574e+00 -4.162721e+00 -3.998550e-01 -1.184565e+00 1.208519e+00 -1.474721e+00 6.250856e+01
<VARIANCE> 13
 9.019522e+00 1.989822e+01 1.129981e+01 1.237707e+01 1.886249e+01 2.398527e+01 2.057758e+01 2.259989e+01 2.094819e+01 2.138321e+01 1.752294e+01 1.747772e+01 2.413111e+01
<GCONST> 6.129242e+01
<STATE> 4
<MEAN> 13
 6.118266e+00 2.174799e+00 -7.300103e-01 1.169474e+00 5.631895e+00 1.412392e+00 9.328989e-01 -1.950348e+00 -3.022827e+00 -2.094472e+00 -4.046630e-01 -3.333197e+00 5.289415e+01
<VARIANCE> 13
 1.534724e+01 2.056559e+01 1.840068e+01 1.189807e+01 1.738176e+01 1.897030e+01 1.847166e+01 2.263030e+01 1.884397e+01 1.605948e+01 1.304869e+01 1.343173e+01 2.790383e+01
<GCONST> 6.107710e+01
<TRANSP> 5
 0.000000e+00 1.000000e+00 0.000000e+00 0.000000e+00 0.000000e+00
 0.000000e+00 9.595408e-01 4.045920e-02 0.000000e+00 0.000000e+00
 0.000000e+00 0.000000e+00 9.769632e-01 2.303681e-02 0.000000e+00
 0.000000e+00 0.000000e+00 0.000000e+00 9.659925e-01 3.400755e-02
 0.000000e+00 0.000000e+00 0.000000e+00 0.000000e+00 0.000000e+00
<ENDHMM>
~h "kt"
<BEGINHMM>
<NUMSTATES> 5
<STATE> 2
<MEAN> 13
 -1.099352e+01 1.519029e-01 -6.474976e+00 -1.104401e+00 1.440795e+00 1.317301e+00 4.690300e+00 7.188431e-01 1.190835e+00 8.420874e-01 1.577882e+00 -1.317242e+00 5.563550e+01
<VARIANCE> 13
 1.483317e+01 6.314101e+00 7.594842e+00 1.084789e+01 1.202510e+01 1.717243e+01 1.624379e+01 1.628819e+01 1.674705e+01 1.536848e+01 1.440469e+01 1.323902e+01 1.848125e+01
<GCONST> 5.746996e+01
<STATE> 3
<MEAN> 13
 -1.237761e+01 3.158507e+00 -3.075697e+00 8.095185e-01 7.052059e-01 -2.694294e+00 2.366433e+00 9.042553e-01 -4.598884e-02 -6.846620e-01 -5.420479e-01 -1.581474e+00 5.366530e+01
<VARIANCE> 13
 7.628147e+00 6.137152e+00 8.217315e+00 1.172049e+01 1.458748e+01 1.597221e+01 1.732458e+01 1.691180e+01 1.792976e+01 1.990998e+01 1.782112e+01 1.415503e+01 1.910203e+01
<GCONST> 5.779528e+01
<STATE> 4
<MEAN> 13
 -9.803187e+00 3.187186e+00 -2.457672e+00 7.687297e-02 5.247685e-01 -1.396160e-01 3.118155e+00 2.145831e+00 6.332780e-01 -2.910234e-02 5.811934e-01 -2.074444e+00 4.889208e+01
<VARIANCE> 13
 9.523760e+00 8.774398e+00 1.105959e+01 1.169578e+01 1.655084e+01 1.600144e+01 1.700091e+01 1.734570e+01 1.734155e+01 1.742101e+01 1.511154e+01 1.300979e+01 1.212228e+01
<GCONST> 5.793327e+01
<TRANSP> 5
 0.000000e+00 1.000000e+00 0.000000e+00 0.000000e+00 0.000000e+00
 0.000000e+00 9.917194e-01 8.280604e-03 0.000000e+00 0.000000e+00
 0.000000e+00 0.000000e+00 9.820914e-01 1.790857e-02 0.000000e+00
 0.000000e+00 0.000000e+00 0.000000e+00 9.934739e-01 6.526134e-03
 0.000000e+00 0.000000e+00 0.000000e+00 0.000000e+00 0.000000e+00
<ENDHMM>
~h "pr"
<BEGINHMM>
<NUMSTATES> 5
<STATE> 2
<MEAN> 13
 -1.646169e+01 -9.122385e+00 2.701468e-01 -4.761769e+00 1.858806e+00 -1.374830e+00 7.059440e+00 2.995927e+00 9.219328e-01 -2.135468e+00 5.931388e-01 1.682907e-01 6.060315e+01
<VARIANCE> 13
 3.016959e+01 3.384200e+01 3.946149e+01 3.664576e+01 9.952975e+01 5.892066e+01 6.777210e+01 6.328801e+01 4.997834e+01 3.807832e+01 4.157251e+01 6.372176e+01 9.018371e+00
<GCONST> 7.277052e+01
<STATE> 3
<MEAN> 13
 -2.102622e+01 4.530008e+00 1.741281e+01 -1.495730e+01 1.787029e+00 1.279787e+01 -5.662846e+00 -6.244663e+00 1.210838e+01 -7.464165e+00 -7.145631e+00 8.149507e+00 5.420452e+01
<VARIANCE> 13
 1.077865e+01 1.588125e+01 1.455003e+01 2.569820e+01 2.047104e+01 2.457079e+01 1.834714e+01 2.529519e+01 2.368628e+01 2.968198e+01 2.686807e+01 1.821883e+01 6.746643e+00
<GCONST> 6.197765e+01
<STATE> 4
<MEAN> 13
 -1.222815e+01 -2.814181e+00 7.254315e+00 -8.520787e+00 5.025247e+00 3.469259e+00 1.794025e-01 3.419292e+00 1.709281e+00 -1.450408e+00 -2.827155e+00 4.118780e+00 5.033088e+01
<VARIANCE> 13
 3.251886e+01 4.790551e+01 6.264328e+01 6.956806e+01 4.484270e+01 1.144731e+02 4.360684e+01 6.635457e+01 6.554338e+01 4.991509e+01 9.138237e+01 6.808464e+01 2.657045e+01
<GCONST> 7.624558e+01
<TRANSP> 5
 0.000000e+00 1.000000e+00 0.000000e+00 0.000000e+00 0.000000e+00
 0.000000e+00 9.932020e-01 6.797960e-03 0.000000e+00 0.000000e+00
 0.000000e+00 0.000000e+00 9.802969e-01 1.970311e-02 0.000000e+00
 0.000000e+00 0.000000e+00 0.000000e+00 9.941913e-01 5.808706e-03
 0.000000e+00 0.000000e+00 0.000000e+00 0.000000e+00 0.000000e+00
<ENDHMM>
~h "pw"
<BEGINHMM>
<NUMSTATES> 5
<STATE> 2
<MEAN> 13
 -1.330174e+01 -2.090575e+00 -6.049963e-01 -2.957264e-01 1.421034e+00 -1.254981e+00 2.787413e+00 1.363671e-01 -8.326864e-01 8.011435e-01 5.301214e-02 -8.555298e-01 5.359733e+01
<VARIANCE> 13
 1.574883e+01 2.366084e+01 1.104467e+01 1.231470e+01 1.475920e+01 1.756106e+01 1.726827e+01 1.858968e+01 1.710729e+01 1.569263e+01 1.454131e+01 1.308224e+01 2.909957e+01
<GCONST> 6.026643e+01
<STATE> 3
<MEAN> 13
 -1.223488e+01 -6.554260e+00 -2.803257e+00 -1.683139e+00 -1.117691e-01 -4.421697e+00 -3.327658e-01 -4.381379e+00 -3.097065e+00 -9.019009e-01 -1.166002e-01 -6.121803e-01 6.165407e+01
<VARIANCE> 13
 2.407188e+01 2.121847e+01 1.248257e+01 1.204641e+01 1.720150e+01 2.360997e+01 2.114505e+01 2.485235e+01 1.890202e+01 1.636460e+01 1.489167e+01 1.331147e+01 5.943969e+01
<GCONST> 6.252122e+01
<STATE> 4
<MEAN> 13
 -1.168461e+01 -2.714215e+00 -1.649357e+00 -9.645492e-01 9.052525e-01 -7.896742e-01 3.067714e+00 -2.767079e-01 -7.392861e-01 8.518923e-01 4.139213e-01 -8.550777e-01 5.418173e+01
<VARIANCE> 13
 1.664819e+01 2.057199e+01 1.300714e+01 1.198790e+01 1.458504e+01 2.087571e+01 1.850034e+01 2.080622e+01 1.725877e+01 1.608187e+01 1.432110e+01 1.333253e+01 3.208623e+01
<GCONST> 6.079603e+01
<TRANSP> 5
 0.000000e+00 1.000000e+00 0.000000e+00 0.000000e+00 0.000000e+00
 0.000000e+00 9.938077e-01 6.192281e-03 0.000000e+00 0.000000e+00
 0.000000e+00 0.000000e+00 9.904113e-01 9.588714e-03 0.000000e+00
 0.000000e+00 0.000000e+00 0.000000e+00 9.970784e-01 2.921568e-03
 0.000000e+00 0.000000e+00 0.000000e+00 0.000000e+00 0.000000e+00
<ENDHMM>
~h "si"
<BEGINHMM>
<NUMSTATES> 5
<STATE> 2
<MEAN> 13
 -8.681230e+00 4.728561e-02 1.196318e-01 -1.601349e+00 4.057698e-01 5.523666e-01 2.708235e+00 7.942268e-01 -7.861077e-03 6.055793e-01 7.448576e-01 -1.816065e+00 5.032125e+01
<VARIANCE> 13
 2.247924e+01 1.797466e+01 1.542751e+01 1.554502e+01 2.190657e+01 2.003522e+01 2.089256e+01 2.343634e+01 2.050433e+01 1.879091e+01 1.753905e+01 1.654845e+01 3.221070e+01
<GCONST> 6.274885e+01
<STATE> 3
<MEAN> 13
 -3.771982e+00 -4.031205e+00 -3.801518e+00 -3.269821e+00 1.487950e+00 3.851848e+00 4.448432e+00 7.057962e-01 -6.745299e-01 1.252546e+00 1.302409e+00 -2.521841e+00 5.046854e+01
<VARIANCE> 13
 6.687413e+00 7.084222e+00 7.109504e+00 8.464517e+00 1.332102e+01 1.495347e+01 1.532025e+01 1.590084e+01 1.498816e+01 1.485655e+01 1.428775e+01 1.283157e+01 3.861879e+00
<GCONST> 5.460582e+01
<STATE> 4
<MEAN> 13
 -6.144427e+00 1.893816e+00 1.092762e+00 -1.955569e+00 1.960378e+00 1.711754e+00 2.282217e+00 3.314211e+00 -3.640366e-01 4.860092e-01 8.618249e-01 -2.462545e+00 4.444249e+01
<VARIANCE> 13
 8.664417e+00 7.215730e+00 9.265719e+00 1.068779e+01 1.612868e+01 1.543375e+01 1.574146e+01 1.823798e+01 1.605840e+01 1.657396e+01 1.455984e+01 1.313737e+01 8.582600e+00
<GCONST> 5.678781e+01
<TRANSP> 5
 0.000000e+00 1.000000e+00 0.000000e+00 0.000000e+00 0.000000e+00
 0.000000e+00 9.901952e-01 9.804858e-03 0.000000e+00 0.000000e+00
 0.000000e+00 0.000000e+00 9.782823e-01 2.171775e-02 0.000000e+00
 0.000000e+00 0.000000e+00 0.000000e+00 9.922021e-01 7.797902e-03
 0.000000e+00 0.000000e+00 0.000000e+00 0.000000e+00 0.000000e+00
<ENDHMM>
~h "st"
<BEGINHMM>
<NUMSTATES> 5
<STATE> 2
<MEAN> 13
 -8.799136e+00 -2.769983e+00 -5.521795e-01 -5.174442e+00 -1.331812e+00 -1.766726e+00 1.941520e+00 -7.795005e-01 -1.345413e+00 -1.057072e+00 8.964548e-01 -2.301842e+00 5.793806e+01
<VARIANCE> 13
 1.718922e+01 2.160385e+01 1.474430e+01 2.335535e+01 2.014090e+01 2.490166e+01 2.076528e+01 1.932234e+01 1.914510e+01 1.921059e+01 1.618501e+01 1.457967e+01 4.235522e+01
<GCONST> 6.298078e+01
<STATE> 3
<MEAN> 13
 -5.496094e+00 -3.696663e+00 -3.179524e+00 -4.866659e+00 -5.553188e-01 3.808586e-01 2.770364e+00 3.393047e-01 -5.984602e-01 6.515626e-01 1.112915e+00 -2.682748e+00 5.427949e+01
<VARIANCE> 13
 7.364053e+00 1.044836e+01 1.131855e+01 1.583663e+01 1.863828e+01 2.205553e+01 1.878810e+01 1.828411e+01 1.719217e+01 1.687969e+01 1.545313e+01 1.377638e+01 1.888545e+01
<GCONST> 5.925199e+01
<STATE> 4
<MEAN> 13
 -1.037938e+01 8.015465e-01 8.564113e-01 -2.565507e+00 2.866539e-01 -7.714235e-01 2.043296e+00 3.691112e-01 2.343820e-01 -1.639422e-01 7.358538e-01 -2.253570e+00 5.227851e+01
<VARIANCE> 13
 1.451804e+01 9.543075e+00 1.114126e+01 1.783688e+01 1.662577e+01 1.952525e+01 1.811142e+01 1.988699e+01 1.792111e+01 1.656499e+01 1.471006e+01 1.341636e+01 3.780523e+01
<GCONST> 6.039553e+01
<TRANSP> 5
 0.000000e+00 1.000000e+00 0.000000e+00 0.000000e+00 0.000000e+00
 0.000000e+00 9.856796e-01 1.432045e-02 0.000000e+00 0.000000e+00
 0.000000e+00 0.000000e+00 9.822129e-01 1.778708e-02 0.000000e+00
 0.000000e+00 0.000000e+00 0.000000e+00 9.912311e-01 8.768861e-03
 0.000000e+00 0.000000e+00 0.000000e+00 0.000000e+00 0.000000e+00
<ENDHMM>
~h "spe"
<BEGINHMM>
<NUMSTATES> 5
<STATE> 2
<MEAN> 13
 -2.397060e+00 -3.218262e+00 3.143587e-01 -6.685580e+00 -1.622481e+00 -9.824378e-01 4.032494e-01 -7.916181e-01 -2.553007e+00 1.164077e+00 4.736408e-01 -4.838532e+00 5.546452e+01
<VARIANCE> 13
 1.837134e+01 2.651202e+01 3.514503e+01 3.608417e+01 3.601697e+01 3.607368e+01 3.642944e+01 3.146324e+01 2.535577e+01 2.241488e+01 2.639414e+01 1.991112e+01 1.836877e+01
<GCONST> 6.695769e+01
<STATE> 3
<MEAN> 13
 -1.151106e+00 -4.941097e+00 3.035568e+00 -1.150424e+01 -4.247494e+00 -4.665078e+00 -5.009297e+00 -2.526036e+00 -2.247432e+00 -2.512946e+00 -5.404520e+00 -4.953832e+00 6.124458e+01
<VARIANCE> 13
 2.109843e+01 3.572264e+01 7.653176e+01 6.502867e+01 6.556718e+01 6.336018e+01 3.853629e+01 5.821634e+01 4.034312e+01 3.855814e+01 4.980894e+01 4.219316e+01 2.380779e+01
<GCONST> 7.324765e+01
<STATE> 4
<MEAN> 13
 -8.738214e-01 -2.854756e+00 -3.640650e-02 -3.820691e+00 -2.771842e+00 1.127063e-01 -5.067335e-01 -8.239109e-01 -1.744767e+00 -3.570447e-01 -1.409382e+00 -5.850119e+00 5.278010e+01
<VARIANCE> 13
 1.467435e+01 2.891999e+01 3.095234e+01 2.269337e+01 4.664281e+01 3.442747e+01 3.209847e+01 3.097524e+01 2.984428e+01 2.895655e+01 2.925923e+01 2.674923e+01 1.468916e+01
<GCONST> 6.689252e+01
<TRANSP> 5
 0.000000e+00 1.000000e+00 0.000000e+00 0.000000e+00 0.000000e+00
 0.000000e+00 9.881920e-01 1.180800e-02 0.000000e+00 0.000000e+00
 0.000000e+00 0.000000e+00 9.827599e-01 1.724013e-02 0.000000e+00
 0.000000e+00 0.000000e+00 0.000000e+00 9.959198e-01 4.080241e-03
 0.000000e+00 0.000000e+00 0.000000e+00 0.000000e+00 0.000000e+00
<ENDHMM>
