~o
<STREAMINFO> 1 39
<VECSIZE> 39<NULLD><MFCC_D_A_0><DIAGC>
~h "ap"
<BEGINHMM>
<NUMSTATES> 5
<STATE> 2
<NUMMIXES> 2
<MIXTURE> 1 7.998682e-01
<MEAN> 39
 -1.275789e+01 -9.851079e+00 -4.760417e+00 -2.239087e-01 1.079452e+00 -3.730811e+00 2.159667e+00 -3.498147e+00 -3.044230e+00 -9.853286e-01 6.812102e-01 -1.056309e+00 6.185659e+01 3.328429e-01 2.114964e-01 1.935675e-01 1.041608e-01 2.601211e-01 2.368666e-01 1.484637e-01 1.010329e-01 2.559912e-02 5.813443e-02 8.054167e-02 1.812771e-02 -7.911460e-01 -1.559699e-02 1.630136e-02 8.965955e-04 9.149992e-03 -2.522172e-02 -2.606313e-02 -1.226501e-02 2.109609e-02 1.052128e-02 -2.718515e-03 -5.037638e-03 9.828233e-03 1.634002e-02
<VARIANCE> 39
 2.099991e+01 3.155494e+01 2.692479e+01 2.186068e+01 2.985566e+01 3.141233e+01 2.433702e+01 2.482046e+01 2.125384e+01 1.938074e+01 1.765755e+01 1.530041e+01 7.993884e+01 1.143498e-01 2.417958e-01 3.710914e-01 6.307164e-01 9.038911e-01 1.059293e+00 1.063383e+00 1.202726e+00 1.328119e+00 1.326739e+00 1.280500e+00 1.243664e+00 7.851142e-02 2.295761e-02 4.750546e-02 7.299799e-02 1.262889e-01 1.790195e-01 2.200930e-01 2.076404e-01 2.389062e-01 2.646680e-01 2.820459e-01 2.648921e-01 2.663066e-01 1.615826e-02
<GCONST> 8.033214e+01
<MIXTURE> 2 2.001334e-01
<MEAN> 39
 -1.384347e+01 -7.616302e+00 -4.406910e+00 2.865284e-02 -1.270099e+00 -5.177526e+00 1.149088e+00 -1.180824e+00 -1.868958e+00 -9.024794e-01 -2.424701e-01 -1.048964e+00 6.352415e+01 -1.422675e+00 -1.162276e+00 -9.614070e-01 -3.861284e-01 -1.117328e+00 -1.224160e+00 -7.147765e-01 -4.781959e-01 -2.460143e-01 -3.423268e-01 -3.481539e-01 -9.330632e-02 3.684855e+00 7.672402e-02 -9.172218e-02 -3.220170e-02 -5.633593e-02 1.074783e-01 8.452854e-02 4.283658e-02 -7.509317e-02 -5.285957e-02 9.964800e-03 2.886030e-02 -4.529923e-02 -2.411486e-02
<VARIANCE> 39
 4.454018e+01 4.452489e+01 2.963084e+01 2.486325e+01 4.671717e+01 6.093083e+01 3.071037e+01 2.450983e+01 2.371974e+01 2.337275e+01 2.167578e+01 1.421671e+01 2.070392e+02 3.744746e+00 3.811610e+00 2.099680e+00 2.201068e+00 3.762162e+00 5.948110e+00 2.835171e+00 2.499291e+00 2.380769e+00 2.521632e+00 2.089632e+00 1.560816e+00 1.643354e+01 9.122561e-01 6.961219e-01 4.278935e-01 4.049914e-01 8.330352e-01 1.294096e+00 5.653137e-01 4.411804e-01 4.427961e-01 4.833343e-01 3.899052e-01 2.891073e-01 4.439788e+00
<GCONST> 1.271057e+02
<STATE> 3
<NUMMIXES> 2
<MIXTURE> 1 7.996072e-01
<MEAN> 39
 -1.051983e+01 -1.657575e+01 -1.038872e+01 1.718612e+00 1.034143e+00 -9.219028e+00 3.809824e-01 -2.401112e+00 -6.238678e+00 -3.754656e+00 6.612225e-01 -1.582260e+00 6.877589e+01 2.828060e-01 1.710978e-01 2.452290e-01 2.358226e-01 3.480342e-01 2.363433e-01 1.443564e-01 3.347047e-02 2.534471e-02 3.619369e-02 7.639691e-02 5.997714e-02 -9.052796e-01 -8.319047e-03 2.621154e-02 1.124850e-02 1.984156e-02 -2.133513e-02 -1.413458e-02 -1.143464e-02 2.224959e-02 1.787001e-02 1.017659e-02 6.304661e-03 2.436977e-02 8.787605e-03
<VARIANCE> 39
 1.062580e+01 1.889760e+01 1.655261e+01 2.237452e+01 3.025426e+01 1.887696e+01 2.555466e+01 1.947266e+01 2.355757e+01 2.146735e+01 1.540230e+01 1.603845e+01 5.895632e+01 8.760633e-02 2.005642e-01 3.026158e-01 5.820710e-01 9.277321e-01 1.027494e+00 8.989699e-01 1.032107e+00 1.446131e+00 1.408465e+00 1.139685e+00 1.601633e+00 3.655419e-02 1.878967e-02 3.994343e-02 6.257915e-02 1.278794e-01 1.926503e-01 2.229905e-01 1.837016e-01 1.933750e-01 3.019122e-01 3.025292e-01 2.303832e-01 3.683527e-01 1.182148e-02
<GCONST> 7.556155e+01
<MIXTURE> 2 2.003940e-01
<MEAN> 39
 -1.138323e+01 -1.490958e+01 -1.019756e+01 2.103837e+00 -9.265059e-01 -1.000651e+01 -1.176358e+00 -1.107446e+00 -4.883076e+00 -3.665599e+00 6.958579e-02 -1.002900e+00 7.126957e+01 -6.940552e-01 -5.951265e-01 -7.979228e-01 -7.792881e-01 -9.227123e-01 -6.226340e-01 -3.715920e-01 -1.838311e-01 -1.409253e-01 -1.436792e-01 -1.504586e-01 -2.403677e-01 2.461514e+00 8.868566e-02 4.788502e-02 7.373981e-02 -1.944016e-02 1.615679e-01 1.869756e-01 1.161082e-01 -3.716288e-02 -2.993656e-03 2.334168e-02 -1.952771e-02 -7.635251e-02 -3.292409e-01
<VARIANCE> 39
 2.306379e+01 2.733488e+01 2.180186e+01 2.696169e+01 4.429912e+01 3.515480e+01 3.593951e+01 1.932013e+01 2.794216e+01 2.233379e+01 2.100787e+01 1.477915e+01 1.610688e+02 1.826986e+00 2.129849e+00 1.391512e+00 1.627369e+00 3.280999e+00 3.543247e+00 2.715128e+00 1.678674e+00 2.319795e+00 1.866086e+00 1.758675e+00 1.611905e+00 1.263417e+01 4.359141e-01 4.724926e-01 3.542638e-01 3.434347e-01 8.109306e-01 8.466107e-01 5.254655e-01 3.341870e-01 4.444927e-01 3.508736e-01 3.182373e-01 3.150718e-01 3.743892e+00
<GCONST> 1.181997e+02
<STATE> 4
<NUMMIXES> 2
<MIXTURE> 1 8.704469e-01
<MEAN> 39
 -8.130979e+00 -1.063185e+01 -3.106651e+00 2.369109e+00 -3.107272e-01 -2.759013e+00 4.152945e+00 -2.083428e+00 -3.364776e+00 3.330163e-01 1.185275e+00 -1.854293e+00 5.627809e+01 1.973398e-01 2.827915e-01 1.461531e-01 4.800642e-02 1.352191e-01 1.934635e-01 7.489019e-02 1.454879e-01 6.977693e-02 6.963044e-02 2.804483e-02 -9.468101e-03 -5.855047e-01 -1.348791e-02 6.816240e-03 -1.356449e-03 -1.665844e-03 -2.359428e-02 -1.343562e-02 -8.204808e-03 4.296141e-03 -1.420269e-03 -8.050532e-04 -1.967371e-03 7.456957e-03 1.983495e-02
<VARIANCE> 39
 1.677012e+01 7.125255e+01 1.772018e+01 2.250953e+01 3.072292e+01 3.144423e+01 1.857379e+01 3.191396e+01 2.426626e+01 1.842230e+01 1.571581e+01 1.366317e+01 1.084054e+02 1.288802e-01 2.812021e-01 3.952397e-01 6.426819e-01 9.420217e-01 1.041323e+00 1.110004e+00 1.247792e+00 1.373578e+00 1.409860e+00 1.247406e+00 1.126191e+00 1.534136e-01 2.221339e-02 4.907449e-02 7.831912e-02 1.252646e-01 1.876590e-01 2.146790e-01 2.226394e-01 2.430219e-01 2.835218e-01 3.001520e-01 2.508785e-01 2.287325e-01 7.355956e-03
<GCONST> 8.110387e+01
<MIXTURE> 2 1.295529e-01
<MEAN> 39
 -1.110801e+01 -1.037468e+01 -3.933946e+00 2.267328e+00 -4.133313e+00 -4.462185e+00 3.116340e+00 -1.556064e+00 -3.093767e+00 2.402181e-01 -2.481610e-01 -1.552825e+00 6.279673e+01 -1.204907e+00 -1.505597e+00 -6.919535e-01 -2.917444e-01 -1.041300e+00 -1.006437e+00 -3.498008e-01 -7.674891e-01 -1.857335e-01 -2.294757e-01 -2.340530e-01 3.146517e-03 3.358214e+00 6.988338e-02 -5.866294e-02 -2.003955e-02 -1.492546e-02 1.226644e-01 5.088334e-02 2.322529e-02 -3.297741e-02 -2.566003e-02 -2.114321e-02 -1.343333e-02 -6.024977e-02 -9.369341e-02
<VARIANCE> 39
 3.698477e+01 8.828961e+01 2.132470e+01 2.682167e+01 4.640402e+01 4.846329e+01 2.245053e+01 3.146782e+01 2.292116e+01 1.840344e+01 2.053400e+01 1.438145e+01 2.610475e+02 3.237100e+00 7.045208e+00 1.537944e+00 2.546346e+00 4.016996e+00 4.340263e+00 1.911589e+00 2.664765e+00 2.293782e+00 1.992930e+00 1.962534e+00 1.428475e+00 2.008053e+01 7.568767e-01 1.379418e+00 2.974721e-01 4.950913e-01 8.872520e-01 9.250066e-01 3.612333e-01 5.494201e-01 4.325840e-01 3.823730e-01 4.037755e-01 2.555458e-01 5.032063e+00
<GCONST> 1.260804e+02
<TRANSP> 5
 0.000000e+00 1.000000e+00 0.000000e+00 0.000000e+00 0.000000e+00
 0.000000e+00 9.921541e-01 7.845880e-03 0.000000e+00 0.000000e+00
 0.000000e+00 0.000000e+00 9.866933e-01 1.330666e-02 0.000000e+00
 0.000000e+00 0.000000e+00 0.000000e+00 9.880254e-01 1.197459e-02
 0.000000e+00 0.000000e+00 0.000000e+00 0.000000e+00 0.000000e+00
<ENDHMM>
~h "cl"
<BEGINHMM>
<NUMSTATES> 5
<STATE> 2
<NUMMIXES> 2
<MIXTURE> 1 7.395194e-01
<MEAN> 39
 -1.128259e+01 -1.247174e+00 -1.799524e+00 -2.916691e+00 -6.737896e-01 6.762186e+00 3.302959e+00 -6.138529e-01 2.942321e+00 -2.108781e-01 -2.208949e+00 1.237384e+00 5.371878e+01 3.242463e-01 -4.749667e-02 -5.502154e-03 3.868167e-02 1.045213e-01 2.625753e-02 6.677178e-02 5.312599e-02 -4.595469e-02 4.921912e-02 1.023380e-01 -9.936814e-02 -2.858518e-01 -1.870954e-02 1.170599e-02 -5.024381e-04 3.627343e-03 -3.341544e-03 -1.467841e-02 1.537793e-03 7.078787e-03 -1.237405e-02 6.077868e-04 -3.744745e-03 4.711404e-03 1.662577e-02
<VARIANCE> 39
 3.114709e+01 2.407713e+01 2.297284e+01 1.383575e+01 1.737407e+01 4.375266e+01 1.941154e+01 2.345676e+01 3.183872e+01 2.187180e+01 2.516614e+01 2.487882e+01 3.021303e+01 3.332810e-01 3.972174e-01 5.187034e-01 6.906713e-01 9.687533e-01 1.251463e+00 1.350623e+00 1.532720e+00 1.660627e+00 1.339555e+00 1.402433e+00 1.330590e+00 1.527018e-01 5.929420e-02 6.670427e-02 9.278937e-02 1.307671e-01 1.897921e-01 2.327833e-01 2.637326e-01 2.916834e-01 3.202639e-01 2.708817e-01 2.791863e-01 2.637293e-01 2.135946e-02
<GCONST> 8.609416e+01
<MIXTURE> 2 2.604804e-01
<MEAN> 39
 -1.428086e+01 -3.296852e-02 -4.942321e-01 -2.628045e+00 -1.970169e+00 5.497930e+00 2.466349e+00 -8.827021e-01 2.586701e+00 3.151270e-01 -2.511637e+00 1.691148e+00 5.605186e+01 -2.044189e+00 3.003960e-01 1.670648e-01 -1.753090e-01 -7.222558e-01 4.512444e-01 -4.136457e-01 -7.685284e-01 5.407560e-01 -2.453667e-01 -8.276947e-01 6.298723e-01 1.678376e+00 4.914726e-02 -5.185730e-02 2.736108e-02 -5.724678e-02 -1.706043e-02 1.155475e-01 -2.853432e-02 -9.558323e-02 4.229426e-02 -2.505568e-02 -4.799801e-02 2.225523e-02 -5.071504e-02
<VARIANCE> 39
 5.660616e+01 3.529428e+01 2.758191e+01 1.739795e+01 2.253526e+01 6.241267e+01 2.724545e+01 3.044173e+01 3.593466e+01 3.421898e+01 3.264732e+01 2.728363e+01 8.147992e+01 4.671970e+00 1.987493e+00 1.261601e+00 1.398730e+00 2.251263e+00 4.742247e+00 2.797712e+00 3.409191e+00 3.399995e+00 3.255533e+00 2.983325e+00 2.818910e+00 4.162318e+00 1.127748e+00 2.912769e-01 1.806478e-01 2.307140e-01 4.063043e-01 7.391825e-01 4.745522e-01 5.430027e-01 5.657119e-01 6.263191e-01 5.581545e-01 4.856496e-01 9.405890e-01
<GCONST> 1.218521e+02
<STATE> 3
<NUMMIXES> 2
<MIXTURE> 1 6.304785e-01
<MEAN> 39
 -2.055408e+01 3.236738e+00 2.862914e-01 -5.740768e+00 -4.155500e+00 1.366603e+01 6.816981e-01 -3.866166e+00 8.410098e+00 -3.676010e+00 -3.794100e+00 5.832910e+00 5.881654e+01 5.483989e-01 -1.848442e-02 -8.858670e-03 4.110047e-03 8.340023e-02 6.126544e-02 -1.922366e-03 1.073014e-01 1.141285e-01 1.356345e-01 1.444388e-01 -1.305470e-02 -4.143137e-01 -1.993176e-02 -7.073812e-03 -2.314849e-02 4.890983e-02 -1.508821e-02 -1.055684e-01 3.104309e-02 3.626898e-02 -4.775492e-02 1.582102e-02 2.861304e-02 -2.639588e-03 1.856780e-02
<VARIANCE> 39
 3.184799e+01 6.740407e+00 1.653902e+01 1.023887e+01 1.489067e+01 2.385080e+01 2.186938e+01 1.895149e+01 2.081086e+01 1.894703e+01 1.825898e+01 1.772742e+01 1.443600e+01 3.367792e-01 3.160416e-01 5.664594e-01 7.696897e-01 9.939111e-01 1.439897e+00 1.446934e+00 1.438705e+00 1.439007e+00 1.438068e+00 1.421373e+00 1.365044e+00 1.725885e-01 1.146860e-01 6.237688e-02 1.188428e-01 1.507322e-01 2.032122e-01 2.993696e-01 3.121381e-01 3.036574e-01 2.993673e-01 2.966295e-01 2.944337e-01 2.844988e-01 6.357908e-02
<GCONST> 8.438430e+01
<MIXTURE> 2 3.695219e-01
<MEAN> 39
 -1.839140e+01 2.211767e+00 -8.326079e-01 -4.742815e+00 -4.445526e+00 9.376072e+00 4.156526e-01 -3.352047e+00 6.274895e+00 -3.458177e+00 -2.836013e+00 4.616340e+00 5.896774e+01 -8.360294e-01 1.483706e-02 -1.353854e-02 5.373038e-03 -1.196892e-01 -1.262886e-01 1.223968e-02 -1.894660e-01 -2.303144e-01 -2.328332e-01 -2.240188e-01 5.762285e-03 6.448933e-01 5.840629e-02 8.611674e-03 3.904298e-02 -8.342380e-02 3.298059e-02 1.624836e-01 -5.239778e-02 -4.911220e-02 7.289162e-02 -1.847208e-02 -3.791124e-02 -2.212577e-03 -4.909874e-02
<VARIANCE> 39
 7.986674e+01 1.407674e+01 2.471524e+01 1.596693e+01 2.169819e+01 4.107105e+01 3.217189e+01 2.789120e+01 3.308829e+01 2.243614e+01 2.073739e+01 2.263432e+01 3.135420e+01 2.981239e+00 7.770333e-01 1.108526e+00 1.167233e+00 1.619350e+00 2.984927e+00 2.545197e+00 2.196545e+00 2.280570e+00 1.857746e+00 1.714783e+00 2.020821e+00 1.565851e+00 6.794109e-01 1.281502e-01 1.850320e-01 2.210613e-01 2.934902e-01 4.910706e-01 4.430525e-01 4.174791e-01 4.308813e-01 3.787533e-01 3.391045e-01 3.514814e-01 3.660640e-01
<GCONST> 1.078009e+02
<STATE> 4
<NUMMIXES> 2
<MIXTURE> 1 6.649234e-01
<MEAN> 39
 -2.120394e+01 9.349608e-01 6.991539e+00 -3.318919e+00 -6.704185e+00 1.105429e+01 1.558282e+00 -7.319801e+00 3.000534e+00 4.398817e+00 -1.165634e+01 4.981813e+00 5.677662e+01 5.337495e-01 7.515524e-02 2.088522e-01 -1.004601e-01 1.463739e-02 1.513997e-01 4.501997e-02 -1.067758e-01 3.851944e-01 6.463049e-02 8.202704e-03 1.077664e-01 -6.034182e-01 -4.669102e-02 1.893917e-02 -5.528337e-02 4.124834e-02 1.772296e-02 -1.048371e-01 1.779228e-02 9.733628e-02 -8.696292e-03 2.256415e-02 3.357722e-02 -3.870269e-02 3.036316e-02
<VARIANCE> 39
 4.082787e+01 7.511937e+00 1.381784e+01 1.631421e+01 2.765610e+01 2.760703e+01 2.767059e+01 4.517847e+01 3.316937e+01 2.907315e+01 3.054800e+01 3.172854e+01 3.309779e+01 2.177440e-01 3.412907e-01 6.559198e-01 7.559388e-01 9.998084e-01 1.285301e+00 1.337437e+00 1.558353e+00 1.770338e+00 1.478645e+00 1.396561e+00 1.419269e+00 1.411491e-01 8.451611e-02 7.601305e-02 1.409694e-01 1.617900e-01 2.147871e-01 2.851157e-01 2.857003e-01 3.493913e-01 4.078797e-01 3.390842e-01 3.038300e-01 3.111986e-01 7.512963e-02
<GCONST> 9.035902e+01
<MIXTURE> 2 3.350807e-01
<MEAN> 39
 -2.399818e+01 1.283268e+00 5.181189e+00 -2.378763e+00 -6.329549e+00 9.465739e+00 1.735910e+00 -5.641375e+00 2.571941e+00 4.470839e+00 -1.139506e+01 4.526969e+00 5.929224e+01 -9.078871e-01 -1.651939e-01 -3.963386e-01 1.678979e-01 -1.253734e-02 -3.460016e-01 -1.199018e-01 2.312776e-01 -7.733983e-01 -1.439921e-01 2.523868e-02 -2.266279e-01 1.081264e+00 9.079254e-02 -3.455730e-02 1.029964e-01 -7.793473e-02 -3.173287e-02 1.967460e-01 -3.770484e-02 -1.850139e-01 1.384361e-02 -4.416640e-02 -6.246924e-02 7.119625e-02 -6.065387e-02
<VARIANCE> 39
 3.457267e+01 1.141937e+01 1.720994e+01 1.704775e+01 2.525090e+01 3.352812e+01 3.280359e+01 4.725958e+01 3.651596e+01 2.952917e+01 2.596023e+01 2.609192e+01 3.419844e+01 2.139023e+00 8.375252e-01 1.461896e+00 1.365342e+00 1.937483e+00 3.443447e+00 2.275601e+00 4.336077e+00 3.403272e+00 2.775190e+00 2.259573e+00 2.574316e+00 1.698836e+00 5.435930e-01 1.457031e-01 2.913200e-01 2.559638e-01 3.150538e-01 5.656236e-01 3.863407e-01 6.385590e-01 7.305526e-01 4.565470e-01 3.894137e-01 4.622942e-01 5.665433e-01
<GCONST> 1.128184e+02
<TRANSP> 5
 0.000000e+00 1.000000e+00 0.000000e+00 0.000000e+00 0.000000e+00
 0.000000e+00 9.576776e-01 4.232243e-02 0.000000e+00 0.000000e+00
 0.000000e+00 0.000000e+00 9.917984e-01 8.201621e-03 0.000000e+00
 0.000000e+00 0.000000e+00 0.000000e+00 9.936175e-01 6.382460e-03
 0.000000e+00 0.000000e+00 0.000000e+00 0.000000e+00 0.000000e+00
<ENDHMM>
~h "cm"
<BEGINHMM>
<NUMSTATES> 5
<STATE> 2
<NUMMIXES> 2
<MIXTURE> 1 6.998772e-01
<MEAN> 39
 -9.255804e+00 -5.515043e-01 -2.170457e+00 -3.515383e+00 -1.414985e-01 1.186578e-01 -1.153090e+00 -7.665665e-01 -2.593146e+00 -7.265364e-01 3.618524e-01 -2.099722e+00 6.017598e+01 -1.980868e-02 8.005993e-02 3.757617e-02 7.776623e-02 9.935139e-02 1.666998e-01 1.204112e-01 9.916984e-02 5.323336e-02 7.498602e-02 6.951596e-02 2.311003e-02 -9.728562e-02 -1.079764e-02 -4.400564e-03 -1.193744e-02 -2.453247e-02 -3.846637e-02 -4.746494e-02 -3.781604e-02 -1.674648e-02 -2.097643e-02 -2.131401e-02 -1.954825e-02 -1.565348e-02 2.302144e-02
<VARIANCE> 39
 1.969754e+01 1.704197e+01 1.323813e+01 1.467254e+01 1.432802e+01 1.581630e+01 1.807378e+01 1.979075e+01 2.022564e+01 1.780107e+01 1.727510e+01 1.387352e+01 5.855853e+01 2.374280e-01 3.761064e-01 5.103160e-01 7.564480e-01 8.898778e-01 1.133575e+00 1.211413e+00 1.352187e+00 1.463182e+00 1.398490e+00 1.335489e+00 1.194821e+00 2.697626e-01 3.477332e-02 6.431004e-02 8.981258e-02 1.330746e-01 1.745892e-01 2.285144e-01 2.353572e-01 2.685030e-01 2.836975e-01 2.777847e-01 2.657741e-01 2.276066e-01 2.123045e-02
<GCONST> 8.079741e+01
<MIXTURE> 2 3.001247e-01
<MEAN> 39
 -9.710662e+00 -1.780116e+00 -3.047498e+00 -5.190789e+00 -2.000295e+00 -2.550241e+00 -3.056732e+00 -1.759410e+00 -3.404304e+00 -1.789013e+00 -6.093298e-01 -2.109946e+00 6.437688e+01 1.726610e-01 -1.971784e-01 -1.389652e-01 -2.535699e-01 -3.410928e-01 -4.830381e-01 -4.040640e-01 -3.670548e-01 -2.625872e-01 -2.423855e-01 -2.869156e-01 -4.474339e-02 1.017484e+00 3.840211e-02 2.452058e-02 2.401867e-02 6.940728e-02 1.047855e-01 1.430432e-01 1.171464e-01 5.437209e-02 5.191564e-02 7.592393e-02 7.929984e-02 4.225601e-02 -6.959593e-02
<VARIANCE> 39
 1.787551e+01 2.062260e+01 1.798384e+01 1.990966e+01 1.964579e+01 1.941031e+01 2.258698e+01 2.361913e+01 2.291769e+01 1.985296e+01 1.986268e+01 1.691035e+01 7.003539e+01 1.055272e+00 1.280821e+00 1.228273e+00 1.444853e+00 1.685180e+00 1.933441e+00 1.897561e+00 2.031655e+00 1.979667e+00 1.815909e+00 1.730303e+00 1.618364e+00 1.740739e+00 1.420651e-01 2.067627e-01 2.270632e-01 2.780052e-01 3.316034e-01 3.621655e-01 3.704909e-01 3.898169e-01 3.983658e-01 3.623602e-01 3.174564e-01 3.073888e-01 3.210233e-01
<GCONST> 1.024023e+02
<STATE> 3
<NUMMIXES> 2
<MIXTURE> 1 4.573046e-01
<MEAN> 39
 -1.305874e+01 -3.453484e-01 -3.222652e+00 -5.225369e+00 -2.592600e-01 9.380303e-01 -1.438866e+00 1.272147e-01 -2.682404e+00 2.504441e-01 2.399342e+00 -8.894508e-01 5.938919e+01 1.205136e-01 1.140329e-01 2.274531e-01 3.547781e-01 3.725170e-01 3.100296e-01 2.898278e-01 2.615038e-01 2.520662e-01 1.793743e-01 4.869458e-02 -9.274234e-03 1.548970e-01 2.982455e-02 2.815914e-02 2.906225e-02 2.957475e-02 2.635118e-02 -1.213731e-02 -3.506376e-02 -1.520775e-02 2.286527e-02 4.178528e-02 4.016563e-02 4.664433e-02 2.151239e-03
<VARIANCE> 39
 8.001895e+00 1.108714e+01 1.052451e+01 1.200448e+01 1.503762e+01 1.601168e+01 1.798377e+01 1.931753e+01 1.755146e+01 1.615741e+01 1.640339e+01 1.496205e+01 2.274559e+01 2.630916e-01 3.960899e-01 5.118572e-01 7.150839e-01 8.884553e-01 1.133439e+00 1.299070e+00 1.434174e+00 1.421456e+00 1.391869e+00 1.336196e+00 1.223338e+00 2.974287e-01 4.299828e-02 6.896423e-02 1.086704e-01 1.549709e-01 2.002513e-01 2.484415e-01 2.753371e-01 2.927953e-01 2.916494e-01 2.822770e-01 2.496355e-01 2.402920e-01 4.048751e-02
<GCONST> 7.999390e+01
<MIXTURE> 2 5.426949e-01
<MEAN> 39
 -1.371599e+01 -9.676145e-02 -2.940319e+00 -5.051637e+00 2.735632e-01 1.199586e+00 -1.978801e+00 -1.975407e-01 -2.577402e+00 1.362835e+00 3.894040e+00 4.647632e-01 5.888035e+01 -1.506220e-02 -1.070574e-01 -1.992715e-01 -2.693468e-01 -2.707337e-01 -2.659687e-01 -2.823775e-01 -2.638950e-01 -2.506084e-01 -1.840948e-01 -1.046082e-01 -1.626425e-02 6.591251e-02 1.337866e-02 -1.648067e-02 -2.089418e-02 -1.958558e-02 -3.602592e-02 -1.955113e-02 1.265349e-02 -2.348697e-03 -4.006792e-02 -7.429651e-02 -7.676546e-02 -7.233114e-02 6.124056e-03
<VARIANCE> 39
 5.811980e+00 1.129872e+01 8.534010e+00 1.083132e+01 1.328706e+01 1.424916e+01 1.655085e+01 1.836649e+01 1.594352e+01 1.587275e+01 1.804716e+01 1.606847e+01 1.306322e+01 1.878598e-01 3.038331e-01 4.171041e-01 6.510068e-01 8.385683e-01 1.063720e+00 1.175183e+00 1.209988e+00 1.242945e+00 1.176354e+00 1.213017e+00 1.170687e+00 1.418374e-01 2.272107e-02 5.310683e-02 8.278912e-02 1.341072e-01 1.772868e-01 2.347669e-01 2.620424e-01 2.630474e-01 2.684862e-01 2.528594e-01 2.522300e-01 2.351967e-01 9.179805e-03
<GCONST> 7.269070e+01
<STATE> 4
<NUMMIXES> 2
<MIXTURE> 1 5.037313e-01
<MEAN> 39
 -5.098659e+00 1.521230e+00 -1.482669e+00 -2.390404e+00 6.161260e-01 -1.889345e-01 -2.122141e+00 -2.123831e+00 -3.697698e+00 -2.103864e+00 -9.246367e-01 -2.652110e+00 6.402731e+01 4.936306e-02 1.026492e-01 1.379337e-01 1.980009e-01 2.167273e-01 1.915965e-01 2.026168e-01 1.139626e-01 1.017219e-01 8.360878e-02 9.617802e-02 3.483091e-02 -3.888179e-01 -8.784520e-03 -1.650089e-02 -3.325162e-02 -5.425026e-02 -6.449270e-02 -6.751361e-02 -5.933829e-02 -2.860789e-02 -3.974264e-02 -5.005624e-02 -5.275532e-02 -2.745674e-02 1.198524e-02
<VARIANCE> 39
 1.059540e+01 9.404300e+00 1.113735e+01 1.068658e+01 1.199361e+01 1.203977e+01 1.447610e+01 1.708197e+01 1.692810e+01 1.519895e+01 1.406726e+01 1.264576e+01 6.272094e+01 1.646352e-01 2.584622e-01 4.060952e-01 6.047433e-01 7.961591e-01 9.680812e-01 1.101852e+00 1.195281e+00 1.294809e+00 1.303664e+00 1.224186e+00 1.121237e+00 1.712455e-01 2.377906e-02 4.595211e-02 7.664382e-02 1.166333e-01 1.546642e-01 1.939106e-01 2.177510e-01 2.376941e-01 2.578689e-01 2.588178e-01 2.442547e-01 2.246518e-01 1.250235e-02
<GCONST> 7.294472e+01
<MIXTURE> 2 4.962677e-01
<MEAN> 39
 -5.776772e+00 -5.893060e-01 -4.040877e+00 -5.599788e+00 -2.501745e+00 -2.914318e+00 -4.279108e+00 -2.867405e+00 -4.559942e+00 -2.943850e+00 -2.413174e+00 -3.108429e+00 7.192293e+01 7.009429e-02 -5.608903e-02 -6.515484e-02 -1.018906e-01 -1.392926e-01 -1.576445e-01 -1.618221e-01 -1.570956e-01 -1.078028e-01 -1.042283e-01 -9.983412e-02 -4.738164e-02 8.130888e-02 -5.862362e-03 1.283631e-02 3.378484e-02 5.627592e-02 7.150442e-02 8.114602e-02 6.880779e-02 3.376053e-02 4.659482e-02 5.688366e-02 6.500849e-02 3.947029e-02 -3.694173e-02
<VARIANCE> 39
 6.352186e+00 8.440496e+00 9.546172e+00 1.181665e+01 1.163618e+01 1.075039e+01 1.370946e+01 1.677179e+01 1.615715e+01 1.467449e+01 1.395160e+01 1.254068e+01 3.317547e+01 2.587551e-01 3.302143e-01 5.115485e-01 7.319547e-01 9.042755e-01 1.059493e+00 1.208506e+00 1.266848e+00 1.338639e+00 1.338836e+00 1.333436e+00 1.199956e+00 4.524737e-01 4.068896e-02 6.066401e-02 9.756739e-02 1.426780e-01 1.779796e-01 2.088125e-01 2.423784e-01 2.542610e-01 2.699663e-01 2.765937e-01 2.642125e-01 2.419299e-01 4.459759e-02
<GCONST> 7.717525e+01
<TRANSP> 5
 0.000000e+00 1.000000e+00 0.000000e+00 0.000000e+00 0.000000e+00
 0.000000e+00 9.616367e-01 3.836327e-02 0.000000e+00 0.000000e+00
 0.000000e+00 0.000000e+00 9.589186e-01 4.108142e-02 0.000000e+00
 0.000000e+00 0.000000e+00 0.000000e+00 9.855471e-01 1.445286e-02
 0.000000e+00 0.000000e+00 0.000000e+00 0.000000e+00 0.000000e+00
<ENDHMM>
~h "co"
<BEGINHMM>
<NUMSTATES> 5
<STATE> 2
<NUMMIXES> 2
<MIXTURE> 1 6.330122e-01
<MEAN> 39
 -8.075239e+00 -5.027524e+00 2.424697e+00 -1.886344e+00 -1.100358e+01 -6.469713e+00 -3.681152e+00 -1.492240e+00 -2.647552e+00 -5.236998e+00 -5.585834e+00 -7.552787e+00 6.676315e+01 -8.015925e-01 -8.592649e-02 2.435643e-01 -3.878387e-02 6.614212e-01 1.243803e-01 4.798093e-01 -5.118710e-01 -8.912674e-01 -2.877429e-01 4.748652e-01 2.172008e-01 1.456207e+00 1.378838e-01 -1.475250e-01 -1.568561e-01 1.020604e-01 4.658086e-02 7.621361e-02 2.228718e-02 1.604212e-01 3.151236e-01 3.496025e-01 1.031547e-01 7.294607e-02 -3.953937e-01
<VARIANCE> 39
 2.109817e+01 2.721345e+01 1.987395e+01 3.399646e+01 6.218489e+01 5.704557e+01 5.839723e+01 5.312719e+01 2.754707e+01 3.707739e+01 3.485788e+01 2.457290e+01 9.942895e+01 8.074694e-01 1.199785e+00 1.099904e+00 1.353225e+00 2.562684e+00 2.531114e+00 2.901319e+00 2.489316e+00 2.514539e+00 2.556437e+00 1.397895e+00 2.083968e+00 1.555084e+00 1.209247e-01 1.902034e-01 2.109402e-01 1.827162e-01 4.169565e-01 5.028206e-01 4.681243e-01 4.313412e-01 3.441870e-01 3.684290e-01 3.225275e-01 3.672252e-01 3.000970e-01
<GCONST> 1.110328e+02
<MIXTURE> 2 3.669878e-01
<MEAN> 39
 -6.095975e+00 -6.905084e+00 -2.403982e+00 -4.714464e-01 -1.570131e+01 -6.618302e+00 -4.869064e+00 -4.568920e-01 5.497682e+00 4.799600e-01 -1.678044e+00 -7.143291e+00 6.047047e+01 -3.682661e-01 -2.321187e-01 2.663758e-01 -7.261732e-01 -1.864846e+00 -1.784684e+00 -9.879045e-01 -9.236911e-01 -9.101446e-01 -1.450244e+00 -1.318458e+00 -9.421340e-01 3.535109e+00 -1.828728e-01 2.826392e-01 1.212043e-01 -2.303991e-02 6.758108e-01 2.876016e-01 2.702310e-01 -1.215116e-01 -5.319103e-01 -2.736827e-01 1.707768e-01 -4.194319e-03 1.166292e-01
<VARIANCE> 39
 1.507055e+01 3.547939e+01 4.192242e+01 3.820287e+01 1.070951e+02 6.521503e+01 9.207376e+01 8.180176e+01 6.423215e+01 3.730053e+01 5.585248e+01 4.657115e+01 8.305827e+01 1.154968e+00 2.897054e+00 2.581928e+00 2.340332e+00 8.294031e+00 3.289544e+00 4.049566e+00 4.412228e+00 5.905916e+00 3.862516e+00 2.608489e+00 2.882916e+00 3.467865e+00 1.347770e-01 3.655819e-01 2.918465e-01 3.057748e-01 8.932074e-01 5.815396e-01 7.944672e-01 6.808572e-01 6.971912e-01 6.119733e-01 4.876324e-01 6.008328e-01 5.611520e-01
<GCONST> 1.294115e+02
<STATE> 3
<NUMMIXES> 2
<MIXTURE> 1 7.540342e-01
<MEAN> 39
 -6.473584e+00 -6.267146e+00 -3.838162e-01 -2.077029e+00 -6.440129e+00 -7.917038e+00 -6.159127e+00 -7.657293e+00 -5.799099e+00 -4.596110e+00 -3.544165e+00 -8.828110e+00 6.759584e+01 1.916133e-01 2.402895e-02 2.471278e-02 1.596117e-01 4.489274e-01 1.288457e-01 2.900460e-02 -1.280081e-01 -8.271170e-03 1.638159e-01 1.344872e-01 8.467820e-02 -5.697929e-01 2.650728e-02 1.904455e-02 3.893628e-03 4.231835e-03 -6.788865e-02 -1.766613e-02 -1.861885e-02 2.937385e-02 3.547927e-02 -1.737307e-02 -5.309674e-02 -2.075263e-02 -2.923719e-02
<VARIANCE> 39
 1.876199e+01 9.765929e+00 2.292609e+01 2.025256e+01 2.423705e+01 2.862887e+01 4.923396e+01 5.436920e+01 3.540231e+01 3.709587e+01 3.405780e+01 3.914810e+01 4.145722e+01 1.999484e-01 3.565117e-01 6.222006e-01 8.134373e-01 1.106581e+00 1.191613e+00 1.446183e+00 1.655736e+00 1.827539e+00 1.723336e+00 1.535414e+00 1.411722e+00 1.492447e-01 4.341168e-02 7.353967e-02 1.209062e-01 1.759167e-01 2.305783e-01 2.499145e-01 3.021746e-01 3.347974e-01 3.865255e-01 3.658254e-01 3.199819e-01 2.941262e-01 3.023551e-02
<GCONST> 9.084955e+01
<MIXTURE> 2 2.459655e-01
<MEAN> 39
 -6.226654e+00 -6.540433e+00 -5.759533e-01 -2.029282e+00 -1.020558e+01 -8.282304e+00 -6.663741e+00 -6.916093e+00 -2.650875e+00 -3.748257e+00 -5.867974e+00 -1.012935e+01 6.737331e+01 -1.510977e-01 -8.897669e-02 -3.824813e-02 -2.727914e-01 -8.721259e-01 -2.688519e-01 -3.655763e-01 1.441017e-01 3.733801e-02 -3.279838e-01 -3.512199e-01 -3.438151e-01 1.019966e+00 -4.440947e-02 -3.010886e-02 2.203082e-02 1.249763e-02 1.767103e-01 6.316350e-02 4.378686e-02 -6.490553e-02 -7.579304e-02 4.000433e-02 1.281702e-01 6.007573e-02 1.708204e-02
<VARIANCE> 39
 1.218358e+01 1.707425e+01 2.575856e+01 2.772479e+01 4.728265e+01 3.722403e+01 4.983775e+01 6.017240e+01 5.649802e+01 4.187690e+01 4.249514e+01 4.021175e+01 4.947381e+01 1.010139e+00 1.828688e+00 1.727951e+00 2.188453e+00 4.981458e+00 2.893054e+00 3.858348e+00 3.832851e+00 6.554533e+00 3.664848e+00 3.797385e+00 2.589742e+00 2.374805e+00 1.036949e-01 3.592713e-01 2.692330e-01 3.690460e-01 9.987777e-01 5.146716e-01 5.974287e-01 6.602691e-01 1.295498e+00 7.210394e-01 7.174324e-01 4.489957e-01 4.234512e-01
<GCONST> 1.225594e+02
<STATE> 4
<NUMMIXES> 2
<MIXTURE> 1 7.324359e-01
<MEAN> 39
 -3.339623e+00 -2.378612e+00 4.504329e+00 2.694816e+00 7.457250e-01 -2.191417e+00 -3.739656e+00 -4.722225e+00 -3.984391e+00 -4.014133e+00 -3.401732e+00 -7.482192e+00 5.480030e+01 8.962762e-02 2.013184e-01 -1.753792e-02 1.410823e-02 1.938760e-01 1.608696e-01 1.888683e-01 1.804962e-01 2.018979e-02 4.037153e-02 1.424298e-02 5.658600e-02 -5.096515e-01 -9.097458e-03 -8.275681e-03 -2.382652e-02 -2.015285e-02 -4.047198e-02 -1.577752e-02 -1.312211e-02 5.409218e-03 8.414670e-03 5.069914e-05 -6.840664e-03 -9.623745e-03 1.601596e-02
<VARIANCE> 39
 1.252034e+01 1.820594e+01 1.734076e+01 2.343588e+01 2.193515e+01 2.518328e+01 4.208455e+01 3.842675e+01 2.913575e+01 2.958860e+01 2.569716e+01 2.118470e+01 4.524720e+01 1.950891e-01 3.063852e-01 5.314609e-01 6.946291e-01 8.605701e-01 1.040947e+00 1.219306e+00 1.271265e+00 1.351937e+00 1.442208e+00 1.364368e+00 1.151160e+00 1.111777e-01 2.850288e-02 5.666042e-02 9.859631e-02 1.309131e-01 1.662623e-01 2.059908e-01 2.354774e-01 2.450930e-01 2.674311e-01 2.904485e-01 2.800305e-01 2.311350e-01 9.054236e-03
<GCONST> 8.212247e+01
<MIXTURE> 2 2.675663e-01
<MEAN> 39
 -4.684369e+00 -6.428511e+00 2.783545e+00 1.282121e+00 -6.575441e+00 -2.431872e+00 -8.919572e+00 -4.605968e+00 -3.285823e+00 -5.855536e+00 -5.823823e+00 -1.026920e+01 6.393234e+01 -1.016113e-01 -1.376128e-01 1.167135e-01 4.554315e-02 -1.286794e-01 -1.200747e-01 -2.605598e-01 -1.292054e-01 -8.117153e-02 -1.591269e-01 -2.765185e-02 -5.949177e-02 5.226563e-01 8.427522e-03 2.224221e-02 3.084322e-02 3.039535e-02 8.525179e-02 1.016275e-02 3.669298e-02 -2.474693e-02 -4.129926e-02 -3.474364e-05 2.623213e-02 1.438281e-02 -1.569262e-02
<VARIANCE> 39
 1.245580e+01 2.740650e+01 2.794410e+01 2.396031e+01 4.675353e+01 4.505540e+01 6.870641e+01 5.015515e+01 3.893365e+01 5.358191e+01 4.547726e+01 4.003848e+01 6.215402e+01 5.552975e-01 1.336930e+00 1.136090e+00 1.321372e+00 3.407782e+00 1.876648e+00 3.299017e+00 2.527215e+00 2.314037e+00 2.747606e+00 2.231538e+00 2.292776e+00 2.086431e+00 8.447082e-02 2.225027e-01 2.018762e-01 2.469411e-01 5.808344e-01 3.458878e-01 5.969008e-01 4.609436e-01 4.375997e-01 5.550066e-01 4.213402e-01 4.429393e-01 2.576212e-01
<GCONST> 1.130782e+02
<TRANSP> 5
 0.000000e+00 1.000000e+00 0.000000e+00 0.000000e+00 0.000000e+00
 0.000000e+00 8.757099e-01 1.242901e-01 0.000000e+00 0.000000e+00
 0.000000e+00 0.000000e+00 9.844931e-01 1.550691e-02 0.000000e+00
 0.000000e+00 0.000000e+00 0.000000e+00 9.804385e-01 1.956148e-02
 0.000000e+00 0.000000e+00 0.000000e+00 0.000000e+00 0.000000e+00
<ENDHMM>
~h "ds"
<BEGINHMM>
<NUMSTATES> 5
<STATE> 2
<NUMMIXES> 2
<MIXTURE> 1 6.263065e-01
<MEAN> 39
 -1.301934e+01 5.506906e-01 1.769145e+00 7.505028e-01 2.189411e+00 -5.802559e-01 6.183443e+00 -1.180984e+00 2.039952e+00 1.110078e+00 4.059915e+00 2.039685e-01 6.393316e+01 4.127653e-01 2.241681e-01 3.247506e-01 4.045563e-01 4.272376e-01 4.231524e-01 2.837716e-01 2.177319e-01 1.570791e-02 -1.909162e-02 -1.173526e-01 1.364336e-01 -1.340083e-01 -2.579560e-02 -2.186093e-02 -6.917536e-02 -5.967302e-02 -1.475865e-01 -8.559509e-02 -1.114255e-01 -2.989459e-02 -2.845274e-02 7.238555e-02 3.952973e-02 -3.435766e-03 -7.712731e-02
<VARIANCE> 39
 2.063801e+01 1.730963e+01 1.258313e+01 1.708193e+01 1.620067e+01 2.056870e+01 2.438447e+01 3.699252e+01 3.025359e+01 2.064841e+01 1.882122e+01 1.629040e+01 9.393688e+01 8.038540e-01 8.469405e-01 7.964331e-01 9.651426e-01 1.322955e+00 1.457087e+00 1.728688e+00 1.917033e+00 1.823734e+00 1.905282e+00 1.609379e+00 1.496408e+00 8.839737e-01 1.547183e-01 1.464252e-01 1.652834e-01 2.088451e-01 2.724887e-01 3.053253e-01 3.191011e-01 4.131830e-01 3.587144e-01 3.729405e-01 3.314919e-01 2.966098e-01 2.449050e-01
<GCONST> 9.804868e+01
<MIXTURE> 2 3.736936e-01
<MEAN> 39
 -1.391318e+01 9.809132e-01 -3.176600e-01 -1.457960e+00 -2.365239e+00 -3.427314e+00 3.372905e+00 -3.198820e+00 1.820577e+00 3.306094e+00 4.713374e+00 6.767014e-01 6.554550e+01 -1.255385e+00 -1.045553e-01 -8.259969e-01 -9.085234e-01 -1.200921e+00 -1.083381e+00 -4.954303e-01 -5.080598e-01 9.689154e-02 3.178543e-01 1.601781e-01 -2.200273e-01 2.754947e+00 1.030982e-01 -1.573572e-02 1.113726e-01 1.375538e-01 3.128590e-01 3.181817e-01 1.503746e-01 1.547649e-01 -2.648215e-02 -2.395198e-01 -5.436902e-02 4.581758e-02 -7.800841e-02
<VARIANCE> 39
 2.612653e+01 1.303147e+01 1.566831e+01 2.019651e+01 3.110206e+01 2.453468e+01 2.658450e+01 3.453265e+01 2.498748e+01 2.644203e+01 2.078130e+01 1.851124e+01 8.808888e+01 2.261022e+00 1.164111e+00 1.493403e+00 1.684047e+00 2.844611e+00 2.183461e+00 3.118750e+00 2.857194e+00 2.815294e+00 2.720047e+00 2.491452e+00 1.994665e+00 3.662201e+00 5.031332e-01 2.234579e-01 2.903658e-01 4.021888e-01 5.829062e-01 5.718462e-01 4.815231e-01 5.223079e-01 4.546817e-01 4.609319e-01 4.307422e-01 3.834984e-01 9.642528e-01
<GCONST> 1.142776e+02
<STATE> 3
<NUMMIXES> 2
<MIXTURE> 1 2.072775e-01
<MEAN> 39
 -1.544008e+01 1.603591e+00 -2.180128e+00 -1.389388e+00 -3.244620e+00 -2.744044e+00 7.730465e-01 -2.271276e+00 8.977394e-01 1.603553e+00 3.154944e+00 5.389072e-01 6.741347e+01 5.311538e-02 -2.598602e-01 4.105870e-01 6.305762e-01 9.031666e-01 1.106414e+00 3.425597e-01 6.437502e-01 3.257237e-02 -4.033769e-01 4.399198e-01 5.482395e-01 -2.494239e-01 2.485704e-01 7.837771e-02 2.816429e-01 2.846241e-01 2.267777e-01 1.360819e-01 1.830241e-01 3.900530e-02 1.364468e-01 5.650146e-02 -6.870354e-02 3.135551e-02 -5.463728e-01
<VARIANCE> 39
 3.810616e+01 1.856277e+01 1.724719e+01 2.220175e+01 3.137074e+01 2.073792e+01 1.765058e+01 1.279131e+01 1.166852e+01 1.870964e+01 2.212432e+01 1.407049e+01 4.805060e+02 4.778982e+00 2.644818e+00 2.097202e+00 1.504111e+00 1.709848e+00 1.786643e+00 2.023632e+00 1.890905e+00 1.339257e+00 1.837883e+00 1.422534e+00 1.289661e+00 5.692158e+01 1.100699e+00 4.360256e-01 3.620243e-01 3.437783e-01 4.402144e-01 3.713367e-01 5.473156e-01 2.984842e-01 2.810542e-01 3.038697e-01 3.146009e-01 3.386670e-01 1.081534e+01
<GCONST> 1.163196e+02
<MIXTURE> 2 7.927218e-01
<MEAN> 39
 -1.551457e+01 2.737638e-01 -1.104342e+00 8.641078e-02 -2.498142e+00 -2.368034e+00 1.406325e+00 -2.961585e+00 1.124295e+00 2.979258e+00 4.487488e+00 1.541926e-01 7.034010e+01 3.431215e-01 -7.630967e-03 2.134268e-01 2.608559e-01 4.501398e-01 1.169415e-01 -6.983089e-02 -1.037750e-01 -1.000626e-01 -1.685566e-01 -1.820809e-01 -3.114723e-01 -7.725952e-01 1.165934e-02 3.311888e-02 -2.072646e-02 -4.867910e-02 -6.203042e-03 -4.021917e-02 -7.110754e-03 -5.338340e-02 -3.646372e-02 2.159254e-02 -1.843559e-02 -4.319019e-02 -8.132679e-03
<VARIANCE> 39
 4.271983e+00 3.058981e+00 4.386731e+00 1.042854e+01 1.180914e+01 1.024913e+01 1.189453e+01 1.268119e+01 1.463865e+01 1.251879e+01 1.217892e+01 1.272293e+01 1.440702e+01 1.295470e-01 2.494681e-01 4.341833e-01 6.380398e-01 7.605626e-01 1.115839e+00 1.149998e+00 1.249872e+00 1.394553e+00 1.198364e+00 1.176389e+00 1.201460e+00 5.043934e-02 2.882239e-02 5.165470e-02 8.702708e-02 1.198516e-01 1.554380e-01 2.780235e-01 2.246267e-01 2.564012e-01 2.715129e-01 2.631227e-01 2.361077e-01 2.525229e-01 1.613272e-02
<GCONST> 6.750574e+01
<STATE> 4
<NUMMIXES> 2
<MIXTURE> 1 6.216411e-01
<MEAN> 39
 -9.482761e+00 2.109114e+00 3.181557e+00 1.957258e+00 4.185452e+00 1.817454e+00 3.943262e+00 -7.189109e-01 7.869602e-01 -5.953168e-01 2.150524e+00 -1.162943e+00 5.600513e+01 1.477495e-01 3.541688e-02 1.256665e-01 1.322354e-01 2.111605e-01 2.229224e-01 1.634729e-01 1.625981e-01 6.612607e-02 7.632528e-02 1.418264e-02 -8.532448e-03 -3.763550e-01 -2.097262e-02 -1.772445e-02 -3.612618e-02 -5.101905e-02 -7.123728e-02 -7.091871e-02 -6.571053e-02 -4.469781e-02 -1.991842e-02 1.718983e-02 1.455462e-02 -1.814167e-02 8.087875e-03
<VARIANCE> 39
 1.361883e+01 1.171256e+01 1.526129e+01 1.622140e+01 1.594939e+01 1.928877e+01 2.282604e+01 1.706312e+01 2.447855e+01 2.302817e+01 1.699020e+01 1.539767e+01 6.551646e+01 2.235793e-01 3.026076e-01 4.811740e-01 6.854012e-01 8.937877e-01 1.081350e+00 1.234504e+00 1.302055e+00 1.470739e+00 1.526077e+00 1.431425e+00 1.222723e+00 1.592904e-01 4.231023e-02 6.047571e-02 9.622893e-02 1.393941e-01 1.815002e-01 2.215249e-01 2.560190e-01 2.649274e-01 3.080161e-01 3.204471e-01 3.002328e-01 2.479258e-01 1.951673e-02
<GCONST> 8.117337e+01
<MIXTURE> 2 3.783599e-01
<MEAN> 39
 -1.033376e+01 5.191160e-01 4.929492e-01 -1.073411e+00 1.335506e+00 -8.874103e-01 1.476386e+00 -1.786398e+00 -5.223527e-01 -1.465942e-01 2.080005e+00 -2.226277e+00 5.468049e+01 -1.519109e-01 -5.223758e-02 -1.598773e-01 -1.995981e-01 -2.935757e-01 -3.140354e-01 -2.161647e-01 -2.274727e-01 -1.069909e-01 -1.455427e-01 -4.818238e-02 1.733715e-03 3.953143e-01 3.208109e-02 2.864077e-02 5.398495e-02 7.919884e-02 1.054848e-01 1.078716e-01 1.024806e-01 7.169275e-02 3.619456e-02 -2.617401e-02 -1.954840e-02 3.532294e-02 -6.758370e-03
<VARIANCE> 39
 1.797231e+01 1.097312e+01 1.327171e+01 1.413991e+01 1.990208e+01 2.133830e+01 2.290441e+01 2.200954e+01 2.348159e+01 2.249482e+01 1.982331e+01 1.976856e+01 4.071770e+01 1.152067e+00 7.955458e-01 9.567021e-01 1.237592e+00 1.828331e+00 1.828587e+00 2.113265e+00 1.864394e+00 2.204432e+00 2.155010e+00 1.881629e+00 1.584970e+00 1.588415e+00 1.938351e-01 1.269842e-01 1.706087e-01 2.278389e-01 3.658668e-01 3.507092e-01 3.923517e-01 3.718871e-01 4.123109e-01 4.152323e-01 3.665596e-01 3.140513e-01 2.485515e-01
<GCONST> 9.994215e+01
<TRANSP> 5
 0.000000e+00 1.000000e+00 0.000000e+00 0.000000e+00 0.000000e+00
 0.000000e+00 9.328999e-01 6.710009e-02 0.000000e+00 0.000000e+00
 0.000000e+00 0.000000e+00 9.218329e-01 7.816712e-02 0.000000e+00
 0.000000e+00 0.000000e+00 0.000000e+00 9.933968e-01 6.603198e-03
 0.000000e+00 0.000000e+00 0.000000e+00 0.000000e+00 0.000000e+00
<ENDHMM>
~h "kj"
<BEGINHMM>
<NUMSTATES> 5
<STATE> 2
<NUMMIXES> 2
<MIXTURE> 1 5.891404e-01
<MEAN> 39
 -1.954035e+01 4.254802e+00 -9.429630e-03 -1.547766e+00 -1.013122e+00 3.683911e+00 1.989841e+00 2.581496e+00 -2.717344e-01 -3.164437e-01 1.594128e+00 -8.789149e-01 5.535668e+01 2.207638e-01 1.166074e-01 1.300671e-02 7.155115e-02 1.810083e-01 2.289409e-01 2.009899e-01 2.092701e-01 2.025560e-01 1.883287e-01 1.472877e-01 3.753356e-02 -1.941620e-01 -1.698657e-02 -3.011362e-03 -1.064711e-04 1.849677e-02 1.612969e-02 7.986925e-03 3.471468e-02 3.280598e-02 1.628833e-02 3.166591e-02 1.662612e-04 8.332679e-03 1.216424e-02
<VARIANCE> 39
 2.906260e+01 2.078038e+01 1.499924e+01 2.714665e+01 1.602916e+01 3.429654e+01 2.679463e+01 2.029999e+01 1.719152e+01 2.012127e+01 1.664548e+01 1.577227e+01 2.036884e+01 3.190851e-01 3.383941e-01 5.133852e-01 7.682432e-01 9.415767e-01 1.174508e+00 1.376261e+00 1.429650e+00 1.392527e+00 1.506325e+00 1.378921e+00 1.255366e+00 1.444311e-01 6.457876e-02 6.526776e-02 1.043897e-01 1.645129e-01 2.006022e-01 2.540252e-01 2.964849e-01 3.027781e-01 3.011906e-01 3.061712e-01 2.976496e-01 2.609642e-01 2.639923e-02
<GCONST> 8.461059e+01
<MIXTURE> 2 4.108590e-01
<MEAN> 39
 -1.942640e+01 2.702761e+00 -4.729040e-01 -1.244182e+00 -9.363881e-01 3.155778e+00 2.518190e+00 2.161331e+00 -4.497639e-01 6.462450e-01 1.314313e+00 -8.676526e-01 5.651256e+01 -3.772662e-01 -1.318299e-01 -1.290679e-02 -1.098624e-01 -2.701975e-01 -3.043240e-01 -2.767493e-01 -3.050132e-01 -2.737787e-01 -2.723776e-01 -1.930714e-01 -5.747391e-02 3.023335e-01 2.763230e-02 -5.843845e-04 -1.466732e-04 -2.562541e-02 -2.788814e-02 -1.775450e-02 -4.930189e-02 -4.456866e-02 -2.326683e-02 -4.447835e-02 -5.305167e-03 -1.114148e-02 -1.640177e-02
<VARIANCE> 39
 3.467345e+01 2.645678e+01 2.026461e+01 2.561268e+01 1.845303e+01 3.748616e+01 2.497734e+01 2.359557e+01 1.928016e+01 2.230613e+01 1.720194e+01 1.590268e+01 2.716414e+01 9.219712e-01 8.346231e-01 1.031910e+00 1.142553e+00 1.348428e+00 1.721127e+00 1.806302e+00 1.773215e+00 1.797164e+00 1.818022e+00 1.616659e+00 1.440948e+00 6.136363e-01 1.665062e-01 1.531416e-01 1.799433e-01 2.055152e-01 2.521521e-01 3.429319e-01 3.488802e-01 3.598197e-01 3.630325e-01 3.782943e-01 3.098269e-01 2.787204e-01 1.114632e-01
<GCONST> 9.797786e+01
<STATE> 3
<NUMMIXES> 2
<MIXTURE> 1 7.367973e-01
<MEAN> 39
 -1.441944e+01 -7.374568e+00 -4.327120e+00 -6.834350e-01 -1.403784e+00 -3.830997e+00 -2.262947e+00 -4.051582e+00 -2.839991e+00 3.036025e-01 5.760026e-01 -5.551704e-01 6.318812e+01 1.891294e-01 2.470273e-01 4.571170e-02 1.081261e-01 1.095463e-01 1.374380e-01 1.470920e-01 1.181598e-01 3.190847e-02 3.897348e-02 7.293299e-02 1.348902e-02 -5.921112e-01 -2.569903e-02 2.225599e-02 2.856116e-02 -6.934176e-03 -8.964625e-03 -9.267445e-03 4.168502e-02 4.174122e-02 1.171217e-02 3.044453e-02 -1.484681e-03 -6.697130e-03 1.498748e-03
<VARIANCE> 39
 1.696225e+01 2.365907e+01 1.088369e+01 1.209135e+01 1.613194e+01 1.586477e+01 1.870925e+01 1.793754e+01 1.809810e+01 1.628685e+01 1.592594e+01 1.345526e+01 6.257376e+01 2.313290e-01 3.324278e-01 4.914842e-01 6.851656e-01 9.537172e-01 1.136556e+00 1.343324e+00 1.489538e+00 1.543256e+00 1.342494e+00 1.325132e+00 1.186108e+00 1.714592e-01 4.268731e-02 6.655443e-02 9.920455e-02 1.352526e-01 1.946363e-01 2.237977e-01 2.770988e-01 3.099737e-01 3.214367e-01 2.756436e-01 2.749494e-01 2.536401e-01 3.398524e-02
<GCONST> 8.140864e+01
<MIXTURE> 2 2.632020e-01
<MEAN> 39
 -1.686700e+01 -6.263241e+00 -3.479488e+00 -1.319872e+00 -2.863276e+00 -3.709502e+00 -1.220231e+00 -1.991265e+00 -1.868685e+00 1.442245e+00 7.044106e-02 -9.554564e-01 6.485011e+01 -2.201988e-01 -1.153779e+00 -2.417976e-01 -2.720787e-01 -2.379391e-01 -6.082274e-01 -5.307881e-01 -5.107665e-01 -1.639118e-01 -1.213211e-01 -2.275970e-01 1.129461e-02 1.692967e+00 7.033773e-02 5.920673e-03 -2.412705e-02 1.421217e-02 4.760966e-02 8.669075e-02 -3.806932e-02 -6.442724e-02 -1.029543e-02 -6.036600e-02 9.031516e-03 -8.702286e-03 -8.345647e-02
<VARIANCE> 39
 2.217165e+01 5.533772e+01 1.727008e+01 2.206582e+01 1.995766e+01 3.002789e+01 2.681235e+01 2.244109e+01 1.781498e+01 2.029465e+01 1.889985e+01 1.375815e+01 8.986440e+01 1.601039e+00 3.997615e+00 1.717645e+00 1.554210e+00 2.110816e+00 2.890259e+00 2.844582e+00 2.297747e+00 1.882199e+00 1.930263e+00 1.711653e+00 1.555854e+00 3.408554e+00 2.467451e-01 7.806494e-01 2.846008e-01 3.075487e-01 3.772912e-01 5.337458e-01 5.351182e-01 4.356279e-01 3.557008e-01 3.749547e-01 3.308019e-01 2.957098e-01 8.822283e-01
<GCONST> 1.118912e+02
<STATE> 4
<NUMMIXES> 2
<MIXTURE> 1 7.199515e-01
<MEAN> 39
 -2.322328e+01 2.193208e+00 3.589497e+00 2.894858e+00 -2.974697e+00 1.116793e-01 8.473233e+00 -3.217502e-01 -4.136526e+00 5.433215e+00 6.314998e-01 -4.265689e+00 5.571267e+01 1.047209e-01 8.455718e-02 4.140998e-02 -3.325284e-02 3.837120e-02 8.047003e-02 4.983433e-02 5.029660e-02 5.451907e-02 1.875389e-02 1.473498e-02 -4.163168e-03 -1.235594e-01 -5.158819e-04 -9.305477e-03 -1.477868e-02 -9.912822e-03 -1.230880e-02 -2.741958e-02 -2.825603e-02 3.583433e-03 -2.347088e-03 -8.649372e-03 2.546713e-04 1.829943e-02 4.210834e-03
<VARIANCE> 39
 2.065289e+01 9.928550e+00 9.942092e+00 1.550114e+01 1.415602e+01 1.582458e+01 2.005308e+01 1.788789e+01 1.886527e+01 1.978679e+01 1.735778e+01 1.366840e+01 1.484473e+01 3.651597e-01 4.371989e-01 5.545948e-01 8.593892e-01 1.104019e+00 1.240919e+00 1.511404e+00 1.478764e+00 1.607813e+00 1.651591e+00 1.435641e+00 1.264436e+00 2.090722e-01 6.605858e-02 8.548770e-02 1.050060e-01 1.685679e-01 2.182578e-01 2.452122e-01 2.886184e-01 3.020381e-01 3.353134e-01 3.354525e-01 2.909387e-01 2.564996e-01 3.590690e-02
<GCONST> 8.328710e+01
<MIXTURE> 2 2.800491e-01
<MEAN> 39
 -1.682862e+01 -2.522964e+00 -8.905450e-01 2.220749e-02 -2.423045e+00 -3.206260e+00 2.427646e+00 -1.793257e+00 -3.601741e+00 2.938609e+00 6.915740e-01 -1.879015e+00 5.789513e+01 -1.685658e-01 -2.146700e-01 -8.985563e-02 6.296919e-02 -7.442793e-02 -1.887148e-01 -1.010270e-01 -9.765402e-02 -1.058260e-01 -6.841878e-02 -2.942584e-02 2.770768e-02 2.305598e-01 9.686190e-03 2.009965e-02 3.103494e-02 1.980311e-02 3.796460e-02 7.474357e-02 6.898957e-02 -8.402776e-03 1.005950e-02 1.510701e-02 4.864047e-03 -3.813670e-02 -1.404240e-02
<VARIANCE> 39
 5.177458e+01 5.431201e+01 2.334351e+01 2.209271e+01 2.296857e+01 2.727294e+01 3.850940e+01 2.386160e+01 2.017467e+01 2.549625e+01 1.911388e+01 1.764736e+01 5.976173e+01 7.346358e-01 1.495440e+00 9.469417e-01 1.187266e+00 1.488299e+00 1.599950e+00 2.028535e+00 1.709264e+00 1.707554e+00 1.946990e+00 1.459703e+00 1.438337e+00 1.286727e+00 1.127248e-01 2.367947e-01 1.697706e-01 2.210717e-01 2.923773e-01 3.200364e-01 3.848161e-01 3.274658e-01 3.245355e-01 3.694129e-01 2.918631e-01 2.854868e-01 1.837103e-01
<GCONST> 1.021523e+02
<TRANSP> 5
 0.000000e+00 1.000000e+00 0.000000e+00 0.000000e+00 0.000000e+00
 0.000000e+00 9.937954e-01 6.204589e-03 0.000000e+00 0.000000e+00
 0.000000e+00 0.000000e+00 9.756082e-01 2.439182e-02 0.000000e+00
 0.000000e+00 0.000000e+00 0.000000e+00 9.911311e-01 8.868892e-03
 0.000000e+00 0.000000e+00 0.000000e+00 0.000000e+00 0.000000e+00
<ENDHMM>
~h "kn"
<BEGINHMM>
<NUMSTATES> 5
<STATE> 2
<NUMMIXES> 2
<MIXTURE> 1 5.139593e-01
<MEAN> 39
 2.777099e+00 -3.130277e-01 -5.932707e+00 -2.138793e+00 8.103343e-01 -2.925300e+00 1.577883e+00 -6.839728e+00 6.467543e-01 -1.810820e+00 1.283648e+00 -4.802190e+00 6.508363e+01 -2.745684e-01 5.448304e-01 2.161607e-01 2.219843e-02 5.792750e-01 -2.532420e-01 1.158897e+00 8.281367e-01 1.922300e+00 5.904909e-01 4.244388e-01 8.134768e-01 2.413927e+00 -1.944256e-01 1.939927e-01 3.304253e-01 1.555273e-01 3.312279e-01 4.189695e-01 -9.005416e-02 1.162303e-01 -4.481957e-01 -9.173261e-02 -1.470143e-02 1.985024e-01 -1.037984e+00
<VARIANCE> 39
 1.416941e+01 3.153908e+01 1.541249e+01 1.407491e+01 1.859924e+01 2.379695e+01 3.201351e+01 3.801149e+01 3.952658e+01 3.015158e+01 2.062778e+01 2.028992e+01 3.071080e+01 2.416641e+00 1.487368e+00 1.739958e+00 1.061442e+00 1.319564e+00 2.093902e+00 2.741039e+00 4.035031e+00 2.822009e+00 2.170778e+00 1.723554e+00 1.690664e+00 6.066518e+00 4.186443e-01 2.298983e-01 2.696507e-01 1.704720e-01 1.941864e-01 3.440537e-01 6.080742e-01 9.206559e-01 5.915721e-01 4.067038e-01 3.250467e-01 3.216840e-01 6.023071e-01
<GCONST> 1.100015e+02
<MIXTURE> 2 4.860413e-01
<MEAN> 39
 -3.523809e+00 3.123377e+00 2.267736e+00 -2.603055e+00 1.571025e+00 2.060000e+00 1.827780e+00 9.038086e-02 -2.297907e+00 8.442274e-01 -2.675534e-01 -3.217337e+00 4.587982e+01 6.605754e-01 -2.926505e-01 -5.222589e-01 2.083462e-01 -1.755225e-01 -5.618747e-01 -3.103295e-01 -1.072155e+00 -1.359301e-01 -2.385791e-01 -1.161088e-01 -3.882425e-01 1.463282e+00 1.037984e-01 -1.819009e-02 -1.624243e-01 -3.907194e-02 1.402773e-02 -3.831951e-02 4.942437e-02 5.937475e-02 2.121032e-01 4.509973e-02 5.325278e-02 1.213732e-02 3.643860e-01
<VARIANCE> 39
 1.972659e+01 2.368477e+01 1.513952e+01 9.100175e+00 2.153348e+01 1.356934e+01 1.847176e+01 4.707840e+01 1.455109e+01 3.011258e+01 2.681869e+01 1.391833e+01 3.665907e+01 1.824875e+00 8.573711e-01 1.856932e+00 9.045226e-01 1.339222e+00 1.866321e+00 2.114877e+00 4.486691e+00 1.619421e+00 2.082345e+00 2.299450e+00 1.903563e+00 6.895036e+00 1.857001e-01 8.061814e-02 2.072112e-01 1.117503e-01 1.960954e-01 2.163455e-01 3.661918e-01 4.878010e-01 3.627981e-01 3.717501e-01 3.513038e-01 3.274781e-01 5.239220e-01
<GCONST> 1.018949e+02
<STATE> 3
<NUMMIXES> 2
<MIXTURE> 1 4.209656e-01
<MEAN> 39
 5.430861e+00 -1.492676e+00 -4.085725e+00 -4.432485e-01 2.787428e+00 -2.767078e+00 1.974937e+00 -4.229067e+00 6.053501e-01 -1.226766e+00 1.652174e+00 -1.671487e+00 6.268204e+01 1.207007e-01 2.822270e-01 1.826018e-01 2.078032e-01 3.462549e-01 2.215766e-01 2.158709e-01 5.429791e-01 4.247451e-01 4.166205e-01 2.856741e-01 3.953077e-01 -3.406831e-02 -2.504885e-02 1.445435e-01 1.647179e-01 2.479920e-01 2.700791e-01 2.751148e-01 -7.442141e-02 -4.692409e-02 -1.864447e-01 5.573856e-02 -7.733341e-02 -4.463009e-02 -3.635192e-01
<VARIANCE> 39
 1.298456e+01 2.690339e+01 1.463549e+01 1.335273e+01 1.602004e+01 2.096757e+01 2.291164e+01 2.685226e+01 2.424908e+01 2.366043e+01 1.816783e+01 1.828470e+01 2.842947e+01 4.633117e-01 7.456855e-01 7.317700e-01 1.037968e+00 1.277989e+00 1.328110e+00 1.474188e+00 1.665511e+00 1.827655e+00 1.273921e+00 1.254129e+00 1.229562e+00 1.874687e+00 9.508156e-02 1.946401e-01 1.457016e-01 1.772343e-01 2.594940e-01 2.352523e-01 3.432095e-01 4.561257e-01 3.948785e-01 3.366702e-01 2.829446e-01 2.940241e-01 2.973241e-01
<GCONST> 9.453468e+01
<MIXTURE> 2 5.790342e-01
<MEAN> 39
 5.536507e+00 8.537021e-01 -1.873938e+00 1.763109e+00 5.565581e+00 4.620390e-01 1.465035e+00 -3.793027e+00 -1.145766e+00 -7.506571e-01 6.621324e-01 -2.009290e+00 5.818579e+01 1.185690e-02 -2.321386e-01 -7.902882e-02 -6.446198e-02 -2.026153e-01 -1.273592e-01 -1.680487e-01 -3.677689e-01 -3.833252e-01 -2.846684e-01 -2.216014e-01 -2.408070e-01 -1.504125e-01 1.851943e-02 -1.152989e-01 -1.272237e-01 -1.882272e-01 -2.197859e-01 -2.071674e-01 4.072272e-02 2.673180e-02 1.112613e-01 -4.749502e-02 4.658306e-02 8.214356e-03 2.391942e-01
<VARIANCE> 39
 1.132856e+01 1.932672e+01 1.256567e+01 1.345996e+01 1.724309e+01 1.802261e+01 1.945615e+01 2.030830e+01 1.941405e+01 1.781487e+01 1.569115e+01 1.618750e+01 2.969106e+01 3.507224e-01 7.766229e-01 7.554883e-01 8.734445e-01 1.270018e+00 1.332595e+00 1.362446e+00 1.750999e+00 1.465024e+00 1.459086e+00 1.329599e+00 1.423988e+00 1.970999e+00 5.221554e-02 1.051834e-01 1.004657e-01 1.404590e-01 2.033355e-01 2.017679e-01 2.569861e-01 3.638474e-01 3.243937e-01 2.967407e-01 2.587278e-01 2.871135e-01 1.995144e-01
<GCONST> 8.886416e+01
<STATE> 4
<NUMMIXES> 2
<MIXTURE> 1 5.325383e-01
<MEAN> 39
 5.076541e+00 1.325257e+00 -4.773796e-01 1.439766e+00 5.215521e+00 1.097387e+00 7.872071e-01 -2.736056e+00 -3.142090e+00 -1.719235e+00 -3.059594e-01 -2.820105e+00 5.317737e+01 -1.066569e-01 2.925252e-01 3.950980e-01 1.514130e-01 1.801106e-01 4.194420e-01 7.936997e-02 4.172355e-01 1.074556e-01 1.086190e-01 6.472971e-04 -8.611698e-02 -5.184745e-01 -2.855579e-03 3.129178e-02 4.077946e-02 2.772758e-02 7.656409e-02 1.236003e-01 1.936795e-01 1.758039e-01 1.378866e-01 6.206131e-02 7.486814e-02 1.894403e-02 3.919523e-02
<VARIANCE> 39
 9.001809e+00 1.642150e+01 1.371026e+01 1.267208e+01 1.959401e+01 1.819671e+01 1.703795e+01 1.726285e+01 2.143752e+01 1.875219e+01 1.518666e+01 1.609630e+01 2.278324e+01 1.399141e-01 2.759174e-01 4.255206e-01 5.604340e-01 9.582046e-01 9.782002e-01 1.227225e+00 1.342856e+00 1.408638e+00 1.269026e+00 1.168149e+00 1.244241e+00 8.222508e-02 1.928278e-02 5.101433e-02 9.392047e-02 1.236658e-01 1.838280e-01 1.977339e-01 2.231673e-01 2.554410e-01 3.145674e-01 2.477062e-01 2.330270e-01 2.343953e-01 5.987457e-03
<GCONST> 7.407983e+01
<MIXTURE> 2 4.674604e-01
<MEAN> 39
 2.948046e+00 2.992075e+00 1.213034e+00 6.469690e-01 5.365046e+00 3.669919e+00 2.735901e+00 4.231441e-01 -1.932207e+00 -9.491836e-01 2.578772e-01 -2.701750e+00 5.039286e+01 -2.832727e-01 -7.517897e-02 -6.449939e-02 -2.830958e-01 -1.776029e-01 -2.404965e-02 -1.103220e-01 -8.608289e-02 -3.605526e-01 -1.948181e-01 -1.192645e-01 -8.508500e-02 -3.765303e-01 -1.936978e-02 -5.151623e-02 -5.349971e-02 -5.783304e-02 -9.812943e-02 -1.549170e-01 -1.767586e-01 -2.063659e-01 -1.215998e-01 -7.175905e-02 -7.138764e-02 -1.761296e-02 1.175783e-02
<VARIANCE> 39
 1.755582e+01 1.759140e+01 1.622109e+01 1.373324e+01 2.351060e+01 1.540648e+01 1.940665e+01 1.680647e+01 2.033602e+01 2.076924e+01 1.487035e+01 1.359173e+01 2.886412e+01 1.817577e-01 3.376099e-01 4.888897e-01 5.624924e-01 8.949255e-01 1.083649e+00 1.310790e+00 1.497489e+00 1.566646e+00 1.497770e+00 1.300913e+00 1.008902e+00 1.345939e-01 2.721158e-02 5.598938e-02 8.726752e-02 1.073477e-01 1.701167e-01 1.748101e-01 2.388175e-01 2.652549e-01 2.768516e-01 3.069510e-01 2.541531e-01 2.074700e-01 1.010756e-02
<GCONST> 7.746020e+01
<TRANSP> 5
 0.000000e+00 1.000000e+00 0.000000e+00 0.000000e+00 0.000000e+00
 0.000000e+00 8.375168e-01 1.624832e-01 0.000000e+00 0.000000e+00
 0.000000e+00 0.000000e+00 9.856095e-01 1.439045e-02 0.000000e+00
 0.000000e+00 0.000000e+00 0.000000e+00 9.543073e-01 4.569269e-02
 0.000000e+00 0.000000e+00 0.000000e+00 0.000000e+00 0.000000e+00
<ENDHMM>
~h "kt"
<BEGINHMM>
<NUMSTATES> 5
<STATE> 2
<NUMMIXES> 2
<MIXTURE> 1 3.934725e-01
<MEAN> 39
 -1.332508e+01 4.733618e-01 -6.456162e+00 -1.620011e+00 2.230324e-01 -9.182844e-01 3.161661e+00 5.405140e-01 1.829820e+00 6.294996e-01 8.239633e-01 -1.307369e+00 5.819583e+01 -2.312642e-01 9.146556e-02 1.002891e-01 2.156936e-01 1.824387e-01 1.090948e-01 3.472448e-01 4.312671e-01 3.898195e-01 3.605118e-01 2.395066e-01 9.165383e-02 3.784814e-01 2.089518e-01 -3.053977e-02 1.884545e-02 1.005624e-01 1.956305e-01 2.493062e-01 2.364710e-01 3.094811e-02 -2.876010e-02 5.309150e-02 1.216066e-01 2.589520e-02 -1.939585e-01
<VARIANCE> 39
 1.446977e+01 6.797051e+00 9.653885e+00 1.439917e+01 1.335631e+01 1.724613e+01 1.775465e+01 1.986441e+01 2.008528e+01 1.815233e+01 1.516340e+01 1.367672e+01 2.067057e+01 1.470464e+00 5.140374e-01 7.205076e-01 9.943225e-01 1.200938e+00 1.883995e+00 1.932184e+00 1.752249e+00 1.728205e+00 1.690625e+00 1.546224e+00 1.392339e+00 1.784109e+00 2.125915e-01 1.033278e-01 1.543104e-01 1.900291e-01 2.142348e-01 3.022785e-01 3.629889e-01 3.945317e-01 3.597464e-01 3.880240e-01 2.985910e-01 2.650895e-01 2.666281e-01
<GCONST> 9.275265e+01
<MIXTURE> 2 6.065277e-01
<MEAN> 39
 -9.523214e+00 -9.192336e-02 -6.506855e+00 -7.506013e-01 2.252183e+00 2.776702e+00 5.704729e+00 7.524388e-01 7.539529e-01 1.021759e+00 2.116424e+00 -1.287339e+00 5.412411e+01 1.518201e-01 -5.959742e-02 -7.672131e-02 -1.416101e-01 -1.201318e-01 -7.436059e-02 -2.197125e-01 -2.833209e-01 -2.598326e-01 -2.351345e-01 -1.551064e-01 -6.389623e-02 -2.396841e-01 -1.328612e-01 1.832440e-02 -9.934839e-03 -6.412367e-02 -1.249936e-01 -1.615370e-01 -1.534185e-01 -1.965640e-02 1.625698e-02 -3.571760e-02 -8.013078e-02 -1.906760e-02 1.206760e-01
<VARIANCE> 39
 9.524182e+00 5.754364e+00 6.152013e+00 8.267009e+00 9.541078e+00 1.186705e+01 1.279948e+01 1.368246e+01 1.414831e+01 1.346625e+01 1.306344e+01 1.287849e+01 9.742635e+00 4.708426e-01 3.866128e-01 5.414879e-01 7.152171e-01 1.007203e+00 1.188711e+00 1.414799e+00 1.434803e+00 1.389274e+00 1.489543e+00 1.379808e+00 1.233191e+00 3.645033e-01 9.038141e-02 7.425093e-02 1.050507e-01 1.407132e-01 1.900687e-01 2.314847e-01 2.918266e-01 3.158638e-01 3.036269e-01 3.083898e-01 2.796805e-01 2.600910e-01 7.857892e-02
<GCONST> 7.838325e+01
<STATE> 3
<NUMMIXES> 2
<MIXTURE> 1 6.540521e-01
<MEAN> 39
 -1.172384e+01 2.940809e+00 -2.733599e+00 9.807804e-01 1.148944e+00 -1.601089e+00 2.828756e+00 9.226241e-01 6.449398e-02 -1.027770e+00 1.370501e-01 -1.937543e+00 5.263020e+01 4.065167e-01 -3.558319e-02 2.281089e-01 1.262491e-01 2.467538e-01 2.811950e-01 2.099198e-01 7.982583e-02 1.527926e-01 5.708368e-02 2.091689e-01 -2.212560e-02 -6.815650e-01 -3.397597e-02 5.308828e-02 -2.294347e-02 -1.572347e-02 -3.197764e-02 -9.192167e-02 -5.533100e-02 4.598186e-02 1.674275e-02 1.038159e-01 -6.553395e-02 6.279587e-02 -2.440840e-02
<VARIANCE> 39
 5.956343e+00 5.033786e+00 8.362262e+00 1.072160e+01 1.252428e+01 1.255279e+01 1.492747e+01 1.658420e+01 1.688413e+01 1.810185e+01 1.601538e+01 1.363264e+01 1.659921e+01 1.997086e-01 3.004694e-01 4.923228e-01 6.767920e-01 9.507332e-01 1.230124e+00 1.267438e+00 1.378039e+00 1.479913e+00 1.792863e+00 1.370593e+00 1.305890e+00 1.767473e-01 8.124204e-02 6.429526e-02 1.249523e-01 1.611836e-01 2.262028e-01 2.698170e-01 2.850451e-01 3.118976e-01 3.357274e-01 3.973701e-01 2.984160e-01 2.731817e-01 1.692333e-01
<GCONST> 8.001384e+01
<MIXTURE> 2 3.459468e-01
<MEAN> 39
 -1.237752e+01 3.845156e+00 -3.194168e+00 7.207225e-01 4.225273e-01 -3.003707e+00 1.944204e+00 1.887634e+00 2.747454e-01 2.461247e-01 -9.803751e-01 -1.203065e+00 5.263702e+01 -7.715318e-01 8.316717e-02 -4.364840e-01 -2.186282e-01 -4.435598e-01 -5.413010e-01 -3.602345e-01 -1.706586e-01 -2.703479e-01 -1.341022e-01 -3.795106e-01 1.094028e-02 1.272193e+00 8.033212e-02 -1.021061e-01 5.059881e-02 2.471984e-02 6.641860e-02 1.935604e-01 1.087549e-01 -7.572412e-02 -1.751903e-02 -1.846047e-01 1.289389e-01 -1.103000e-01 1.615294e-02
<VARIANCE> 39
 1.166618e+01 7.606834e+00 1.023621e+01 1.323903e+01 1.658638e+01 2.300081e+01 2.064572e+01 1.752229e+01 1.887175e+01 1.987592e+01 1.896147e+01 1.411045e+01 2.589383e+01 8.551796e-01 7.771139e-01 9.167043e-01 1.312618e+00 1.694073e+00 2.273281e+00 2.187022e+00 1.998493e+00 2.075420e+00 2.541715e+00 1.978170e+00 1.531842e+00 1.601311e+00 2.472305e-01 1.204904e-01 1.890370e-01 2.374613e-01 3.482438e-01 5.106696e-01 4.340515e-01 3.506266e-01 3.848565e-01 4.532874e-01 3.671579e-01 2.846600e-01 5.197859e-01
<GCONST> 9.863428e+01
<STATE> 4
<NUMMIXES> 2
<MIXTURE> 1 6.412646e-01
<MEAN> 39
 -9.297722e+00 3.095849e+00 -2.521415e+00 -2.053337e-01 4.661746e-01 1.454338e-01 3.404106e+00 1.917332e+00 6.453300e-01 -1.343293e-01 6.728850e-01 -2.185712e+00 4.836109e+01 3.403583e-01 -3.443019e-02 2.666615e-01 4.827584e-02 2.028326e-01 2.615728e-01 1.962833e-01 1.564990e-01 1.670727e-01 1.516244e-01 1.406406e-01 2.864853e-02 -3.613909e-01 -1.564987e-02 1.172457e-02 6.174699e-03 8.345007e-03 -6.610663e-03 -1.433694e-02 -2.388986e-02 4.492960e-02 7.713510e-03 2.985116e-02 -2.028086e-02 1.623544e-02 1.197710e-02
<VARIANCE> 39
 7.205270e+00 7.504142e+00 1.028466e+01 1.030292e+01 1.600713e+01 1.402115e+01 1.546746e+01 1.695554e+01 1.678534e+01 1.692715e+01 1.439958e+01 1.274083e+01 8.662621e+00 2.284191e-01 3.445294e-01 4.666614e-01 6.935878e-01 9.100573e-01 9.875746e-01 1.208007e+00 1.273088e+00 1.447140e+00 1.448236e+00 1.323317e+00 1.160855e+00 1.589948e-01 6.815235e-02 7.563091e-02 1.096011e-01 1.485829e-01 1.975907e-01 2.151000e-01 2.538309e-01 2.750852e-01 3.119439e-01 3.138364e-01 2.742497e-01 2.304592e-01 5.133409e-02
<GCONST> 7.705780e+01
<MIXTURE> 2 3.587333e-01
<MEAN> 39
 -1.009707e+01 3.127004e+00 -2.479299e+00 -1.404137e-02 2.158008e-01 -3.215504e-01 2.760171e+00 2.657827e+00 7.074127e-01 3.034600e-01 4.640964e-01 -1.978595e+00 4.920471e+01 -5.617423e-01 5.004251e-02 -4.556549e-01 -1.145856e-01 -3.483133e-01 -4.384601e-01 -3.446617e-01 -2.673930e-01 -3.025534e-01 -2.609882e-01 -2.400649e-01 -4.359384e-02 5.967471e-01 2.664008e-02 -2.186362e-02 -1.119671e-02 -1.185006e-02 1.428643e-02 2.265246e-02 3.685417e-02 -8.097995e-02 -1.748717e-02 -5.677281e-02 3.510046e-02 -2.793849e-02 -1.555211e-02
<VARIANCE> 39
 1.336110e+01 1.256954e+01 1.306209e+01 1.378567e+01 1.893088e+01 1.951505e+01 1.962058e+01 1.812915e+01 1.874007e+01 1.816764e+01 1.629666e+01 1.336475e+01 1.648213e+01 9.977670e-01 8.450454e-01 7.942258e-01 1.122340e+00 1.385796e+00 1.530045e+00 1.604077e+00 1.700331e+00 1.725775e+00 1.774065e+00 1.554346e+00 1.307866e+00 1.245496e+00 2.415513e-01 1.454856e-01 1.845770e-01 2.088001e-01 2.838631e-01 3.390439e-01 3.452797e-01 3.214177e-01 3.541232e-01 3.578823e-01 3.218382e-01 2.621828e-01 2.930393e-01
<GCONST> 9.440449e+01
<TRANSP> 5
 0.000000e+00 1.000000e+00 0.000000e+00 0.000000e+00 0.000000e+00
 0.000000e+00 9.915786e-01 8.421377e-03 0.000000e+00 0.000000e+00
 0.000000e+00 0.000000e+00 9.875028e-01 1.249728e-02 0.000000e+00
 0.000000e+00 0.000000e+00 0.000000e+00 9.923705e-01 7.629477e-03
 0.000000e+00 0.000000e+00 0.000000e+00 0.000000e+00 0.000000e+00
<ENDHMM>
~h "pr"
<BEGINHMM>
<NUMSTATES> 5
<STATE> 2
<NUMMIXES> 2
<MIXTURE> 1 4.924756e-01
<MEAN> 39
 -1.358895e+01 -9.413763e+00 -5.461724e-01 -7.632782e+00 3.738381e+00 6.723468e+00 4.559979e+00 -1.171659e+00 -4.361649e+00 -3.120245e+00 6.259005e+00 1.017493e+00 5.782695e+01 1.071619e-02 1.179929e-01 1.349427e-01 1.260535e-01 2.347278e-01 2.166227e-01 1.162472e-01 5.714303e-02 1.511338e-01 1.114493e-01 1.319621e-01 1.165822e-01 -3.944368e-02 1.581529e-02 3.575575e-02 6.502065e-02 6.627087e-02 5.051061e-02 4.192045e-02 8.431065e-02 1.324482e-01 1.181504e-01 9.821428e-02 1.313505e-02 -1.025586e-03 -9.387238e-03
<VARIANCE> 39
 3.123066e+01 3.749145e+01 3.591975e+01 3.317435e+01 4.860787e+01 8.301961e+01 6.122560e+01 6.768318e+01 7.546250e+01 3.688793e+01 7.196796e+01 7.681419e+01 2.189474e+01 8.150982e-01 6.191249e-01 9.004076e-01 1.417671e+00 1.408899e+00 1.759633e+00 1.983688e+00 2.520023e+00 2.462438e+00 2.040257e+00 2.598993e+00 2.419129e+00 4.502756e-01 1.221797e-01 1.130809e-01 1.659220e-01 2.556353e-01 2.680034e-01 3.459538e-01 3.874449e-01 4.546516e-01 4.750976e-01 3.856290e-01 5.246932e-01 4.527672e-01 7.479160e-02
<GCONST> 1.095414e+02
<MIXTURE> 2 5.075244e-01
<MEAN> 39
 -1.563487e+01 -6.273831e+00 1.478182e-01 -6.060424e+00 2.036280e+00 4.503867e+00 5.452345e+00 1.601573e+00 -8.534651e-02 -1.167483e+00 3.680387e+00 -1.996974e+00 5.869956e+01 -8.654179e-02 -1.391012e-01 -1.092872e-01 -1.520728e-01 -1.997651e-01 -1.753178e-01 -9.335320e-02 -8.311777e-02 -1.404770e-01 -1.404840e-01 -1.401267e-01 -2.285584e-02 1.086783e-01 9.180297e-03 -3.024448e-02 -6.389502e-02 -5.909623e-02 -5.678600e-02 -3.867896e-02 -9.157146e-02 -1.252929e-01 -1.113671e-01 -8.457176e-02 -2.678685e-02 -7.676703e-03 -1.111055e-02
<VARIANCE> 39
 3.117160e+01 4.276275e+01 5.194163e+01 3.624081e+01 4.211887e+01 5.500657e+01 4.184922e+01 5.588762e+01 3.402670e+01 2.909910e+01 3.392951e+01 3.204878e+01 2.802573e+01 8.070925e-01 9.390752e-01 1.008817e+00 1.289575e+00 1.484763e+00 1.813878e+00 2.172558e+00 2.110596e+00 1.984628e+00 1.933612e+00 2.130069e+00 1.770204e+00 7.319913e-01 1.123478e-01 1.401306e-01 1.555765e-01 2.122656e-01 2.651576e-01 3.031175e-01 3.656151e-01 3.393832e-01 3.372856e-01 3.235993e-01 3.551151e-01 3.029945e-01 8.930997e-02
<GCONST> 1.049704e+02
<STATE> 3
<NUMMIXES> 2
<MIXTURE> 1 5.621626e-01
<MEAN> 39
 -1.784283e+01 2.442801e+00 1.841703e+01 -1.828023e+01 4.153459e+00 1.220410e+01 -6.990839e+00 -3.116325e+00 9.681873e+00 -3.662079e+00 -1.023633e+01 9.852232e+00 5.121798e+01 9.599251e-02 9.149623e-02 1.124414e-01 1.163407e-01 2.904838e-01 9.299890e-04 2.180107e-01 3.458294e-01 -4.418338e-02 2.373400e-01 4.789073e-02 1.756832e-02 -3.860151e-02 -8.115891e-02 4.461768e-02 2.448483e-02 5.959473e-02 7.542698e-02 -2.571994e-02 1.246883e-01 6.587546e-02 -1.148722e-02 1.358797e-02 1.189917e-01 3.115461e-04 6.288277e-02
<VARIANCE> 39
 1.919075e+01 1.381582e+01 1.082735e+01 2.802725e+01 3.186086e+01 2.128678e+01 1.424384e+01 4.122594e+01 3.546735e+01 4.769338e+01 2.666481e+01 1.917107e+01 1.140272e+01 4.424183e-01 2.867108e-01 4.133569e-01 7.000405e-01 1.001963e+00 1.301316e+00 1.117252e+00 1.209111e+00 1.520894e+00 1.439274e+00 1.522144e+00 1.029380e+00 1.601496e-01 8.194946e-02 5.381141e-02 7.932119e-02 1.337372e-01 2.227741e-01 2.618115e-01 2.289243e-01 2.746815e-01 2.963196e-01 2.995425e-01 2.864099e-01 1.935221e-01 2.972932e-02
<GCONST> 8.422524e+01
<MIXTURE> 2 4.378384e-01
<MEAN> 39
 -2.091855e+01 4.453818e+00 1.695409e+01 -1.385153e+01 2.515229e+00 1.192862e+01 -4.673760e+00 -5.354019e+00 1.101584e+01 -6.806456e+00 -6.349699e+00 7.702574e+00 5.452552e+01 3.826461e-02 -1.919028e-01 -1.712760e-01 -1.558057e-01 -3.286336e-01 -4.720169e-02 -3.482036e-01 -3.662760e-01 -1.335281e-02 -2.129369e-01 -1.200951e-01 -1.270752e-02 -7.478209e-02 1.126221e-01 -5.261460e-02 -4.912887e-02 -6.063747e-02 -8.262116e-02 -4.699526e-04 -1.525640e-01 -5.980927e-02 -6.775882e-03 -2.016816e-02 -1.262097e-01 -2.866361e-02 -8.724321e-02
<VARIANCE> 39
 1.760872e+01 2.154626e+01 1.826095e+01 2.624871e+01 2.272956e+01 2.802007e+01 1.878710e+01 3.145080e+01 3.073252e+01 3.750870e+01 2.914820e+01 1.972879e+01 1.195243e+01 6.542914e-01 6.371189e-01 6.369542e-01 1.082901e+00 1.399294e+00 2.005345e+00 1.532091e+00 1.687222e+00 1.752320e+00 1.864590e+00 2.322834e+00 1.276984e+00 3.348445e-01 1.759072e-01 1.244132e-01 1.345534e-01 2.231781e-01 2.939136e-01 4.443406e-01 3.009385e-01 3.486836e-01 3.891554e-01 3.534147e-01 4.438494e-01 2.763642e-01 7.965487e-02
<GCONST> 9.619410e+01
<STATE> 4
<NUMMIXES> 2
<MIXTURE> 1 3.871308e-01
<MEAN> 39
 -1.641965e+01 -3.989449e+00 7.201798e+00 -7.863928e+00 4.690563e+00 2.596266e-01 -2.799006e-01 2.422646e+00 4.288041e+00 -4.003220e+00 -4.812749e+00 5.336008e+00 5.420422e+01 1.771425e-02 8.189927e-02 1.294916e-01 1.271861e-01 1.551542e-01 1.750576e-01 2.027141e-01 1.605842e-01 2.179153e-01 1.430054e-01 1.203378e-01 5.790781e-02 5.305026e-02 2.748609e-02 4.741167e-02 6.154137e-02 7.096192e-02 8.851574e-02 1.042435e-01 1.336581e-01 1.116599e-01 9.019705e-02 9.165967e-02 6.375000e-02 2.555575e-02 4.113842e-04
<VARIANCE> 39
 3.688639e+01 5.978778e+01 5.801031e+01 6.343034e+01 6.060284e+01 1.261562e+02 4.463564e+01 7.047028e+01 6.866174e+01 4.762415e+01 5.449192e+01 5.676194e+01 3.715739e+01 5.973498e-01 5.483000e-01 8.614196e-01 1.248704e+00 1.386376e+00 1.792917e+00 1.750285e+00 1.845268e+00 1.916668e+00 1.933006e+00 1.841889e+00 1.570245e+00 3.202454e-01 1.073267e-01 9.856924e-02 1.614699e-01 2.205397e-01 2.737216e-01 3.555581e-01 3.456310e-01 3.503501e-01 3.671780e-01 3.757738e-01 3.705514e-01 2.930713e-01 5.561228e-02
<GCONST> 1.071843e+02
<MIXTURE> 2 6.128668e-01
<MEAN> 39
 -1.255190e+01 -5.915939e+00 3.291105e+00 -4.368212e+00 2.723966e+00 -2.347749e+00 5.693451e+00 5.943521e+00 1.696558e+00 -6.469326e-01 -2.068355e+00 1.314988e+00 5.417857e+01 4.199242e-02 -1.540162e-02 -1.103371e-01 -5.360490e-02 -1.297932e-01 -1.223747e-01 -1.188147e-01 -1.075861e-01 -1.343334e-01 -9.206366e-02 -5.830274e-02 -7.138728e-02 -8.515503e-02 -1.868429e-02 -2.889778e-02 -3.659615e-02 -4.614971e-02 -5.630598e-02 -6.276515e-02 -8.395065e-02 -7.146645e-02 -5.623621e-02 -5.606851e-02 -3.978791e-02 -1.818301e-02 1.256190e-04
<VARIANCE> 39
 3.533989e+01 4.946897e+01 4.162710e+01 4.406408e+01 1.008603e+02 6.618674e+01 6.873229e+01 5.411224e+01 4.071917e+01 4.674025e+01 4.710405e+01 7.164365e+01 5.293969e+01 1.463920e-01 3.229721e-01 5.016379e-01 7.335245e-01 9.450670e-01 1.306829e+00 1.370134e+00 1.383313e+00 1.509759e+00 1.598635e+00 1.356922e+00 1.231881e+00 5.831632e-02 2.520857e-02 5.645842e-02 9.355797e-02 1.356772e-01 1.806147e-01 2.450704e-01 2.583454e-01 2.535114e-01 2.909335e-01 3.116238e-01 2.635714e-01 2.467316e-01 8.468769e-03
<GCONST> 9.201229e+01
<TRANSP> 5
 0.000000e+00 1.000000e+00 0.000000e+00 0.000000e+00 0.000000e+00
 0.000000e+00 9.893003e-01 1.069964e-02 0.000000e+00 0.000000e+00
 0.000000e+00 0.000000e+00 9.849458e-01 1.505421e-02 0.000000e+00
 0.000000e+00 0.000000e+00 0.000000e+00 9.952409e-01 4.759086e-03
 0.000000e+00 0.000000e+00 0.000000e+00 0.000000e+00 0.000000e+00
<ENDHMM>
~h "pw"
<BEGINHMM>
<NUMSTATES> 5
<STATE> 2
<NUMMIXES> 2
<MIXTURE> 1 6.250810e-01
<MEAN> 39
 -1.291492e+01 -1.204941e+00 -7.219656e-01 -4.896326e-01 1.549283e+00 -5.128040e-01 3.227483e+00 4.541592e-01 -5.037862e-01 9.160021e-01 1.403323e-01 -1.190734e+00 5.263650e+01 1.332682e-01 2.213879e-01 6.560954e-02 6.710810e-02 1.183538e-01 1.801204e-01 1.771238e-01 1.838293e-01 1.033613e-01 1.137349e-01 7.691283e-02 4.809475e-02 -2.365827e-01 -3.625695e-02 -1.194066e-02 1.677850e-02 1.307932e-02 -2.032083e-02 -4.664075e-02 -1.939334e-02 8.763705e-04 -1.146716e-02 1.333178e-02 -4.465575e-03 2.413257e-02 3.077917e-02
<VARIANCE> 39
 1.318963e+01 1.733417e+01 1.019812e+01 1.090047e+01 1.337373e+01 1.334695e+01 1.526021e+01 1.674397e+01 1.568779e+01 1.424017e+01 1.421469e+01 1.221877e+01 1.588806e+01 2.909693e-01 3.931994e-01 4.878374e-01 7.164673e-01 9.124183e-01 1.069056e+00 1.220783e+00 1.318380e+00 1.395657e+00 1.284907e+00 1.330537e+00 1.170674e+00 1.708136e-01 4.691449e-02 7.478464e-02 1.036013e-01 1.482717e-01 1.872831e-01 2.274030e-01 2.619292e-01 2.851150e-01 2.985214e-01 2.673918e-01 2.860714e-01 2.352404e-01 2.415081e-02
<GCONST> 7.784260e+01
<MIXTURE> 2 3.749110e-01
<MEAN> 39
 -1.478909e+01 -3.073145e+00 -6.573629e-01 -2.877601e-01 1.022053e+00 -1.921515e+00 2.599611e+00 4.312277e-02 -9.182115e-01 1.020181e+00 -1.048579e-01 -6.621202e-01 5.544638e+01 -2.493121e-01 -3.960575e-01 -1.013752e-01 -1.111207e-01 -2.063496e-01 -3.326692e-01 -2.998284e-01 -3.282958e-01 -1.781397e-01 -1.962794e-01 -1.340419e-01 -7.810436e-02 4.449620e-01 5.942987e-02 1.184709e-02 -3.665468e-02 -2.307105e-02 2.536865e-02 6.887951e-02 2.459033e-02 -5.197009e-03 1.403065e-02 -1.925123e-02 4.269371e-03 -3.867857e-02 -3.696575e-02
<VARIANCE> 39
 1.708180e+01 2.677756e+01 1.308858e+01 1.438490e+01 1.766709e+01 2.059162e+01 1.989253e+01 1.970112e+01 1.761183e+01 1.728086e+01 1.525560e+01 1.409792e+01 2.584549e+01 9.531738e-01 1.243940e+00 1.086968e+00 1.200629e+00 1.449735e+00 1.796605e+00 1.731874e+00 1.757315e+00 1.824260e+00 1.686487e+00 1.663259e+00 1.342264e+00 9.316012e-01 1.670094e-01 2.419610e-01 1.941109e-01 2.298305e-01 2.865552e-01 3.785287e-01 3.604518e-01 3.483286e-01 3.598158e-01 3.295526e-01 3.285803e-01 2.757194e-01 1.872113e-01
<GCONST> 9.678877e+01
<STATE> 3
<NUMMIXES> 2
<MIXTURE> 1 7.660122e-01
<MEAN> 39
 -1.070008e+01 -6.270610e+00 -2.769882e+00 -1.429578e+00 5.219124e-01 -4.030835e+00 -4.096496e-01 -4.621426e+00 -3.439955e+00 -1.048049e+00 6.316552e-02 -4.659984e-01 6.029638e+01 1.386794e-01 2.303755e-01 5.909315e-02 8.204472e-02 1.601932e-01 2.135949e-01 1.243533e-01 1.198465e-01 5.615824e-03 4.885925e-02 2.245503e-02 4.022049e-02 -6.579630e-01 -2.612385e-02 1.608582e-02 1.363894e-02 1.885622e-03 -2.670772e-02 -2.601642e-02 6.023569e-03 3.619628e-02 3.014603e-02 2.038868e-02 -2.232700e-02 -7.214131e-04 1.397232e-02
<VARIANCE> 39
 1.901260e+01 2.490267e+01 1.196768e+01 1.120078e+01 1.469984e+01 2.092311e+01 2.030703e+01 2.444882e+01 1.876918e+01 1.536494e+01 1.359054e+01 1.227179e+01 6.279808e+01 2.264063e-01 3.405325e-01 4.677779e-01 6.651263e-01 9.081823e-01 1.055270e+00 1.208967e+00 1.422230e+00 1.439115e+00 1.301810e+00 1.248405e+00 1.106688e+00 1.591158e-01 4.052699e-02 6.533796e-02 9.383639e-02 1.318063e-01 1.913140e-01 2.209683e-01 2.499088e-01 2.985164e-01 3.009294e-01 2.664535e-01 2.585866e-01 2.332171e-01 3.129684e-02
<GCONST> 8.059303e+01
<MIXTURE> 2 2.339944e-01
<MEAN> 39
 -1.326433e+01 -4.976547e+00 -1.855539e+00 -1.772981e+00 -1.510501e+00 -5.200117e+00 -1.778153e-01 -2.676849e+00 -1.851870e+00 -1.343002e-01 -9.204662e-01 -6.194932e-01 6.229679e+01 -4.040289e-01 -8.695765e-01 -2.089017e-01 -2.447841e-01 -5.236762e-01 -7.750681e-01 -5.318636e-01 -5.633555e-01 -1.235273e-01 -2.179433e-01 -5.316165e-02 -8.593957e-02 2.220564e+00 1.105767e-01 -1.312858e-02 -3.523321e-02 -1.004657e-03 1.263956e-01 1.425313e-01 2.958499e-02 -7.710797e-02 -6.999903e-02 -4.930752e-02 8.420433e-02 -1.894665e-02 -1.230118e-01
<VARIANCE> 39
 2.117333e+01 2.988937e+01 1.634966e+01 1.569991e+01 2.454080e+01 3.596392e+01 2.708726e+01 2.902427e+01 1.906346e+01 1.966326e+01 1.741484e+01 1.552984e+01 1.117791e+02 1.503635e+00 2.129800e+00 1.392934e+00 1.400990e+00 2.710757e+00 3.578150e+00 2.680516e+00 2.518408e+00 1.846788e+00 1.969795e+00 1.822412e+00 1.839825e+00 7.392365e+00 2.640869e-01 4.176899e-01 2.438604e-01 2.711851e-01 5.451549e-01 7.329928e-01 5.230835e-01 4.739143e-01 3.373816e-01 3.924518e-01 3.550273e-01 3.703935e-01 1.795403e+00
<GCONST> 1.131863e+02
<STATE> 4
<NUMMIXES> 2
<MIXTURE> 1 6.983338e-01
<MEAN> 39
 -1.120521e+01 -2.123170e+00 -1.638151e+00 -9.014507e-01 1.390897e+00 -2.757530e-02 3.480277e+00 3.061047e-03 -6.943497e-01 9.407369e-01 6.075460e-01 -9.242485e-01 5.288291e+01 1.328492e-01 1.902881e-01 1.869680e-02 1.575928e-02 7.643463e-02 1.591658e-01 1.330096e-01 1.306770e-01 7.266981e-02 7.222134e-02 2.631780e-02 6.281684e-04 -2.725456e-01 -2.895880e-02 -1.258726e-02 3.569303e-03 -2.164654e-04 -3.536580e-02 -5.033062e-02 -2.483286e-02 -6.414506e-03 -7.292380e-03 -8.450037e-03 -2.092039e-02 1.112905e-02 3.060821e-02
<VARIANCE> 39
 1.438295e+01 1.699943e+01 1.196462e+01 1.085591e+01 1.218543e+01 1.660836e+01 1.546343e+01 1.810635e+01 1.607542e+01 1.475513e+01 1.340131e+01 1.264748e+01 2.077504e+01 2.857641e-01 3.798045e-01 5.032048e-01 7.100379e-01 9.399075e-01 1.151170e+00 1.244667e+00 1.386106e+00 1.424222e+00 1.385351e+00 1.304442e+00 1.214047e+00 1.701456e-01 4.627279e-02 7.041886e-02 9.902310e-02 1.415150e-01 1.867517e-01 2.337497e-01 2.523147e-01 2.823852e-01 2.907881e-01 2.882713e-01 2.653802e-01 2.478255e-01 2.271752e-02
<GCONST> 7.861340e+01
<MIXTURE> 2 3.016794e-01
<MEAN> 39
 -1.371737e+01 -4.708612e+00 -1.527285e+00 -9.605069e-01 -1.557029e-01 -3.071721e+00 1.785348e+00 -1.244047e+00 -1.121012e+00 3.732559e-01 -8.418042e-02 -6.336095e-01 5.781499e+01 -2.827457e-01 -4.308003e-01 -4.016874e-02 -4.478946e-02 -1.717234e-01 -3.400154e-01 -2.831708e-01 -2.678528e-01 -1.449173e-01 -1.534766e-01 -5.611434e-02 -1.606183e-02 5.904997e-01 6.858374e-02 2.643231e-02 -8.868158e-03 -1.620824e-03 7.906557e-02 1.134939e-01 5.195406e-02 7.685511e-03 1.083841e-02 1.674203e-02 4.876958e-02 -2.367445e-02 -6.893428e-02
<VARIANCE> 39
 2.000768e+01 2.621634e+01 1.498063e+01 1.508436e+01 1.813720e+01 2.470288e+01 2.278605e+01 2.657248e+01 2.042001e+01 1.925823e+01 1.628349e+01 1.506772e+01 4.754738e+01 1.019324e+00 1.392377e+00 1.036910e+00 1.193503e+00 1.557216e+00 1.993257e+00 1.853700e+00 1.890537e+00 1.738798e+00 1.747402e+00 1.667226e+00 1.482580e+00 2.019994e+00 1.801761e-01 2.579925e-01 1.854050e-01 2.282728e-01 3.044541e-01 4.107434e-01 3.795991e-01 3.849714e-01 3.552730e-01 3.575933e-01 3.379202e-01 3.100322e-01 3.627204e-01
<GCONST> 1.013126e+02
<TRANSP> 5
 0.000000e+00 1.000000e+00 0.000000e+00 0.000000e+00 0.000000e+00
 0.000000e+00 9.923965e-01 7.603515e-03 0.000000e+00 0.000000e+00
 0.000000e+00 0.000000e+00 9.903048e-01 9.695262e-03 0.000000e+00
 0.000000e+00 0.000000e+00 0.000000e+00 9.973219e-01 2.678074e-03
 0.000000e+00 0.000000e+00 0.000000e+00 0.000000e+00 0.000000e+00
<ENDHMM>
~h "si"
<BEGINHMM>
<NUMSTATES> 5
<STATE> 2
<NUMMIXES> 2
<MIXTURE> 1 5.440292e-01
<MEAN> 39
 -5.429341e+00 2.066945e+00 1.015840e+00 -2.505089e+00 1.922503e+00 1.746672e+00 1.609080e+00 3.409579e+00 -9.849467e-01 -1.174118e-01 7.160255e-01 -2.875741e+00 4.354517e+01 5.494198e-02 1.218274e-01 1.658576e-01 2.237781e-01 2.852630e-01 3.214274e-01 3.169539e-01 3.219296e-01 2.597903e-01 2.144962e-01 1.523309e-01 7.490022e-02 -1.102583e-02 3.707554e-03 1.960936e-02 3.412593e-02 4.820769e-02 5.140408e-02 5.455269e-02 6.154301e-02 5.996596e-02 5.705852e-02 4.326949e-02 2.634411e-02 1.343529e-02 7.701389e-03
<VARIANCE> 39
 4.609451e+00 4.380644e+00 8.584531e+00 9.757399e+00 1.657207e+01 1.360141e+01 1.476861e+01 1.712039e+01 1.556002e+01 1.596082e+01 1.411799e+01 1.266799e+01 3.208590e+00 1.173728e-01 2.319906e-01 3.979231e-01 5.902291e-01 7.859597e-01 9.417437e-01 1.106800e+00 1.215742e+00 1.273589e+00 1.316238e+00 1.259022e+00 1.101133e+00 3.791023e-02 2.223834e-02 4.781801e-02 8.616500e-02 1.317829e-01 1.751839e-01 2.105682e-01 2.466264e-01 2.654159e-01 2.714354e-01 2.819748e-01 2.639588e-01 2.258389e-01 6.227792e-03
<GCONST> 6.662370e+01
<MIXTURE> 2 4.559678e-01
<MEAN> 39
 -5.771565e+00 2.308578e+00 1.602021e+00 -1.448590e+00 2.586625e+00 2.367995e+00 2.754610e+00 3.790549e+00 -5.870348e-03 5.760133e-01 9.497905e-01 -2.514204e+00 4.444507e+01 -7.383097e-02 -1.383541e-01 -2.215195e-01 -2.910087e-01 -3.573523e-01 -3.808623e-01 -3.707771e-01 -3.557614e-01 -3.028947e-01 -2.415519e-01 -1.673708e-01 -9.225431e-02 -1.985859e-02 -7.056583e-03 -2.585743e-02 -4.275329e-02 -5.795619e-02 -6.379446e-02 -6.720214e-02 -7.498643e-02 -7.664614e-02 -6.894622e-02 -5.090472e-02 -3.112489e-02 -1.479025e-02 -5.753644e-03
<VARIANCE> 39
 8.029569e+00 7.323279e+00 1.087844e+01 1.173225e+01 1.813726e+01 1.580103e+01 1.635628e+01 1.914913e+01 1.672334e+01 1.685758e+01 1.507871e+01 1.328910e+01 7.676044e+00 2.097409e-01 3.420404e-01 4.739109e-01 6.646846e-01 8.691313e-01 1.031987e+00 1.198254e+00 1.276359e+00 1.360575e+00 1.389250e+00 1.339065e+00 1.138669e+00 1.077381e-01 3.712755e-02 6.597329e-02 9.538372e-02 1.375008e-01 1.883579e-01 2.261159e-01 2.547383e-01 2.730629e-01 2.843894e-01 2.844771e-01 2.733763e-01 2.288481e-01 1.611963e-02
<GCONST> 7.476065e+01
<STATE> 3
<NUMMIXES> 2
<MIXTURE> 1 5.138974e-01
<MEAN> 39
 -3.685048e+00 -4.164725e+00 -4.013894e+00 -3.376585e+00 1.672127e+00 4.173116e+00 4.738924e+00 8.157663e-01 -8.279896e-01 1.164052e+00 1.247592e+00 -2.579336e+00 5.029325e+01 5.172342e-02 1.101766e-01 1.684231e-01 2.502923e-01 3.134154e-01 3.407833e-01 3.329438e-01 3.174002e-01 2.996772e-01 2.628931e-01 1.815334e-01 1.012257e-01 -7.449054e-03 3.620569e-03 1.827352e-02 2.781433e-02 2.158368e-02 3.880716e-03 -7.130881e-03 -1.357952e-02 2.048741e-03 1.817119e-02 1.660770e-02 9.197784e-03 1.775528e-03 7.529827e-03
<VARIANCE> 39
 5.713266e+00 6.214415e+00 6.272554e+00 7.376654e+00 1.137098e+01 1.225729e+01 1.297503e+01 1.416588e+01 1.365152e+01 1.354165e+01 1.302142e+01 1.209296e+01 2.922034e+00 1.288562e-01 2.507213e-01 4.291473e-01 5.688977e-01 8.047372e-01 9.618801e-01 1.094009e+00 1.271659e+00 1.273907e+00 1.329980e+00 1.283730e+00 1.152426e+00 4.179055e-02 2.347230e-02 5.074986e-02 9.161317e-02 1.245279e-01 1.814308e-01 2.151304e-01 2.373660e-01 2.747958e-01 2.765327e-01 2.798998e-01 2.639931e-01 2.357830e-01 7.104511e-03
<GCONST> 6.609703e+01
<MIXTURE> 2 4.860915e-01
<MEAN> 39
 -4.012749e+00 -3.678830e+00 -3.189290e+00 -3.129842e+00 8.184724e-01 3.248350e+00 3.857592e+00 4.805896e-01 -4.191032e-01 1.209397e+00 1.229650e+00 -2.663815e+00 5.124722e+01 -6.148246e-02 -1.298266e-01 -2.044876e-01 -2.866243e-01 -3.501617e-01 -3.578213e-01 -3.498386e-01 -3.302903e-01 -3.099895e-01 -2.625885e-01 -1.863076e-01 -9.799249e-02 -1.863495e-02 -8.706490e-03 -1.491866e-02 -2.296637e-02 -1.846449e-02 -3.855335e-03 2.415830e-03 1.038609e-02 -3.535132e-03 -1.887891e-02 -1.889827e-02 -1.140935e-02 -6.328524e-04 -2.319670e-03
<VARIANCE> 39
 9.630973e+00 1.055089e+01 9.669759e+00 1.119788e+01 1.871616e+01 1.859870e+01 1.921151e+01 1.832402e+01 1.751884e+01 1.760871e+01 1.656145e+01 1.469816e+01 7.350913e+00 1.963969e-01 3.282302e-01 4.909812e-01 6.513196e-01 8.940651e-01 1.098063e+00 1.235412e+00 1.385889e+00 1.371246e+00 1.402022e+00 1.372068e+00 1.244808e+00 1.078107e-01 3.379295e-02 6.409081e-02 1.029241e-01 1.448591e-01 2.048330e-01 2.480439e-01 2.765567e-01 3.072077e-01 3.000118e-01 3.091129e-01 2.933291e-01 2.556958e-01 1.643764e-02
<GCONST> 7.665734e+01
<STATE> 4
<NUMMIXES> 2
<MIXTURE> 1 7.391536e-01
<MEAN> 39
 -7.776890e+00 1.190488e+00 4.053559e-01 -1.451917e+00 1.028401e+00 1.232369e+00 3.010954e+00 1.920090e+00 1.556940e-01 9.128878e-01 8.787151e-01 -1.959994e+00 4.735949e+01 4.706832e-02 7.394390e-02 1.910010e-02 3.180534e-02 4.657029e-02 7.804951e-02 5.594634e-02 8.041490e-02 3.203579e-02 2.991480e-02 2.235240e-02 -5.576275e-03 -1.005938e-01 -1.237034e-02 -1.135325e-02 -5.344892e-03 -8.323496e-03 -1.485309e-02 -1.845133e-02 -1.603089e-02 -1.381613e-02 -5.351973e-03 -1.074777e-03 -3.300928e-03 2.823643e-03 1.392483e-02
<VARIANCE> 39
 1.455217e+01 8.622732e+00 1.027488e+01 1.106557e+01 1.584604e+01 1.505916e+01 1.588717e+01 1.835548e+01 1.659955e+01 1.623204e+01 1.464176e+01 1.355904e+01 1.763136e+01 1.790020e-01 2.942030e-01 4.592019e-01 6.743218e-01 8.933923e-01 1.081218e+00 1.233958e+00 1.327791e+00 1.370197e+00 1.393251e+00 1.298132e+00 1.150465e+00 9.738393e-02 2.806477e-02 5.318269e-02 8.840220e-02 1.318657e-01 1.778808e-01 2.155896e-01 2.478464e-01 2.678430e-01 2.768903e-01 2.830974e-01 2.630544e-01 2.323039e-01 1.110591e-02
<GCONST> 7.443787e+01
<MIXTURE> 2 2.609152e-01
<MEAN> 39
 -1.050599e+01 -1.726498e+00 -2.525500e-02 -2.052733e+00 -2.307679e-01 -1.179843e+00 1.812678e+00 -4.052791e-01 -3.756171e-01 3.877563e-01 6.195363e-01 -1.211749e+00 5.347299e+01 -1.619818e-01 -2.080543e-01 -4.892973e-02 -8.957895e-02 -1.364566e-01 -2.348395e-01 -1.554652e-01 -2.267827e-01 -7.703599e-02 -7.245861e-02 -4.859952e-02 2.894606e-02 3.283523e-01 3.987694e-02 3.167528e-02 1.481489e-02 2.255052e-02 4.455703e-02 5.643734e-02 4.722119e-02 4.120406e-02 1.552030e-02 2.077698e-03 9.301312e-03 -9.996284e-03 -4.023496e-02
<VARIANCE> 39
 2.859877e+01 2.963537e+01 2.201240e+01 2.168869e+01 2.730173e+01 2.586335e+01 2.793761e+01 3.099944e+01 2.556135e+01 2.281662e+01 2.236233e+01 2.027049e+01 4.340258e+01 9.652686e-01 1.132103e+00 9.623319e-01 1.211788e+00 1.516694e+00 1.795585e+00 1.816791e+00 1.941413e+00 1.837611e+00 1.765246e+00 1.640759e+00 1.452013e+00 1.384863e+00 1.558679e-01 1.983632e-01 1.757069e-01 2.344046e-01 2.900651e-01 3.604585e-01 3.625974e-01 3.905663e-01 3.686457e-01 3.551899e-01 3.297598e-01 2.920824e-01 2.248397e-01
<GCONST> 1.022983e+02
<TRANSP> 5
 0.000000e+00 1.000000e+00 0.000000e+00 0.000000e+00 0.000000e+00
 0.000000e+00 9.891177e-01 1.088227e-02 0.000000e+00 0.000000e+00
 0.000000e+00 0.000000e+00 9.799320e-01 2.006803e-02 0.000000e+00
 0.000000e+00 0.000000e+00 0.000000e+00 9.925679e-01 7.432098e-03
 0.000000e+00 0.000000e+00 0.000000e+00 0.000000e+00 0.000000e+00
<ENDHMM>
~h "st"
<BEGINHMM>
<NUMSTATES> 5
<STATE> 2
<NUMMIXES> 2
<MIXTURE> 1 6.836792e-01
<MEAN> 39
 -9.771931e+00 -4.571141e+00 6.828482e-01 -7.099982e+00 -2.049126e+00 -5.946808e+00 -6.356711e-01 -5.748264e-01 -2.411498e-01 -6.525031e-01 1.137777e+00 -2.358851e+00 6.376064e+01 2.203712e-01 3.346936e-02 2.397817e-01 1.273838e-01 2.188385e-01 2.879570e-01 3.831480e-01 6.631469e-02 1.051466e-01 3.279866e-02 9.328086e-03 1.156081e-01 -5.517458e-01 3.293527e-02 1.176955e-01 -5.023143e-02 1.030665e-01 9.433681e-02 1.316037e-01 5.746215e-02 -8.238045e-03 -2.377068e-02 -2.554139e-02 -2.494843e-02 -2.195448e-02 -2.376462e-01
<VARIANCE> 39
 1.654603e+01 2.698033e+01 1.635683e+01 2.549097e+01 2.393400e+01 2.669647e+01 2.346871e+01 2.457395e+01 2.056326e+01 2.107725e+01 1.854904e+01 1.354653e+01 6.684116e+01 3.253738e-01 5.188012e-01 7.613577e-01 9.299414e-01 1.214745e+00 1.496746e+00 1.525924e+00 1.774242e+00 1.451795e+00 1.799387e+00 1.620737e+00 1.415510e+00 5.492278e-01 7.667397e-02 1.465555e-01 1.255157e-01 2.021179e-01 2.533937e-01 3.298448e-01 3.049648e-01 3.519475e-01 2.846377e-01 3.307328e-01 3.021716e-01 2.559179e-01 2.959084e-01
<GCONST> 9.407316e+01
<MIXTURE> 2 3.163207e-01
<MEAN> 39
 -9.397536e+00 -2.157281e+00 -1.096606e+00 -5.610368e+00 -1.326199e+00 -3.039768e+00 3.199450e-01 3.218626e-01 5.003987e-02 -2.424589e-01 1.257670e+00 -2.561494e+00 5.862957e+01 -6.706344e-01 -1.161915e+00 1.125662e-01 -1.225584e+00 -1.004743e+00 -1.723058e+00 -1.067112e+00 -2.455751e-01 -9.499549e-02 -2.476870e-01 -5.323999e-02 -1.351922e-01 3.238531e+00 1.388239e-01 -6.314876e-03 6.325983e-02 6.104520e-02 6.534547e-02 1.714831e-01 1.761047e-01 4.013315e-02 3.121430e-02 1.309149e-01 2.564199e-03 4.837094e-02 -1.837780e-01
<VARIANCE> 39
 2.476988e+01 2.556650e+01 2.052978e+01 2.725672e+01 2.793335e+01 3.815597e+01 3.173707e+01 2.691963e+01 1.903668e+01 1.920285e+01 2.057096e+01 1.472794e+01 8.897857e+01 2.118701e+00 1.889476e+00 1.622243e+00 2.265411e+00 2.855495e+00 3.000861e+00 2.707958e+00 2.917014e+00 2.037904e+00 2.281927e+00 2.558736e+00 1.643897e+00 4.026432e+00 2.642916e-01 2.945439e-01 2.896487e-01 4.380462e-01 5.134841e-01 6.596407e-01 5.746195e-01 5.477576e-01 3.206989e-01 3.893966e-01 4.349072e-01 2.806280e-01 1.238760e+00
<GCONST> 1.147248e+02
<STATE> 3
<NUMMIXES> 2
<MIXTURE> 1 7.479122e-01
<MEAN> 39
 -6.735268e+00 -3.171661e+00 -1.911221e+00 -4.485444e+00 -4.400205e-01 -7.542363e-02 2.762335e+00 -2.810675e-01 -1.174069e+00 -2.066830e-01 9.896527e-01 -2.417620e+00 5.515729e+01 1.007586e-01 1.252143e-01 -5.182981e-02 1.810548e-01 1.371617e-01 2.132966e-01 1.178904e-01 1.586121e-02 -1.094087e-02 5.011186e-02 1.365013e-02 2.554893e-03 -3.928972e-01 -1.015060e-02 -1.099796e-02 -6.421481e-03 -1.711918e-02 -2.750463e-02 -3.206520e-02 -2.603068e-02 -3.888178e-03 -9.891740e-05 -4.612700e-03 1.637182e-03 -3.903372e-03 2.953302e-02
<VARIANCE> 39
 1.297683e+01 1.387683e+01 1.338142e+01 1.611489e+01 1.631253e+01 2.088900e+01 1.759519e+01 1.766859e+01 1.770052e+01 1.812225e+01 1.496861e+01 1.380588e+01 1.992098e+01 2.166528e-01 3.346806e-01 5.115600e-01 7.038410e-01 9.299380e-01 1.132265e+00 1.259992e+00 1.359112e+00 1.397086e+00 1.444783e+00 1.387995e+00 1.224021e+00 1.688100e-01 3.459530e-02 6.050511e-02 9.916044e-02 1.389117e-01 1.879838e-01 2.343377e-01 2.612226e-01 2.792937e-01 2.910900e-01 3.005337e-01 2.873180e-01 2.490980e-01 1.742206e-02
<GCONST> 7.898801e+01
<MIXTURE> 2 2.520875e-01
<MEAN> 39
 -8.809734e+00 -3.218771e+00 -1.551181e+00 -6.475183e+00 -2.334900e+00 -2.059744e+00 1.550431e+00 -3.239513e-01 -8.664746e-01 -6.473742e-01 1.000301e+00 -2.617201e+00 5.885372e+01 -2.998939e-01 -2.953908e-01 1.205106e-01 -4.648279e-01 -3.807016e-01 -5.355998e-01 -3.115814e-01 -5.615379e-02 3.894374e-03 -1.392925e-01 -3.770231e-02 -4.898579e-03 1.002017e+00 2.126102e-02 3.542615e-02 1.859462e-02 5.079363e-02 7.840224e-02 8.711454e-02 6.497541e-02 1.155533e-02 3.085019e-03 1.444396e-02 -1.153962e-03 1.498060e-02 -7.733183e-02
<VARIANCE> 39
 1.853338e+01 2.252726e+01 1.790931e+01 2.756032e+01 2.568514e+01 2.747361e+01 2.348116e+01 2.212431e+01 2.074186e+01 2.105230e+01 1.784450e+01 1.595280e+01 5.055105e+01 1.347058e+00 1.572632e+00 1.305524e+00 2.198223e+00 2.305926e+00 2.469995e+00 2.231886e+00 2.171018e+00 2.119791e+00 1.992705e+00 1.827887e+00 1.586405e+00 3.190374e+00 2.271575e-01 2.635622e-01 2.409105e-01 4.349056e-01 4.556170e-01 5.102336e-01 4.479794e-01 4.344495e-01 4.178956e-01 4.074715e-01 3.699903e-01 3.208453e-01 7.155957e-01
<GCONST> 1.087637e+02
<STATE> 4
<NUMMIXES> 2
<MIXTURE> 1 7.430205e-01
<MEAN> 39
 -1.005061e+01 1.025728e+00 9.459442e-01 -1.802610e+00 8.745681e-01 -2.032864e-01 2.397847e+00 4.771404e-01 2.137660e-01 -1.433508e-01 7.456400e-01 -2.178872e+00 5.085495e+01 4.110499e-02 9.249817e-02 2.723463e-02 1.376403e-01 1.272488e-01 1.731816e-01 9.873435e-02 9.374332e-02 3.462889e-02 2.761477e-02 2.147795e-02 1.414791e-02 -2.760530e-01 -5.609076e-03 -1.069325e-02 -1.080146e-02 -2.797684e-02 -2.989204e-02 -2.759489e-02 -2.054555e-02 -7.850165e-05 -2.372366e-03 9.468553e-04 -2.566161e-03 -3.726078e-03 2.160067e-02
<VARIANCE> 39
 1.294407e+01 7.196808e+00 9.745351e+00 1.321749e+01 1.337156e+01 1.578837e+01 1.563057e+01 1.824748e+01 1.662432e+01 1.586707e+01 1.404843e+01 1.282881e+01 2.185346e+01 1.989295e-01 2.940320e-01 4.615188e-01 6.915236e-01 8.780440e-01 1.059394e+00 1.208441e+00 1.366336e+00 1.387617e+00 1.417935e+00 1.352124e+00 1.189967e+00 1.517008e-01 3.130342e-02 5.311952e-02 8.954535e-02 1.315379e-01 1.729806e-01 2.128388e-01 2.427189e-01 2.773295e-01 2.808340e-01 2.909773e-01 2.778414e-01 2.457370e-01 1.433873e-02
<GCONST> 7.536945e+01
<MIXTURE> 2 2.569842e-01
<MEAN> 39
 -1.105485e+01 3.556328e-01 5.557292e-01 -4.547919e+00 -1.465260e+00 -2.303505e+00 1.086621e+00 1.130404e-01 4.341894e-01 -7.196922e-02 6.614823e-01 -2.494839e+00 5.576867e+01 -1.203541e-01 -2.562316e-01 -8.432240e-02 -3.960323e-01 -3.390206e-01 -4.482540e-01 -2.604579e-01 -2.640838e-01 -8.444867e-02 -8.093961e-02 -7.096248e-02 -2.988913e-02 7.516748e-01 2.361600e-02 2.392593e-02 2.659950e-02 7.186292e-02 7.787348e-02 7.840469e-02 6.132152e-02 4.536305e-03 8.431857e-03 1.984345e-03 1.028602e-02 1.177517e-02 -6.082220e-02
<VARIANCE> 39
 1.904597e+01 1.480244e+01 1.507952e+01 2.337169e+01 2.154616e+01 2.646302e+01 2.345015e+01 2.440919e+01 2.035136e+01 1.806034e+01 1.645576e+01 1.472676e+01 6.143880e+01 1.130353e+00 1.047130e+00 1.115406e+00 1.740463e+00 1.874498e+00 2.096162e+00 2.031573e+00 1.976871e+00 1.952581e+00 1.760578e+00 1.648655e+00 1.530704e+00 2.711398e+00 1.895698e-01 1.965949e-01 2.118954e-01 3.408208e-01 3.746817e-01 4.350521e-01 4.132248e-01 4.121926e-01 3.944654e-01 3.526330e-01 3.423077e-01 3.148089e-01 4.457774e-01
<GCONST> 1.036334e+02
<TRANSP> 5
 0.000000e+00 1.000000e+00 0.000000e+00 0.000000e+00 0.000000e+00
 0.000000e+00 8.638314e-01 1.361686e-01 0.000000e+00 0.000000e+00
 0.000000e+00 0.000000e+00 9.915990e-01 8.401004e-03 0.000000e+00
 0.000000e+00 0.000000e+00 0.000000e+00 9.912060e-01 8.793926e-03
 0.000000e+00 0.000000e+00 0.000000e+00 0.000000e+00 0.000000e+00
<ENDHMM>
~h "spe"
<BEGINHMM>
<NUMSTATES> 5
<STATE> 2
<NUMMIXES> 2
<MIXTURE> 1 4.152301e-01
<MEAN> 39
 -3.567373e+00 1.387705e+00 8.244257e-01 -4.029698e+00 -2.773770e+00 -2.220779e+00 -1.583937e-01 -1.935557e+00 -2.375995e+00 2.156119e-02 -5.382456e-01 -4.290342e+00 5.436632e+01 -5.905727e-02 -1.449250e-01 2.390675e-01 -1.932209e-01 -3.985691e-01 -3.223912e-01 -1.037537e-01 2.215655e-02 2.873434e-02 1.235229e-01 9.758022e-02 -1.872225e-02 3.191706e-01 4.120253e-02 -8.465530e-02 4.599481e-02 -3.547244e-02 -4.559023e-02 8.694082e-03 -7.108659e-02 -1.246665e-02 -2.602727e-02 -1.009127e-03 -2.156368e-02 -6.449135e-02 2.840051e-02
<VARIANCE> 39
 3.092851e+01 3.216402e+01 4.000721e+01 3.338654e+01 4.517184e+01 4.572264e+01 2.711359e+01 3.369771e+01 2.706648e+01 2.890986e+01 2.410390e+01 2.533583e+01 1.039772e+01 1.181924e+00 1.502492e+00 1.676733e+00 1.735744e+00 2.844717e+00 2.333630e+00 2.008715e+00 2.511628e+00 2.142789e+00 2.080060e+00 1.874681e+00 1.917267e+00 3.569034e-01 1.308322e-01 1.778419e-01 2.005729e-01 2.680871e-01 4.310628e-01 4.228449e-01 3.369983e-01 4.195289e-01 3.662929e-01 3.829120e-01 3.318917e-01 3.065074e-01 4.473503e-02
<GCONST> 1.048446e+02
<MIXTURE> 2 5.847698e-01
<MEAN> 39
 6.517586e-01 -4.404277e+00 4.459228e+00 -5.112841e+00 -6.289425e+00 -4.545377e-02 -3.506670e+00 -2.909007e+00 -4.722928e+00 -1.299437e+00 -1.511217e+00 -7.412920e+00 5.588171e+01 4.536181e-02 6.975686e-02 -1.033452e-01 1.149544e-01 2.185812e-01 1.293625e-01 7.688435e-03 -3.544256e-02 -3.531980e-02 -7.009360e-02 -8.167398e-02 -7.856328e-03 -1.618539e-01 -3.247819e-02 5.110309e-02 -4.808331e-02 2.284865e-02 3.804716e-02 -6.460059e-03 5.937582e-02 2.358462e-02 3.451438e-02 8.582781e-03 8.564418e-03 4.683280e-02 -2.314976e-02
<VARIANCE> 39
 5.970166e+00 1.725764e+01 6.765147e+01 2.757014e+01 6.610781e+01 4.052215e+01 3.132355e+01 4.658867e+01 3.532135e+01 3.444777e+01 3.797599e+01 2.927315e+01 1.494204e+01 1.853386e-01 4.472393e-01 7.688159e-01 8.455597e-01 1.294029e+00 1.406452e+00 1.433983e+00 1.805145e+00 1.637900e+00 1.596428e+00 1.600958e+00 1.368753e+00 1.284602e-01 2.924888e-02 7.362074e-02 1.153755e-01 1.553430e-01 2.295593e-01 2.623365e-01 2.762997e-01 3.569532e-01 3.276548e-01 3.089899e-01 3.177048e-01 2.545773e-01 1.491275e-02
<GCONST> 8.986741e+01
<STATE> 3
<NUMMIXES> 2
<MIXTURE> 1 6.020502e-01
<MEAN> 39
 -2.401402e+00 -4.507787e+00 -6.637719e-01 -1.022599e+01 -1.230458e+00 -3.036819e+00 -2.154605e+00 4.088026e-01 -9.899836e-01 -6.575787e-01 -3.800940e+00 -5.301581e+00 6.126876e+01 -2.946039e-02 1.504492e-01 -4.172819e-02 1.985416e-01 1.817209e-01 1.478436e-01 1.163509e-01 -9.788219e-02 2.567691e-02 2.281637e-02 1.979182e-02 2.954995e-02 -2.176114e-01 9.586792e-04 2.516816e-02 5.704811e-03 3.239577e-02 8.714370e-03 -1.416204e-02 -1.499149e-02 -2.215943e-02 -2.448216e-02 -2.115082e-02 1.077932e-02 1.349925e-02 -3.276715e-02
<VARIANCE> 39
 2.593029e+01 4.382171e+01 3.535869e+01 5.728540e+01 3.849394e+01 4.327234e+01 3.349406e+01 3.916770e+01 2.846541e+01 3.075630e+01 4.946304e+01 2.861633e+01 3.265279e+01 2.853055e-01 5.444423e-01 7.423185e-01 1.030132e+00 1.189901e+00 1.269618e+00 1.327758e+00 1.573296e+00 1.628724e+00 1.616250e+00 1.699330e+00 1.404630e+00 2.119780e-01 4.802536e-02 8.098109e-02 1.299533e-01 1.901061e-01 2.323170e-01 2.437386e-01 2.667502e-01 2.873595e-01 3.287284e-01 3.190446e-01 3.231950e-01 2.825737e-01 2.569417e-02
<GCONST> 9.474505e+01
<MIXTURE> 2 3.979492e-01
<MEAN> 39
 -1.811046e+00 -3.982271e+00 2.087623e+00 -1.594145e+01 -2.150787e+00 -9.475139e+00 -6.173747e+00 -3.280096e+00 -1.081060e+00 -3.790003e+00 -8.257879e+00 -2.278838e+00 6.259486e+01 -3.078245e-02 -1.695763e-01 -1.421019e-01 -1.678305e-01 -7.627248e-02 -1.281340e-01 -6.988195e-02 1.064399e-01 2.896555e-02 -5.728355e-02 -8.974592e-02 -7.533441e-02 3.108010e-01 3.973079e-04 -5.390821e-03 1.400666e-03 5.676017e-03 1.995781e-03 4.684002e-02 4.579953e-02 -5.874095e-03 3.572615e-04 1.750087e-02 -6.112076e-03 -7.721452e-03 7.187922e-03
<VARIANCE> 39
 2.405550e+01 3.335823e+01 7.618830e+01 6.855309e+01 5.283891e+01 5.068410e+01 5.399149e+01 6.951599e+01 4.334902e+01 4.263651e+01 4.341384e+01 3.866282e+01 1.362906e+01 1.219721e+00 1.991586e+00 2.254625e+00 2.712974e+00 2.653032e+00 2.676339e+00 3.011952e+00 3.578226e+00 3.467552e+00 2.714658e+00 2.603859e+00 2.269617e+00 7.477375e-01 1.581648e-01 2.631994e-01 3.047343e-01 4.031574e-01 4.075776e-01 4.769558e-01 5.075906e-01 6.134596e-01 6.039950e-01 5.293890e-01 4.887529e-01 4.348108e-01 9.514376e-02
<GCONST> 1.182514e+02
<STATE> 4
<NUMMIXES> 2
<MIXTURE> 1 5.811176e-01
<MEAN> 39
 -2.198765e+00 -2.051779e+00 -1.427919e+00 -3.172400e+00 -7.233222e-01 1.112302e+00 2.046752e+00 -4.527351e-01 -1.409217e+00 5.237550e-01 -1.729076e-01 -4.183849e+00 5.080672e+01 -2.295675e-02 4.094835e-02 -2.142398e-02 8.946759e-02 9.563664e-02 1.614091e-01 1.880047e-01 1.168977e-01 1.116899e-01 1.016345e-01 1.186564e-01 1.263978e-01 -1.064141e-01 1.667368e-02 -7.337434e-03 2.055669e-02 -1.264460e-02 -2.154147e-02 -1.623479e-02 -2.852990e-02 -1.119162e-03 5.173584e-05 -1.627507e-02 -2.814058e-02 -4.426970e-02 2.276534e-02
<VARIANCE> 39
 1.250944e+01 1.726945e+01 1.759619e+01 1.417150e+01 2.599166e+01 2.414988e+01 2.292703e+01 2.218675e+01 2.130522e+01 1.927101e+01 1.948428e+01 1.806604e+01 6.221720e+00 2.360910e-01 3.563806e-01 5.585767e-01 7.219302e-01 9.830731e-01 1.212009e+00 1.251778e+00 1.395981e+00 1.437318e+00 1.463946e+00 1.447270e+00 1.340048e+00 7.867733e-02 3.946239e-02 6.334462e-02 1.048641e-01 1.373594e-01 1.932322e-01 2.365036e-01 2.488077e-01 2.835705e-01 2.887628e-01 2.902758e-01 2.854244e-01 2.670769e-01 1.168382e-02
<GCONST> 7.969698e+01
<MIXTURE> 2 4.188832e-01
<MEAN> 39
 4.026508e-01 -5.386779e+00 1.244269e+00 -6.321928e+00 -4.429312e+00 -1.133980e+00 -2.914974e+00 -7.873847e-01 -1.882782e+00 -4.696730e-01 -2.011739e+00 -7.500673e+00 5.593341e+01 3.564166e-02 -5.929707e-02 2.053991e-02 -1.034865e-01 -1.099597e-01 -1.818146e-01 -2.328032e-01 -1.357314e-01 -1.500568e-01 -1.265928e-01 -1.440025e-01 -1.542286e-01 1.022763e-01 -2.518547e-02 1.041071e-02 -2.637565e-02 1.572964e-02 2.850958e-02 2.293094e-02 3.835986e-02 1.544527e-03 -1.326375e-03 2.294394e-02 3.802606e-02 6.164926e-02 -3.011739e-02
<VARIANCE> 39
 1.118183e+01 3.304479e+01 3.785550e+01 3.427809e+01 5.685108e+01 4.144793e+01 3.484096e+01 3.772657e+01 3.593970e+01 3.720498e+01 3.879634e+01 2.837302e+01 1.511372e+01 4.146184e-01 9.515375e-01 1.094219e+00 1.250929e+00 1.895658e+00 1.726549e+00 1.805413e+00 1.963090e+00 2.037046e+00 1.868943e+00 1.834116e+00 1.689952e+00 3.615769e-01 4.892051e-02 1.241728e-01 1.523565e-01 1.909411e-01 2.783088e-01 2.903479e-01 3.200701e-01 3.547021e-01 3.761359e-01 3.501582e-01 3.294182e-01 3.070202e-01 3.452901e-02
<GCONST> 9.889030e+01
<TRANSP> 5
 0.000000e+00 1.000000e+00 0.000000e+00 0.000000e+00 0.000000e+00
 0.000000e+00 9.881608e-01 1.183920e-02 0.000000e+00 0.000000e+00
 0.000000e+00 0.000000e+00 9.806377e-01 1.936231e-02 0.000000e+00
 0.000000e+00 0.000000e+00 0.000000e+00 9.960264e-01 3.973580e-03
 0.000000e+00 0.000000e+00 0.000000e+00 0.000000e+00 0.000000e+00
<ENDHMM>
