~o
<STREAMINFO> 1 39
<VECSIZE> 39<NULLD><MFCC_D_A_0><DIAGC>
~h "ap"
<BEGINHMM>
<NUMSTATES> 5
<STATE> 2
<MEAN> 39
 -1.527931e+01 -8.430130e+00 -2.718292e+00 3.513558e-01 -2.538036e+00 -4.536501e+00 2.145126e+00 -8.884635e-01 -7.490388e-01 -8.129833e-01 -3.261426e-01 -5.988210e-01 6.465346e+01 -9.307485e-01 -1.280347e+00 -7.171409e-01 -1.583319e-01 -7.080363e-01 -9.460214e-01 -4.710321e-01 -5.665050e-01 -3.415483e-01 -3.067522e-01 -1.519521e-01 -1.528684e-01 2.685061e+00 1.821642e-01 1.175830e-01 1.604743e-02 -9.452851e-02 1.985718e-01 2.712859e-01 1.193765e-01 5.650723e-02 5.367943e-02 1.242865e-01 1.792246e-02 -9.204748e-02 -4.182733e-01
<VARIANCE> 39
 4.575215e+01 6.951257e+01 3.526672e+01 2.851891e+01 3.496457e+01 6.906411e+01 3.052152e+01 2.964573e+01 2.611217e+01 2.503511e+01 2.458242e+01 1.885540e+01 2.135110e+02 4.518844e+00 4.373953e+00 1.669164e+00 2.231066e+00 3.552890e+00 5.141854e+00 2.472213e+00 2.410432e+00 2.223112e+00 2.562936e+00 2.216147e+00 1.758116e+00 1.643312e+01 7.167193e-01 6.710103e-01 2.422707e-01 3.606906e-01 5.931993e-01 8.923672e-01 3.950492e-01 3.583259e-01 3.706526e-01 4.343801e-01 3.374395e-01 3.015951e-01 2.916901e+00
<GCONST> 1.253245e+02
<STATE> 3
<MEAN> 39
 -1.489031e+01 -1.470799e+01 -8.106537e+00 7.670817e-02 -1.564623e+00 -7.198496e+00 9.477904e-01 -3.970543e+00 -4.576887e+00 -2.565251e+00 -9.599628e-02 -1.737711e+00 7.122612e+01 1.735369e-01 3.575350e-02 5.923105e-02 4.871460e-02 1.769960e-01 1.244454e-01 9.628101e-02 -4.261975e-02 -6.981040e-02 1.652515e-02 3.954304e-02 6.604808e-03 -4.585401e-01 5.426083e-03 2.803424e-02 3.794071e-02 4.346490e-02 1.371219e-02 -1.068919e-02 6.963115e-03 2.413782e-02 7.437991e-03 -2.015301e-03 8.896690e-03 3.102829e-02 -3.891910e-02
<VARIANCE> 39
 1.627024e+01 2.838260e+01 3.024038e+01 2.453429e+01 2.683572e+01 3.106502e+01 2.276905e+01 2.279947e+01 2.239392e+01 2.273061e+01 2.024756e+01 1.618335e+01 6.424718e+01 5.870612e-01 4.958056e-01 5.690132e-01 8.464025e-01 1.542791e+00 1.592830e+00 1.298848e+00 1.201358e+00 1.377286e+00 1.346971e+00 1.417742e+00 1.626282e+00 3.062297e+00 1.034129e-01 8.805801e-02 1.018991e-01 1.592364e-01 2.992448e-01 3.166370e-01 2.516797e-01 2.396750e-01 2.668892e-01 2.764138e-01 2.826480e-01 3.529584e-01 5.033251e-01
<GCONST> 9.595576e+01
<STATE> 4
<MEAN> 39
 -1.059321e+01 -1.130684e+01 -5.581645e+00 1.199909e+00 4.464806e-01 -4.930070e+00 2.172513e+00 -2.394031e+00 -3.784032e+00 -1.206855e+00 7.537798e-01 -1.368200e+00 6.165790e+01 2.631883e-02 1.699405e-02 1.529062e-02 1.278227e-02 1.324779e-02 1.363278e-02 7.998930e-03 1.619971e-02 1.036065e-02 4.781651e-03 4.215697e-03 -1.753050e-03 -5.802782e-02 -1.023091e-03 2.173444e-04 -1.262407e-03 -1.657832e-03 -2.416883e-03 -1.287516e-03 -1.335058e-03 4.845154e-05 -5.557422e-04 -1.843063e-04 -1.239760e-03 -7.154381e-04 2.224676e-03
<VARIANCE> 39
 2.273697e+01 5.112425e+01 2.920422e+01 2.391173e+01 3.471237e+01 3.879169e+01 2.676693e+01 2.608568e+01 2.501059e+01 2.215979e+01 1.699792e+01 1.476522e+01 1.234788e+02 9.011096e-01 1.139154e+00 7.674353e-01 9.323763e-01 1.620077e+00 1.911974e+00 1.365791e+00 1.419232e+00 1.555073e+00 1.534270e+00 1.359506e+00 1.310295e+00 5.178746e+00 1.425902e-01 1.750246e-01 1.272003e-01 1.740230e-01 2.987438e-01 3.697311e-01 2.593488e-01 2.663766e-01 3.120712e-01 3.172174e-01 2.709484e-01 2.754773e-01 7.746087e-01
<GCONST> 1.027325e+02
<TRANSP> 5
 0.000000e+00 1.000000e+00 0.000000e+00 0.000000e+00 0.000000e+00
 0.000000e+00 8.345062e-01 1.654938e-01 0.000000e+00 0.000000e+00
 0.000000e+00 0.000000e+00 9.607038e-01 3.929621e-02 0.000000e+00
 0.000000e+00 0.000000e+00 0.000000e+00 9.960726e-01 3.927334e-03
 0.000000e+00 0.000000e+00 0.000000e+00 0.000000e+00 0.000000e+00
<ENDHMM>
~h "cl"
<BEGINHMM>
<NUMSTATES> 5
<STATE> 2
<MEAN> 39
 -1.227310e+01 -9.941522e-01 -5.200753e-01 -2.655800e+00 -1.546786e+00 5.698313e+00 2.827749e+00 -1.068536e+00 2.640469e+00 5.872324e-01 -2.806998e+00 1.329347e+00 5.430652e+01 -3.911684e-01 4.666627e-02 6.287303e-02 -2.409745e-02 -1.513498e-01 1.706884e-01 -8.249216e-02 -1.991584e-01 1.259918e-01 -3.991879e-02 -1.779190e-01 1.200917e-01 3.130051e-01 4.702392e-03 -5.737109e-03 1.211071e-02 -1.752246e-02 -4.810103e-03 2.015528e-02 -1.163432e-02 -1.931871e-02 -1.970687e-04 -9.128841e-03 -1.863621e-02 7.764480e-03 -6.571549e-03
<VARIANCE> 39
 4.907051e+01 2.829572e+01 2.881193e+01 1.656542e+01 2.224783e+01 4.551394e+01 2.550540e+01 2.968191e+01 3.453597e+01 2.662703e+01 3.157425e+01 2.564703e+01 5.055814e+01 3.071418e+00 8.844205e-01 7.925837e-01 9.400491e-01 1.516988e+00 2.274835e+00 1.932612e+00 2.325928e+00 2.284024e+00 1.910862e+00 2.061026e+00 1.855617e+00 2.309329e+00 4.433896e-01 1.342401e-01 1.272073e-01 1.659934e-01 2.558683e-01 3.829665e-01 3.435895e-01 3.848498e-01 4.066274e-01 3.611713e-01 3.554424e-01 3.243798e-01 3.322850e-01
<GCONST> 1.069678e+02
<STATE> 3
<MEAN> 39
 -1.823854e+01 1.810647e+00 4.240024e+00 -4.459124e+00 -7.026364e+00 1.061209e+01 6.911873e-01 -5.281527e+00 7.568823e+00 3.343944e-02 -7.405925e+00 5.220295e+00 5.565014e+01 -1.445943e-01 -1.050976e-02 1.394315e-02 -1.175370e-02 6.220235e-05 6.583416e-02 -3.202787e-03 -2.325016e-02 -8.348878e-02 -4.091568e-02 -6.133628e-02 3.995160e-03 1.407251e-01 4.024560e-02 -2.396713e-03 -6.239323e-03 -2.172318e-03 2.138863e-02 -1.407524e-02 7.386422e-03 2.482518e-02 -1.157416e-02 1.434254e-02 1.584825e-02 -1.954669e-02 -3.374860e-02
<VARIANCE> 39
 5.100132e+01 1.020700e+01 2.527159e+01 2.197541e+01 2.416545e+01 3.361287e+01 3.224619e+01 3.938029e+01 3.948156e+01 4.296682e+01 3.453762e+01 2.289038e+01 3.448368e+01 3.169138e+00 5.169694e-01 8.829789e-01 1.116446e+00 1.462088e+00 2.302443e+00 1.689309e+00 2.325691e+00 2.624242e+00 1.889511e+00 1.913001e+00 1.785314e+00 2.038422e+00 5.861132e-01 9.910069e-02 1.519020e-01 2.170260e-01 2.846226e-01 4.468095e-01 3.314075e-01 4.475345e-01 5.062661e-01 3.879859e-01 3.793867e-01 3.527834e-01 3.885586e-01
<GCONST> 1.075382e+02
<STATE> 4
<MEAN> 39
 -2.122573e+01 1.828727e+00 3.366008e+00 -4.014978e+00 -5.375961e+00 1.127349e+01 1.236760e+00 -5.350749e+00 4.745338e+00 9.178238e-01 -7.970476e+00 5.034584e+00 5.833008e+01 6.448561e-02 -5.289468e-03 -4.001022e-03 -2.849106e-03 9.739338e-03 -1.964640e-02 -2.804050e-03 6.503599e-03 -2.445405e-03 4.919464e-04 1.893764e-02 -7.483805e-03 -5.019940e-02 3.220135e-04 2.288228e-04 -1.350048e-03 1.302459e-03 1.017350e-04 -4.185189e-03 -5.462017e-04 1.792895e-03 -1.111995e-03 7.198749e-04 1.689071e-03 -6.176113e-04 -8.283566e-05
<VARIANCE> 39
 4.544200e+01 1.008429e+01 2.859201e+01 1.568319e+01 2.409324e+01 3.250391e+01 2.743103e+01 3.816215e+01 3.546087e+01 4.075849e+01 4.177877e+01 2.586498e+01 2.786726e+01 1.346269e+00 5.031690e-01 8.959214e-01 9.324484e-01 1.259099e+00 2.017924e+00 1.733944e+00 2.148305e+00 2.211300e+00 1.780752e+00 1.604811e+00 1.726663e+00 1.045387e+00 2.470326e-01 9.338544e-02 1.741159e-01 1.866115e-01 2.398682e-01 3.885050e-01 3.368209e-01 4.078351e-01 4.370544e-01 3.544732e-01 3.204770e-01 3.390013e-01 1.943150e-01
<GCONST> 1.019514e+02
<TRANSP> 5
 0.000000e+00 1.000000e+00 0.000000e+00 0.000000e+00 0.000000e+00
 0.000000e+00 9.538013e-01 4.619872e-02 0.000000e+00 0.000000e+00
 0.000000e+00 0.000000e+00 9.491519e-01 5.084806e-02 0.000000e+00
 0.000000e+00 0.000000e+00 0.000000e+00 9.961674e-01 3.832555e-03
 0.000000e+00 0.000000e+00 0.000000e+00 0.000000e+00 0.000000e+00
<ENDHMM>
~h "cm"
<BEGINHMM>
<NUMSTATES> 5
<STATE> 2
<MEAN> 39
 -1.088497e+01 -1.424950e-01 -2.258868e+00 -4.529386e+00 -5.420727e-01 1.873942e-01 -7.958109e-01 1.681787e-01 -1.656844e+00 4.756258e-01 1.768416e+00 -1.373327e+00 5.766680e+01 3.924096e-02 -4.480105e-02 -5.100339e-02 -1.000545e-01 -6.970995e-02 -8.790850e-02 -9.590811e-02 -8.025126e-02 -5.465345e-02 -4.096949e-02 -6.535583e-02 1.856487e-03 3.858822e-01 2.092551e-02 -4.382672e-04 -5.898623e-03 3.274896e-03 -2.275127e-03 1.130987e-03 9.775453e-04 -1.018315e-02 -1.519001e-02 -2.026975e-03 -2.022376e-03 -8.048580e-03 1.241308e-02
<VARIANCE> 39
 1.860237e+01 1.783315e+01 1.304717e+01 1.633979e+01 1.604088e+01 1.928447e+01 1.934966e+01 1.976494e+01 1.902900e+01 1.872208e+01 2.016549e+01 1.613858e+01 4.281910e+01 5.191519e-01 6.414349e-01 7.336999e-01 9.966049e-01 1.193584e+00 1.491996e+00 1.459250e+00 1.548066e+00 1.602426e+00 1.549148e+00 1.527521e+00 1.308256e+00 9.878098e-01 7.055499e-02 1.006576e-01 1.287044e-01 1.716596e-01 2.206852e-01 2.770415e-01 2.714808e-01 2.823677e-01 3.005864e-01 3.012925e-01 2.837669e-01 2.415099e-01 1.210490e-01
<GCONST> 9.019464e+01
<STATE> 3
<MEAN> 39
 -1.142931e+01 -7.084066e-01 -3.938705e+00 -5.928103e+00 -1.369109e+00 -5.743400e-01 -2.665169e+00 -9.283667e-01 -3.117317e+00 1.818979e-01 1.768725e+00 -4.332194e-01 6.326169e+01 9.356317e-02 -4.693202e-02 -2.286546e-02 2.758592e-03 -5.534224e-05 -2.086969e-02 -3.429307e-02 -4.397678e-02 -4.025243e-02 -4.414984e-02 -6.930231e-02 -3.557961e-02 3.117205e-01 -4.766382e-03 2.579645e-03 1.055537e-02 1.928112e-02 1.945684e-02 1.621509e-02 1.189712e-02 3.662458e-03 1.393457e-03 -6.912060e-03 1.461060e-03 -3.942224e-03 -2.896945e-02
<VARIANCE> 39
 1.783598e+01 1.088804e+01 1.177392e+01 1.197829e+01 1.421402e+01 1.712259e+01 1.825443e+01 1.948407e+01 1.786977e+01 1.841566e+01 2.421200e+01 1.682792e+01 4.273249e+01 3.268262e-01 4.647938e-01 6.405604e-01 8.984536e-01 1.101436e+00 1.296183e+00 1.494645e+00 1.542799e+00 1.566290e+00 1.418168e+00 1.305190e+00 1.269386e+00 4.799364e-01 4.738529e-02 8.434118e-02 1.218394e-01 1.740853e-01 2.241608e-01 2.666208e-01 3.067860e-01 3.128366e-01 3.235025e-01 2.884592e-01 2.595761e-01 2.576522e-01 5.719835e-02
<GCONST> 8.567386e+01
<STATE> 4
<MEAN> 39
 -6.452756e+00 2.354116e-01 -2.595941e+00 -3.774553e+00 -5.661308e-01 -1.109841e+00 -2.969037e+00 -2.282936e+00 -4.070878e+00 -2.351329e+00 -1.231615e+00 -2.719811e+00 6.669784e+01 4.620925e-02 3.818881e-02 4.210282e-02 6.192397e-02 4.645144e-02 3.073288e-02 3.037653e-02 -8.781509e-03 4.434028e-04 -4.624797e-04 7.592100e-03 -5.404401e-04 -1.831349e-01 -2.531240e-03 4.154198e-04 -7.482722e-04 -2.526432e-03 -2.060738e-03 -3.054964e-04 7.507559e-04 2.546809e-03 2.777098e-03 7.603968e-04 1.243299e-03 2.834009e-03 -7.030494e-03
<VARIANCE> 39
 1.497709e+01 1.134820e+01 1.160542e+01 1.331377e+01 1.465178e+01 1.434086e+01 1.567076e+01 1.789703e+01 1.688442e+01 1.534048e+01 1.570001e+01 1.308636e+01 6.567762e+01 2.070038e-01 3.149262e-01 4.621770e-01 6.884035e-01 8.743049e-01 1.053698e+00 1.182439e+00 1.264258e+00 1.326649e+00 1.320415e+00 1.284471e+00 1.164634e+00 2.954628e-01 3.109567e-02 5.487927e-02 8.697279e-02 1.321975e-01 1.701517e-01 2.094297e-01 2.343556e-01 2.515299e-01 2.659722e-01 2.702318e-01 2.585405e-01 2.352550e-01 2.622934e-02
<GCONST> 7.801463e+01
<TRANSP> 5
 0.000000e+00 1.000000e+00 0.000000e+00 0.000000e+00 0.000000e+00
 0.000000e+00 9.476771e-01 5.232286e-02 0.000000e+00 0.000000e+00
 0.000000e+00 0.000000e+00 9.453087e-01 5.469130e-02 0.000000e+00
 0.000000e+00 0.000000e+00 0.000000e+00 9.878349e-01 1.216506e-02
 0.000000e+00 0.000000e+00 0.000000e+00 0.000000e+00 0.000000e+00
<ENDHMM>
~h "co"
<BEGINHMM>
<NUMSTATES> 5
<STATE> 2
<MEAN> 39
 -6.292125e+00 -5.889506e+00 -8.787532e-03 -1.223451e+00 -1.266368e+01 -6.280532e+00 -4.541356e+00 -2.195836e-01 1.213848e+00 -2.259330e+00 -4.027595e+00 -7.169133e+00 6.240299e+01 -5.452476e-01 -9.952824e-02 2.821752e-01 -3.977866e-01 -6.099879e-01 -8.497670e-01 -2.610282e-01 -6.713204e-01 -9.022865e-01 -9.311054e-01 -4.196175e-01 -3.266937e-01 2.327634e+00 -6.543180e-02 6.144503e-02 1.453889e-04 3.290869e-02 3.281268e-01 1.822977e-01 1.780499e-01 3.295366e-02 -1.095204e-01 4.536813e-02 1.476686e-01 5.045467e-02 -8.145599e-02
<VARIANCE> 39
 1.799126e+01 3.390543e+01 3.299022e+01 3.781578e+01 9.684667e+01 6.224224e+01 7.477499e+01 6.413264e+01 6.282779e+01 4.279713e+01 5.077207e+01 3.521655e+01 1.004121e+02 1.134564e+00 2.126969e+00 1.774240e+00 1.956822e+00 6.705381e+00 3.660143e+00 4.006622e+00 3.541014e+00 4.840138e+00 3.380931e+00 2.603958e+00 2.769602e+00 4.063626e+00 1.297549e-01 3.265755e-01 2.566508e-01 2.629271e-01 8.139284e-01 5.888786e-01 6.229416e-01 5.765570e-01 7.887198e-01 5.941683e-01 4.105229e-01 4.538205e-01 4.946321e-01
<GCONST> 1.257868e+02
<STATE> 3
<MEAN> 39
 -8.652737e+00 -6.378395e+00 -1.111131e+00 -3.201317e+00 -8.725080e+00 -9.261341e+00 -4.020668e+00 -6.996804e+00 -5.653192e+00 -4.335227e+00 -3.235569e+00 -7.386404e+00 6.964369e+01 5.066651e-02 -7.087599e-02 -8.840516e-02 2.516847e-02 1.815340e-01 2.804487e-02 -8.536250e-02 -1.397861e-01 -1.509398e-02 6.538875e-02 2.882696e-02 -4.693230e-02 -8.154272e-03 4.288713e-02 -5.708177e-03 -1.037420e-02 1.467185e-02 -8.582430e-03 -2.866654e-03 -3.082101e-02 2.862930e-03 3.625249e-02 2.344086e-02 -1.164959e-02 -1.080008e-02 -6.721461e-02
<VARIANCE> 39
 1.668622e+01 1.132700e+01 2.824664e+01 2.091617e+01 3.139217e+01 3.036071e+01 4.787936e+01 6.177222e+01 4.483144e+01 3.680324e+01 3.298885e+01 3.575385e+01 4.340777e+01 5.231146e-01 8.371803e-01 1.013799e+00 1.289278e+00 2.518108e+00 1.803806e+00 2.420637e+00 2.431234e+00 3.524916e+00 2.417735e+00 2.351070e+00 1.809448e+00 1.249167e+00 7.367157e-02 1.757914e-01 1.797391e-01 2.336931e-01 4.389908e-01 3.429126e-01 4.398554e-01 4.461044e-01 7.352543e-01 4.980089e-01 4.530796e-01 3.425542e-01 1.561237e-01
<GCONST> 1.071818e+02
<STATE> 4
<MEAN> 39
 -4.201621e+00 -4.631240e+00 2.454099e+00 8.474476e-01 -3.434322e+00 -4.257509e+00 -6.286674e+00 -5.992878e+00 -4.097189e+00 -4.523542e+00 -4.375009e+00 -9.182393e+00 6.099269e+01 6.758041e-02 7.949434e-02 4.759528e-02 4.784644e-02 1.165446e-01 7.601973e-02 3.259217e-02 4.868903e-02 -9.554991e-03 8.845311e-03 1.888111e-02 2.108830e-02 -2.400279e-01 -3.055328e-03 3.108553e-03 -8.506153e-04 -1.455608e-03 -6.714510e-03 -2.548017e-03 4.442299e-03 4.715006e-03 7.509377e-05 -2.478237e-03 -9.322257e-04 1.227392e-03 5.789259e-04
<VARIANCE> 39
 1.281452e+01 2.076605e+01 2.386421e+01 2.585149e+01 4.281163e+01 3.559673e+01 5.218714e+01 4.763554e+01 3.473765e+01 3.794804e+01 3.504277e+01 3.323122e+01 7.366887e+01 3.314119e-01 6.086082e-01 7.369899e-01 9.593325e-01 1.845888e+00 1.379649e+00 1.815427e+00 1.791423e+00 1.954659e+00 1.923901e+00 1.746988e+00 1.553934e+00 9.529663e-01 4.739144e-02 1.087017e-01 1.343410e-01 1.825892e-01 3.330408e-01 2.646567e-01 3.297218e-01 3.403033e-01 3.865167e-01 3.844656e-01 3.501371e-01 3.057782e-01 9.206412e-02
<GCONST> 9.969987e+01
<TRANSP> 5
 0.000000e+00 1.000000e+00 0.000000e+00 0.000000e+00 0.000000e+00
 0.000000e+00 8.524411e-01 1.475589e-01 0.000000e+00 0.000000e+00
 0.000000e+00 0.000000e+00 9.652469e-01 3.475313e-02 0.000000e+00
 0.000000e+00 0.000000e+00 0.000000e+00 9.886495e-01 1.135043e-02
 0.000000e+00 0.000000e+00 0.000000e+00 0.000000e+00 0.000000e+00
<ENDHMM>
~h "ds"
<BEGINHMM>
<NUMSTATES> 5
<STATE> 2
<MEAN> 39
 -1.416849e+01 7.609857e-01 -4.998145e-02 -1.184458e+00 -1.514568e+00 -2.680713e+00 3.704673e+00 -2.894348e+00 2.012779e+00 2.215416e+00 4.519224e+00 3.871364e-01 6.701273e+01 -2.981347e-01 4.768530e-02 -4.932207e-02 4.952115e-03 -2.245005e-02 -1.613060e-02 5.475109e-02 1.770433e-02 6.744268e-02 -2.387964e-02 2.763246e-02 1.644806e-02 1.303958e+00 1.278751e-01 2.677877e-02 7.736880e-02 1.026263e-01 1.152642e-01 1.375741e-01 4.368053e-02 6.779151e-02 -9.410822e-03 -5.479637e-02 -3.741326e-02 2.788961e-02 -2.268311e-01
<VARIANCE> 39
 2.738842e+01 1.606070e+01 1.653410e+01 1.924872e+01 3.019252e+01 2.336659e+01 2.904370e+01 3.221509e+01 2.735691e+01 2.657661e+01 2.119184e+01 1.739814e+01 9.967177e+01 2.689291e+00 1.430697e+00 1.592555e+00 1.936303e+00 2.966555e+00 2.766728e+00 2.834005e+00 2.761226e+00 2.474408e+00 2.660834e+00 2.106066e+00 1.740497e+00 4.981731e+00 4.215949e-01 2.355493e-01 2.489400e-01 3.377236e-01 5.010049e-01 4.982941e-01 4.908394e-01 4.932336e-01 4.335068e-01 4.739201e-01 3.722842e-01 3.228033e-01 7.552894e-01
<GCONST> 1.138792e+02
<STATE> 3
<MEAN> 39
 -1.478241e+01 1.051339e+00 8.707917e-02 7.147694e-01 -6.460788e-01 -1.202160e+00 3.714765e+00 -2.066537e+00 2.200713e+00 2.695199e+00 4.316237e+00 9.171599e-01 6.895320e+01 1.569425e-01 -2.350698e-03 1.595611e-01 2.673025e-01 2.423800e-01 1.417983e-01 2.215691e-02 9.587837e-02 -8.406664e-03 4.775227e-02 -2.682385e-02 -1.166659e-02 -2.645129e-01 4.720098e-03 4.506871e-03 -3.052434e-02 -4.553986e-02 -3.846309e-02 -7.303608e-02 -4.579446e-02 -6.150885e-02 -4.227005e-02 6.482897e-03 -4.283502e-03 -3.307913e-02 -6.633072e-02
<VARIANCE> 39
 1.982845e+01 1.385559e+01 1.480519e+01 1.725830e+01 2.588176e+01 1.670857e+01 2.065257e+01 1.993033e+01 1.810602e+01 1.833791e+01 1.681544e+01 1.468216e+01 1.620308e+02 1.662262e+00 8.993516e-01 1.182030e+00 1.170563e+00 1.669339e+00 1.675605e+00 1.608242e+00 1.620542e+00 1.421981e+00 1.563382e+00 1.448766e+00 1.524120e+00 1.598365e+01 3.208386e-01 1.681179e-01 2.118794e-01 2.187255e-01 2.964433e-01 3.495421e-01 3.130428e-01 3.169613e-01 2.849737e-01 3.266871e-01 2.937189e-01 3.105008e-01 2.970342e+00
<GCONST> 1.041546e+02
<STATE> 4
<MEAN> 39
 -1.003342e+01 1.428014e+00 2.031069e+00 7.676103e-01 2.900120e+00 6.316401e-01 2.985616e+00 -1.173501e+00 2.931964e-01 -3.004171e-01 2.220901e+00 -1.504980e+00 5.599397e+01 4.329202e-02 4.147070e-03 2.034588e-02 8.706436e-03 3.224948e-02 2.371115e-02 1.479076e-02 6.441103e-03 -4.329053e-03 -1.614525e-02 -1.439571e-02 -1.499269e-02 -1.045484e-01 -1.630967e-03 -4.283078e-04 -1.365931e-03 -1.909153e-03 -2.850482e-03 -8.574264e-04 -3.953549e-04 8.696656e-05 1.732763e-03 1.721710e-03 2.104821e-03 1.545233e-03 2.783016e-03
<VARIANCE> 39
 1.593106e+01 1.167299e+01 1.596086e+01 1.726049e+01 1.988134e+01 2.187906e+01 2.420141e+01 1.960040e+01 2.415841e+01 2.261466e+01 1.797860e+01 1.712772e+01 6.023755e+01 5.840410e-01 4.802868e-01 6.733993e-01 9.116916e-01 1.298167e+00 1.423932e+00 1.582927e+00 1.548296e+00 1.745722e+00 1.749648e+00 1.590925e+00 1.360205e+00 8.534489e-01 9.791781e-02 8.453807e-02 1.249905e-01 1.754268e-01 2.554543e-01 2.770728e-01 3.101897e-01 3.079972e-01 3.458077e-01 3.517419e-01 3.231947e-01 2.735180e-01 1.059443e-01
<GCONST> 9.198373e+01
<TRANSP> 5
 0.000000e+00 1.000000e+00 0.000000e+00 0.000000e+00 0.000000e+00
 0.000000e+00 8.925130e-01 1.074870e-01 0.000000e+00 0.000000e+00
 0.000000e+00 0.000000e+00 8.974296e-01 1.025705e-01 0.000000e+00
 0.000000e+00 0.000000e+00 0.000000e+00 9.937533e-01 6.246678e-03
 0.000000e+00 0.000000e+00 0.000000e+00 0.000000e+00 0.000000e+00
<ENDHMM>
~h "kj"
<BEGINHMM>
<NUMSTATES> 5
<STATE> 2
<MEAN> 39
 -1.180672e+01 1.887481e+00 -2.249438e+00 -4.807561e-01 -4.264819e-01 1.289035e-01 1.368261e+00 9.647930e-01 -1.806446e+00 1.649647e+00 2.224048e-01 -1.255589e+00 5.153438e+01 -2.917760e-01 -1.982343e-01 -1.064814e-01 -1.325767e-02 -1.471524e-01 -1.281708e-01 -1.092572e-01 -2.336585e-01 9.749790e-04 -6.707912e-03 3.403446e-02 2.098212e-02 4.685226e-01 -9.327142e-03 -1.267335e-02 1.832151e-02 -3.227414e-03 -5.903535e-04 1.658273e-02 1.947862e-02 1.077905e-02 2.191962e-02 -9.669038e-03 -1.503587e-02 -5.185702e-03 6.890493e-03
<VARIANCE> 39
 1.557605e+01 2.331215e+01 1.370193e+01 1.508318e+01 1.899182e+01 2.498822e+01 2.029167e+01 2.308947e+01 1.780860e+01 1.947845e+01 1.588806e+01 1.762390e+01 3.244484e+01 9.365788e-01 1.148189e+00 9.368938e-01 9.149663e-01 1.495036e+00 1.567553e+00 1.988170e+00 1.840998e+00 1.531320e+00 2.017940e+00 1.439861e+00 1.229796e+00 1.008013e+00 1.311042e-01 1.585168e-01 1.431912e-01 1.632623e-01 2.464801e-01 2.753654e-01 3.398469e-01 3.219470e-01 2.758664e-01 3.825935e-01 2.609936e-01 2.170985e-01 1.180787e-01
<GCONST> 9.416569e+01
<STATE> 3
<MEAN> 39
 -1.566728e+01 -1.860174e+00 -3.661579e+00 -5.780783e-01 -8.383538e-01 -2.272825e+00 1.967138e-01 -1.483216e+00 -1.904716e+00 1.680228e+00 3.321588e-01 -1.186431e+00 5.830578e+01 -1.296516e-01 8.671026e-02 2.465276e-02 3.718254e-03 3.070460e-02 4.970961e-02 1.917225e-02 4.217138e-02 6.206268e-03 9.755881e-03 1.627876e-02 8.907958e-03 -2.293747e-03 -7.372848e-03 1.922635e-02 2.051732e-02 -5.210576e-04 2.027357e-03 1.217549e-02 1.534528e-02 1.959289e-02 1.057022e-04 5.192810e-03 4.993406e-03 8.480589e-04 -1.509635e-02
<VARIANCE> 39
 1.423635e+01 2.750723e+01 1.526892e+01 1.677325e+01 1.733847e+01 2.112296e+01 2.265142e+01 2.270000e+01 2.050858e+01 1.973191e+01 1.616750e+01 1.415576e+01 2.585832e+01 6.271184e-01 9.056317e-01 7.011525e-01 9.557202e-01 1.203215e+00 1.450627e+00 1.732242e+00 1.670376e+00 1.679631e+00 1.660787e+00 1.497431e+00 1.308920e+00 6.497561e-01 1.045656e-01 1.590798e-01 1.316323e-01 1.847482e-01 2.375788e-01 2.849436e-01 3.566961e-01 3.435901e-01 3.355027e-01 3.392018e-01 3.102391e-01 2.652836e-01 1.054435e-01
<GCONST> 9.242393e+01
<STATE> 4
<MEAN> 39
 -2.049879e+01 1.629195e+00 8.308342e-01 -7.201203e-03 -1.927140e+00 1.464777e+00 3.803630e+00 7.610599e-01 -1.951270e+00 1.839723e+00 1.180655e+00 -1.932709e+00 5.710115e+01 4.014850e-02 -1.218059e-02 3.460604e-04 -3.122668e-03 5.610895e-03 -1.760457e-03 3.658885e-03 2.673400e-04 4.304792e-03 -4.468130e-03 8.044553e-04 9.307448e-04 -2.407971e-02 3.155931e-03 -9.157183e-04 -2.238450e-03 -4.419491e-04 2.317707e-04 -1.000655e-03 -9.000034e-05 -2.992640e-04 3.903556e-04 1.363284e-04 -3.903497e-04 2.676624e-04 -1.612878e-03
<VARIANCE> 39
 3.413084e+01 3.849139e+01 1.935750e+01 2.651662e+01 1.744865e+01 3.647427e+01 3.722404e+01 2.521815e+01 2.165272e+01 2.720065e+01 1.753885e+01 1.766591e+01 3.817305e+01 5.617188e-01 7.370418e-01 7.110762e-01 9.388297e-01 1.178182e+00 1.454512e+00 1.629640e+00 1.603592e+00 1.624240e+00 1.666847e+00 1.473124e+00 1.325522e+00 6.352968e-01 9.304494e-02 1.257944e-01 1.325450e-01 1.827979e-01 2.296273e-01 2.852471e-01 3.169653e-01 3.206483e-01 3.309646e-01 3.329911e-01 2.967009e-01 2.692542e-01 9.005537e-02
<GCONST> 9.526052e+01
<TRANSP> 5
 0.000000e+00 1.000000e+00 0.000000e+00 0.000000e+00 0.000000e+00
 0.000000e+00 9.181415e-01 8.185855e-02 0.000000e+00 0.000000e+00
 0.000000e+00 0.000000e+00 9.721346e-01 2.786536e-02 0.000000e+00
 0.000000e+00 0.000000e+00 0.000000e+00 9.962521e-01 3.747865e-03
 0.000000e+00 0.000000e+00 0.000000e+00 0.000000e+00 0.000000e+00
<ENDHMM>
~h "kn"
<BEGINHMM>
<NUMSTATES> 5
<STATE> 2
<MEAN> 39
 -4.125721e-01 7.007692e-01 -2.466537e+00 -2.383137e+00 1.292431e+00 -5.934029e-01 1.974231e+00 -3.511911e+00 -2.373358e-01 -4.522080e-01 7.391776e-01 -3.886747e+00 5.710178e+01 1.707698e-01 1.990443e-01 -7.444298e-02 1.688729e-01 2.711942e-01 -3.389698e-01 4.554645e-01 -3.413406e-02 9.557760e-01 2.216461e-01 2.000313e-01 2.956214e-01 1.893493e+00 -4.899298e-02 8.575129e-02 9.725775e-02 8.225787e-02 1.841440e-01 1.944607e-01 -3.547640e-02 3.823058e-02 -1.752795e-01 -3.842225e-02 4.678754e-03 9.493870e-02 -3.938728e-01
<VARIANCE> 39
 2.539069e+01 2.514967e+01 2.926185e+01 1.187185e+01 2.081647e+01 2.570591e+01 2.573458e+01 5.398071e+01 2.907841e+01 3.156708e+01 2.432840e+01 1.820161e+01 1.262830e+02 2.288414e+00 1.379216e+00 1.877827e+00 9.832418e-01 1.479233e+00 2.119022e+00 2.965258e+00 5.276590e+00 3.332772e+00 2.305826e+00 2.067484e+00 2.134667e+00 6.774526e+00 3.236489e-01 1.744162e-01 2.851688e-01 1.485994e-01 2.173230e-01 3.322416e-01 4.940188e-01 7.517427e-01 6.099906e-01 3.920168e-01 3.352657e-01 3.301194e-01 1.049408e+00
<GCONST> 1.131139e+02
<STATE> 3
<MEAN> 39
 3.216512e+00 8.363427e-01 -2.898266e+00 4.278586e-01 3.927052e+00 -1.295677e+00 2.492754e+00 -4.751585e+00 6.483814e-01 -7.984136e-01 1.423351e+00 -1.588083e+00 6.198724e+01 1.162344e-01 -5.815421e-02 3.497860e-03 1.175810e-01 9.485434e-02 1.278512e-02 -2.457809e-02 4.558449e-02 -5.913028e-02 2.263999e-02 4.091898e-03 7.207667e-02 -9.261285e-02 1.283627e-02 -1.922965e-02 -1.185319e-02 -4.600365e-03 -2.901087e-02 -2.395941e-03 -2.482091e-02 -7.647845e-03 -3.258819e-02 -7.137320e-03 -2.121466e-02 -3.200108e-02 -3.472589e-02
<VARIANCE> 39
 1.010495e+01 2.953843e+01 1.638941e+01 1.500161e+01 1.952506e+01 2.157043e+01 2.325573e+01 2.520517e+01 2.381259e+01 2.308509e+01 1.818686e+01 1.738400e+01 2.902193e+01 5.294966e-01 9.489954e-01 9.645788e-01 9.285775e-01 1.416770e+00 1.597572e+00 1.482138e+00 1.936020e+00 1.918139e+00 1.469417e+00 1.302095e+00 1.357423e+00 2.167648e+00 1.010547e-01 1.918231e-01 1.694001e-01 1.885832e-01 2.951922e-01 3.234419e-01 3.109518e-01 4.142547e-01 4.196142e-01 3.053865e-01 2.459399e-01 2.568193e-01 3.841517e-01
<GCONST> 9.662451e+01
<STATE> 4
<MEAN> 39
 5.738573e+00 3.320434e-01 -1.767110e+00 1.031623e+00 4.802850e+00 2.170570e-01 1.423572e+00 -2.905500e+00 -1.436827e+00 -1.128714e+00 6.131288e-01 -2.236681e+00 5.686603e+01 -3.526015e-02 3.340832e-02 7.956450e-02 -6.147922e-03 -1.213607e-03 7.603285e-02 -3.554688e-03 5.311933e-02 -6.386061e-02 -9.790758e-03 -2.988332e-02 -2.720443e-02 -2.101704e-01 -6.827801e-03 -2.164929e-03 -2.495901e-03 -8.939935e-03 -7.310990e-03 -5.477245e-03 7.180545e-03 1.485230e-03 5.236855e-03 -8.396714e-04 3.903002e-03 -2.872301e-03 7.804195e-03
<VARIANCE> 39
 1.221305e+01 2.195036e+01 1.662639e+01 1.398446e+01 1.922134e+01 2.268143e+01 1.942672e+01 2.235510e+01 2.155752e+01 1.939629e+01 1.617989e+01 1.644592e+01 4.368365e+01 3.031502e-01 6.391626e-01 6.335622e-01 8.597203e-01 1.201488e+00 1.204897e+00 1.379684e+00 1.768621e+00 1.649861e+00 1.475928e+00 1.337074e+00 1.368600e+00 1.329381e+00 4.705526e-02 1.169837e-01 1.180967e-01 1.801913e-01 2.514769e-01 2.372998e-01 2.821739e-01 3.642417e-01 3.401628e-01 3.080821e-01 2.730653e-01 2.796810e-01 2.106562e-01
<GCONST> 9.052610e+01
<TRANSP> 5
 0.000000e+00 1.000000e+00 0.000000e+00 0.000000e+00 0.000000e+00
 0.000000e+00 8.399189e-01 1.600811e-01 0.000000e+00 0.000000e+00
 0.000000e+00 0.000000e+00 9.515418e-01 4.845816e-02 0.000000e+00
 0.000000e+00 0.000000e+00 0.000000e+00 9.858451e-01 1.415484e-02
 0.000000e+00 0.000000e+00 0.000000e+00 0.000000e+00 0.000000e+00
<ENDHMM>
~h "kt"
<BEGINHMM>
<NUMSTATES> 5
<STATE> 2
<MEAN> 39
 -1.205345e+01 -1.636954e-01 -4.494874e+00 -1.358886e+00 1.182303e+00 2.110354e-02 3.758262e+00 1.021993e+00 1.024566e+00 8.511533e-01 1.057811e+00 -9.073512e-01 5.536649e+01 -2.522902e-01 3.056803e-02 -1.486501e-01 2.472347e-02 -9.523077e-02 -1.834375e-01 -8.242278e-03 5.966222e-03 3.082158e-02 -2.721214e-02 -2.864033e-03 -3.767475e-02 4.040946e-01 3.504140e-02 1.520765e-03 1.762301e-02 1.733906e-02 1.912000e-02 3.629309e-02 1.196054e-02 4.386608e-03 1.148792e-02 -2.464185e-03 2.585924e-02 -8.486890e-03 -5.226144e-02
<VARIANCE> 39
 2.169008e+01 1.395040e+01 2.011649e+01 1.592867e+01 1.566040e+01 2.386449e+01 1.784791e+01 1.943379e+01 1.927338e+01 1.720510e+01 1.525854e+01 1.444377e+01 4.001646e+01 1.557044e+00 7.127204e-01 9.640952e-01 1.107527e+00 1.435389e+00 2.255312e+00 1.771438e+00 1.787876e+00 1.824942e+00 1.875018e+00 1.607250e+00 1.417336e+00 2.254082e+00 2.624416e-01 1.189926e-01 1.823831e-01 2.016129e-01 2.646295e-01 4.286471e-01 3.473040e-01 3.422132e-01 3.448763e-01 3.456070e-01 3.019688e-01 2.753799e-01 3.682863e-01
<GCONST> 9.849488e+01
<STATE> 3
<MEAN> 39
 -1.228228e+01 2.096197e+00 -3.615544e+00 2.423768e-01 4.007373e-01 -1.986394e+00 2.699084e+00 9.808179e-01 6.699713e-01 -9.432981e-02 2.039421e-01 -1.258811e+00 5.538226e+01 1.450104e-02 1.084622e-02 7.320018e-03 6.018795e-03 1.595181e-02 1.722560e-02 1.596940e-02 -1.137238e-02 5.660482e-03 -1.658424e-03 8.887540e-03 2.539525e-03 -2.301867e-02 4.883055e-03 -1.166333e-03 3.260323e-03 -1.523294e-03 4.305301e-03 2.260596e-03 3.590845e-04 1.710172e-03 9.508590e-04 2.993282e-03 -2.897794e-03 1.671995e-03 -1.016736e-02
<VARIANCE> 39
 8.259020e+00 7.804440e+00 8.961086e+00 1.228259e+01 1.547976e+01 1.767304e+01 1.885836e+01 1.674146e+01 1.878091e+01 1.960760e+01 1.935351e+01 1.436897e+01 2.277916e+01 7.139435e-01 4.601227e-01 7.609443e-01 1.013984e+00 1.355629e+00 1.709382e+00 1.781454e+00 1.605524e+00 1.698961e+00 2.034454e+00 1.732996e+00 1.382704e+00 1.587413e+00 1.397883e-01 8.868981e-02 1.576759e-01 2.059532e-01 2.749713e-01 3.587037e-01 3.684257e-01 3.300212e-01 3.386686e-01 4.290305e-01 3.470508e-01 2.813677e-01 3.102877e-01
<GCONST> 9.200163e+01
<STATE> 4
<MEAN> 39
 -1.027634e+01 2.182678e+00 -4.093871e+00 -2.689475e-01 9.749731e-01 3.537575e-01 3.732657e+00 1.521416e+00 7.172874e-01 1.992431e-01 8.522918e-01 -1.848286e+00 5.134953e+01 1.877224e-02 -4.256140e-03 6.298872e-03 -5.924569e-03 6.222169e-03 9.298633e-03 3.682720e-03 1.159153e-03 -3.409594e-03 4.550215e-04 2.128457e-03 -1.654503e-03 -2.538459e-02 -6.280667e-04 -5.953317e-04 -2.228746e-04 -2.700142e-04 -2.780058e-04 -7.517944e-04 -1.311729e-03 6.009137e-04 -6.241317e-04 -2.094262e-04 -7.785666e-04 5.635325e-04 1.272425e-03
<VARIANCE> 39
 1.150525e+01 9.406581e+00 1.314843e+01 1.149338e+01 1.448148e+01 1.720807e+01 1.712145e+01 1.731283e+01 1.702551e+01 1.692026e+01 1.510358e+01 1.306520e+01 2.186476e+01 7.469582e-01 4.740379e-01 6.502294e-01 8.298920e-01 1.123338e+00 1.374752e+00 1.524053e+00 1.562007e+00 1.616066e+00 1.663768e+00 1.457454e+00 1.260915e+00 8.551419e-01 1.413811e-01 9.227481e-02 1.280607e-01 1.650925e-01 2.280622e-01 2.829107e-01 3.157354e-01 3.195406e-01 3.313545e-01 3.471406e-01 2.942607e-01 2.544545e-01 1.547766e-01
<GCONST> 8.785990e+01
<TRANSP> 5
 0.000000e+00 1.000000e+00 0.000000e+00 0.000000e+00 0.000000e+00
 0.000000e+00 9.271766e-01 7.282343e-02 0.000000e+00 0.000000e+00
 0.000000e+00 0.000000e+00 9.812596e-01 1.874038e-02 0.000000e+00
 0.000000e+00 0.000000e+00 0.000000e+00 9.961940e-01 3.806006e-03
 0.000000e+00 0.000000e+00 0.000000e+00 0.000000e+00 0.000000e+00
<ENDHMM>
~h "pr"
<BEGINHMM>
<NUMSTATES> 5
<STATE> 2
<MEAN> 39
 -1.404098e+01 -5.909467e+00 5.880620e+00 -7.865704e+00 2.199698e+00 3.229706e+00 1.580058e+00 9.756637e-02 1.258880e+00 -1.401875e+00 4.695847e-01 1.164817e+00 5.608048e+01 -6.160941e-01 -2.323233e-01 1.991491e-01 -2.819037e-01 1.007702e-01 4.169661e-01 -3.576781e-03 -5.879757e-01 7.549603e-02 -3.013331e-01 3.336417e-02 6.350252e-01 5.732354e-01 1.728311e-01 2.389158e-02 -7.632492e-02 2.930771e-02 1.215550e-02 2.247309e-02 -3.013585e-02 -2.026355e-02 -3.555500e-02 3.390530e-02 -1.953406e-02 -4.461258e-02 -1.284392e-01
<VARIANCE> 39
 5.170953e+01 5.625806e+01 7.518623e+01 5.323571e+01 5.343689e+01 5.858374e+01 5.521390e+01 5.226854e+01 4.348250e+01 3.818893e+01 3.096702e+01 3.566307e+01 3.054827e+01 3.198912e+00 1.504499e+00 2.682900e+00 2.448342e+00 3.408881e+00 3.156744e+00 3.046801e+00 3.533915e+00 2.968283e+00 2.453995e+00 3.127061e+00 3.041531e+00 1.866487e+00 4.125378e-01 2.140189e-01 3.862742e-01 3.652765e-01 4.994915e-01 4.889342e-01 4.562944e-01 4.902577e-01 4.671180e-01 4.038515e-01 4.119820e-01 4.019178e-01 2.253118e-01
<GCONST> 1.226246e+02
<STATE> 3
<MEAN> 39
 -1.988939e+01 4.831305e-01 1.101919e+01 -1.127102e+01 2.968814e+00 1.050334e+01 -2.231851e+00 -5.333384e+00 6.817256e+00 -6.696942e+00 -2.339960e+00 5.257922e+00 5.650317e+01 2.196172e-04 -3.408488e-02 -1.459231e-02 7.352125e-03 -3.398762e-03 -2.501747e-02 -1.406317e-02 2.866326e-02 1.593728e-02 1.043453e-02 -1.213806e-02 -6.462386e-03 -8.514634e-03 1.873405e-04 4.383396e-03 4.384826e-03 1.637361e-03 5.079689e-04 -8.574329e-03 2.104250e-03 1.952851e-02 1.602798e-03 5.333699e-03 1.489898e-03 -1.257298e-02 -2.940437e-03
<VARIANCE> 39
 2.207273e+01 6.493391e+01 8.483188e+01 3.002601e+01 3.544038e+01 5.453273e+01 5.269304e+01 4.598745e+01 8.650398e+01 3.674641e+01 6.375562e+01 4.092300e+01 1.306921e+01 7.520762e-01 6.782153e-01 7.309865e-01 1.228376e+00 1.446271e+00 2.025383e+00 1.902064e+00 2.119489e+00 1.967354e+00 1.994820e+00 2.535176e+00 1.566689e+00 4.326674e-01 1.663567e-01 1.238096e-01 1.370732e-01 2.360607e-01 2.973310e-01 4.184685e-01 3.783025e-01 4.170213e-01 4.131011e-01 3.738625e-01 5.044158e-01 3.219531e-01 8.773112e-02
<GCONST> 1.068817e+02
<STATE> 4
<MEAN> 39
 -1.418340e+01 -5.240845e+00 4.831223e+00 -7.231511e+00 3.423648e+00 1.261163e+00 3.005020e+00 3.440187e+00 2.057917e+00 -1.740457e+00 -2.070905e+00 2.717432e+00 5.460127e+01 4.281122e-02 1.758072e-02 -1.378208e-02 1.219345e-02 -6.914032e-03 -1.011306e-02 3.352604e-03 1.048701e-02 -9.617895e-03 8.998050e-03 1.568865e-03 -1.542464e-02 -3.664433e-02 -5.574774e-04 7.653426e-05 2.986129e-04 6.717992e-04 -4.468951e-04 -4.722663e-04 -2.234157e-04 -8.989671e-04 -6.172855e-04 2.246189e-04 7.827574e-04 -1.233942e-03 3.867487e-04
<VARIANCE> 39
 3.533999e+01 5.216461e+01 7.083295e+01 6.519814e+01 7.215016e+01 9.704641e+01 6.867302e+01 6.248824e+01 6.037693e+01 4.437795e+01 7.132130e+01 7.180476e+01 4.453492e+01 3.474781e-01 4.582987e-01 6.545401e-01 9.619691e-01 1.152871e+00 1.481355e+00 1.563073e+00 1.629626e+00 1.760534e+00 1.735209e+00 1.640707e+00 1.446945e+00 2.069154e-01 6.029583e-02 7.988020e-02 1.213293e-01 1.750529e-01 2.222284e-01 2.844311e-01 3.038897e-01 3.078981e-01 3.353678e-01 3.358918e-01 3.196312e-01 2.768400e-01 3.258559e-02
<GCONST> 1.023093e+02
<TRANSP> 5
 0.000000e+00 1.000000e+00 0.000000e+00 0.000000e+00 0.000000e+00
 0.000000e+00 8.760583e-01 1.239416e-01 0.000000e+00 0.000000e+00
 0.000000e+00 0.000000e+00 9.835553e-01 1.644468e-02 0.000000e+00
 0.000000e+00 0.000000e+00 0.000000e+00 9.966792e-01 3.320787e-03
 0.000000e+00 0.000000e+00 0.000000e+00 0.000000e+00 0.000000e+00
<ENDHMM>
~h "pw"
<BEGINHMM>
<NUMSTATES> 5
<STATE> 2
<MEAN> 39
 -1.160636e+01 5.660848e-02 -8.992890e-01 -1.136972e+00 1.486292e+00 1.150431e-01 3.375733e+00 2.943611e-01 -9.355017e-01 6.599934e-01 -2.702560e-01 -1.038248e+00 5.301541e+01 -4.100844e-01 -2.797958e-01 7.922085e-02 4.216709e-02 -1.584078e-01 -3.663001e-01 -2.653861e-01 -2.170449e-01 -4.936027e-02 -9.089191e-02 -3.023058e-02 5.395536e-02 8.560488e-01 2.869459e-02 -5.107668e-02 -3.853450e-02 6.701544e-03 4.351123e-02 1.355008e-02 -2.028066e-02 -3.590462e-02 -2.795355e-02 -4.636247e-03 9.453726e-03 -3.784465e-02 4.876980e-02
<VARIANCE> 39
 1.839482e+01 1.865765e+01 1.434915e+01 1.258515e+01 1.518906e+01 1.998840e+01 2.275849e+01 2.338427e+01 1.732717e+01 1.548459e+01 1.405952e+01 1.335768e+01 5.771318e+01 1.023326e+00 1.076329e+00 8.543869e-01 1.057713e+00 1.550104e+00 1.855725e+00 2.046497e+00 2.007104e+00 1.550379e+00 1.547130e+00 1.455253e+00 1.539509e+00 4.026857e+00 1.700793e-01 1.369946e-01 1.594609e-01 1.779321e-01 2.698136e-01 3.046485e-01 3.662618e-01 3.221784e-01 2.943757e-01 2.652271e-01 2.811345e-01 3.064938e-01 4.505628e-01
<GCONST> 9.737067e+01
<STATE> 3
<MEAN> 39
 -1.259972e+01 -4.360609e+00 -1.679852e+00 -7.082562e-01 9.926235e-01 -3.143663e+00 7.101401e-01 -3.034178e+00 -2.470637e+00 -3.969538e-01 -3.130612e-01 -7.114887e-01 5.908914e+01 3.828542e-02 -6.086160e-02 -1.766260e-02 -1.347216e-02 9.553010e-03 -1.523062e-02 -1.421267e-02 -4.664252e-02 -2.960991e-02 -1.868727e-02 5.115007e-04 -9.763469e-03 6.036769e-02 7.008050e-03 1.309942e-02 2.211500e-03 -4.511702e-04 1.186098e-03 8.960203e-03 9.343871e-03 1.073632e-02 3.454185e-03 4.177528e-03 1.296016e-03 2.856245e-03 -3.155078e-02
<VARIANCE> 39
 2.083130e+01 2.734747e+01 1.522280e+01 1.257406e+01 1.969598e+01 2.587979e+01 2.523045e+01 2.836623e+01 2.025453e+01 1.669419e+01 1.424384e+01 1.267870e+01 8.183707e+01 6.102304e-01 9.940247e-01 7.739410e-01 8.798800e-01 1.427635e+00 1.762785e+00 1.688898e+00 1.744079e+00 1.647362e+00 1.490615e+00 1.396483e+00 1.242122e+00 2.897148e+00 1.056996e-01 1.638183e-01 1.464935e-01 1.720144e-01 2.852834e-01 3.467683e-01 3.339363e-01 3.391221e-01 3.339305e-01 2.968527e-01 2.881140e-01 2.586313e-01 4.363774e-01
<GCONST> 9.717420e+01
<STATE> 4
<MEAN> 39
 -1.217855e+01 -3.150038e+00 -1.571944e+00 -9.273579e-01 8.413510e-01 -1.396081e+00 2.574492e+00 -6.604169e-01 -1.031941e+00 6.365492e-01 2.961051e-01 -8.199316e-01 5.494537e+01 9.335908e-03 6.826424e-03 9.564127e-04 -1.947333e-05 2.561910e-03 8.875905e-03 6.242066e-03 7.173980e-03 3.872449e-03 3.581042e-03 1.959820e-03 -8.818936e-04 -2.524790e-02 -5.040498e-06 1.112186e-04 6.397525e-05 -4.190498e-04 -6.547245e-04 -1.272063e-04 -2.471308e-04 -4.023870e-04 -2.360913e-04 1.078208e-04 -5.850061e-05 1.033241e-04 6.596222e-04
<VARIANCE> 39
 1.783384e+01 2.325659e+01 1.261550e+01 1.224632e+01 1.484464e+01 2.151992e+01 1.923820e+01 2.238568e+01 1.787246e+01 1.634589e+01 1.452410e+01 1.333104e+01 3.824409e+01 5.365105e-01 7.821580e-01 6.683761e-01 8.617872e-01 1.151190e+00 1.469852e+00 1.459046e+00 1.572953e+00 1.528629e+00 1.487722e+00 1.422802e+00 1.279305e+00 9.765080e-01 8.787344e-02 1.295666e-01 1.260645e-01 1.691819e-01 2.277263e-01 2.955173e-01 2.918724e-01 3.147268e-01 3.110295e-01 3.047124e-01 2.908386e-01 2.628212e-01 1.382956e-01
<GCONST> 9.018243e+01
<TRANSP> 5
 0.000000e+00 1.000000e+00 0.000000e+00 0.000000e+00 0.000000e+00
 0.000000e+00 9.109681e-01 8.903193e-02 0.000000e+00 0.000000e+00
 0.000000e+00 0.000000e+00 9.828939e-01 1.710609e-02 0.000000e+00
 0.000000e+00 0.000000e+00 0.000000e+00 9.981425e-01 1.857452e-03
 0.000000e+00 0.000000e+00 0.000000e+00 0.000000e+00 0.000000e+00
<ENDHMM>
~h "si"
<BEGINHMM>
<NUMSTATES> 5
<STATE> 2
<MEAN> 39
 -4.250715e+00 -1.892254e+00 -6.658770e-01 -2.006584e+00 1.616217e+00 2.678163e+00 3.043578e+00 2.342670e-01 -9.441728e-01 2.311955e-01 4.905052e-01 -2.609267e+00 5.017006e+01 7.275617e-03 3.284590e-03 -2.034337e-02 -2.798472e-02 -1.578845e-02 2.881966e-02 3.108145e-02 4.886300e-02 1.754602e-02 2.708372e-02 1.270125e-02 -7.629688e-03 -7.758979e-02 -2.646615e-03 -3.634527e-04 -1.499548e-03 -1.024884e-03 -1.370740e-03 -8.038763e-04 4.291717e-04 2.618783e-03 2.527377e-03 3.011076e-03 3.708793e-03 1.437127e-03 1.668891e-03
<VARIANCE> 39
 1.420954e+01 2.213165e+01 2.265451e+01 1.736378e+01 2.346762e+01 2.084985e+01 2.118766e+01 2.196605e+01 1.946980e+01 1.944567e+01 1.848163e+01 1.888411e+01 1.416118e+01 1.562355e-01 2.979750e-01 4.732650e-01 6.544607e-01 9.217729e-01 1.089216e+00 1.266274e+00 1.385488e+00 1.400130e+00 1.363359e+00 1.331665e+00 1.224739e+00 8.340219e-02 2.522234e-02 5.173997e-02 8.751926e-02 1.230209e-01 1.761397e-01 2.082305e-01 2.435435e-01 2.662026e-01 2.731073e-01 2.668137e-01 2.613636e-01 2.402433e-01 1.031406e-02
<GCONST> 7.798373e+01
<STATE> 3
<MEAN> 39
 -4.849002e+00 -1.951545e+00 -2.048110e+00 -2.297573e+00 1.594940e+00 3.459655e+00 4.175741e+00 8.991483e-01 -4.342526e-01 9.606645e-01 7.731268e-01 -2.585535e+00 4.941846e+01 -1.070687e-02 -1.422768e-05 -1.838510e-02 -1.661075e-02 -1.203792e-02 -4.188783e-03 3.189237e-03 1.946900e-02 1.175444e-02 1.237833e-02 1.133539e-02 4.075397e-03 -1.216015e-02 -1.622107e-03 -1.020616e-03 -8.654359e-04 -3.353429e-03 -3.326058e-03 -5.746411e-03 -4.212640e-03 -7.778390e-04 1.547910e-03 2.651109e-03 3.165303e-03 3.186502e-03 3.132930e-03
<VARIANCE> 39
 9.283744e+00 1.461441e+01 1.772433e+01 1.145922e+01 1.749239e+01 1.745675e+01 1.751739e+01 1.866520e+01 1.683630e+01 1.649692e+01 1.635226e+01 1.400622e+01 1.164947e+01 2.050866e-01 3.383110e-01 5.190843e-01 7.326788e-01 1.018366e+00 1.185408e+00 1.292816e+00 1.456447e+00 1.430814e+00 1.465028e+00 1.424365e+00 1.229184e+00 9.656196e-02 3.465166e-02 6.293759e-02 1.029110e-01 1.472569e-01 2.050585e-01 2.395513e-01 2.619375e-01 2.969336e-01 2.916898e-01 3.010142e-01 2.925470e-01 2.516885e-01 1.497276e-02
<GCONST> 7.794960e+01
<STATE> 4
<MEAN> 39
 -7.346365e+00 8.950803e-01 3.286340e-01 -2.007337e+00 1.214993e+00 1.187310e+00 2.537370e+00 2.374390e+00 -1.627349e-01 6.703884e-01 9.706384e-01 -2.120525e+00 4.694462e+01 -6.510110e-03 -3.991802e-04 -8.632174e-04 -3.851823e-04 -2.012598e-03 -5.038039e-03 -2.883106e-03 -3.993067e-03 -5.271176e-05 6.399089e-04 2.212996e-03 3.097085e-03 1.101904e-02 3.785827e-04 1.580435e-04 6.433799e-04 9.464982e-04 7.033383e-04 7.539593e-04 1.690259e-04 -1.083313e-03 -7.021961e-04 -1.052924e-03 -1.208775e-03 -6.815656e-04 4.363121e-04
<VARIANCE> 39
 1.610710e+01 1.276882e+01 1.144273e+01 1.186295e+01 1.763483e+01 1.716300e+01 1.742183e+01 2.095012e+01 1.734002e+01 1.691768e+01 1.508663e+01 1.381611e+01 2.718097e+01 3.044267e-01 4.399881e-01 5.445259e-01 7.673002e-01 1.006324e+00 1.220636e+00 1.346664e+00 1.449181e+00 1.454944e+00 1.462071e+00 1.354776e+00 1.179394e+00 3.184801e-01 4.958036e-02 7.873768e-02 1.044539e-01 1.508513e-01 1.991948e-01 2.437427e-01 2.709377e-01 2.919713e-01 2.949733e-01 2.981883e-01 2.758171e-01 2.389012e-01 4.656993e-02
<GCONST> 8.244502e+01
<TRANSP> 5
 0.000000e+00 1.000000e+00 0.000000e+00 0.000000e+00 0.000000e+00
 0.000000e+00 9.676130e-01 3.238705e-02 0.000000e+00 0.000000e+00
 0.000000e+00 0.000000e+00 9.712926e-01 2.870742e-02 0.000000e+00
 0.000000e+00 0.000000e+00 0.000000e+00 9.952508e-01 4.749179e-03
 0.000000e+00 0.000000e+00 0.000000e+00 0.000000e+00 0.000000e+00
<ENDHMM>
~h "st"
<BEGINHMM>
<NUMSTATES> 5
<STATE> 2
<MEAN> 39
 -8.922386e+00 -2.972955e+00 -1.458205e+00 -5.676767e+00 -1.221582e+00 -2.421566e+00 1.578398e+00 1.522715e-01 -3.425556e-01 -5.707407e-01 6.178597e-01 -2.578506e+00 5.841571e+01 -1.422525e-01 -3.389522e-01 1.109571e-01 -3.337824e-01 -2.483414e-01 -3.874417e-01 -1.654109e-01 -1.409383e-02 2.962015e-02 -4.142935e-02 1.326801e-03 6.474106e-03 8.162510e-01 4.151605e-02 2.856248e-02 9.918725e-03 3.485042e-02 3.184940e-02 5.788028e-02 5.597441e-02 1.229540e-02 8.454714e-03 2.748436e-02 5.739854e-03 1.471620e-02 -1.078374e-01
<VARIANCE> 39
 2.036975e+01 2.660427e+01 1.992522e+01 2.714462e+01 2.475807e+01 3.448244e+01 2.381205e+01 2.077387e+01 1.955763e+01 1.990033e+01 1.899146e+01 1.515495e+01 6.783558e+01 1.130594e+00 1.312833e+00 1.116341e+00 1.868952e+00 2.162702e+00 2.694792e+00 2.040096e+00 1.926766e+00 1.758384e+00 2.023716e+00 1.958461e+00 1.546489e+00 4.194911e+00 1.667760e-01 1.986803e-01 1.874381e-01 3.121883e-01 3.745772e-01 4.319790e-01 3.592195e-01 3.564337e-01 3.256183e-01 3.717169e-01 3.588038e-01 2.781372e-01 6.409398e-01
<GCONST> 1.061523e+02
<STATE> 3
<MEAN> 39
 -7.759265e+00 -4.033134e+00 -1.313357e+00 -6.392255e+00 -1.467102e+00 -2.182874e+00 1.673852e+00 -3.452044e-01 -9.220818e-01 -3.792849e-01 1.155993e+00 -2.400274e+00 5.864215e+01 3.402413e-02 4.483511e-02 1.808252e-02 5.761501e-02 4.178129e-02 6.979278e-02 4.725444e-02 -1.598886e-02 -1.258205e-02 -4.931007e-03 -7.380178e-03 7.919758e-03 -1.591207e-01 -1.374133e-03 1.050730e-02 -8.215500e-03 1.438118e-02 1.049945e-02 1.532857e-02 2.861098e-03 -2.919917e-03 -9.206758e-03 -4.310323e-03 -2.340375e-03 -3.773751e-03 -1.532499e-02
<VARIANCE> 39
 1.550521e+01 1.903345e+01 1.668458e+01 2.331946e+01 1.938225e+01 2.736645e+01 2.159538e+01 2.048009e+01 1.918843e+01 2.123730e+01 1.595456e+01 1.467375e+01 4.342368e+01 5.862488e-01 6.547560e-01 7.187796e-01 1.257793e+00 1.347815e+00 1.625698e+00 1.569497e+00 1.566027e+00 1.561809e+00 1.628721e+00 1.554835e+00 1.361588e+00 1.716334e+00 9.066914e-02 1.095029e-01 1.344391e-01 2.329991e-01 2.617187e-01 3.162919e-01 3.149583e-01 3.225155e-01 3.184990e-01 3.324045e-01 3.257815e-01 2.818456e-01 2.572950e-01
<GCONST> 9.493485e+01
<STATE> 4
<MEAN> 39
 -8.935822e+00 -7.448111e-01 -3.105865e-01 -3.345318e+00 -1.554688e-01 -4.709331e-01 2.301728e+00 8.268823e-02 -3.416781e-01 -1.897849e-01 8.379250e-01 -2.351100e+00 5.346888e+01 -3.621419e-04 1.186859e-02 -7.606682e-03 9.164693e-03 8.938826e-03 1.966853e-02 8.126077e-03 1.856140e-03 -4.225735e-05 2.296071e-03 -1.393559e-04 1.733268e-03 -2.687483e-02 1.455687e-04 -1.003620e-03 -4.900874e-04 -2.298423e-03 -2.081990e-03 -1.790936e-03 -1.623366e-03 7.041250e-04 1.468867e-03 8.930458e-04 4.508337e-04 4.819450e-04 2.100893e-03
<VARIANCE> 39
 1.730127e+01 1.484299e+01 1.399197e+01 1.817128e+01 1.784525e+01 2.019301e+01 1.840893e+01 1.938114e+01 1.836062e+01 1.709397e+01 1.501225e+01 1.366281e+01 3.374252e+01 4.571013e-01 5.707232e-01 6.582057e-01 1.039141e+00 1.214422e+00 1.446051e+00 1.480808e+00 1.556659e+00 1.549462e+00 1.526221e+00 1.440228e+00 1.280244e+00 1.005606e+00 7.313771e-02 9.839037e-02 1.259192e-01 1.927251e-01 2.358449e-01 2.833893e-01 2.968162e-01 3.155133e-01 3.151549e-01 3.133076e-01 2.958699e-01 2.619905e-01 1.367377e-01
<GCONST> 8.968333e+01
<TRANSP> 5
 0.000000e+00 1.000000e+00 0.000000e+00 0.000000e+00 0.000000e+00
 0.000000e+00 9.086161e-01 9.138387e-02 0.000000e+00 0.000000e+00
 0.000000e+00 0.000000e+00 9.691656e-01 3.083439e-02 0.000000e+00
 0.000000e+00 0.000000e+00 0.000000e+00 9.949166e-01 5.083471e-03
 0.000000e+00 0.000000e+00 0.000000e+00 0.000000e+00 0.000000e+00
<ENDHMM>
~h "spe"
<BEGINHMM>
<NUMSTATES> 5
<STATE> 2
<MEAN> 39
 -1.064955e+00 -1.092770e+00 1.775265e-01 -9.375116e+00 -2.421602e+00 3.864925e-01 -9.425843e-01 -1.580896e+00 -2.472057e+00 -4.774271e-01 -9.807316e-01 -5.176506e+00 5.536736e+01 1.721494e-01 -4.026900e-01 3.437999e-01 -4.178812e-01 -3.961913e-01 -2.387131e-01 -4.559989e-01 9.963427e-02 1.284811e-01 3.067846e-01 1.535122e-01 -2.064838e-01 6.876934e-01 -2.069137e-02 -9.552636e-02 2.338810e-02 3.838013e-02 -6.868799e-02 -8.228075e-02 -3.998728e-03 -7.069410e-03 3.482578e-02 4.191029e-02 -4.183289e-02 1.416319e-02 3.098650e-02
<VARIANCE> 39
 3.307247e+01 3.501978e+01 3.330836e+01 5.694807e+01 3.828930e+01 3.716024e+01 4.556776e+01 4.328349e+01 3.506950e+01 2.334744e+01 3.278443e+01 2.402088e+01 2.310662e+01 9.303281e-01 1.267127e+00 1.337787e+00 2.237699e+00 2.876398e+00 2.386303e+00 2.070580e+00 3.042172e+00 2.893168e+00 1.943990e+00 2.043209e+00 1.989156e+00 6.790735e-01 1.144170e-01 1.291706e-01 1.617607e-01 2.996967e-01 3.955891e-01 3.736314e-01 3.131548e-01 4.396209e-01 3.973438e-01 3.083430e-01 3.309942e-01 3.357425e-01 6.180070e-02
<GCONST> 1.071977e+02
<STATE> 3
<MEAN> 39
 -1.431615e+00 -4.895463e+00 2.820484e+00 -1.219348e+01 -3.676134e+00 -4.509111e+00 -4.155828e+00 -1.763138e+00 -2.068003e+00 -1.586231e+00 -4.680873e+00 -4.558343e+00 6.182523e+01 3.030858e-03 -4.024868e-02 -1.226828e-02 3.338505e-02 3.441402e-02 -1.392715e-02 -1.992023e-02 -2.321697e-02 -2.413460e-02 -3.296217e-02 -9.951055e-02 -4.467593e-02 2.806779e-02 -3.202737e-03 2.447403e-02 -1.640525e-02 1.443604e-02 1.652480e-02 1.152906e-02 9.116912e-03 -1.047400e-02 -1.281025e-02 -1.275301e-02 2.015395e-04 6.181276e-03 -2.364950e-02
<VARIANCE> 39
 2.174515e+01 3.609559e+01 7.624516e+01 6.757218e+01 6.278017e+01 6.419666e+01 3.882387e+01 5.969801e+01 3.748015e+01 4.197350e+01 5.767154e+01 3.867133e+01 2.237201e+01 5.751552e-01 1.075240e+00 1.335269e+00 1.543217e+00 2.038717e+00 1.925525e+00 1.912440e+00 2.457071e+00 2.290846e+00 2.063690e+00 2.042367e+00 1.750055e+00 4.333046e-01 8.273685e-02 1.503646e-01 1.934970e-01 2.479807e-01 3.368689e-01 3.633286e-01 3.531792e-01 4.357413e-01 4.400291e-01 3.930565e-01 3.827327e-01 3.283220e-01 5.149728e-02
<GCONST> 1.080757e+02
<STATE> 4
<MEAN> 39
 -1.222367e+00 -3.028799e+00 1.275845e-01 -4.423038e+00 -2.596353e+00 -2.705487e-01 -4.626969e-01 -9.457644e-01 -1.973139e+00 -1.412881e-01 -1.105615e+00 -5.656295e+00 5.343682e+01 -7.703918e-03 1.426321e-02 -1.223137e-02 1.638832e-02 1.414231e-02 1.266317e-02 2.015120e-02 4.302490e-03 4.405233e-03 3.786673e-03 1.355939e-02 1.405340e-02 -2.740390e-02 -4.638490e-06 -9.034127e-04 1.104261e-03 -7.969131e-04 3.433265e-04 1.811815e-03 1.013696e-03 1.633632e-03 9.578264e-04 1.459683e-03 2.827424e-04 -3.255117e-04 4.676548e-04
<VARIANCE> 39
 1.561060e+01 2.820034e+01 3.301230e+01 2.553430e+01 4.537307e+01 3.577782e+01 3.456741e+01 3.128162e+01 2.929988e+01 2.810351e+01 2.933758e+01 2.592079e+01 1.641388e+01 3.825622e-01 6.708919e-01 8.681537e-01 1.017573e+00 1.462314e+00 1.517938e+00 1.559985e+00 1.714929e+00 1.720704e+00 1.674323e+00 1.639462e+00 1.514909e+00 2.111130e-01 5.082426e-02 9.622662e-02 1.320911e-01 1.715188e-01 2.412885e-01 2.698151e-01 2.868640e-01 3.247995e-01 3.276946e-01 3.232250e-01 3.097224e-01 2.855523e-01 2.263406e-02
<GCONST> 9.306342e+01
<TRANSP> 5
 0.000000e+00 1.000000e+00 0.000000e+00 0.000000e+00 0.000000e+00
 0.000000e+00 8.745993e-01 1.254007e-01 0.000000e+00 0.000000e+00
 0.000000e+00 0.000000e+00 9.812866e-01 1.871340e-02 0.000000e+00
 0.000000e+00 0.000000e+00 0.000000e+00 9.969359e-01 3.064072e-03
 0.000000e+00 0.000000e+00 0.000000e+00 0.000000e+00 0.000000e+00
<ENDHMM>
