~o
<STREAMINFO> 1 13
<VECSIZE> 13<NULLD><MFCC_0><DIAGC>
~h "ap"
<BEGINHMM>
<NUMSTATES> 5
<STATE> 2
<NUMMIXES> 2
<MIXTURE> 1 5.000000e-01
<MEAN> 13
 -1.097394e+01 -6.820293e+00 -3.339718e+00 1.119132e-01 2.267636e+00 -1.762491e+00 2.891179e+00 -1.494394e+00 -1.471802e+00 1.175294e-01 1.510292e+00 -3.833699e-01 6.236831e+01
<VARIANCE> 13
 2.979621e+01 3.855324e+01 2.919938e+01 2.088785e+01 3.134669e+01 3.731643e+01 2.486540e+01 2.765641e+01 2.158770e+01 1.961523e+01 1.718198e+01 1.465037e+01 1.221952e+02
<GCONST> 6.733241e+01
<MIXTURE> 2 5.000000e-01
<MEAN> 13
 -1.315738e+01 -9.303944e+00 -5.501176e+00 -1.716216e+00 2.811170e-02 -4.205977e+00 8.965706e-01 -3.597968e+00 -3.330304e+00 -1.654034e+00 -1.477538e-01 -1.914402e+00 5.794663e+01
<VARIANCE> 13
 2.979621e+01 3.855324e+01 2.919938e+01 2.088785e+01 3.134669e+01 3.731643e+01 2.486540e+01 2.765641e+01 2.158770e+01 1.961523e+01 1.718198e+01 1.465037e+01 1.221952e+02
<GCONST> 6.733241e+01
<STATE> 3
<NUMMIXES> 2
<MIXTURE> 1 5.000000e-01
<MEAN> 13
 -1.023126e+01 -1.526580e+01 -9.613686e+00 2.574646e+00 1.921192e+00 -8.425688e+00 7.835685e-01 -1.061992e+00 -4.846108e+00 -3.012228e+00 1.316722e+00 -5.592378e-01 7.151250e+01
<VARIANCE> 13
 1.318728e+01 1.975031e+01 1.722890e+01 2.210533e+01 3.395483e+01 2.317419e+01 2.616599e+01 1.926243e+01 2.455318e+01 2.079778e+01 1.637581e+01 1.548966e+01 8.288960e+01
<GCONST> 6.447710e+01
<MIXTURE> 2 5.000000e-01
<MEAN> 13
 -1.168384e+01 -1.704346e+01 -1.127399e+01 6.939939e-01 -4.096386e-01 -1.035127e+01 -1.262540e+00 -2.817552e+00 -6.828156e+00 -4.836411e+00 -3.019594e-01 -2.133514e+00 6.787074e+01
<VARIANCE> 13
 1.318728e+01 1.975031e+01 1.722890e+01 2.210533e+01 3.395483e+01 2.317419e+01 2.616599e+01 1.926243e+01 2.455318e+01 2.079778e+01 1.637581e+01 1.548966e+01 8.288960e+01
<GCONST> 6.447710e+01
<STATE> 4
<NUMMIXES> 2
<MIXTURE> 1 5.000000e-01
<MEAN> 13
 -8.719766e+00 -1.144839e+01 -2.964908e+00 4.356887e+00 -5.128709e-01 -3.624815e+00 5.158931e+00 -1.830072e+00 -3.190606e+00 9.337636e-01 1.612324e+00 -1.003003e+00 6.239672e+01
<VARIANCE> 13
 2.260223e+01 5.668737e+01 1.739503e+01 1.955793e+01 3.456993e+01 3.306634e+01 2.031214e+01 2.914842e+01 2.412238e+01 2.003994e+01 1.898985e+01 1.488708e+01 1.165044e+02
<GCONST> 6.688589e+01
<MIXTURE> 2 5.000000e-01
<MEAN> 13
 -1.062144e+01 -1.446003e+01 -4.633202e+00 2.587913e+00 -2.864719e+00 -5.924949e+00 3.356171e+00 -3.989644e+00 -5.155188e+00 -8.568760e-01 -1.307695e-01 -2.546355e+00 5.807924e+01
<VARIANCE> 13
 2.260223e+01 5.668737e+01 1.739503e+01 1.955793e+01 3.456993e+01 3.306634e+01 2.031214e+01 2.914842e+01 2.412238e+01 2.003994e+01 1.898985e+01 1.488708e+01 1.165044e+02
<GCONST> 6.688589e+01
<TRANSP> 5
 0.000000e+00 1.000000e+00 0.000000e+00 0.000000e+00 0.000000e+00
 0.000000e+00 9.922567e-01 7.743287e-03 0.000000e+00 0.000000e+00
 0.000000e+00 0.000000e+00 9.860618e-01 1.393825e-02 0.000000e+00
 0.000000e+00 0.000000e+00 0.000000e+00 9.882666e-01 1.173338e-02
 0.000000e+00 0.000000e+00 0.000000e+00 0.000000e+00 0.000000e+00
<ENDHMM>
~h "cl"
<BEGINHMM>
<NUMSTATES> 5
<STATE> 2
<NUMMIXES> 2
<MIXTURE> 1 5.000000e-01
<MEAN> 13
 -1.263203e+01 1.318272e-01 2.437026e+00 -2.262983e+00 -7.454037e-01 7.326048e+00 4.428390e+00 -1.205933e-02 3.416398e+00 2.299233e+00 -3.106312e+00 2.355231e+00 5.544656e+01
<VARIANCE> 13
 6.787892e+01 2.210409e+01 3.462221e+01 1.508769e+01 1.926847e+01 3.930487e+01 2.338575e+01 2.881927e+01 3.121457e+01 2.460500e+01 3.434192e+01 2.304596e+01 4.808485e+01
<GCONST> 6.779791e+01
<MIXTURE> 2 5.000000e-01
<MEAN> 13
 -1.592757e+01 -1.748772e+00 8.340013e-02 -3.816699e+00 -2.501238e+00 4.818304e+00 2.494037e+00 -2.159403e+00 1.181598e+00 3.150965e-01 -5.450391e+00 4.349829e-01 5.267284e+01
<VARIANCE> 13
 6.787892e+01 2.210409e+01 3.462221e+01 1.508769e+01 1.926847e+01 3.930487e+01 2.338575e+01 2.881927e+01 3.121457e+01 2.460500e+01 3.434192e+01 2.304596e+01 4.808485e+01
<GCONST> 6.779791e+01
<STATE> 3
<NUMMIXES> 2
<MIXTURE> 1 5.000000e-01
<MEAN> 13
 -1.811024e+01 3.439041e+00 6.471525e-01 -4.625112e+00 -3.307125e+00 1.327741e+01 1.696440e+00 -2.666907e+00 8.587844e+00 -2.646566e+00 -2.554613e+00 6.246753e+00 5.962603e+01
<VARIANCE> 13
 5.104529e+01 9.848886e+00 1.979833e+01 1.249936e+01 1.774021e+01 3.395391e+01 2.575286e+01 2.223989e+01 2.632580e+01 2.013864e+01 1.937295e+01 1.986575e+01 2.080650e+01
<GCONST> 6.363635e+01
<MIXTURE> 2 5.000000e-01
<MEAN> 13
 -2.096808e+01 2.183723e+00 -1.132660e+00 -6.039289e+00 -4.991889e+00 1.094661e+01 -3.334505e-01 -4.553275e+00 6.535497e+00 -4.441610e+00 -4.315201e+00 4.463912e+00 5.780147e+01
<VARIANCE> 13
 5.104529e+01 9.848886e+00 1.979833e+01 1.249936e+01 1.774021e+01 3.395391e+01 2.575286e+01 2.223989e+01 2.632580e+01 2.013864e+01 1.937295e+01 1.986575e+01 2.080650e+01
<GCONST> 6.363635e+01
<STATE> 4
<NUMMIXES> 2
<MIXTURE> 1 5.000000e-01
<MEAN> 13
 -2.123570e+01 1.684168e+00 7.304866e+00 -2.087251e+00 -5.879101e+00 1.179830e+01 2.503177e+00 -5.783917e+00 4.015594e+00 5.701428e+00 -1.085736e+01 6.094226e+00 5.907999e+01
<VARIANCE> 13
 3.609264e+01 8.825253e+00 1.448604e+01 1.696838e+01 2.639288e+01 2.994154e+01 2.920765e+01 4.614582e+01 3.468341e+01 2.939224e+01 2.804831e+01 3.050709e+01 3.341058e+01
<GCONST> 6.622697e+01
<MIXTURE> 2 5.000000e-01
<MEAN> 13
 -2.363878e+01 4.958745e-01 5.782445e+00 -3.734959e+00 -7.934061e+00 9.609543e+00 3.414129e-01 -8.501146e+00 1.659888e+00 3.532844e+00 -1.297578e+01 3.884898e+00 5.676791e+01
<VARIANCE> 13
 3.609264e+01 8.825253e+00 1.448604e+01 1.696838e+01 2.639288e+01 2.994154e+01 2.920765e+01 4.614582e+01 3.468341e+01 2.939224e+01 2.804831e+01 3.050709e+01 3.341058e+01
<GCONST> 6.622697e+01
<TRANSP> 5
 0.000000e+00 1.000000e+00 0.000000e+00 0.000000e+00 0.000000e+00
 0.000000e+00 9.672121e-01 3.278789e-02 0.000000e+00 0.000000e+00
 0.000000e+00 0.000000e+00 9.921651e-01 7.834832e-03 0.000000e+00
 0.000000e+00 0.000000e+00 0.000000e+00 9.930604e-01 6.939611e-03
 0.000000e+00 0.000000e+00 0.000000e+00 0.000000e+00 0.000000e+00
<ENDHMM>
~h "cm"
<BEGINHMM>
<NUMSTATES> 5
<STATE> 2
<NUMMIXES> 2
<MIXTURE> 1 5.000000e-01
<MEAN> 13
 -1.182547e+01 6.723868e-01 -1.978014e+00 -4.227127e+00 5.597913e-01 1.683009e+00 -2.597688e-01 1.089584e+00 -1.128212e+00 1.779691e+00 3.764274e+00 2.802796e-01 5.822171e+01
<VARIANCE> 13
 1.412520e+01 1.473611e+01 1.198242e+01 1.332941e+01 1.469326e+01 1.628010e+01 1.829817e+01 1.842821e+01 1.781609e+01 1.674663e+01 1.851395e+01 1.652219e+01 1.958430e+01
<GCONST> 5.999834e+01
<MIXTURE> 2 5.000000e-01
<MEAN> 13
 -1.332881e+01 -8.631189e-01 -3.362640e+00 -5.687505e+00 -9.734803e-01 6.906438e-02 -1.970823e+00 -6.275398e-01 -2.816576e+00 1.427851e-01 2.043160e+00 -1.345620e+00 5.645155e+01
<VARIANCE> 13
 1.412520e+01 1.473611e+01 1.198242e+01 1.332941e+01 1.469326e+01 1.628010e+01 1.829817e+01 1.842821e+01 1.781609e+01 1.674663e+01 1.851395e+01 1.652219e+01 1.958430e+01
<GCONST> 5.999834e+01
<STATE> 3
<NUMMIXES> 2
<MIXTURE> 1 5.000000e-01
<MEAN> 13
 -9.104460e+00 -2.316920e-01 -2.111271e+00 -2.738265e+00 3.079794e-01 4.500461e-02 -1.812695e+00 -1.321894e+00 -3.730279e+00 -1.089299e+00 1.623679e-01 -1.134846e+00 6.712283e+01
<VARIANCE> 13
 1.226526e+01 1.389514e+01 1.638534e+01 1.491289e+01 1.699258e+01 1.601335e+01 1.751546e+01 1.984868e+01 1.878292e+01 1.649701e+01 1.816475e+01 1.463908e+01 4.722281e+01
<GCONST> 6.116092e+01
<MIXTURE> 2 5.000000e-01
<MEAN> 13
 -1.050533e+01 -1.722739e+00 -3.730423e+00 -4.282953e+00 -1.340903e+00 -1.555663e+00 -3.486753e+00 -3.103968e+00 -5.463850e+00 -2.713959e+00 -1.542437e+00 -2.665288e+00 6.437408e+01
<VARIANCE> 13
 1.226526e+01 1.389514e+01 1.638534e+01 1.491289e+01 1.699258e+01 1.601335e+01 1.751546e+01 1.984868e+01 1.878292e+01 1.649701e+01 1.816475e+01 1.463908e+01 4.722281e+01
<GCONST> 6.116092e+01
<STATE> 4
<NUMMIXES> 2
<MIXTURE> 1 5.000000e-01
<MEAN> 13
 -4.523740e+00 1.102273e+00 -2.067238e+00 -3.404228e+00 -2.200254e-01 -8.953226e-01 -2.441091e+00 -1.543650e+00 -3.062160e+00 -1.736041e+00 -8.732725e-01 -2.297874e+00 6.939550e+01
<VARIANCE> 13
 7.513630e+00 1.025486e+01 1.061447e+01 1.387989e+01 1.400920e+01 1.348404e+01 1.529110e+01 1.726061e+01 1.643795e+01 1.507493e+01 1.416143e+01 1.232038e+01 6.586752e+01
<GCONST> 5.890849e+01
<MIXTURE> 2 5.000000e-01
<MEAN> 13
 -5.620180e+00 -1.786557e-01 -3.370432e+00 -4.894457e+00 -1.717180e+00 -2.364147e+00 -4.005245e+00 -3.205486e+00 -4.683910e+00 -3.289099e+00 -2.378540e+00 -3.701890e+00 6.614915e+01
<VARIANCE> 13
 7.513630e+00 1.025486e+01 1.061447e+01 1.387989e+01 1.400920e+01 1.348404e+01 1.529110e+01 1.726061e+01 1.643795e+01 1.507493e+01 1.416143e+01 1.232038e+01 6.586752e+01
<GCONST> 5.890849e+01
<TRANSP> 5
 0.000000e+00 1.000000e+00 0.000000e+00 0.000000e+00 0.000000e+00
 0.000000e+00 9.668801e-01 3.311992e-02 0.000000e+00 0.000000e+00
 0.000000e+00 0.000000e+00 9.585699e-01 4.143009e-02 0.000000e+00
 0.000000e+00 0.000000e+00 0.000000e+00 9.846787e-01 1.532126e-02
 0.000000e+00 0.000000e+00 0.000000e+00 0.000000e+00 0.000000e+00
<ENDHMM>
~h "co"
<BEGINHMM>
<NUMSTATES> 5
<STATE> 2
<NUMMIXES> 2
<MIXTURE> 1 5.000000e-01
<MEAN> 13
 -5.890816e+00 -4.683665e+00 1.518652e+00 1.552360e+00 -4.210583e+00 2.551436e-03 7.292370e-01 3.612795e-01 1.361577e+00 -8.757542e-01 -1.675928e+00 -5.398894e+00 6.116258e+01
<VARIANCE> 13
 1.664369e+01 2.247744e+01 2.423740e+01 2.718804e+01 7.382467e+01 3.368348e+01 5.406963e+01 4.266497e+01 3.854908e+01 3.754605e+01 4.092186e+01 2.931485e+01 8.144671e+01
<GCONST> 7.063718e+01
<MIXTURE> 2 5.000000e-01
<MEAN> 13
 -7.522684e+00 -6.580080e+00 -4.506075e-01 -5.333258e-01 -7.647435e+00 -2.318947e+00 -2.212045e+00 -2.251458e+00 -1.121940e+00 -3.326747e+00 -4.234736e+00 -7.564622e+00 5.755266e+01
<VARIANCE> 13
 1.664369e+01 2.247744e+01 2.423740e+01 2.718804e+01 7.382467e+01 3.368348e+01 5.406963e+01 4.266497e+01 3.854908e+01 3.754605e+01 4.092186e+01 2.931485e+01 8.144671e+01
<GCONST> 7.063718e+01
<STATE> 3
<NUMMIXES> 2
<MIXTURE> 1 5.000000e-01
<MEAN> 13
 -5.604653e+00 -5.924385e+00 2.828047e-01 -1.561785e+00 -6.859039e+00 -6.765450e+00 -5.817890e+00 -5.334012e+00 -3.422095e+00 -3.980553e+00 -3.398234e+00 -8.433311e+00 6.969810e+01
<VARIANCE> 13
 1.683498e+01 1.200475e+01 2.381384e+01 2.036116e+01 3.631960e+01 3.491674e+01 5.474646e+01 5.481567e+01 4.498890e+01 4.185003e+01 3.784751e+01 4.239742e+01 3.834587e+01
<GCONST> 6.910487e+01
<MIXTURE> 2 5.000000e-01
<MEAN> 13
 -7.245871e+00 -7.310299e+00 -1.669173e+00 -3.366719e+00 -9.269669e+00 -9.129066e+00 -8.777524e+00 -8.295516e+00 -6.105046e+00 -6.568217e+00 -5.859048e+00 -1.103784e+01 6.722114e+01
<VARIANCE> 13
 1.683498e+01 1.200475e+01 2.381384e+01 2.036116e+01 3.631960e+01 3.491674e+01 5.474646e+01 5.481567e+01 4.498890e+01 4.185003e+01 3.784751e+01 4.239742e+01 3.834587e+01
<GCONST> 6.910487e+01
<STATE> 4
<NUMMIXES> 2
<MIXTURE> 1 5.000000e-01
<MEAN> 13
 -2.792121e+00 -1.988834e+00 5.527451e+00 3.612819e+00 1.534222e-01 -2.390266e+00 -3.590800e+00 -4.720129e+00 -3.493025e+00 -2.652374e+00 -2.587910e+00 -6.875175e+00 5.841719e+01
<VARIANCE> 13
 1.328100e+01 2.177764e+01 1.703681e+01 2.424860e+01 3.667654e+01 3.200084e+01 4.026105e+01 4.767378e+01 2.973914e+01 3.055131e+01 3.028676e+01 2.202612e+01 5.782971e+01
<GCONST> 6.758333e+01
<MIXTURE> 2 5.000000e-01
<MEAN> 13
 -4.249845e+00 -3.855494e+00 3.876424e+00 1.643105e+00 -2.269024e+00 -4.653038e+00 -6.128864e+00 -7.481977e+00 -5.674369e+00 -4.863304e+00 -4.789246e+00 -8.752454e+00 5.537535e+01
<VARIANCE> 13
 1.328100e+01 2.177764e+01 1.703681e+01 2.424860e+01 3.667654e+01 3.200084e+01 4.026105e+01 4.767378e+01 2.973914e+01 3.055131e+01 3.028676e+01 2.202612e+01 5.782971e+01
<GCONST> 6.758333e+01
<TRANSP> 5
 0.000000e+00 1.000000e+00 0.000000e+00 0.000000e+00 0.000000e+00
 0.000000e+00 9.250644e-01 7.493557e-02 0.000000e+00 0.000000e+00
 0.000000e+00 0.000000e+00 9.842069e-01 1.579309e-02 0.000000e+00
 0.000000e+00 0.000000e+00 0.000000e+00 9.787190e-01 2.128098e-02
 0.000000e+00 0.000000e+00 0.000000e+00 0.000000e+00 0.000000e+00
<ENDHMM>
~h "ds"
<BEGINHMM>
<NUMSTATES> 5
<STATE> 2
<NUMMIXES> 2
<MIXTURE> 1 5.000000e-01
<MEAN> 13
 -1.359328e+01 8.971619e-01 3.945958e-01 3.536963e-01 1.753044e-02 -1.252333e+00 3.954612e+00 -1.542399e+00 2.122190e+00 3.149299e+00 5.129081e+00 7.792473e-01 6.836044e+01
<VARIANCE> 13
 1.654945e+01 9.725224e+00 1.138960e+01 1.490057e+01 2.291132e+01 1.731948e+01 2.333448e+01 2.586527e+01 2.172779e+01 1.917472e+01 1.700416e+01 1.608464e+01 9.635720e+01
<GCONST> 6.270544e+01
<MIXTURE> 2 5.000000e-01
<MEAN> 13
 -1.522052e+01 -3.502497e-01 -9.553434e-01 -1.190354e+00 -1.897100e+00 -2.917001e+00 2.022382e+00 -3.576715e+00 2.576665e-01 1.397741e+00 3.479637e+00 -8.249792e-01 6.443398e+01
<VARIANCE> 13
 1.654945e+01 9.725224e+00 1.138960e+01 1.490057e+01 2.291132e+01 1.731948e+01 2.333448e+01 2.586527e+01 2.172779e+01 1.917472e+01 1.700416e+01 1.608464e+01 9.635720e+01
<GCONST> 6.270544e+01
<STATE> 3
<NUMMIXES> 2
<MIXTURE> 1 5.000000e-01
<MEAN> 13
 -8.176656e+00 5.473441e+00 5.484601e+00 6.326445e+00 6.847204e+00 3.801725e+00 7.172292e+00 -5.448757e-01 3.207026e+00 1.771056e+00 3.738526e+00 7.941890e-01 6.828253e+01
<VARIANCE> 13
 1.479013e+01 8.171219e+00 6.814985e+00 7.514217e+00 1.065390e+01 1.332668e+01 1.350522e+01 1.419501e+01 1.628973e+01 1.488628e+01 1.495175e+01 1.347470e+01 5.698863e+01
<GCONST> 5.767403e+01
<MIXTURE> 2 5.000000e-01
<MEAN> 13
 -9.714972e+00 4.330027e+00 4.440380e+00 5.229961e+00 5.541592e+00 2.341496e+00 5.702314e+00 -2.051926e+00 1.592604e+00 2.277465e-01 2.191826e+00 -6.741271e-01 6.526289e+01
<VARIANCE> 13
 1.479013e+01 8.171219e+00 6.814985e+00 7.514217e+00 1.065390e+01 1.332668e+01 1.350522e+01 1.419501e+01 1.628973e+01 1.488628e+01 1.495175e+01 1.347470e+01 5.698863e+01
<GCONST> 5.767403e+01
<STATE> 4
<NUMMIXES> 2
<MIXTURE> 1 5.000000e-01
<MEAN> 13
 -9.042358e+00 2.001130e+00 2.807321e+00 1.295846e+00 3.764965e+00 1.588662e+00 3.800312e+00 -1.753027e-01 1.191890e+00 4.154208e-01 2.890281e+00 -7.999085e-01 5.606840e+01
<VARIANCE> 13
 1.560184e+01 1.159772e+01 1.635560e+01 1.655245e+01 1.940373e+01 2.221118e+01 2.439922e+01 1.945468e+01 2.499212e+01 2.338929e+01 1.824250e+01 1.746498e+01 4.962898e+01
<GCONST> 6.295977e+01
<MIXTURE> 2 5.000000e-01
<MEAN> 13
 -1.062233e+01 6.389125e-01 1.189639e+00 -3.315417e-01 2.002979e+00 -2.964879e-01 1.824489e+00 -1.939601e+00 -8.077943e-01 -1.519078e+00 1.181831e+00 -2.471553e+00 5.325048e+01
<VARIANCE> 13
 1.560184e+01 1.159772e+01 1.635560e+01 1.655245e+01 1.940373e+01 2.221118e+01 2.439922e+01 1.945468e+01 2.499212e+01 2.338929e+01 1.824250e+01 1.746498e+01 4.962898e+01
<GCONST> 6.295977e+01
<TRANSP> 5
 0.000000e+00 1.000000e+00 0.000000e+00 0.000000e+00 0.000000e+00
 0.000000e+00 9.649527e-01 3.504732e-02 0.000000e+00 0.000000e+00
 0.000000e+00 0.000000e+00 9.089302e-01 9.106981e-02 0.000000e+00
 0.000000e+00 0.000000e+00 0.000000e+00 9.928379e-01 7.162086e-03
 0.000000e+00 0.000000e+00 0.000000e+00 0.000000e+00 0.000000e+00
<ENDHMM>
~h "kj"
<BEGINHMM>
<NUMSTATES> 5
<STATE> 2
<NUMMIXES> 2
<MIXTURE> 1 5.000000e-01
<MEAN> 13
 -1.797010e+01 3.998318e+00 1.116046e+00 -2.163926e+00 -6.176537e-02 5.703881e+00 2.560590e+00 3.478314e+00 6.420007e-01 9.026974e-01 2.384636e+00 -3.541456e-01 5.702711e+01
<VARIANCE> 13
 3.056043e+01 2.031227e+01 1.465914e+01 1.630846e+01 1.690049e+01 3.327157e+01 2.419887e+01 2.190644e+01 1.781894e+01 2.137743e+01 1.699199e+01 1.500793e+01 2.476715e+01
<GCONST> 6.309865e+01
<MIXTURE> 2 5.000000e-01
<MEAN> 13
 -2.018136e+01 2.195552e+00 -4.154444e-01 -3.779276e+00 -1.706174e+00 3.396621e+00 5.928960e-01 1.606142e+00 -1.046499e+00 -9.467319e-01 7.357822e-01 -1.903748e+00 5.503645e+01
<VARIANCE> 13
 3.056043e+01 2.031227e+01 1.465914e+01 1.630846e+01 1.690049e+01 3.327157e+01 2.419887e+01 2.190644e+01 1.781894e+01 2.137743e+01 1.699199e+01 1.500793e+01 2.476715e+01
<GCONST> 6.309865e+01
<STATE> 3
<NUMMIXES> 2
<MIXTURE> 1 5.000000e-01
<MEAN> 13
 -1.392366e+01 -5.198142e+00 -3.379216e+00 -1.536614e-02 -5.463035e-01 -3.211230e+00 -9.607969e-01 -2.470095e+00 -1.738258e+00 1.711621e+00 1.300495e+00 -4.965663e-04 6.409293e+01
<VARIANCE> 13
 1.818623e+01 2.956787e+01 1.243608e+01 1.487315e+01 1.638580e+01 1.739380e+01 2.043271e+01 1.921555e+01 1.784264e+01 1.690142e+01 1.546215e+01 1.365784e+01 6.642688e+01
<GCONST> 6.228310e+01
<MIXTURE> 2 5.000000e-01
<MEAN> 13
 -1.562948e+01 -7.373196e+00 -4.789809e+00 -1.557995e+00 -2.165478e+00 -4.879465e+00 -2.768899e+00 -4.223517e+00 -3.427880e+00 6.716752e-02 -2.723830e-01 -1.478757e+00 6.083282e+01
<VARIANCE> 13
 1.818623e+01 2.956787e+01 1.243608e+01 1.487315e+01 1.638580e+01 1.739380e+01 2.043271e+01 1.921555e+01 1.784264e+01 1.690142e+01 1.546215e+01 1.365784e+01 6.642688e+01
<GCONST> 6.228310e+01
<STATE> 4
<NUMMIXES> 2
<MIXTURE> 1 5.000000e-01
<MEAN> 13
 -2.017975e+01 2.783393e+00 2.158015e+00 3.605325e+00 -1.798899e+00 2.250433e-03 7.383702e+00 6.283075e-01 -2.437579e+00 4.741759e+00 1.568287e+00 -1.868882e+00 5.763202e+01
<VARIANCE> 13
 3.596188e+01 3.780608e+01 2.301362e+01 2.007738e+01 1.724663e+01 2.093493e+01 3.327651e+01 2.177260e+01 2.070558e+01 2.578235e+01 1.790389e+01 1.883481e+01 3.323895e+01
<GCONST> 6.532209e+01
<MIXTURE> 2 5.000000e-01
<MEAN> 13
 -2.257847e+01 3.239270e-01 2.391147e-01 1.813013e+00 -3.460061e+00 -1.827938e+00 5.076270e+00 -1.238137e+00 -4.257715e+00 2.710706e+00 -1.242329e-01 -3.604846e+00 5.532589e+01
<VARIANCE> 13
 3.596188e+01 3.780608e+01 2.301362e+01 2.007738e+01 1.724663e+01 2.093493e+01 3.327651e+01 2.177260e+01 2.070558e+01 2.578235e+01 1.790389e+01 1.883481e+01 3.323895e+01
<GCONST> 6.532209e+01
<TRANSP> 5
 0.000000e+00 1.000000e+00 0.000000e+00 0.000000e+00 0.000000e+00
 0.000000e+00 9.923988e-01 7.601198e-03 0.000000e+00 0.000000e+00
 0.000000e+00 0.000000e+00 9.739826e-01 2.601743e-02 0.000000e+00
 0.000000e+00 0.000000e+00 0.000000e+00 9.931000e-01 6.899980e-03
 0.000000e+00 0.000000e+00 0.000000e+00 0.000000e+00 0.000000e+00
<ENDHMM>
~h "kn"
<BEGINHMM>
<NUMSTATES> 5
<STATE> 2
<NUMMIXES> 2
<MIXTURE> 1 5.000000e-01
<MEAN> 13
 4.089254e+00 2.968578e+00 -2.336284e+00 -1.752606e+00 2.383230e+00 2.932788e-01 1.194412e+00 -2.489944e+00 1.695819e+00 1.478590e+00 2.304617e+00 -1.279350e+00 5.751528e+01
<VARIANCE> 13
 2.242654e+01 1.853452e+01 2.330817e+01 1.003353e+01 1.480605e+01 2.179716e+01 2.117933e+01 3.029744e+01 2.394508e+01 2.203455e+01 1.925233e+01 1.779110e+01 5.031772e+01
<GCONST> 6.364098e+01
<MIXTURE> 2 5.000000e-01
<MEAN> 13
 2.194988e+00 1.246508e+00 -4.267426e+00 -3.019636e+00 8.440844e-01 -1.574218e+00 -6.464282e-01 -4.691669e+00 -2.615297e-01 -3.990487e-01 5.495175e-01 -2.966530e+00 5.467788e+01
<VARIANCE> 13
 2.242654e+01 1.853452e+01 2.330817e+01 1.003353e+01 1.480605e+01 2.179716e+01 2.117933e+01 3.029744e+01 2.394508e+01 2.203455e+01 1.925233e+01 1.779110e+01 5.031772e+01
<GCONST> 6.364098e+01
<STATE> 3
<NUMMIXES> 2
<MIXTURE> 1 5.000000e-01
<MEAN> 13
 5.653686e+00 -7.850119e-01 -1.627326e+00 2.741692e+00 6.024940e+00 -6.212240e-02 3.711631e+00 -3.240895e+00 4.427290e-01 -2.478194e-01 2.009171e+00 -6.814641e-01 6.339401e+01
<VARIANCE> 13
 9.201526e+00 1.979525e+01 1.145751e+01 1.246529e+01 1.901070e+01 2.404066e+01 2.074864e+01 2.263265e+01 2.093714e+01 2.144216e+01 1.759565e+01 1.739961e+01 2.439864e+01
<GCONST> 6.136094e+01
<MIXTURE> 2 5.000000e-01
<MEAN> 13
 4.440325e+00 -2.564686e+00 -2.981284e+00 1.329444e+00 4.280890e+00 -2.023374e+00 1.889603e+00 -5.143847e+00 -1.387556e+00 -2.100047e+00 3.312837e-01 -2.349978e+00 6.141821e+01
<VARIANCE> 13
 9.201526e+00 1.979525e+01 1.145751e+01 1.246529e+01 1.901070e+01 2.404066e+01 2.074864e+01 2.263265e+01 2.093714e+01 2.144216e+01 1.759565e+01 1.739961e+01 2.439864e+01
<GCONST> 6.136094e+01
<STATE> 4
<NUMMIXES> 2
<MIXTURE> 1 5.000000e-01
<MEAN> 13
 6.731271e+00 3.321075e+00 3.442714e-01 1.964990e+00 6.523725e+00 2.544486e+00 1.992222e+00 -7.908356e-01 -2.247623e+00 -1.375822e+00 3.305715e-01 -2.646653e+00 5.359367e+01
<VARIANCE> 13
 1.548357e+01 2.150910e+01 1.840454e+01 1.089769e+01 1.727925e+01 1.758405e+01 1.660457e+01 2.209049e+01 1.879421e+01 1.577734e+01 1.284563e+01 1.355727e+01 2.737147e+01
<GCONST> 6.078468e+01
<MIXTURE> 2 5.000000e-01
<MEAN> 13
 5.157304e+00 1.465959e+00 -1.371749e+00 6.445240e-01 4.860991e+00 8.671522e-01 3.622739e-01 -2.670856e+00 -3.981715e+00 -2.964650e+00 -1.103060e+00 -4.119461e+00 5.150095e+01
<VARIANCE> 13
 1.548357e+01 2.150910e+01 1.840454e+01 1.089769e+01 1.727925e+01 1.758405e+01 1.660457e+01 2.209049e+01 1.879421e+01 1.577734e+01 1.284563e+01 1.355727e+01 2.737147e+01
<GCONST> 6.078468e+01
<TRANSP> 5
 0.000000e+00 1.000000e+00 0.000000e+00 0.000000e+00 0.000000e+00
 0.000000e+00 9.602998e-01 3.970015e-02 0.000000e+00 0.000000e+00
 0.000000e+00 0.000000e+00 9.775406e-01 2.245939e-02 0.000000e+00
 0.000000e+00 0.000000e+00 0.000000e+00 9.640505e-01 3.594955e-02
 0.000000e+00 0.000000e+00 0.000000e+00 0.000000e+00 0.000000e+00
<ENDHMM>
~h "kt"
<BEGINHMM>
<NUMSTATES> 5
<STATE> 2
<NUMMIXES> 2
<MIXTURE> 1 5.000000e-01
<MEAN> 13
 -1.022710e+01 6.578871e-01 -5.925159e+00 -4.452782e-01 2.133090e+00 2.140424e+00 5.494278e+00 1.520480e+00 2.006145e+00 1.627671e+00 2.332534e+00 -5.880015e-01 5.650431e+01
<VARIANCE> 13
 1.482830e+01 6.321005e+00 7.590620e+00 1.084753e+01 1.202930e+01 1.718959e+01 1.627557e+01 1.630177e+01 1.675079e+01 1.537649e+01 1.442537e+01 1.323761e+01 1.848378e+01
<GCONST> 5.747648e+01
<MIXTURE> 2 5.000000e-01
<MEAN> 13
 -1.176740e+01 -3.477773e-01 -7.027203e+00 -1.762702e+00 7.457594e-01 4.820103e-01 3.880558e+00 -9.453809e-02 3.690364e-01 5.915576e-02 8.133041e-01 -2.043343e+00 5.478460e+01
<VARIANCE> 13
 1.482830e+01 6.321005e+00 7.590620e+00 1.084753e+01 1.202930e+01 1.718959e+01 1.627557e+01 1.630177e+01 1.675079e+01 1.537649e+01 1.442537e+01 1.323761e+01 1.848378e+01
<GCONST> 5.747648e+01
<STATE> 3
<NUMMIXES> 2
<MIXTURE> 1 5.000000e-01
<MEAN> 13
 -1.181529e+01 3.668936e+00 -2.496548e+00 1.491342e+00 1.466435e+00 -1.887382e+00 3.198389e+00 1.748245e+00 8.026635e-01 2.123410e-01 3.022578e-01 -8.326851e-01 5.449817e+01
<VARIANCE> 13
 7.620259e+00 6.132080e+00 8.184111e+00 1.173890e+01 1.456291e+01 1.598593e+01 1.722965e+01 1.689333e+01 1.794180e+01 1.991317e+01 1.780632e+01 1.414019e+01 1.895941e+01
<GCONST> 5.777498e+01
<MIXTURE> 2 5.000000e-01
<MEAN> 13
 -1.291949e+01 2.678414e+00 -3.640864e+00 1.208584e-01 -6.002033e-02 -3.486678e+00 1.538045e+00 1.041849e-01 -8.916469e-01 -1.572626e+00 -1.385644e+00 -2.336823e+00 5.275647e+01
<VARIANCE> 13
 7.620259e+00 6.132080e+00 8.184111e+00 1.173890e+01 1.456291e+01 1.598593e+01 1.722965e+01 1.689333e+01 1.794180e+01 1.991317e+01 1.780632e+01 1.414019e+01 1.895941e+01
<GCONST> 5.777498e+01
<STATE> 4
<NUMMIXES> 2
<MIXTURE> 1 5.000000e-01
<MEAN> 13
 -9.182932e+00 3.775032e+00 -1.789375e+00 7.622121e-01 1.339437e+00 6.633449e-01 3.943815e+00 2.978038e+00 1.468082e+00 8.024358e-01 1.362252e+00 -1.354248e+00 4.958395e+01
<VARIANCE> 13
 9.531210e+00 8.781351e+00 1.105934e+01 1.169072e+01 1.656431e+01 1.600092e+01 1.701589e+01 1.734598e+01 1.733700e+01 1.741237e+01 1.510472e+01 1.301342e+01 1.212731e+01
<GCONST> 5.793556e+01
<MIXTURE> 2 5.000000e-01
<MEAN> 13
 -1.041784e+01 2.589698e+00 -3.119599e+00 -6.054557e-01 -2.885345e-01 -9.367011e-01 2.293802e+00 1.312098e+00 -1.974269e-01 -8.666896e-01 -1.923391e-01 -2.797213e+00 4.819097e+01
<VARIANCE> 13
 9.531210e+00 8.781351e+00 1.105934e+01 1.169072e+01 1.656431e+01 1.600092e+01 1.701589e+01 1.734598e+01 1.733700e+01 1.741237e+01 1.510472e+01 1.301342e+01 1.212731e+01
<GCONST> 5.793556e+01
<TRANSP> 5
 0.000000e+00 1.000000e+00 0.000000e+00 0.000000e+00 0.000000e+00
 0.000000e+00 9.917304e-01 8.269583e-03 0.000000e+00 0.000000e+00
 0.000000e+00 0.000000e+00 9.821359e-01 1.786408e-02 0.000000e+00
 0.000000e+00 0.000000e+00 0.000000e+00 9.934611e-01 6.538897e-03
 0.000000e+00 0.000000e+00 0.000000e+00 0.000000e+00 0.000000e+00
<ENDHMM>
~h "pr"
<BEGINHMM>
<NUMSTATES> 5
<STATE> 2
<NUMMIXES> 2
<MIXTURE> 1 5.000000e-01
<MEAN> 13
 -1.485788e+01 -8.213490e+00 1.627372e+00 -3.694446e+00 4.076622e+00 9.407312e-01 8.540252e+00 4.191426e+00 1.784666e+00 -9.381001e-01 2.569486e+00 1.970525e+00 6.086180e+01
<VARIANCE> 13
 3.168697e+01 3.282861e+01 3.872347e+01 3.638068e+01 9.464716e+01 6.393541e+01 6.910167e+01 6.455469e+01 5.691143e+01 3.869026e+01 4.813040e+01 6.484750e+01 1.081186e+01
<GCONST> 7.332489e+01
<MIXTURE> 2 5.000000e-01
<MEAN> 13
 -1.710952e+01 -1.050534e+01 -8.617555e-01 -6.107102e+00 1.851506e-01 -2.257654e+00 5.215155e+00 9.775883e-01 -1.232920e+00 -3.426160e+00 -2.055576e-01 -1.250593e+00 5.954654e+01
<VARIANCE> 13
 3.168697e+01 3.282861e+01 3.872347e+01 3.638068e+01 9.464716e+01 6.393541e+01 6.910167e+01 6.455469e+01 5.691143e+01 3.869026e+01 4.813040e+01 6.484750e+01 1.081186e+01
<GCONST> 7.332489e+01
<STATE> 3
<NUMMIXES> 2
<MIXTURE> 1 5.000000e-01
<MEAN> 13
 -2.040939e+01 5.357855e+00 1.814995e+01 -1.389437e+01 2.656913e+00 1.380592e+01 -4.790179e+00 -5.291436e+00 1.311199e+01 -6.462023e+00 -6.076337e+00 8.970005e+00 5.475362e+01
<VARIANCE> 13
 1.066449e+01 1.579015e+01 1.453105e+01 2.524318e+01 2.031955e+01 2.462693e+01 1.839176e+01 2.503766e+01 2.345120e+01 2.904474e+01 2.667996e+01 1.794680e+01 6.615544e+00
<GCONST> 6.185578e+01
<MIXTURE> 2 5.000000e-01
<MEAN> 13
 -2.171565e+01 3.768383e+00 1.662517e+01 -1.590407e+01 8.538247e-01 1.182090e+01 -6.505603e+00 -7.292942e+00 1.117493e+01 -8.617749e+00 -8.142443e+00 7.275459e+00 5.372478e+01
<VARIANCE> 13
 1.066449e+01 1.579015e+01 1.453105e+01 2.524318e+01 2.031955e+01 2.462693e+01 1.839176e+01 2.503766e+01 2.345120e+01 2.904474e+01 2.667996e+01 1.794680e+01 6.615544e+00
<GCONST> 6.185578e+01
<STATE> 4
<NUMMIXES> 2
<MIXTURE> 1 5.000000e-01
<MEAN> 13
 -1.115999e+01 -6.398535e-01 9.435723e+00 -7.070060e+00 6.402481e+00 5.400995e+00 8.986683e-01 5.486512e+00 3.987373e+00 9.408796e-02 -1.972809e+00 5.968256e+00 5.071006e+01
<VARIANCE> 13
 3.331666e+01 4.243275e+01 6.243756e+01 7.306526e+01 4.518824e+01 1.189124e+02 3.755702e+01 6.448320e+01 5.776710e+01 5.026157e+01 8.293968e+01 6.738190e+01 2.396598e+01
<GCONST> 7.573218e+01
<MIXTURE> 2 5.000000e-01
<MEAN> 13
 -1.346881e+01 -3.245471e+00 6.275026e+00 -1.048919e+01 3.713593e+00 1.039117e+00 -1.552683e+00 2.274454e+00 9.471865e-01 -2.741728e+00 -5.615659e+00 2.684797e+00 4.875186e+01
<VARIANCE> 13
 3.331666e+01 4.243275e+01 6.243756e+01 7.306526e+01 4.518824e+01 1.189124e+02 3.755702e+01 6.448320e+01 5.776710e+01 5.026157e+01 8.293968e+01 6.738190e+01 2.396598e+01
<GCONST> 7.573218e+01
<TRANSP> 5
 0.000000e+00 1.000000e+00 0.000000e+00 0.000000e+00 0.000000e+00
 0.000000e+00 9.938481e-01 6.151885e-03 0.000000e+00 0.000000e+00
 0.000000e+00 0.000000e+00 9.801603e-01 1.983975e-02 0.000000e+00
 0.000000e+00 0.000000e+00 0.000000e+00 9.936328e-01 6.367173e-03
 0.000000e+00 0.000000e+00 0.000000e+00 0.000000e+00 0.000000e+00
<ENDHMM>
~h "pw"
<BEGINHMM>
<NUMSTATES> 5
<STATE> 2
<NUMMIXES> 2
<MIXTURE> 1 5.000000e-01
<MEAN> 13
 -1.231237e+01 -1.308050e+00 7.541555e-02 4.326870e-01 2.070462e+00 -5.632709e-01 3.597747e+00 9.595820e-01 3.779328e-02 1.631907e+00 9.194427e-01 -3.053468e-02 5.475753e+01
<VARIANCE> 13
 1.638743e+01 2.425850e+01 1.113187e+01 1.202653e+01 1.502115e+01 1.833934e+01 1.759414e+01 2.014730e+01 1.736185e+01 1.589561e+01 1.468220e+01 1.305197e+01 3.069458e+01
<GCONST> 6.056374e+01
<MIXTURE> 2 5.000000e-01
<MEAN> 13
 -1.393163e+01 -3.278166e+00 -1.259163e+00 -9.544845e-01 5.201764e-01 -2.276249e+00 1.919933e+00 -8.358478e-01 -1.628909e+00 3.713518e-02 -6.132517e-01 -1.475635e+00 5.254142e+01
<VARIANCE> 13
 1.638743e+01 2.425850e+01 1.113187e+01 1.202653e+01 1.502115e+01 1.833934e+01 1.759414e+01 2.014730e+01 1.736185e+01 1.589561e+01 1.468220e+01 1.305197e+01 3.069458e+01
<GCONST> 6.056374e+01
<STATE> 3
<NUMMIXES> 2
<MIXTURE> 1 5.000000e-01
<MEAN> 13
 -1.111784e+01 -5.653006e+00 -2.183442e+00 -1.017613e+00 6.954701e-01 -3.424379e+00 5.381073e-01 -3.471838e+00 -2.316288e+00 -1.411554e-01 6.503577e-01 1.062852e-01 6.335458e+01
<VARIANCE> 13
 2.387943e+01 2.095528e+01 1.248124e+01 1.219109e+01 1.703401e+01 2.357767e+01 2.123455e+01 2.480656e+01 1.884319e+01 1.618243e+01 1.478800e+01 1.335127e+01 5.979018e+01
<GCONST> 6.249134e+01
<MIXTURE> 2 5.000000e-01
<MEAN> 13
 -1.307250e+01 -7.484084e+00 -3.596594e+00 -2.414243e+00 -9.554211e-01 -5.366653e+00 -1.305131e+00 -5.464086e+00 -4.052638e+00 -1.750251e+00 -8.878491e-01 -1.355290e+00 6.026162e+01
<VARIANCE> 13
 2.387943e+01 2.095528e+01 1.248124e+01 1.219109e+01 1.703401e+01 2.357767e+01 2.123455e+01 2.480656e+01 1.884319e+01 1.618243e+01 1.478800e+01 1.335127e+01 5.979018e+01
<GCONST> 6.249134e+01
<STATE> 4
<NUMMIXES> 2
<MIXTURE> 1 5.000000e-01
<MEAN> 13
 -1.083754e+01 -1.788928e+00 -1.047829e+00 -3.729421e-01 1.682887e+00 2.515907e-01 3.969561e+00 6.125965e-01 8.498693e-02 1.638444e+00 1.145718e+00 -1.847275e-01 5.534295e+01
<VARIANCE> 13
 1.654287e+01 2.005529e+01 1.296444e+01 1.197824e+01 1.450471e+01 2.081595e+01 1.838216e+01 2.001900e+01 1.704943e+01 1.603362e+01 1.426591e+01 1.336192e+01 3.115941e+01
<GCONST> 6.066061e+01
<MIXTURE> 2 5.000000e-01
<MEAN> 13
 -1.246446e+01 -3.580254e+00 -2.488075e+00 -1.757326e+00 1.594847e-01 -1.573389e+00 2.254585e+00 -1.177107e+00 -1.566651e+00 3.676385e-02 -3.650916e-01 -1.646886e+00 5.311013e+01
<VARIANCE> 13
 1.654287e+01 2.005529e+01 1.296444e+01 1.197824e+01 1.450471e+01 2.081595e+01 1.838216e+01 2.001900e+01 1.704943e+01 1.603362e+01 1.426591e+01 1.336192e+01 3.115941e+01
<GCONST> 6.066061e+01
<TRANSP> 5
 0.000000e+00 1.000000e+00 0.000000e+00 0.000000e+00 0.000000e+00
 0.000000e+00 9.949915e-01 5.008481e-03 0.000000e+00 0.000000e+00
 0.000000e+00 0.000000e+00 9.901904e-01 9.809576e-03 0.000000e+00
 0.000000e+00 0.000000e+00 0.000000e+00 9.967369e-01 3.263064e-03
 0.000000e+00 0.000000e+00 0.000000e+00 0.000000e+00 0.000000e+00
<ENDHMM>
~h "si"
<BEGINHMM>
<NUMSTATES> 5
<STATE> 2
<NUMMIXES> 2
<MIXTURE> 1 5.000000e-01
<MEAN> 13
 -7.719018e+00 9.238540e-01 9.140303e-01 -8.107795e-01 1.337484e+00 1.447465e+00 3.629431e+00 1.782250e+00 9.090708e-01 1.488671e+00 1.585121e+00 -1.009775e+00 5.138420e+01
<VARIANCE> 13
 2.230892e+01 1.780256e+01 1.530184e+01 1.541428e+01 2.185866e+01 1.991473e+01 2.078892e+01 2.337398e+01 2.046198e+01 1.879964e+01 1.752310e+01 1.646915e+01 3.207069e+01
<GCONST> 6.268746e+01
<MIXTURE> 2 5.000000e-01
<MEAN> 13
 -9.608311e+00 -7.638693e-01 -6.506723e-01 -2.381220e+00 -5.326461e-01 -3.375720e-01 1.805637e+00 -1.516159e-01 -9.003261e-01 -2.456716e-01 -8.930326e-02 -2.633063e+00 4.911896e+01
<VARIANCE> 13
 2.230892e+01 1.780256e+01 1.530184e+01 1.541428e+01 2.185866e+01 1.991473e+01 2.078892e+01 2.337398e+01 2.046198e+01 1.879964e+01 1.752310e+01 1.646915e+01 3.207069e+01
<GCONST> 6.268746e+01
<STATE> 3
<NUMMIXES> 2
<MIXTURE> 1 5.000000e-01
<MEAN> 13
 -3.255516e+00 -3.498696e+00 -3.264752e+00 -2.694038e+00 2.207912e+00 4.627784e+00 5.225216e+00 1.493377e+00 9.663767e-02 2.025201e+00 2.060708e+00 -1.800660e+00 5.087103e+01
<VARIANCE> 13
 6.719175e+00 7.110526e+00 7.125982e+00 8.515771e+00 1.341630e+01 1.501303e+01 1.535902e+01 1.595301e+01 1.499399e+01 1.489830e+01 1.429033e+01 1.285195e+01 3.901856e+00
<GCONST> 5.465479e+01
<MIXTURE> 2 5.000000e-01
<MEAN> 13
 -4.292370e+00 -4.565319e+00 -4.332534e+00 -3.861310e+00 7.427817e-01 3.077918e+00 3.657593e+00 -1.042719e-01 -1.452245e+00 4.812686e-01 5.486059e-01 -3.234644e+00 5.008091e+01
<VARIANCE> 13
 6.719175e+00 7.110526e+00 7.125982e+00 8.515771e+00 1.341630e+01 1.501303e+01 1.535902e+01 1.595301e+01 1.499399e+01 1.489830e+01 1.429033e+01 1.285195e+01 3.901856e+00
<GCONST> 5.465479e+01
<STATE> 4
<NUMMIXES> 2
<MIXTURE> 1 5.000000e-01
<MEAN> 13
 -5.535227e+00 2.436994e+00 1.709420e+00 -1.307876e+00 2.792389e+00 2.511279e+00 3.062067e+00 4.194573e+00 4.219851e-01 1.282924e+00 1.622243e+00 -1.744784e+00 4.497926e+01
<VARIANCE> 13
 8.548222e+00 7.194816e+00 9.264972e+00 1.068812e+01 1.599232e+01 1.541811e+01 1.573009e+01 1.815023e+01 1.601152e+01 1.651325e+01 1.452502e+01 1.314125e+01 8.381129e+00
<GCONST> 5.672385e+01
<MIXTURE> 2 5.000000e-01
<MEAN> 13
 -6.704721e+00 1.364068e+00 4.918836e-01 -2.615584e+00 1.192773e+00 9.406430e-01 1.475619e+00 2.490450e+00 -1.178591e+00 -3.425357e-01 9.777528e-02 -3.194818e+00 4.382126e+01
<VARIANCE> 13
 8.548222e+00 7.194816e+00 9.264972e+00 1.068812e+01 1.599232e+01 1.541811e+01 1.573009e+01 1.815023e+01 1.601152e+01 1.651325e+01 1.452502e+01 1.314125e+01 8.381129e+00
<GCONST> 5.672385e+01
<TRANSP> 5
 0.000000e+00 1.000000e+00 0.000000e+00 0.000000e+00 0.000000e+00
 0.000000e+00 9.903824e-01 9.617612e-03 0.000000e+00 0.000000e+00
 0.000000e+00 0.000000e+00 9.783254e-01 2.167458e-02 0.000000e+00
 0.000000e+00 0.000000e+00 0.000000e+00 9.920736e-01 7.926385e-03
 0.000000e+00 0.000000e+00 0.000000e+00 0.000000e+00 0.000000e+00
<ENDHMM>
~h "st"
<BEGINHMM>
<NUMSTATES> 5
<STATE> 2
<NUMMIXES> 2
<MIXTURE> 1 5.000000e-01
<MEAN> 13
 -7.963788e+00 -1.841975e+00 2.160136e-01 -4.207215e+00 -4.347873e-01 -7.687327e-01 2.852731e+00 1.008923e-01 -4.697477e-01 -1.770033e-01 1.702665e+00 -1.537056e+00 5.923320e+01
<VARIANCE> 13
 1.717672e+01 2.160308e+01 1.474020e+01 2.335097e+01 2.013078e+01 2.489832e+01 2.076516e+01 1.931356e+01 1.914440e+01 1.921168e+01 1.618458e+01 1.457911e+01 4.236071e+01
<GCONST> 6.297854e+01
<MIXTURE> 2 5.000000e-01
<MEAN> 13
 -9.621580e+00 -3.701139e+00 -1.319705e+00 -6.140129e+00 -2.229481e+00 -2.764661e+00 1.029979e+00 -1.656996e+00 -2.219920e+00 -1.930248e+00 9.346253e-02 -3.064360e+00 5.662980e+01
<VARIANCE> 13
 1.717672e+01 2.160308e+01 1.474020e+01 2.335097e+01 2.013078e+01 2.489832e+01 2.076516e+01 1.931356e+01 1.914440e+01 1.921168e+01 1.618458e+01 1.457911e+01 4.236071e+01
<GCONST> 6.297854e+01
<STATE> 3
<NUMMIXES> 2
<MIXTURE> 1 5.000000e-01
<MEAN> 13
 -4.951167e+00 -3.048116e+00 -2.517992e+00 -4.068360e+00 3.124034e-01 1.329923e+00 3.644227e+00 1.197351e+00 2.319875e-01 1.475594e+00 1.897566e+00 -1.942595e+00 5.513387e+01
<VARIANCE> 13
 7.364922e+00 1.043824e+01 1.127549e+01 1.582335e+01 1.863447e+01 2.201424e+01 1.872969e+01 1.828782e+01 1.718443e+01 1.687016e+01 1.545444e+01 1.377124e+01 1.875412e+01
<GCONST> 5.923321e+01
<MIXTURE> 2 5.000000e-01
<MEAN> 13
 -6.036703e+00 -4.340446e+00 -3.861152e+00 -5.659503e+00 -1.414303e+00 -5.468504e-01 1.913115e+00 -5.132189e-01 -1.426177e+00 -1.673383e-01 3.250803e-01 -3.426980e+00 5.340163e+01
<VARIANCE> 13
 7.364922e+00 1.043824e+01 1.127549e+01 1.582335e+01 1.863447e+01 2.201424e+01 1.872969e+01 1.828782e+01 1.718443e+01 1.687016e+01 1.545444e+01 1.377124e+01 1.875412e+01
<GCONST> 5.923321e+01
<STATE> 4
<NUMMIXES> 2
<MIXTURE> 1 5.000000e-01
<MEAN> 13
 -9.617891e+00 1.417574e+00 1.525117e+00 -1.722607e+00 1.101014e+00 1.097050e-01 2.891982e+00 1.259970e+00 1.080672e+00 6.487030e-01 1.503016e+00 -1.521134e+00 5.351591e+01
<VARIANCE> 13
 1.451794e+01 9.553198e+00 1.114042e+01 1.784638e+01 1.663407e+01 1.953376e+01 1.813307e+01 1.989002e+01 1.792383e+01 1.656847e+01 1.470961e+01 1.341805e+01 3.787912e+01
<GCONST> 6.040173e+01
<MIXTURE> 2 5.000000e-01
<MEAN> 13
 -1.114199e+01 1.812443e-01 1.900264e-01 -3.412406e+00 -5.303818e-01 -1.658176e+00 1.188664e+00 -5.239588e-01 -6.127897e-01 -9.794725e-01 -3.110850e-02 -2.986360e+00 5.105407e+01
<VARIANCE> 13
 1.451794e+01 9.553198e+00 1.114042e+01 1.784638e+01 1.663407e+01 1.953376e+01 1.813307e+01 1.989002e+01 1.792383e+01 1.656847e+01 1.470961e+01 1.341805e+01 3.787912e+01
<GCONST> 6.040173e+01
<TRANSP> 5
 0.000000e+00 1.000000e+00 0.000000e+00 0.000000e+00 0.000000e+00
 0.000000e+00 9.857034e-01 1.429657e-02 0.000000e+00 0.000000e+00
 0.000000e+00 0.000000e+00 9.821678e-01 1.783217e-02 0.000000e+00
 0.000000e+00 0.000000e+00 0.000000e+00 9.912330e-01 8.766953e-03
 0.000000e+00 0.000000e+00 0.000000e+00 0.000000e+00 0.000000e+00
<ENDHMM>
~h "spe"
<BEGINHMM>
<NUMSTATES> 5
<STATE> 2
<NUMMIXES> 2
<MIXTURE> 1 5.000000e-01
<MEAN> 13
 -1.242873e+00 -2.693722e+00 1.478898e+00 -5.665122e+00 -5.750285e-01 1.787813e-01 1.428330e+00 2.013448e-01 -1.540508e+00 2.227391e+00 1.536379e+00 -4.132709e+00 5.624434e+01
<VARIANCE> 13
 1.615888e+01 2.406588e+01 3.392789e+01 3.376146e+01 3.587749e+01 3.630347e+01 3.688704e+01 3.244170e+01 2.519437e+01 2.362832e+01 2.522461e+01 2.017761e+01 1.899625e+01
<GCONST> 6.672426e+01
<MIXTURE> 2 5.000000e-01
<MEAN> 13
 -2.850797e+00 -4.656002e+00 -8.510087e-01 -7.989306e+00 -2.970942e+00 -2.231313e+00 -1.001058e+00 -2.076960e+00 -3.548268e+00 2.830325e-01 -4.725848e-01 -5.929489e+00 5.450096e+01
<VARIANCE> 13
 1.615888e+01 2.406588e+01 3.392789e+01 3.376146e+01 3.587749e+01 3.630347e+01 3.688704e+01 3.244170e+01 2.519437e+01 2.362832e+01 2.522461e+01 2.017761e+01 1.899625e+01
<GCONST> 6.672426e+01
<STATE> 3
<NUMMIXES> 2
<MIXTURE> 1 5.000000e-01
<MEAN> 13
 -3.448340e-01 -3.511556e+00 4.969782e+00 -9.907810e+00 -2.634018e+00 -2.936800e+00 -3.760399e+00 -9.412729e-01 -8.462787e-01 -1.654730e+00 -4.152541e+00 -3.381134e+00 6.226785e+01
<VARIANCE> 13
 2.211520e+01 3.611720e+01 7.990482e+01 6.885686e+01 6.784834e+01 6.494084e+01 3.888207e+01 6.006893e+01 4.219102e+01 3.741359e+01 5.169955e+01 4.271855e+01 2.415677e+01
<GCONST> 7.358396e+01
<MIXTURE> 2 5.000000e-01
<MEAN> 13
 -2.225906e+00 -5.915460e+00 1.394202e+00 -1.322701e+01 -5.928823e+00 -6.160235e+00 -6.254619e+00 -4.041439e+00 -3.444463e+00 -4.101396e+00 -7.028637e+00 -5.995511e+00 6.030187e+01
<VARIANCE> 13
 2.211520e+01 3.611720e+01 7.990482e+01 6.885686e+01 6.784834e+01 6.494084e+01 3.888207e+01 6.006893e+01 4.219102e+01 3.741359e+01 5.169955e+01 4.271855e+01 2.415677e+01
<GCONST> 7.358396e+01
<STATE> 4
<NUMMIXES> 2
<MIXTURE> 1 5.000000e-01
<MEAN> 13
 -6.862575e-02 -1.584334e+00 1.057436e+00 -2.634531e+00 -1.457967e+00 1.318893e+00 5.392303e-01 3.109846e-01 -5.991178e-01 5.610921e-01 -5.769502e-01 -4.865718e+00 5.343895e+01
<VARIANCE> 13
 1.540295e+01 3.036534e+01 3.099200e+01 2.163817e+01 4.763849e+01 3.473896e+01 3.185140e+01 3.054415e+01 3.009577e+01 2.876730e+01 2.938593e+01 2.742487e+01 1.459091e+01
<GCONST> 6.697620e+01
<MIXTURE> 2 5.000000e-01
<MEAN> 13
 -1.638489e+00 -3.788524e+00 -1.169382e+00 -4.495205e+00 -4.218793e+00 -1.038697e+00 -1.718251e+00 -1.899686e+00 -2.793502e+00 -1.584314e+00 -2.745302e+00 -6.960468e+00 5.191103e+01
<VARIANCE> 13
 1.540295e+01 3.036534e+01 3.099200e+01 2.163817e+01 4.763849e+01 3.473896e+01 3.185140e+01 3.054415e+01 3.009577e+01 2.876730e+01 2.938593e+01 2.742487e+01 1.459091e+01
<GCONST> 6.697620e+01
<TRANSP> 5
 0.000000e+00 1.000000e+00 0.000000e+00 0.000000e+00 0.000000e+00
 0.000000e+00 9.907899e-01 9.210099e-03 0.000000e+00 0.000000e+00
 0.000000e+00 0.000000e+00 9.815307e-01 1.846932e-02 0.000000e+00
 0.000000e+00 0.000000e+00 0.000000e+00 9.955566e-01 4.443359e-03
 0.000000e+00 0.000000e+00 0.000000e+00 0.000000e+00 0.000000e+00
<ENDHMM>
