~o
<STREAMINFO> 1 13
<VECSIZE> 13<NULLD><MFCC_0><DIAGC>
~h "ap"
<BEGINHMM>
<NUMSTATES> 5
<STATE> 2
<MEAN> 13
 -1.213856e+01 -7.597855e+00 -3.494489e+00 -6.149654e-01 4.785146e-01 -2.507751e+00 2.447767e+00 -2.370034e+00 -2.002467e+00 -4.505344e-01 7.109897e-01 -1.059747e+00 5.960463e+01
<VARIANCE> 13
 3.086047e+01 3.905809e+01 2.399409e+01 2.058595e+01 2.994687e+01 3.775748e+01 2.348265e+01 2.700409e+01 2.096503e+01 1.940993e+01 1.673702e+01 1.484958e+01 1.194438e+02
<GCONST> 6.697929e+01
<STATE> 3
<MEAN> 13
 -1.106372e+01 -1.600501e+01 -1.043140e+01 1.549217e+00 7.681847e-01 -9.093903e+00 -1.187670e-01 -2.122922e+00 -5.866352e+00 -3.807883e+00 5.101615e-01 -1.349932e+00 6.937730e+01
<VARIANCE> 13
 1.410344e+01 2.063051e+01 1.780748e+01 2.175389e+01 3.325017e+01 2.399576e+01 2.706457e+01 1.964391e+01 2.425139e+01 2.056015e+01 1.689020e+01 1.507057e+01 8.503938e+01
<GCONST> 6.467735e+01
<STATE> 4
<MEAN> 13
 -9.954648e+00 -1.226182e+01 -4.478829e+00 2.516737e+00 -5.252051e-01 -4.800646e+00 3.356205e+00 -2.938716e+00 -4.067202e+00 -3.000929e-01 7.096893e-01 -1.756584e+00 6.041208e+01
<VARIANCE> 13
 2.347336e+01 5.376287e+01 2.216838e+01 2.459417e+01 3.945932e+01 3.284290e+01 2.403576e+01 2.992706e+01 2.318211e+01 2.041069e+01 1.883624e+01 1.485923e+01 1.193460e+02
<GCONST> 6.765521e+01
<TRANSP> 5
 0.000000e+00 1.000000e+00 0.000000e+00 0.000000e+00 0.000000e+00
 0.000000e+00 9.906368e-01 9.363157e-03 0.000000e+00 0.000000e+00
 0.000000e+00 0.000000e+00 9.872704e-01 1.272964e-02 0.000000e+00
 0.000000e+00 0.000000e+00 0.000000e+00 9.900752e-01 9.924800e-03
 0.000000e+00 0.000000e+00 0.000000e+00 0.000000e+00 0.000000e+00
<ENDHMM>
~h "cl"
<BEGINHMM>
<NUMSTATES> 5
<STATE> 2
<MEAN> 13
 -1.422706e+01 -7.855343e-01 1.167096e+00 -3.068274e+00 -1.602534e+00 6.224502e+00 3.472789e+00 -1.050607e+00 2.337674e+00 1.231858e+00 -4.275143e+00 1.479493e+00 5.406151e+01
<VARIANCE> 13
 6.703983e+01 2.187378e+01 3.458874e+01 1.495286e+01 1.913914e+01 4.000548e+01 2.314144e+01 2.854993e+01 3.098690e+01 2.460732e+01 3.402914e+01 2.337048e+01 4.724356e+01
<GCONST> 6.773606e+01
<STATE> 3
<MEAN> 13
 -1.957647e+01 2.822725e+00 -2.268564e-01 -5.336255e+00 -4.166493e+00 1.210324e+01 6.657130e-01 -3.630687e+00 7.577336e+00 -3.548785e+00 -3.431633e+00 5.353365e+00 5.873494e+01
<VARIANCE> 13
 5.090384e+01 9.826914e+00 1.979476e+01 1.252540e+01 1.770892e+01 3.403086e+01 2.577193e+01 2.220106e+01 2.632565e+01 2.017962e+01 1.937644e+01 1.985954e+01 2.078729e+01
<GCONST> 6.363371e+01
<STATE> 4
<MEAN> 13
 -2.243744e+01 1.090055e+00 6.543453e+00 -2.910897e+00 -6.906508e+00 1.070376e+01 1.422214e+00 -7.142357e+00 2.837390e+00 4.617393e+00 -1.191658e+01 4.989462e+00 5.792412e+01
<VARIANCE> 13
 3.609189e+01 8.825177e+00 1.448646e+01 1.696896e+01 2.639292e+01 2.994110e+01 2.920740e+01 4.614647e+01 3.468155e+01 2.939149e+01 2.804818e+01 3.050701e+01 3.341024e+01
<GCONST> 6.622691e+01
<TRANSP> 5
 0.000000e+00 1.000000e+00 0.000000e+00 0.000000e+00 0.000000e+00
 0.000000e+00 9.678403e-01 3.215973e-02 0.000000e+00 0.000000e+00
 0.000000e+00 0.000000e+00 9.921283e-01 7.871668e-03 0.000000e+00
 0.000000e+00 0.000000e+00 0.000000e+00 9.930605e-01 6.939535e-03
 0.000000e+00 0.000000e+00 0.000000e+00 0.000000e+00 0.000000e+00
<ENDHMM>
~h "cm"
<BEGINHMM>
<NUMSTATES> 5
<STATE> 2
<MEAN> 13
 -1.250526e+01 5.573434e-02 -2.563148e+00 -4.842973e+00 -1.053420e-01 9.650654e-01 -1.001375e+00 3.628982e-01 -1.871040e+00 8.830083e-01 2.795007e+00 -6.529689e-01 5.702444e+01
<VARIANCE> 13
 1.452799e+01 1.486687e+01 1.206889e+01 1.343015e+01 1.514853e+01 1.616145e+01 1.798373e+01 1.769974e+01 1.740362e+01 1.686409e+01 1.851433e+01 1.628559e+01 1.988360e+01
<GCONST> 5.999988e+01
<STATE> 3
<MEAN> 13
 -1.047106e+01 -1.193136e+00 -3.033620e+00 -4.072697e+00 -6.679929e-01 -7.646665e-01 -2.573179e+00 -1.891464e+00 -4.246153e+00 -1.273890e+00 1.289040e-01 -1.574842e+00 6.496741e+01
<VARIANCE> 13
 1.292194e+01 1.279372e+01 1.517997e+01 1.505518e+01 1.591536e+01 1.603626e+01 1.755821e+01 2.003510e+01 1.847241e+01 1.660052e+01 1.873565e+01 1.552488e+01 3.467605e+01
<GCONST> 6.078176e+01
<STATE> 4
<MEAN> 13
 -5.294692e+00 3.741329e-01 -2.740601e+00 -4.013138e+00 -9.290697e-01 -1.573380e+00 -3.225066e+00 -2.468539e+00 -4.023128e+00 -2.569131e+00 -1.689440e+00 -2.942289e+00 6.783839e+01
<VARIANCE> 13
 8.152456e+00 1.077092e+01 1.124028e+01 1.404586e+01 1.429111e+01 1.367484e+01 1.544406e+01 1.742599e+01 1.686474e+01 1.521191e+01 1.444716e+01 1.252789e+01 6.582809e+01
<GCONST> 5.923259e+01
<TRANSP> 5
 0.000000e+00 1.000000e+00 0.000000e+00 0.000000e+00 0.000000e+00
 0.000000e+00 9.655073e-01 3.449276e-02 0.000000e+00 0.000000e+00
 0.000000e+00 0.000000e+00 9.507765e-01 4.922352e-02 0.000000e+00
 0.000000e+00 0.000000e+00 0.000000e+00 9.857736e-01 1.422637e-02
 0.000000e+00 0.000000e+00 0.000000e+00 0.000000e+00 0.000000e+00
<ENDHMM>
~h "co"
<BEGINHMM>
<NUMSTATES> 5
<STATE> 2
<MEAN> 13
 -6.570592e+00 -5.453927e+00 3.811993e-01 -5.433138e-03 -6.370828e+00 -1.320944e+00 -8.009143e-01 2.578082e-01 4.759934e-01 -1.231803e+00 -2.492478e+00 -5.782615e+00 5.809702e+01
<VARIANCE> 13
 1.579842e+01 2.542689e+01 2.575446e+01 2.908002e+01 8.778761e+01 4.143559e+01 5.563824e+01 3.753651e+01 4.173689e+01 3.137016e+01 4.495921e+01 2.771693e+01 8.070304e+01
<GCONST> 7.104585e+01
<STATE> 3
<MEAN> 13
 -6.809368e+00 -6.553168e+00 -9.165767e-01 -2.580447e+00 -8.252942e+00 -8.356752e+00 -6.756011e+00 -6.941019e+00 -4.669981e+00 -5.062738e+00 -4.550203e+00 -9.529107e+00 6.879028e+01
<VARIANCE> 13
 1.672595e+01 1.154630e+01 2.318087e+01 2.046146e+01 3.512231e+01 3.162303e+01 5.552662e+01 5.443754e+01 4.524640e+01 4.121305e+01 3.731022e+01 4.166209e+01 3.822447e+01
<GCONST> 6.886745e+01
<STATE> 4
<MEAN> 13
 -3.526903e+00 -3.461432e+00 4.328626e+00 2.341683e+00 -1.577334e+00 -3.261565e+00 -5.407634e+00 -5.972167e+00 -4.514484e+00 -4.185195e+00 -3.897118e+00 -8.251925e+00 5.781432e+01
<VARIANCE> 13
 1.279639e+01 2.284956e+01 1.849155e+01 2.403895e+01 3.833099e+01 3.219045e+01 4.472094e+01 4.793960e+01 3.106165e+01 3.379250e+01 3.129776e+01 2.568051e+01 6.021229e+01
<GCONST> 6.819917e+01
<TRANSP> 5
 0.000000e+00 1.000000e+00 0.000000e+00 0.000000e+00 0.000000e+00
 0.000000e+00 9.040439e-01 9.595615e-02 0.000000e+00 0.000000e+00
 0.000000e+00 0.000000e+00 9.830764e-01 1.692366e-02 0.000000e+00
 0.000000e+00 0.000000e+00 0.000000e+00 9.815306e-01 1.846940e-02
 0.000000e+00 0.000000e+00 0.000000e+00 0.000000e+00 0.000000e+00
<ENDHMM>
~h "ds"
<BEGINHMM>
<NUMSTATES> 5
<STATE> 2
<MEAN> 13
 -1.450567e+01 1.474739e-01 -3.381944e-01 -7.834110e-01 -1.284540e+00 -2.331972e+00 3.090541e+00 -2.462395e+00 1.147319e+00 2.334899e+00 4.340578e+00 1.118734e-01 6.634629e+01
<VARIANCE> 13
 1.748223e+01 9.956351e+00 1.203719e+01 1.433692e+01 2.311135e+01 1.749118e+01 2.423123e+01 2.736516e+01 2.184573e+01 1.949623e+01 1.700739e+01 1.593346e+01 1.037534e+02
<GCONST> 6.299989e+01
<STATE> 3
<MEAN> 13
 -1.046694e+01 4.287537e+00 3.918570e+00 5.310313e+00 5.058787e+00 2.101327e+00 5.474244e+00 -1.794742e+00 2.566963e+00 1.354527e+00 3.453250e+00 2.090838e-01 6.805846e+01
<VARIANCE> 13
 1.546636e+01 9.854505e+00 1.052745e+01 9.380165e+00 1.481465e+01 1.364904e+01 1.643249e+01 1.389323e+01 1.632435e+01 1.491563e+01 1.496517e+01 1.313767e+01 4.661473e+01
<GCONST> 5.886972e+01
<STATE> 4
<MEAN> 13
 -9.791475e+00 1.338163e+00 2.020730e+00 5.169228e-01 2.928221e+00 6.912150e-01 2.846714e+00 -1.062389e+00 1.855655e-01 -5.465687e-01 2.027970e+00 -1.653880e+00 5.469736e+01
<VARIANCE> 13
 1.572715e+01 1.160095e+01 1.632441e+01 1.655680e+01 1.943126e+01 2.231186e+01 2.445722e+01 1.946249e+01 2.490303e+01 2.330159e+01 1.822090e+01 1.743174e+01 4.912673e+01
<GCONST> 6.295452e+01
<TRANSP> 5
 0.000000e+00 1.000000e+00 0.000000e+00 0.000000e+00 0.000000e+00
 0.000000e+00 9.606364e-01 3.936362e-02 0.000000e+00 0.000000e+00
 0.000000e+00 0.000000e+00 9.191204e-01 8.087960e-02 0.000000e+00
 0.000000e+00 0.000000e+00 0.000000e+00 9.929264e-01 7.073656e-03
 0.000000e+00 0.000000e+00 0.000000e+00 0.000000e+00 0.000000e+00
<ENDHMM>
~h "kj"
<BEGINHMM>
<NUMSTATES> 5
<STATE> 2
<MEAN> 13
 -1.815955e+01 4.618714e+00 4.091611e-01 -2.611225e+00 -6.162309e-01 3.416154e+00 9.790945e-01 3.236139e+00 -9.231717e-02 1.024616e-01 1.402459e+00 -1.268823e+00 5.406680e+01
<VARIANCE> 13
 3.078476e+01 1.712040e+01 1.294046e+01 1.420027e+01 1.732343e+01 3.010421e+01 2.496946e+01 2.185768e+01 1.842386e+01 2.356464e+01 1.766232e+01 1.612776e+01 1.993988e+01
<GCONST> 6.265033e+01
<STATE> 3
<MEAN> 13
 -1.451893e+01 -5.011603e+00 -4.196914e+00 -3.838491e-01 -8.271298e-01 -3.258002e+00 -1.250990e+00 -2.850513e+00 -2.416597e+00 1.024623e+00 6.023419e-01 -7.578151e-01 6.078091e+01
<VARIANCE> 13
 1.674682e+01 2.886806e+01 1.244266e+01 1.523343e+01 1.618427e+01 1.822655e+01 1.992260e+01 2.008814e+01 1.866914e+01 1.747554e+01 1.567824e+01 1.338066e+01 4.629013e+01
<GCONST> 6.196556e+01
<STATE> 4
<MEAN> 13
 -2.135169e+01 1.033473e+00 1.037153e+00 1.117508e+00 -2.452729e+00 7.837049e-01 5.317935e+00 -1.074103e-02 -2.679412e+00 2.759929e+00 9.794343e-01 -2.298352e+00 5.756849e+01
<VARIANCE> 13
 3.287760e+01 3.572057e+01 2.155852e+01 2.761913e+01 1.690925e+01 3.542439e+01 3.411652e+01 2.202911e+01 2.114248e+01 2.664701e+01 1.757269e+01 1.811360e+01 3.703109e+01
<GCONST> 6.607634e+01
<TRANSP> 5
 0.000000e+00 1.000000e+00 0.000000e+00 0.000000e+00 0.000000e+00
 0.000000e+00 9.883574e-01 1.164261e-02 0.000000e+00 0.000000e+00
 0.000000e+00 0.000000e+00 9.750620e-01 2.493809e-02 0.000000e+00
 0.000000e+00 0.000000e+00 0.000000e+00 9.947070e-01 5.292931e-03
 0.000000e+00 0.000000e+00 0.000000e+00 0.000000e+00 0.000000e+00
<ENDHMM>
~h "kn"
<BEGINHMM>
<NUMSTATES> 5
<STATE> 2
<MEAN> 13
 2.838977e+00 1.845929e+00 -2.875382e+00 -2.116260e+00 1.399905e+00 -5.227003e-01 5.643068e-01 -3.399281e+00 2.791605e-01 4.072299e-01 1.461748e+00 -2.206881e+00 5.592841e+01
<VARIANCE> 13
 2.030783e+01 3.129180e+01 2.544590e+01 1.020413e+01 1.316902e+01 2.180269e+01 1.790300e+01 3.063853e+01 2.574804e+01 2.224290e+01 1.908898e+01 1.789291e+01 5.975629e+01
<GCONST> 6.414741e+01
<STATE> 3
<MEAN> 13
 4.777744e+00 -1.486279e+00 -2.295704e+00 2.254468e+00 5.660226e+00 -6.532063e-01 3.298408e+00 -3.932775e+00 -9.689641e-02 -1.061229e+00 1.451419e+00 -1.345044e+00 6.276035e+01
<VARIANCE> 13
 8.518600e+00 1.751744e+01 1.096366e+01 1.229913e+01 1.749983e+01 2.399710e+01 1.987103e+01 2.271136e+01 2.028758e+01 2.042546e+01 1.688915e+01 1.775709e+01 2.350994e+01
<GCONST> 6.084189e+01
<STATE> 4
<MEAN> 13
 6.383537e+00 1.473696e+00 -1.146761e+00 1.185696e+00 5.366021e+00 6.660556e-01 8.284800e-01 -2.643715e+00 -2.733874e+00 -2.075338e+00 -4.353428e-01 -3.126114e+00 5.440908e+01
<VARIANCE> 13
 1.379101e+01 1.812951e+01 1.720967e+01 1.196531e+01 1.884204e+01 2.189795e+01 1.964659e+01 2.374665e+01 1.937151e+01 1.793269e+01 1.383617e+01 1.390563e+01 3.088704e+01
<GCONST> 6.144962e+01
<TRANSP> 5
 0.000000e+00 1.000000e+00 0.000000e+00 0.000000e+00 0.000000e+00
 0.000000e+00 9.624842e-01 3.751580e-02 0.000000e+00 0.000000e+00
 0.000000e+00 0.000000e+00 9.727337e-01 2.726633e-02 0.000000e+00
 0.000000e+00 0.000000e+00 0.000000e+00 9.707600e-01 2.924004e-02
 0.000000e+00 0.000000e+00 0.000000e+00 0.000000e+00 0.000000e+00
<ENDHMM>
~h "kt"
<BEGINHMM>
<NUMSTATES> 5
<STATE> 2
<MEAN> 13
 -1.086730e+01 1.004746e-01 -6.485644e+00 -1.207969e+00 1.410989e+00 1.408875e+00 4.771987e+00 7.924986e-01 1.182924e+00 8.638853e-01 1.640248e+00 -1.343226e+00 5.547908e+01
<VARIANCE> 13
 1.480010e+01 6.336299e+00 7.626847e+00 1.037307e+01 1.206472e+01 1.693970e+01 1.602570e+01 1.634191e+01 1.685108e+01 1.530363e+01 1.417116e+01 1.323818e+01 1.824698e+01
<GCONST> 5.738290e+01
<STATE> 3
<MEAN> 13
 -1.256331e+01 2.990450e+00 -3.352566e+00 8.418356e-01 8.413121e-01 -2.533706e+00 2.414847e+00 7.334021e-01 1.092649e-01 -6.010568e-01 -5.051953e-01 -1.521868e+00 5.424007e+01
<VARIANCE> 13
 7.743230e+00 6.217633e+00 8.868807e+00 1.197243e+01 1.429306e+01 1.616794e+01 1.754050e+01 1.683730e+01 1.787430e+01 1.971206e+01 1.781334e+01 1.417363e+01 2.100255e+01
<GCONST> 5.800325e+01
<STATE> 4
<MEAN> 13
 -9.806454e+00 3.176750e+00 -2.478763e+00 7.878537e-02 5.244241e-01 -1.515457e-01 3.116542e+00 2.134055e+00 6.171151e-01 -2.855046e-02 5.859091e-01 -2.061871e+00 4.892220e+01
<VARIANCE> 13
 9.469532e+00 8.797460e+00 1.109638e+01 1.174950e+01 1.655775e+01 1.616347e+01 1.695370e+01 1.732113e+01 1.732738e+01 1.743562e+01 1.513671e+01 1.300370e+01 1.208236e+01
<GCONST> 5.794230e+01
<TRANSP> 5
 0.000000e+00 1.000000e+00 0.000000e+00 0.000000e+00 0.000000e+00
 0.000000e+00 9.913000e-01 8.699944e-03 0.000000e+00 0.000000e+00
 0.000000e+00 0.000000e+00 9.832398e-01 1.676014e-02 0.000000e+00
 0.000000e+00 0.000000e+00 0.000000e+00 9.935578e-01 6.442278e-03
 0.000000e+00 0.000000e+00 0.000000e+00 0.000000e+00 0.000000e+00
<ENDHMM>
~h "pr"
<BEGINHMM>
<NUMSTATES> 5
<STATE> 2
<MEAN> 13
 -1.667183e+01 -8.991887e+00 1.563134e-01 -4.611589e+00 1.831836e+00 -1.682230e+00 6.955996e+00 3.112221e+00 1.394523e+00 -2.130635e+00 2.072178e-01 6.182986e-02 6.072432e+01
<VARIANCE> 13
 2.973696e+01 3.447558e+01 4.012746e+01 3.679926e+01 1.029092e+02 5.789359e+01 6.788966e+01 6.199905e+01 4.172828e+01 3.720370e+01 3.560039e+01 6.008031e+01 8.685339e+00
<GCONST> 7.233730e+01
<STATE> 3
<MEAN> 13
 -2.094768e+01 4.444283e+00 1.748223e+01 -1.511221e+01 1.903069e+00 1.277338e+01 -5.694142e+00 -6.107830e+00 1.202703e+01 -7.320746e+00 -7.254757e+00 8.224132e+00 5.413440e+01
<VARIANCE> 13
 1.102495e+01 1.614655e+01 1.488335e+01 2.696032e+01 2.114467e+01 2.445841e+01 1.831466e+01 2.623472e+01 2.390141e+01 3.083919e+01 2.712215e+01 1.849667e+01 7.016399e+00
<GCONST> 6.226094e+01
<STATE> 4
<MEAN> 13
 -1.220063e+01 -3.158875e+00 7.019795e+00 -8.426280e+00 4.910985e+00 3.497637e+00 5.508500e-01 3.316543e+00 1.282679e+00 -1.493435e+00 -2.344617e+00 4.017001e+00 5.061661e+01
<VARIANCE> 13
 3.206544e+01 4.970794e+01 6.097980e+01 6.689526e+01 4.449417e+01 1.118510e+02 4.699178e+01 6.757111e+01 7.186061e+01 5.027566e+01 9.628975e+01 7.059023e+01 2.811869e+01
<GCONST> 7.650862e+01
<TRANSP> 5
 0.000000e+00 1.000000e+00 0.000000e+00 0.000000e+00 0.000000e+00
 0.000000e+00 9.928846e-01 7.115374e-03 0.000000e+00 0.000000e+00
 0.000000e+00 0.000000e+00 9.806094e-01 1.939072e-02 0.000000e+00
 0.000000e+00 0.000000e+00 0.000000e+00 9.943789e-01 5.621133e-03
 0.000000e+00 0.000000e+00 0.000000e+00 0.000000e+00 0.000000e+00
<ENDHMM>
~h "pw"
<BEGINHMM>
<NUMSTATES> 5
<STATE> 2
<MEAN> 13
 -1.337322e+01 -1.645906e+00 -5.349832e-01 -3.399537e-01 1.442012e+00 -1.072572e+00 2.989129e+00 2.377389e-01 -6.739500e-01 8.685265e-01 5.409335e-02 -9.802353e-01 5.334383e+01
<VARIANCE> 13
 1.499757e+01 2.116389e+01 1.110541e+01 1.211553e+01 1.483773e+01 1.663289e+01 1.674741e+01 1.832933e+01 1.694629e+01 1.558786e+01 1.461568e+01 1.295632e+01 2.523414e+01
<GCONST> 5.983823e+01
<STATE> 3
<MEAN> 13
 -1.253189e+01 -6.447933e+00 -2.646277e+00 -1.559663e+00 -7.941167e-02 -4.294217e+00 -1.120921e-01 -3.857791e+00 -2.974571e+00 -7.777556e-01 -2.058400e-01 -5.603145e-01 6.114231e+01
<VARIANCE> 13
 2.377366e+01 2.179740e+01 1.254881e+01 1.211489e+01 1.656389e+01 2.331735e+01 2.110158e+01 2.507547e+01 1.853155e+01 1.635348e+01 1.474158e+01 1.327805e+01 5.885223e+01
<GCONST> 6.246022e+01
<STATE> 4
<MEAN> 13
 -1.165642e+01 -2.752493e+00 -1.616986e+00 -9.177595e-01 9.554840e-01 -8.172777e-01 3.007957e+00 -3.252302e-01 -7.709583e-01 8.383575e-01 4.342156e-01 -8.319163e-01 5.416475e+01
<VARIANCE> 13
 1.667940e+01 2.106357e+01 1.292586e+01 1.215032e+01 1.468598e+01 2.094606e+01 1.867389e+01 2.128975e+01 1.738347e+01 1.612792e+01 1.430504e+01 1.335713e+01 3.316966e+01
<GCONST> 6.091527e+01
<TRANSP> 5
 0.000000e+00 1.000000e+00 0.000000e+00 0.000000e+00 0.000000e+00
 0.000000e+00 9.926756e-01 7.324414e-03 0.000000e+00 0.000000e+00
 0.000000e+00 0.000000e+00 9.913571e-01 8.642967e-03 0.000000e+00
 0.000000e+00 0.000000e+00 0.000000e+00 9.971897e-01 2.810284e-03
 0.000000e+00 0.000000e+00 0.000000e+00 0.000000e+00 0.000000e+00
<ENDHMM>
~h "si"
<BEGINHMM>
<NUMSTATES> 5
<STATE> 2
<MEAN> 13
 -8.798209e+00 -1.352337e-01 1.194021e-01 -1.644645e+00 3.903578e-01 4.930936e-01 2.605134e+00 6.206375e-01 -8.181401e-02 5.134936e-01 7.099628e-01 -1.812030e+00 5.076540e+01
<VARIANCE> 13
 2.349666e+01 1.902453e+01 1.633965e+01 1.628601e+01 2.267838e+01 2.063390e+01 2.139373e+01 2.396883e+01 2.084389e+01 1.891335e+01 1.786507e+01 1.699057e+01 3.362553e+01
<GCONST> 6.317481e+01
<STATE> 3
<MEAN> 13
 -3.783765e+00 -4.002647e+00 -3.809660e+00 -3.242533e+00 1.502093e+00 3.868972e+00 4.480704e+00 7.185819e-01 -6.654085e-01 1.263015e+00 1.287662e+00 -2.531868e+00 5.046090e+01
<VARIANCE> 13
 6.700024e+00 7.119062e+00 7.080074e+00 8.372599e+00 1.324514e+01 1.483022e+01 1.516979e+01 1.586239e+01 1.506910e+01 1.484535e+01 1.428952e+01 1.288337e+01 3.779360e+00
<GCONST> 5.455844e+01
<STATE> 4
<MEAN> 13
 -6.322172e+00 1.825863e+00 1.008082e+00 -1.900458e+00 1.812943e+00 1.624962e+00 2.373843e+00 3.173781e+00 -2.855408e-01 5.501286e-01 8.759735e-01 -2.397968e+00 4.473866e+01
<VARIANCE> 13
 9.629873e+00 7.556860e+00 9.339624e+00 1.078851e+01 1.643994e+01 1.556290e+01 1.599182e+01 1.849223e+01 1.629880e+01 1.672275e+01 1.465059e+01 1.321679e+01 9.995997e+00
<GCONST> 5.720252e+01
<TRANSP> 5
 0.000000e+00 1.000000e+00 0.000000e+00 0.000000e+00 0.000000e+00
 0.000000e+00 9.886360e-01 1.136399e-02 0.000000e+00 0.000000e+00
 0.000000e+00 0.000000e+00 9.783971e-01 2.160292e-02 0.000000e+00
 0.000000e+00 0.000000e+00 0.000000e+00 9.929571e-01 7.042932e-03
 0.000000e+00 0.000000e+00 0.000000e+00 0.000000e+00 0.000000e+00
<ENDHMM>
~h "st"
<BEGINHMM>
<NUMSTATES> 5
<STATE> 2
<MEAN> 13
 -8.833876e+00 -2.753513e+00 -5.636064e-01 -5.201523e+00 -1.337374e+00 -1.782981e+00 1.937844e+00 -7.981675e-01 -1.342591e+00 -1.082677e+00 8.768268e-01 -2.316833e+00 5.798452e+01
<VARIANCE> 13
 1.719047e+01 2.169174e+01 1.483632e+01 2.341191e+01 2.023993e+01 2.505201e+01 2.078271e+01 1.931820e+01 1.916419e+01 1.921342e+01 1.619522e+01 1.460839e+01 4.249507e+01
<GCONST> 6.301215e+01
<STATE> 3
<MEAN> 13
 -5.529341e+00 -3.723485e+00 -3.110054e+00 -4.912682e+00 -6.045022e-01 3.120402e-01 2.722460e+00 2.842146e-01 -6.246772e-01 6.375378e-01 1.138722e+00 -2.654911e+00 5.439451e+01
<VARIANCE> 13
 7.500824e+00 1.047012e+01 1.160028e+01 1.612454e+01 1.884627e+01 2.232060e+01 1.901400e+01 1.827924e+01 1.729272e+01 1.701441e+01 1.547751e+01 1.381048e+01 1.966522e+01
<GCONST> 5.940809e+01
<STATE> 4
<MEAN> 13
 -1.036890e+01 7.994478e-01 8.491255e-01 -2.540517e+00 2.998548e-01 -7.533031e-01 2.060636e+00 3.915876e-01 2.315498e-01 -1.628188e-01 7.330893e-01 -2.254928e+00 5.225440e+01
<VARIANCE> 13
 1.458032e+01 9.571185e+00 1.111775e+01 1.761069e+01 1.646968e+01 1.941274e+01 1.804704e+01 1.988978e+01 1.789642e+01 1.651924e+01 1.469796e+01 1.340417e+01 3.745741e+01
<GCONST> 6.035413e+01
<TRANSP> 5
 0.000000e+00 1.000000e+00 0.000000e+00 0.000000e+00 0.000000e+00
 0.000000e+00 9.853331e-01 1.466690e-02 0.000000e+00 0.000000e+00
 0.000000e+00 0.000000e+00 9.825735e-01 1.742649e-02 0.000000e+00
 0.000000e+00 0.000000e+00 0.000000e+00 9.912683e-01 8.731673e-03
 0.000000e+00 0.000000e+00 0.000000e+00 0.000000e+00 0.000000e+00
<ENDHMM>
~h "spe"
<BEGINHMM>
<NUMSTATES> 5
<STATE> 2
<MEAN> 13
 -2.762558e+00 -2.413329e+00 6.332656e-01 -6.271902e+00 -1.660568e+00 -1.224436e+00 7.757043e-01 -7.161617e-01 -2.639117e+00 9.378783e-01 1.383348e-01 -4.587514e+00 5.555059e+01
<VARIANCE> 13
 2.190876e+01 2.789429e+01 3.476373e+01 3.546604e+01 3.657542e+01 3.892678e+01 3.570267e+01 3.545490e+01 2.508541e+01 2.306937e+01 2.926173e+01 1.895672e+01 1.699177e+01
<GCONST> 6.734137e+01
<STATE> 3
<MEAN> 13
 -1.061386e+00 -4.774949e+00 2.926554e+00 -1.151593e+01 -4.094586e+00 -4.393839e+00 -5.128992e+00 -2.830606e+00 -2.380353e+00 -2.159996e+00 -5.139709e+00 -5.047956e+00 6.110667e+01
<VARIANCE> 13
 2.088408e+01 3.395461e+01 7.685431e+01 6.495666e+01 6.628317e+01 6.294671e+01 3.774063e+01 5.378555e+01 4.041618e+01 4.159393e+01 5.232977e+01 4.133897e+01 2.344522e+01
<GCONST> 7.318523e+01
<STATE> 4
<MEAN> 13
 -9.509858e-01 -3.081994e+00 -8.764168e-02 -4.084236e+00 -2.673346e+00 6.082918e-02 -4.231940e-01 -7.471550e-01 -1.764111e+00 -2.193596e-01 -1.170858e+00 -5.801470e+00 5.293955e+01
<VARIANCE> 13
 1.413532e+01 2.875544e+01 3.077168e+01 2.400966e+01 4.533723e+01 3.396095e+01 3.215876e+01 3.050821e+01 2.933192e+01 2.798981e+01 2.832695e+01 2.632617e+01 1.551351e+01
<GCONST> 6.679958e+01
<TRANSP> 5
 0.000000e+00 1.000000e+00 0.000000e+00 0.000000e+00 0.000000e+00
 0.000000e+00 9.832879e-01 1.671208e-02 0.000000e+00 0.000000e+00
 0.000000e+00 0.000000e+00 9.836738e-01 1.632617e-02 0.000000e+00
 0.000000e+00 0.000000e+00 0.000000e+00 9.962503e-01 3.749708e-03
 0.000000e+00 0.000000e+00 0.000000e+00 0.000000e+00 0.000000e+00
<ENDHMM>
