~o
<STREAMINFO> 1 39
<VECSIZE> 39<NULLD><MFCC_D_A_Z_0><DIAGC>
~h "ap"
<BEGINHMM>
<NUMSTATES> 5
<STATE> 2
<NUMMIXES> 2
<MIXTURE> 1 5.000000e-01
<MEAN> 39
 -3.305389e+00 4.714066e+00 2.529137e+00 -2.365352e-01 -2.200360e+00 1.806484e+00 2.184601e-01 2.178828e+00 3.268320e+00 1.586569e+00 -4.394722e-02 1.015147e+00 7.510918e+00 -4.471552e-01 -9.477136e-01 -5.427230e-01 -7.206500e-03 -1.932217e-01 -2.911081e-01 -1.294457e-01 -2.669874e-01 4.454276e-02 4.592609e-02 8.787471e-02 -4.286501e-02 3.379095e+00 3.748695e-01 3.460219e-01 1.781134e-01 7.614833e-02 4.195584e-01 4.942231e-01 2.894699e-01 2.056045e-01 1.797582e-01 2.491733e-01 1.330540e-01 5.921102e-02 -2.636596e-01
<VARIANCE> 39
 4.531641e+01 6.024510e+01 3.650655e+01 1.972163e+01 3.092909e+01 6.347603e+01 3.190899e+01 2.719991e+01 2.625296e+01 2.807071e+01 2.214839e+01 1.640936e+01 2.300239e+02 4.441044e+00 4.059024e+00 1.543749e+00 1.958288e+00 3.720118e+00 5.333761e+00 2.378691e+00 2.328695e+00 2.208904e+00 2.434709e+00 2.147475e+00 1.821852e+00 1.642593e+01 6.852474e-01 6.593811e-01 2.529027e-01 3.349748e-01 5.698919e-01 8.078661e-01 3.490416e-01 3.583102e-01 3.414033e-01 3.734455e-01 3.257265e-01 2.943876e-01 2.805300e+00
<GCONST> 1.235062e+02
<MIXTURE> 2 5.000000e-01
<MEAN> 39
 -5.998087e+00 1.609357e+00 1.123110e-01 -2.012897e+00 -4.424918e+00 -1.380390e+00 -2.041062e+00 9.268630e-02 1.218814e+00 -5.327034e-01 -1.926430e+00 -6.051918e-01 1.444302e+00 -1.290107e+00 -1.753594e+00 -1.039714e+00 -5.669619e-01 -9.647260e-01 -1.214906e+00 -7.463659e-01 -8.773899e-01 -5.499525e-01 -5.782161e-01 -4.982959e-01 -5.827690e-01 1.757939e+00 4.375075e-02 2.121273e-02 -2.304431e-02 -1.553597e-01 1.175936e-01 1.346976e-01 5.315091e-02 -3.383159e-02 -5.396072e-02 4.732527e-03 -9.523587e-02 -1.578190e-01 -9.336208e-01
<VARIANCE> 39
 4.531641e+01 6.024510e+01 3.650655e+01 1.972163e+01 3.092909e+01 6.347603e+01 3.190899e+01 2.719991e+01 2.625296e+01 2.807071e+01 2.214839e+01 1.640936e+01 2.300239e+02 4.441044e+00 4.059024e+00 1.543749e+00 1.958288e+00 3.720118e+00 5.333761e+00 2.378691e+00 2.328695e+00 2.208904e+00 2.434709e+00 2.147475e+00 1.821852e+00 1.642593e+01 6.852474e-01 6.593811e-01 2.529027e-01 3.349748e-01 5.698919e-01 8.078661e-01 3.490416e-01 3.583102e-01 3.414033e-01 3.734455e-01 3.257265e-01 2.943876e-01 2.805300e+00
<GCONST> 1.235062e+02
<STATE> 3
<NUMMIXES> 2
<MIXTURE> 1 5.000000e-01
<MEAN> 39
 3.682981e-01 2.057161e+00 1.145744e+00 6.865376e-01 2.069291e+00 2.189843e+00 1.118759e+00 7.929781e-01 1.392501e+00 8.147020e-01 5.545765e-01 5.952945e-01 8.776708e-01 3.085321e-01 3.049022e-01 2.831371e-01 2.209438e-01 3.539115e-01 3.920134e-01 3.088616e-01 2.868580e-01 2.592303e-01 2.895305e-01 2.758541e-01 2.433607e-01 -5.147952e-01 2.397242e-02 5.393831e-02 6.397599e-02 7.721573e-02 6.577612e-02 7.554062e-02 8.318128e-02 1.057765e-01 1.065023e-01 1.095130e-01 1.024580e-01 1.084534e-01 3.073423e-02
<VARIANCE> 39
 1.690396e+01 3.615894e+01 2.091573e+01 1.545430e+01 2.356713e+01 2.610579e+01 1.851820e+01 2.256076e+01 1.973962e+01 1.882373e+01 1.475344e+01 1.286825e+01 8.661040e+01 1.427986e-01 2.677415e-01 4.076528e-01 6.440736e-01 8.869945e-01 1.024416e+00 1.051739e+00 1.187770e+00 1.297911e+00 1.398634e+00 1.227216e+00 1.196598e+00 1.829434e-01 2.143573e-02 4.708119e-02 7.893563e-02 1.256009e-01 1.687499e-01 2.127048e-01 2.050450e-01 2.408748e-01 2.652431e-01 2.980040e-01 2.530888e-01 2.547084e-01 8.692787e-03
<GCONST> 7.888853e+01
<MIXTURE> 2 5.000000e-01
<MEAN> 39
 -1.276279e+00 -3.481315e-01 -6.836048e-01 -8.859407e-01 1.274512e-01 1.460905e-01 -6.025524e-01 -1.106949e+00 -3.846711e-01 -9.207510e-01 -9.818318e-01 -8.395993e-01 -2.844918e+00 1.573773e-01 9.792721e-02 2.774632e-02 -1.000730e-01 -2.281007e-02 -1.284038e-02 -1.013558e-01 -1.490814e-01 -1.964734e-01 -1.835249e-01 -1.672651e-01 -1.941958e-01 -6.858827e-01 -3.459136e-02 -3.285449e-02 -4.840595e-02 -6.454514e-02 -9.854060e-02 -1.089391e-01 -9.794630e-02 -9.053949e-02 -9.950477e-02 -1.088459e-01 -9.877373e-02 -9.342123e-02 -6.559814e-03
<VARIANCE> 39
 1.690396e+01 3.615894e+01 2.091573e+01 1.545430e+01 2.356713e+01 2.610579e+01 1.851820e+01 2.256076e+01 1.973962e+01 1.882373e+01 1.475344e+01 1.286825e+01 8.661040e+01 1.427986e-01 2.677415e-01 4.076528e-01 6.440736e-01 8.869945e-01 1.024416e+00 1.051739e+00 1.187770e+00 1.297911e+00 1.398634e+00 1.227216e+00 1.196598e+00 1.829434e-01 2.143573e-02 4.708119e-02 7.893563e-02 1.256009e-01 1.687499e-01 2.127048e-01 2.050450e-01 2.408748e-01 2.652431e-01 2.980040e-01 2.530888e-01 2.547084e-01 8.692787e-03
<GCONST> 7.888853e+01
<STATE> 4
<NUMMIXES> 2
<MIXTURE> 1 5.000000e-01
<MEAN> 39
 1.070319e+00 9.738743e-01 8.196791e-01 8.996403e-01 9.171767e-01 8.846209e-01 8.991862e-01 9.779702e-01 7.780585e-01 8.534070e-01 8.790876e-01 7.732211e-01 2.156396e+00 2.013260e-01 2.065371e-01 1.744529e-01 2.090383e-01 2.624743e-01 2.722496e-01 2.362946e-01 2.395895e-01 2.471980e-01 2.439610e-01 2.355551e-01 2.315082e-01 4.953901e-01 8.064836e-02 8.695436e-02 7.280526e-02 8.581071e-02 1.142794e-01 1.256940e-01 1.034236e-01 1.040907e-01 1.119326e-01 1.123145e-01 1.043240e-01 1.074013e-01 1.893931e-01
<VARIANCE> 39
 1.863315e+01 3.731851e+01 2.018316e+01 1.812923e+01 2.750757e+01 3.132528e+01 2.147326e+01 2.381019e+01 2.180193e+01 1.833310e+01 1.649082e+01 1.422899e+01 1.078135e+02 1.016173e+00 1.238182e+00 8.133938e-01 9.853353e-01 1.754959e+00 2.051603e+00 1.422895e+00 1.443085e+00 1.588757e+00 1.544396e+00 1.393095e+00 1.363565e+00 5.909834e+00 1.629366e-01 1.907934e-01 1.337148e-01 1.830556e-01 3.242190e-01 3.965389e-01 2.700281e-01 2.684743e-01 3.171046e-01 3.181452e-01 2.760639e-01 2.884202e-01 8.949509e-01
<GCONST> 1.017820e+02
<MIXTURE> 2 5.000000e-01
<MEAN> 39
 -6.563266e-01 -1.469681e+00 -9.773479e-01 -8.034971e-01 -1.180730e+00 -1.354139e+00 -9.543838e-01 -9.738573e-01 -1.089643e+00 -8.592798e-01 -7.452681e-01 -7.356322e-01 -1.996935e+00 -2.018956e-01 -2.385574e-01 -1.863005e-01 -1.880179e-01 -2.674251e-01 -3.006871e-01 -2.408460e-01 -2.409244e-01 -2.569856e-01 -2.531339e-01 -2.365627e-01 -2.355790e-01 -4.770159e-01 -8.081326e-02 -8.776525e-02 -7.346289e-02 -8.532927e-02 -1.134816e-01 -1.261913e-01 -1.044333e-01 -1.031674e-01 -1.133156e-01 -1.133029e-01 -1.058431e-01 -1.074177e-01 -1.890142e-01
<VARIANCE> 39
 1.863315e+01 3.731851e+01 2.018316e+01 1.812923e+01 2.750757e+01 3.132528e+01 2.147326e+01 2.381019e+01 2.180193e+01 1.833310e+01 1.649082e+01 1.422899e+01 1.078135e+02 1.016173e+00 1.238182e+00 8.133938e-01 9.853353e-01 1.754959e+00 2.051603e+00 1.422895e+00 1.443085e+00 1.588757e+00 1.544396e+00 1.393095e+00 1.363565e+00 5.909834e+00 1.629366e-01 1.907934e-01 1.337148e-01 1.830556e-01 3.242190e-01 3.965389e-01 2.700281e-01 2.684743e-01 3.171046e-01 3.181452e-01 2.760639e-01 2.884202e-01 8.949509e-01
<GCONST> 1.017820e+02
<TRANSP> 5
 0.000000e+00 1.000000e+00 0.000000e+00 0.000000e+00 0.000000e+00
 0.000000e+00 8.314457e-01 1.685543e-01 0.000000e+00 0.000000e+00
 0.000000e+00 0.000000e+00 9.782563e-01 2.174374e-02 0.000000e+00
 0.000000e+00 0.000000e+00 0.000000e+00 9.957300e-01 4.269982e-03
 0.000000e+00 0.000000e+00 0.000000e+00 0.000000e+00 0.000000e+00
<ENDHMM>
~h "cl"
<BEGINHMM>
<NUMSTATES> 5
<STATE> 2
<NUMMIXES> 2
<MIXTURE> 1 5.000000e-01
<MEAN> 39
 9.082150e+00 -3.793065e-01 -1.372024e+00 1.608245e+00 3.877612e+00 -2.595532e+00 2.727212e+00 4.860435e+00 -9.411798e-01 2.424234e+00 4.785944e+00 -2.534907e+00 -4.953214e+00 -2.181798e-02 2.519248e-01 2.209789e-01 1.935269e-01 8.792537e-02 4.295840e-01 2.075496e-01 1.033757e-01 4.524506e-01 3.143550e-01 1.203635e-01 4.152816e-01 5.344927e-01 3.496772e-02 7.221457e-02 8.848648e-02 6.674796e-02 4.988792e-02 1.428452e-01 7.639778e-02 6.796682e-02 1.593751e-01 9.041174e-02 6.776025e-02 1.537627e-01 1.654360e-01
<VARIANCE> 39
 3.895879e+01 1.869894e+01 1.352607e+01 9.992018e+00 1.926949e+01 3.038739e+01 2.186581e+01 3.440318e+01 3.187913e+01 2.505548e+01 3.644882e+01 3.069280e+01 1.990429e+01 2.828300e+00 8.283827e-01 7.547150e-01 9.101271e-01 1.372023e+00 1.900630e+00 1.703355e+00 2.398326e+00 2.479646e+00 1.941199e+00 2.355081e+00 1.935992e+00 1.603852e+00 3.835179e-01 1.224447e-01 1.188456e-01 1.623241e-01 2.121612e-01 2.981924e-01 2.846888e-01 4.127297e-01 4.116174e-01 3.716557e-01 4.124375e-01 3.115257e-01 2.187856e-01
<GCONST> 1.019095e+02
<MIXTURE> 2 5.000000e-01
<MEAN> 39
 6.585470e+00 -2.108997e+00 -2.843136e+00 3.438386e-01 2.121730e+00 -4.800522e+00 8.567761e-01 2.514266e+00 -3.199644e+00 4.220160e-01 2.371030e+00 -4.750951e+00 -6.737782e+00 -6.945200e-01 -1.121373e-01 -1.265184e-01 -1.880754e-01 -3.806082e-01 -1.218694e-01 -3.145009e-01 -5.160855e-01 -1.774250e-01 -2.429526e-01 -4.934875e-01 -1.412782e-01 2.791962e-02 -2.127476e-01 -6.775382e-02 -4.940948e-02 -9.440990e-02 -1.343559e-01 -7.558277e-02 -1.370272e-01 -1.890094e-01 -9.725462e-02 -1.534425e-01 -1.891249e-01 -6.949529e-02 -2.166212e-02
<VARIANCE> 39
 3.895879e+01 1.869894e+01 1.352607e+01 9.992018e+00 1.926949e+01 3.038739e+01 2.186581e+01 3.440318e+01 3.187913e+01 2.505548e+01 3.644882e+01 3.069280e+01 1.990429e+01 2.828300e+00 8.283827e-01 7.547150e-01 9.101271e-01 1.372023e+00 1.900630e+00 1.703355e+00 2.398326e+00 2.479646e+00 1.941199e+00 2.355081e+00 1.935992e+00 1.603852e+00 3.835179e-01 1.224447e-01 1.188456e-01 1.623241e-01 2.121612e-01 2.981924e-01 2.846888e-01 4.127297e-01 4.116174e-01 3.716557e-01 4.124375e-01 3.115257e-01 2.187856e-01
<GCONST> 1.019095e+02
<STATE> 3
<NUMMIXES> 2
<MIXTURE> 1 5.000000e-01
<MEAN> 39
 1.552666e+00 3.422891e-01 1.221326e+00 9.949883e-01 -1.056789e-01 2.350549e+00 8.645798e-01 4.536898e-01 2.578046e+00 9.127539e-01 2.129206e-01 1.441883e+00 1.072467e+00 1.883097e-01 1.524769e-01 2.057934e-01 1.814353e-01 2.477683e-01 3.371243e-01 2.483931e-01 3.180198e-01 2.543589e-01 2.279065e-01 2.328272e-01 2.506189e-01 4.358599e-01 1.842776e-01 6.365031e-02 7.676516e-02 8.495057e-02 1.294408e-01 1.350202e-01 1.239953e-01 1.596581e-01 1.240149e-01 1.302987e-01 1.323993e-01 9.530674e-02 9.002234e-02
<VARIANCE> 39
 4.374658e+01 1.085653e+01 1.612323e+01 1.454266e+01 2.065685e+01 3.227124e+01 2.493207e+01 3.228310e+01 3.042821e+01 2.218650e+01 2.202301e+01 1.931062e+01 3.637900e+01 2.799432e+00 5.982374e-01 9.405945e-01 1.064944e+00 1.547344e+00 2.651197e+00 1.875428e+00 2.553019e+00 2.518934e+00 1.824543e+00 1.702531e+00 1.725215e+00 2.243231e+00 4.966815e-01 1.096237e-01 1.661035e-01 2.038746e-01 2.946981e-01 5.081624e-01 3.608955e-01 4.695648e-01 4.953806e-01 3.542823e-01 3.268193e-01 3.354241e-01 3.972351e-01
<GCONST> 1.047140e+02
<MIXTURE> 2 5.000000e-01
<MEAN> 39
 -1.092982e+00 -9.756809e-01 -3.848233e-01 -5.304053e-01 -1.923671e+00 7.823741e-02 -1.132701e+00 -1.819039e+00 3.715755e-01 -9.713480e-01 -1.664227e+00 -3.158710e-01 -1.340134e+00 -4.809505e-01 -1.569064e-01 -1.821436e-01 -2.313492e-01 -2.498008e-01 -3.141756e-01 -2.993919e-01 -3.211069e-01 -3.804871e-01 -3.123960e-01 -2.890971e-01 -2.747709e-01 -1.632369e-01 -9.762494e-02 -6.878757e-02 -8.625803e-02 -9.565932e-02 -8.770358e-02 -1.501219e-01 -1.163030e-01 -1.144411e-01 -1.575182e-01 -1.077878e-01 -9.627312e-02 -1.363565e-01 -1.620840e-01
<VARIANCE> 39
 4.374658e+01 1.085653e+01 1.612323e+01 1.454266e+01 2.065685e+01 3.227124e+01 2.493207e+01 3.228310e+01 3.042821e+01 2.218650e+01 2.202301e+01 1.931062e+01 3.637900e+01 2.799432e+00 5.982374e-01 9.405945e-01 1.064944e+00 1.547344e+00 2.651197e+00 1.875428e+00 2.553019e+00 2.518934e+00 1.824543e+00 1.702531e+00 1.725215e+00 2.243231e+00 4.966815e-01 1.096237e-01 1.661035e-01 2.038746e-01 2.946981e-01 5.081624e-01 3.608955e-01 4.695648e-01 4.953806e-01 3.542823e-01 3.268193e-01 3.354241e-01 3.972351e-01
<GCONST> 1.047140e+02
<STATE> 4
<NUMMIXES> 2
<MIXTURE> 1 5.000000e-01
<MEAN> 39
 7.426512e-01 6.962150e-01 7.607740e-01 5.764830e-01 8.241507e-01 1.004567e+00 8.500115e-01 9.457884e-01 8.433636e-01 8.242281e-01 8.212159e-01 9.690572e-01 1.324765e+00 2.982531e-01 1.357840e-01 1.856449e-01 1.907181e-01 2.277960e-01 2.677894e-01 2.597798e-01 2.880559e-01 3.015283e-01 2.669785e-01 2.692968e-01 2.608937e-01 1.405227e-01 9.754725e-02 6.081349e-02 8.207951e-02 8.755846e-02 9.679452e-02 1.181116e-01 1.157010e-01 1.271286e-01 1.305052e-01 1.201617e-01 1.147686e-01 1.168618e-01 8.468767e-02
<VARIANCE> 39
 3.757035e+01 7.973508e+00 1.312329e+01 1.144011e+01 1.575480e+01 2.677022e+01 2.134922e+01 2.594885e+01 2.578246e+01 2.016636e+01 1.934872e+01 1.914771e+01 2.359681e+01 1.285995e+00 5.016188e-01 8.850070e-01 9.234331e-01 1.237054e+00 1.948902e+00 1.722521e+00 2.086900e+00 2.176450e+00 1.783602e+00 1.610914e+00 1.731838e+00 9.761251e-01 2.351695e-01 9.271643e-02 1.727523e-01 1.852399e-01 2.356442e-01 3.744193e-01 3.351658e-01 3.964621e-01 4.298964e-01 3.568213e-01 3.218048e-01 3.409036e-01 1.810496e-01
<GCONST> 9.645222e+01
<MIXTURE> 2 5.000000e-01
<MEAN> 39
 -1.709135e+00 -4.332810e-01 -6.882693e-01 -7.764463e-01 -7.635420e-01 -1.065031e+00 -9.981971e-01 -1.091812e+00 -1.187694e+00 -9.720507e-01 -9.382714e-01 -7.812667e-01 -6.182972e-01 -1.553538e-01 -1.475162e-01 -1.906543e-01 -1.936636e-01 -2.170957e-01 -2.906229e-01 -2.651996e-01 -2.897884e-01 -2.885835e-01 -2.672278e-01 -2.383904e-01 -2.655036e-01 -2.546735e-01 -9.642987e-02 -6.098401e-02 -8.417442e-02 -8.459955e-02 -9.737828e-02 -1.266476e-01 -1.158730e-01 -1.247324e-01 -1.317608e-01 -1.187764e-01 -1.121428e-01 -1.166860e-01 -8.551202e-02
<VARIANCE> 39
 3.757035e+01 7.973508e+00 1.312329e+01 1.144011e+01 1.575480e+01 2.677022e+01 2.134922e+01 2.594885e+01 2.578246e+01 2.016636e+01 1.934872e+01 1.914771e+01 2.359681e+01 1.285995e+00 5.016188e-01 8.850070e-01 9.234331e-01 1.237054e+00 1.948902e+00 1.722521e+00 2.086900e+00 2.176450e+00 1.783602e+00 1.610914e+00 1.731838e+00 9.761251e-01 2.351695e-01 9.271643e-02 1.727523e-01 1.852399e-01 2.356442e-01 3.744193e-01 3.351658e-01 3.964621e-01 4.298964e-01 3.568213e-01 3.218048e-01 3.409036e-01 1.810496e-01
<GCONST> 9.645222e+01
<TRANSP> 5
 0.000000e+00 1.000000e+00 0.000000e+00 0.000000e+00 0.000000e+00
 0.000000e+00 9.260148e-01 7.398517e-02 0.000000e+00 0.000000e+00
 0.000000e+00 0.000000e+00 9.788010e-01 2.119896e-02 0.000000e+00
 0.000000e+00 0.000000e+00 0.000000e+00 9.958600e-01 4.139991e-03
 0.000000e+00 0.000000e+00 0.000000e+00 0.000000e+00 0.000000e+00
<ENDHMM>
~h "cm"
<BEGINHMM>
<NUMSTATES> 5
<STATE> 2
<NUMMIXES> 2
<MIXTURE> 1 5.000000e-01
<MEAN> 39
 -2.298730e+00 8.401651e-01 7.359324e-01 1.095839e-01 7.151228e-01 1.432560e+00 1.755372e+00 2.618158e+00 2.182133e+00 2.187635e+00 2.402969e+00 1.594959e+00 -2.931728e+00 2.283404e-01 1.146785e-01 1.161964e-01 1.255692e-01 1.565320e-01 1.456839e-01 1.537154e-01 1.797760e-01 1.826278e-01 1.899032e-01 1.523322e-01 2.175143e-01 6.419347e-01 7.027931e-02 6.080732e-02 6.641031e-02 8.722667e-02 9.537385e-02 1.045630e-01 1.054640e-01 9.875636e-02 9.441505e-02 1.008258e-01 1.007513e-01 9.064851e-02 7.576374e-02
<VARIANCE> 39
 1.364305e+01 1.350035e+01 1.204773e+01 1.546723e+01 1.486743e+01 1.567926e+01 1.675476e+01 1.836799e+01 1.712893e+01 1.562048e+01 1.705433e+01 1.384140e+01 3.334834e+01 5.088395e-01 6.154951e-01 7.185977e-01 9.952658e-01 1.187868e+00 1.421120e+00 1.504090e+00 1.630920e+00 1.593534e+00 1.507834e+00 1.492303e+00 1.354953e+00 8.717852e-01 6.662352e-02 9.726271e-02 1.281966e-01 1.739763e-01 2.231963e-01 2.697627e-01 2.893826e-01 3.076367e-01 3.049263e-01 2.969462e-01 2.772828e-01 2.596354e-01 1.035293e-01
<GCONST> 8.785848e+01
<MIXTURE> 2 5.000000e-01
<MEAN> 39
 -3.776190e+00 -6.295479e-01 -6.524613e-01 -1.463552e+00 -8.272095e-01 -1.513216e-01 1.180686e-01 9.038422e-01 5.266488e-01 6.067249e-01 7.510932e-01 1.067973e-01 -5.241649e+00 -5.699151e-02 -1.991355e-01 -2.228841e-01 -2.734829e-01 -2.794254e-01 -3.311591e-01 -3.368500e-01 -3.310539e-01 -3.223132e-01 -3.012724e-01 -3.363072e-01 -2.480955e-01 2.684569e-01 -3.296682e-02 -6.394056e-02 -7.680789e-02 -7.961520e-02 -9.360076e-02 -1.031918e-01 -1.097132e-01 -1.231037e-01 -1.264655e-01 -1.171453e-01 -1.098793e-01 -1.131692e-01 -5.294014e-02
<VARIANCE> 39
 1.364305e+01 1.350035e+01 1.204773e+01 1.546723e+01 1.486743e+01 1.567926e+01 1.675476e+01 1.836799e+01 1.712893e+01 1.562048e+01 1.705433e+01 1.384140e+01 3.334834e+01 5.088395e-01 6.154951e-01 7.185977e-01 9.952658e-01 1.187868e+00 1.421120e+00 1.504090e+00 1.630920e+00 1.593534e+00 1.507834e+00 1.492303e+00 1.354953e+00 8.717852e-01 6.662352e-02 9.726271e-02 1.281966e-01 1.739763e-01 2.231963e-01 2.697627e-01 2.893826e-01 3.076367e-01 3.049263e-01 2.969462e-01 2.772828e-01 2.596354e-01 1.035293e-01
<GCONST> 8.785848e+01
<STATE> 3
<NUMMIXES> 2
<MIXTURE> 1 5.000000e-01
<MEAN> 39
 6.063338e-01 -2.595455e-01 -9.652132e-02 -1.399435e-01 8.157080e-02 1.804124e-01 2.154078e-01 4.467503e-01 4.672124e-01 4.608410e-01 3.250352e-01 5.638248e-01 4.416108e+00 1.352269e-01 1.159742e-01 1.482427e-01 1.993333e-01 2.069378e-01 2.241984e-01 2.227389e-01 2.030307e-01 2.271103e-01 2.243270e-01 2.168856e-01 2.051171e-01 1.556313e-01 3.650614e-02 5.641503e-02 6.962062e-02 8.583057e-02 9.345564e-02 1.044895e-01 1.088353e-01 1.079937e-01 1.104571e-01 1.087198e-01 1.071694e-01 9.992517e-02 1.887682e-02
<VARIANCE> 39
 7.305806e+00 7.060003e+00 7.314800e+00 9.867666e+00 1.136182e+01 1.283327e+01 1.360372e+01 1.464089e+01 1.481390e+01 1.386927e+01 1.394174e+01 1.189222e+01 2.080086e+01 2.406341e-01 3.682452e-01 5.176509e-01 7.541331e-01 9.363869e-01 1.159520e+00 1.260679e+00 1.312585e+00 1.394291e+00 1.371193e+00 1.303538e+00 1.172006e+00 3.557623e-01 3.853698e-02 6.579079e-02 9.860086e-02 1.460765e-01 1.859329e-01 2.357194e-01 2.538090e-01 2.620116e-01 2.834160e-01 2.827434e-01 2.651694e-01 2.370714e-01 4.313071e-02
<GCONST> 7.641705e+01
<MIXTURE> 2 5.000000e-01
<MEAN> 39
 -4.748364e-01 -1.322372e+00 -1.178357e+00 -1.396457e+00 -1.266721e+00 -1.252530e+00 -1.259921e+00 -1.083786e+00 -1.072341e+00 -1.028818e+00 -1.168510e+00 -8.155792e-01 2.591790e+00 -6.099094e-02 -1.267587e-01 -1.395491e-01 -1.480301e-01 -1.801305e-01 -2.065256e-01 -2.263810e-01 -2.552417e-01 -2.452101e-01 -2.440648e-01 -2.398047e-01 -2.279198e-01 -8.295190e-02 -4.201722e-02 -4.618383e-02 -5.598247e-02 -6.704925e-02 -7.902411e-02 -8.971429e-02 -9.268250e-02 -9.675457e-02 -1.024902e-01 -1.039747e-01 -9.880898e-02 -9.483475e-02 -6.419492e-02
<VARIANCE> 39
 7.305806e+00 7.060003e+00 7.314800e+00 9.867666e+00 1.136182e+01 1.283327e+01 1.360372e+01 1.464089e+01 1.481390e+01 1.386927e+01 1.394174e+01 1.189222e+01 2.080086e+01 2.406341e-01 3.682452e-01 5.176509e-01 7.541331e-01 9.363869e-01 1.159520e+00 1.260679e+00 1.312585e+00 1.394291e+00 1.371193e+00 1.303538e+00 1.172006e+00 3.557623e-01 3.853698e-02 6.579079e-02 9.860086e-02 1.460765e-01 1.859329e-01 2.357194e-01 2.538090e-01 2.620116e-01 2.834160e-01 2.827434e-01 2.651694e-01 2.370714e-01 4.313071e-02
<GCONST> 7.641705e+01
<STATE> 4
<NUMMIXES> 2
<MIXTURE> 1 5.000000e-01
<MEAN> 39
 2.572761e+00 1.789838e+00 1.605448e+00 2.365322e+00 1.703279e+00 1.183579e+00 1.009600e+00 1.360598e-01 3.642418e-01 2.866029e-01 4.062279e-01 3.378396e-01 -2.144395e+00 1.410898e-01 1.824068e-01 2.175773e-01 2.569439e-01 2.717542e-01 2.580871e-01 2.785601e-01 2.306637e-01 2.410024e-01 2.343211e-01 2.510535e-01 2.261865e-01 -3.352605e-01 2.666115e-02 3.816902e-02 4.897100e-02 5.761373e-02 7.192104e-02 8.249199e-02 9.024435e-02 9.967706e-02 1.044738e-01 9.990213e-02 9.820539e-02 9.939784e-02 2.935649e-02
<VARIANCE> 39
 1.151263e+01 6.487334e+00 7.426804e+00 9.210962e+00 1.072099e+01 1.196465e+01 1.357786e+01 1.427461e+01 1.378134e+01 1.313312e+01 1.325367e+01 1.173187e+01 3.229987e+01 1.797940e-01 2.766364e-01 4.325221e-01 6.478226e-01 8.470827e-01 9.883335e-01 1.144108e+00 1.235332e+00 1.305612e+00 1.283003e+00 1.254474e+00 1.157725e+00 1.729498e-01 2.454440e-02 4.798682e-02 8.022381e-02 1.236032e-01 1.632151e-01 1.905537e-01 2.220174e-01 2.446637e-01 2.586559e-01 2.573071e-01 2.489207e-01 2.309061e-01 1.291157e-02
<GCONST> 7.142969e+01
<MIXTURE> 2 5.000000e-01
<MEAN> 39
 1.215551e+00 7.710282e-01 5.153617e-01 1.151340e+00 3.935626e-01 -2.000189e-01 -4.643255e-01 -1.375210e+00 -1.120687e+00 -1.162983e+00 -1.049996e+00 -1.032233e+00 -4.417715e+00 -2.851870e-02 -2.797816e-02 -4.548833e-02 -6.500581e-02 -9.639421e-02 -1.395728e-01 -1.492919e-01 -2.139183e-01 -2.160511e-01 -2.187578e-01 -1.969597e-01 -2.042040e-01 -5.016094e-01 -3.600546e-02 -4.945457e-02 -6.432423e-02 -8.301526e-02 -8.967853e-02 -9.211783e-02 -9.823054e-02 -9.817690e-02 -9.895910e-02 -1.029997e-01 -1.013624e-01 -9.281293e-02 -1.609515e-02
<VARIANCE> 39
 1.151263e+01 6.487334e+00 7.426804e+00 9.210962e+00 1.072099e+01 1.196465e+01 1.357786e+01 1.427461e+01 1.378134e+01 1.313312e+01 1.325367e+01 1.173187e+01 3.229987e+01 1.797940e-01 2.766364e-01 4.325221e-01 6.478226e-01 8.470827e-01 9.883335e-01 1.144108e+00 1.235332e+00 1.305612e+00 1.283003e+00 1.254474e+00 1.157725e+00 1.729498e-01 2.454440e-02 4.798682e-02 8.022381e-02 1.236032e-01 1.632151e-01 1.905537e-01 2.220174e-01 2.446637e-01 2.586559e-01 2.573071e-01 2.489207e-01 2.309061e-01 1.291157e-02
<GCONST> 7.142969e+01
<TRANSP> 5
 0.000000e+00 1.000000e+00 0.000000e+00 0.000000e+00 0.000000e+00
 0.000000e+00 9.573757e-01 4.262428e-02 0.000000e+00 0.000000e+00
 0.000000e+00 0.000000e+00 9.835039e-01 1.649606e-02 0.000000e+00
 0.000000e+00 0.000000e+00 0.000000e+00 9.718448e-01 2.815522e-02
 0.000000e+00 0.000000e+00 0.000000e+00 0.000000e+00 0.000000e+00
<ENDHMM>
~h "co"
<BEGINHMM>
<NUMSTATES> 5
<STATE> 2
<NUMMIXES> 2
<MIXTURE> 1 5.000000e-01
<MEAN> 39
 -5.561662e-01 6.577080e-01 5.459145e-01 5.100796e-01 -3.809437e+00 1.056269e+00 2.772758e+00 5.817455e+00 5.716522e+00 2.978394e+00 1.716880e+00 2.589763e+00 1.377845e+00 -2.742522e-01 1.852415e-01 4.513925e-01 -3.540561e-02 1.194305e-01 -2.431480e-01 2.394910e-01 -1.878047e-01 -2.791800e-01 -3.399747e-01 3.935322e-02 8.510311e-02 2.291540e+00 4.437172e-02 1.470054e-01 8.126444e-02 1.318847e-01 4.341937e-01 2.988241e-01 2.885810e-01 1.806009e-01 1.498926e-01 2.216262e-01 2.565866e-01 1.764076e-01 1.590373e-02
<VARIANCE> 39
 1.511168e+01 2.427151e+01 2.691555e+01 2.571034e+01 8.591637e+01 4.862928e+01 5.716296e+01 5.791494e+01 5.672474e+01 4.100988e+01 3.922204e+01 2.649587e+01 9.935202e+01 1.042373e+00 2.045688e+00 1.694896e+00 1.829846e+00 6.098352e+00 3.336896e+00 4.018204e+00 3.181484e+00 5.081361e+00 3.209050e+00 2.656582e+00 2.570465e+00 4.349934e+00 1.260279e-01 3.478790e-01 2.675102e-01 2.575769e-01 7.718548e-01 5.224159e-01 6.659762e-01 5.412545e-01 9.303155e-01 5.682685e-01 4.454902e-01 4.461471e-01 4.574326e-01
<GCONST> 1.227281e+02
<MIXTURE> 2 5.000000e-01
<MEAN> 39
 -2.111116e+00 -1.312937e+00 -1.529294e+00 -1.518135e+00 -7.517081e+00 -1.733119e+00 -2.514899e-01 2.773380e+00 2.703888e+00 4.168359e-01 -7.882196e-01 5.307971e-01 -2.609174e+00 -6.826389e-01 -3.868687e-01 -6.936014e-02 -5.764928e-01 -8.683633e-01 -9.738349e-01 -5.623274e-01 -9.012733e-01 -1.180855e+00 -1.056528e+00 -6.126078e-01 -5.562037e-01 1.457280e+00 -9.762990e-02 -8.891967e-02 -1.256211e-01 -7.112347e-02 8.277257e-02 9.710714e-03 -3.784843e-02 -1.136792e-01 -2.359188e-01 -7.990817e-02 -1.039361e-02 -9.076937e-02 -2.546313e-01
<VARIANCE> 39
 1.511168e+01 2.427151e+01 2.691555e+01 2.571034e+01 8.591637e+01 4.862928e+01 5.716296e+01 5.791494e+01 5.672474e+01 4.100988e+01 3.922204e+01 2.649587e+01 9.935202e+01 1.042373e+00 2.045688e+00 1.694896e+00 1.829846e+00 6.098352e+00 3.336896e+00 4.018204e+00 3.181484e+00 5.081361e+00 3.209050e+00 2.656582e+00 2.570465e+00 4.349934e+00 1.260279e-01 3.478790e-01 2.675102e-01 2.575769e-01 7.718548e-01 5.224159e-01 6.659762e-01 5.412545e-01 9.303155e-01 5.682685e-01 4.454902e-01 4.461471e-01 4.574326e-01
<GCONST> 1.227281e+02
<STATE> 3
<NUMMIXES> 2
<MIXTURE> 1 5.000000e-01
<MEAN> 39
 -5.986025e-01 -5.469478e-01 -5.987887e-01 -2.664623e-01 -6.648169e-01 -5.576413e-01 1.016109e+00 1.489459e-01 7.960362e-01 9.411935e-01 6.132902e-01 6.052722e-01 5.212268e+00 2.114178e-01 1.555828e-01 1.867356e-01 2.653202e-01 4.207652e-01 2.923165e-01 2.134836e-01 2.477260e-01 3.233734e-01 3.284006e-01 3.040799e-01 2.262467e-01 1.172376e-01 6.655656e-02 8.222830e-02 8.761844e-02 1.030617e-01 1.254593e-01 1.117732e-01 1.160165e-01 1.355215e-01 1.607706e-01 1.362890e-01 1.214323e-01 1.120591e-01 4.394858e-02
<VARIANCE> 39
 1.274081e+01 1.127684e+01 1.551262e+01 1.709168e+01 2.955173e+01 2.232830e+01 3.526778e+01 3.718084e+01 3.063715e+01 2.631121e+01 2.573614e+01 2.390081e+01 4.147908e+01 4.371962e-01 7.639471e-01 9.163566e-01 1.166724e+00 2.356957e+00 1.614720e+00 2.091478e+00 2.290515e+00 2.825714e+00 2.284140e+00 2.090138e+00 1.711044e+00 1.120945e+00 6.154392e-02 1.449515e-01 1.607758e-01 2.156522e-01 4.211749e-01 3.090846e-01 3.732111e-01 4.228140e-01 5.702212e-01 4.589398e-01 4.084691e-01 3.257523e-01 1.273628e-01
<GCONST> 1.004769e+02
<MIXTURE> 2 5.000000e-01
<MEAN> 39
 -2.026373e+00 -1.890188e+00 -2.174231e+00 -1.920146e+00 -2.839277e+00 -2.447755e+00 -1.359359e+00 -2.290098e+00 -1.417997e+00 -1.110585e+00 -1.415942e+00 -1.350266e+00 2.636098e+00 -5.306545e-02 -1.940335e-01 -1.961705e-01 -1.667399e-01 -1.933302e-01 -2.159700e-01 -3.649942e-01 -3.576519e-01 -3.490211e-01 -2.761343e-01 -2.742124e-01 -2.969808e-01 -3.062612e-01 -3.267564e-02 -7.006169e-02 -7.276899e-02 -8.269182e-02 -1.341327e-01 -1.106084e-01 -1.283475e-01 -1.245751e-01 -1.412814e-01 -1.346913e-01 -1.342141e-01 -1.162397e-01 -9.880313e-02
<VARIANCE> 39
 1.274081e+01 1.127684e+01 1.551262e+01 1.709168e+01 2.955173e+01 2.232830e+01 3.526778e+01 3.718084e+01 3.063715e+01 2.631121e+01 2.573614e+01 2.390081e+01 4.147908e+01 4.371962e-01 7.639471e-01 9.163566e-01 1.166724e+00 2.356957e+00 1.614720e+00 2.091478e+00 2.290515e+00 2.825714e+00 2.284140e+00 2.090138e+00 1.711044e+00 1.120945e+00 6.154392e-02 1.449515e-01 1.607758e-01 2.156522e-01 4.211749e-01 3.090846e-01 3.732111e-01 4.228140e-01 5.702212e-01 4.589398e-01 4.084691e-01 3.257523e-01 1.273628e-01
<GCONST> 1.004769e+02
<STATE> 4
<NUMMIXES> 2
<MIXTURE> 1 5.000000e-01
<MEAN> 39
 2.449629e+00 2.256447e+00 2.504793e+00 2.193114e+00 4.200281e+00 2.803375e+00 1.268138e+00 1.625434e+00 5.584391e-01 8.267705e-01 1.372396e+00 1.101974e+00 -3.099714e+00 1.658631e-01 2.638811e-01 2.032495e-01 2.235115e-01 3.932076e-01 3.220083e-01 3.552935e-01 3.261085e-01 2.537856e-01 2.837224e-01 2.799514e-01 2.945811e-01 -1.338870e-01 3.572998e-02 5.771157e-02 5.709163e-02 7.453959e-02 9.239867e-02 9.116838e-02 1.128323e-01 1.102519e-01 1.144742e-01 1.203731e-01 1.124202e-01 1.068980e-01 6.138555e-02
<VARIANCE> 39
 1.016778e+01 1.334321e+01 1.399489e+01 1.552400e+01 3.107209e+01 2.176091e+01 4.080711e+01 2.872078e+01 2.053453e+01 2.581203e+01 2.343111e+01 2.118959e+01 5.831262e+01 2.901426e-01 4.963005e-01 6.550500e-01 8.768201e-01 1.533421e+00 1.322471e+00 1.719323e+00 1.545818e+00 1.626772e+00 1.762479e+00 1.631899e+00 1.492019e+00 8.263027e-01 4.318396e-02 8.976006e-02 1.204093e-01 1.685065e-01 2.751847e-01 2.525378e-01 3.206275e-01 2.955667e-01 3.188134e-01 3.529547e-01 3.285053e-01 2.973014e-01 7.462706e-02
<GCONST> 9.146278e+01
<MIXTURE> 2 5.000000e-01
<MEAN> 39
 1.174151e+00 7.953128e-01 1.008403e+00 6.170939e-01 1.970587e+00 9.374312e-01 -1.287080e+00 -5.182365e-01 -1.254163e+00 -1.205451e+00 -5.638312e-01 -7.393119e-01 -6.154222e+00 -4.959640e-02 -1.791330e-02 -1.204911e-01 -1.510431e-01 -1.021180e-01 -1.379866e-01 -1.691984e-01 -1.712153e-01 -2.563943e-01 -2.473111e-01 -2.310318e-01 -1.940118e-01 -4.974918e-01 -4.739302e-02 -6.212837e-02 -8.170855e-02 -8.965859e-02 -1.174335e-01 -1.098442e-01 -1.136636e-01 -1.072123e-01 -1.113801e-01 -1.172668e-01 -1.168414e-01 -1.112034e-01 -4.788627e-02
<VARIANCE> 39
 1.016778e+01 1.334321e+01 1.399489e+01 1.552400e+01 3.107209e+01 2.176091e+01 4.080711e+01 2.872078e+01 2.053453e+01 2.581203e+01 2.343111e+01 2.118959e+01 5.831262e+01 2.901426e-01 4.963005e-01 6.550500e-01 8.768201e-01 1.533421e+00 1.322471e+00 1.719323e+00 1.545818e+00 1.626772e+00 1.762479e+00 1.631899e+00 1.492019e+00 8.263027e-01 4.318396e-02 8.976006e-02 1.204093e-01 1.685065e-01 2.751847e-01 2.525378e-01 3.206275e-01 2.955667e-01 3.188134e-01 3.529547e-01 3.285053e-01 2.973014e-01 7.462706e-02
<GCONST> 9.146278e+01
<TRANSP> 5
 0.000000e+00 1.000000e+00 0.000000e+00 0.000000e+00 0.000000e+00
 0.000000e+00 8.880126e-01 1.119874e-01 0.000000e+00 0.000000e+00
 0.000000e+00 0.000000e+00 9.840560e-01 1.594400e-02 0.000000e+00
 0.000000e+00 0.000000e+00 0.000000e+00 9.807710e-01 1.922897e-02
 0.000000e+00 0.000000e+00 0.000000e+00 0.000000e+00 0.000000e+00
<ENDHMM>
~h "ds"
<BEGINHMM>
<NUMSTATES> 5
<STATE> 2
<NUMMIXES> 2
<MIXTURE> 1 5.000000e-01
<MEAN> 39
 -6.445509e-01 -3.806756e-01 7.019916e-01 5.729079e-02 -1.696438e-02 -4.246638e-01 3.261228e+00 1.259767e+00 2.056035e+00 2.277102e+00 2.783791e+00 2.384105e+00 3.947543e+00 2.824005e-02 2.210565e-01 7.394141e-02 1.086451e-01 8.232170e-02 7.973823e-02 2.571046e-01 2.252871e-01 3.297337e-01 4.799277e-01 2.603193e-01 2.923965e-01 1.025975e+00 4.875638e-02 8.578469e-02 2.560426e-02 4.735000e-02 5.563964e-02 9.284838e-02 9.152447e-02 1.223396e-01 9.423714e-02 1.225617e-01 1.066331e-01 8.625874e-02 2.055512e-01
<VARIANCE> 39
 1.941632e+01 1.171742e+01 1.311994e+01 1.620337e+01 1.983948e+01 2.014745e+01 2.718194e+01 3.783580e+01 2.818987e+01 2.203600e+01 1.967575e+01 1.788865e+01 4.916013e+01 1.457895e+00 6.905146e-01 1.180981e+00 1.399441e+00 2.338945e+00 2.113696e+00 2.122889e+00 2.459565e+00 1.892942e+00 2.211773e+00 1.913571e+00 1.693797e+00 3.092548e+00 1.978705e-01 1.180638e-01 1.676734e-01 2.305687e-01 3.602397e-01 3.646844e-01 3.500969e-01 4.481214e-01 3.240839e-01 4.018233e-01 3.514960e-01 3.176826e-01 3.584895e-01
<GCONST> 1.029293e+02
<MIXTURE> 2 5.000000e-01
<MEAN> 39
 -2.407109e+00 -1.749904e+00 -7.468666e-01 -1.552846e+00 -1.798626e+00 -2.220100e+00 1.175776e+00 -1.200666e+00 -6.773084e-02 3.994016e-01 1.009497e+00 6.923054e-01 1.142971e+00 -4.547333e-01 -1.113323e-01 -3.607504e-01 -3.645467e-01 -5.294227e-01 -5.018040e-01 -3.257009e-01 -4.020329e-01 -2.206032e-01 -1.149535e-01 -2.930083e-01 -2.281873e-01 3.225491e-01 -1.291742e-01 -5.165697e-02 -1.381875e-01 -1.447203e-01 -1.844403e-01 -1.487080e-01 -1.451515e-01 -1.454278e-01 -1.334763e-01 -1.309965e-01 -1.305152e-01 -1.391946e-01 -3.394476e-02
<VARIANCE> 39
 1.941632e+01 1.171742e+01 1.311994e+01 1.620337e+01 1.983948e+01 2.014745e+01 2.718194e+01 3.783580e+01 2.818987e+01 2.203600e+01 1.967575e+01 1.788865e+01 4.916013e+01 1.457895e+00 6.905146e-01 1.180981e+00 1.399441e+00 2.338945e+00 2.113696e+00 2.122889e+00 2.459565e+00 1.892942e+00 2.211773e+00 1.913571e+00 1.693797e+00 3.092548e+00 1.978705e-01 1.180638e-01 1.676734e-01 2.305687e-01 3.602397e-01 3.646844e-01 3.500969e-01 4.481214e-01 3.240839e-01 4.018233e-01 3.514960e-01 3.176826e-01 3.584895e-01
<GCONST> 1.029293e+02
<STATE> 3
<NUMMIXES> 2
<MIXTURE> 1 5.000000e-01
<MEAN> 39
 -4.735933e+00 -8.215123e-02 -3.635622e+00 -3.415340e+00 -5.876764e+00 -3.854615e+00 -9.899266e-01 -7.931364e-01 1.385687e+00 2.789097e+00 1.556329e+00 1.717309e+00 1.341912e+01 3.485242e-01 3.433473e-01 5.233489e-01 6.311927e-01 7.363904e-01 8.216209e-01 5.478793e-01 6.127767e-01 3.239999e-01 -4.499426e-02 3.498868e-01 2.945517e-01 2.060981e+00 4.649615e-01 1.321454e-01 3.692527e-01 4.097955e-01 4.792715e-01 4.329557e-01 2.707006e-01 2.403535e-01 1.770359e-01 6.114224e-02 1.199893e-01 2.021366e-01 -1.414955e-01
<VARIANCE> 39
 2.439152e+01 1.772697e+01 1.483198e+01 1.385431e+01 2.279570e+01 2.026826e+01 2.159807e+01 1.878228e+01 1.579119e+01 2.217326e+01 1.630249e+01 1.615766e+01 2.935492e+02 4.577876e+00 2.543444e+00 2.173920e+00 2.146560e+00 2.687957e+00 2.463138e+00 2.843518e+00 2.055190e+00 2.284874e+00 1.968913e+00 1.842848e+00 1.761340e+00 3.151055e+01 8.188198e-01 4.272293e-01 3.630959e-01 3.914613e-01 5.167798e-01 5.280485e-01 5.639665e-01 4.024491e-01 4.571716e-01 4.248232e-01 3.823497e-01 3.845528e-01 5.519996e+00
<GCONST> 1.184790e+02
<MIXTURE> 2 5.000000e-01
<MEAN> 39
 -6.711443e+00 -1.766288e+00 -5.176114e+00 -4.904196e+00 -7.786558e+00 -5.655427e+00 -2.848876e+00 -2.526678e+00 -2.038381e-01 9.055572e-01 -5.872458e-02 1.094459e-01 6.565813e+00 -5.073147e-01 -2.945798e-01 -6.641988e-02 4.514694e-02 8.059078e-02 1.938453e-01 -1.266301e-01 3.933930e-02 -2.806321e-01 -6.062661e-01 -1.931193e-01 -2.363103e-01 -1.843895e-01 1.030069e-01 -1.293058e-01 1.282229e-01 1.595280e-01 1.917219e-01 1.422879e-01 -2.969021e-02 -1.340205e-02 -9.342201e-02 -1.995716e-01 -1.273485e-01 -4.591265e-02 -1.081282e+00
<VARIANCE> 39
 2.439152e+01 1.772697e+01 1.483198e+01 1.385431e+01 2.279570e+01 2.026826e+01 2.159807e+01 1.878228e+01 1.579119e+01 2.217326e+01 1.630249e+01 1.615766e+01 2.935492e+02 4.577876e+00 2.543444e+00 2.173920e+00 2.146560e+00 2.687957e+00 2.463138e+00 2.843518e+00 2.055190e+00 2.284874e+00 1.968913e+00 1.842848e+00 1.761340e+00 3.151055e+01 8.188198e-01 4.272293e-01 3.630959e-01 3.914613e-01 5.167798e-01 5.280485e-01 5.639665e-01 4.024491e-01 4.571716e-01 4.248232e-01 3.823497e-01 3.845528e-01 5.519996e+00
<GCONST> 1.184790e+02
<STATE> 4
<NUMMIXES> 2
<MIXTURE> 1 5.000000e-01
<MEAN> 39
 1.036132e+00 7.389144e-01 9.129989e-01 9.653453e-01 1.154893e+00 1.156699e+00 8.376878e-01 9.057187e-01 8.655280e-01 7.710372e-01 6.739831e-01 6.664606e-01 9.144151e-01 2.044759e-01 1.396255e-01 1.926869e-01 2.131179e-01 2.741446e-01 2.671440e-01 2.651709e-01 2.561804e-01 2.581618e-01 2.477029e-01 2.356179e-01 2.148305e-01 5.633591e-02 6.116374e-02 5.810933e-02 6.724603e-02 7.837115e-02 9.505515e-02 1.002027e-01 1.083053e-01 1.078302e-01 1.160716e-01 1.201381e-01 1.138398e-01 1.045648e-01 6.429985e-02
<VARIANCE> 39
 1.332049e+01 9.938695e+00 1.444970e+01 1.477714e+01 1.828400e+01 2.017748e+01 2.169582e+01 1.810112e+01 2.291414e+01 2.165760e+01 1.748166e+01 1.634330e+01 5.187069e+01 5.721356e-01 4.741265e-01 6.667614e-01 9.074414e-01 1.286804e+00 1.419837e+00 1.572815e+00 1.535669e+00 1.739039e+00 1.744122e+00 1.579914e+00 1.353970e+00 8.229511e-01 9.607233e-02 8.410024e-02 1.241445e-01 1.737359e-01 2.521947e-01 2.777212e-01 3.088400e-01 3.058860e-01 3.449549e-01 3.511516e-01 3.202455e-01 2.714416e-01 1.016997e-01
<GCONST> 9.046140e+01
<MIXTURE> 2 5.000000e-01
<MEAN> 39
 -4.237576e-01 -5.221134e-01 -6.075115e-01 -5.722966e-01 -5.554988e-01 -6.400748e-01 -1.025463e+00 -7.960977e-01 -1.049221e+00 -1.090472e+00 -9.984599e-01 -9.506133e-01 -1.966437e+00 -9.808266e-02 -1.358019e-01 -1.339350e-01 -1.679210e-01 -1.796049e-01 -2.094836e-01 -2.364768e-01 -2.395081e-01 -2.693287e-01 -2.805580e-01 -2.671606e-01 -2.506104e-01 -3.065307e-01 -6.281840e-02 -5.789084e-02 -7.369056e-02 -8.835541e-02 -1.058208e-01 -1.105944e-01 -1.139882e-01 -1.133977e-01 -1.188599e-01 -1.168941e-01 -1.125211e-01 -1.038355e-01 -6.326172e-02
<VARIANCE> 39
 1.332049e+01 9.938695e+00 1.444970e+01 1.477714e+01 1.828400e+01 2.017748e+01 2.169582e+01 1.810112e+01 2.291414e+01 2.165760e+01 1.748166e+01 1.634330e+01 5.187069e+01 5.721356e-01 4.741265e-01 6.667614e-01 9.074414e-01 1.286804e+00 1.419837e+00 1.572815e+00 1.535669e+00 1.739039e+00 1.744122e+00 1.579914e+00 1.353970e+00 8.229511e-01 9.607233e-02 8.410024e-02 1.241445e-01 1.737359e-01 2.521947e-01 2.777212e-01 3.088400e-01 3.058860e-01 3.449549e-01 3.511516e-01 3.202455e-01 2.714416e-01 1.016997e-01
<GCONST> 9.046140e+01
<TRANSP> 5
 0.000000e+00 1.000000e+00 0.000000e+00 0.000000e+00 0.000000e+00
 0.000000e+00 9.142235e-01 8.577653e-02 0.000000e+00 0.000000e+00
 0.000000e+00 0.000000e+00 8.199595e-01 1.800405e-01 0.000000e+00
 0.000000e+00 0.000000e+00 0.000000e+00 9.938243e-01 6.175679e-03
 0.000000e+00 0.000000e+00 0.000000e+00 0.000000e+00 0.000000e+00
<ENDHMM>
~h "kj"
<BEGINHMM>
<NUMSTATES> 5
<STATE> 2
<NUMMIXES> 2
<MIXTURE> 1 5.000000e-01
<MEAN> 39
 7.276885e+00 9.096441e-01 -1.653179e+00 5.371817e-01 1.701164e+00 -1.307684e-01 -4.795194e-01 1.796010e-01 6.129912e-01 1.093459e+00 -3.745211e-01 5.977646e-01 -2.935356e+00 -1.394498e-01 1.434511e-02 1.315882e-01 2.290701e-01 1.082156e-01 1.890962e-01 2.337418e-01 1.040605e-01 2.856749e-01 2.582866e-01 2.911073e-01 2.744098e-01 6.903490e-01 7.998493e-02 7.901841e-02 8.875649e-02 8.203660e-02 1.117687e-01 1.252348e-01 1.423309e-01 1.361744e-01 1.185170e-01 1.256039e-01 9.612123e-02 9.443880e-02 7.374378e-02
<VARIANCE> 39
 1.866823e+01 2.250231e+01 1.275172e+01 1.709364e+01 1.967963e+01 2.662346e+01 2.177373e+01 2.145515e+01 1.969654e+01 1.836137e+01 1.521448e+01 1.733885e+01 1.912630e+01 1.015296e+00 1.257889e+00 1.070276e+00 1.073420e+00 1.569528e+00 1.828014e+00 2.204173e+00 1.924693e+00 1.810028e+00 1.979207e+00 1.419677e+00 1.379289e+00 1.014829e+00 1.535987e-01 2.021951e-01 1.718987e-01 1.964423e-01 2.645095e-01 3.312539e-01 4.168687e-01 3.522499e-01 3.344441e-01 3.762490e-01 2.692667e-01 2.491479e-01 1.363751e-01
<GCONST> 9.679208e+01
<MIXTURE> 2 5.000000e-01
<MEAN> 39
 5.548615e+00 -9.878200e-01 -3.081561e+00 -1.116596e+00 -7.330561e-02 -2.194685e+00 -2.346013e+00 -1.673187e+00 -1.162240e+00 -6.205475e-01 -1.934751e+00 -1.067833e+00 -4.684700e+00 -5.424974e-01 -4.342775e-01 -2.822284e-01 -1.853539e-01 -3.929076e-01 -3.517201e-01 -3.601165e-01 -4.508727e-01 -2.524742e-01 -3.044506e-01 -1.854935e-01 -1.953628e-01 2.873942e-01 -7.678176e-02 -1.008460e-01 -7.708618e-02 -9.525065e-02 -9.395325e-02 -1.049838e-01 -1.159306e-01 -1.012282e-01 -1.128076e-01 -1.197527e-01 -1.114424e-01 -1.052201e-01 -7.397222e-02
<VARIANCE> 39
 1.866823e+01 2.250231e+01 1.275172e+01 1.709364e+01 1.967963e+01 2.662346e+01 2.177373e+01 2.145515e+01 1.969654e+01 1.836137e+01 1.521448e+01 1.733885e+01 1.912630e+01 1.015296e+00 1.257889e+00 1.070276e+00 1.073420e+00 1.569528e+00 1.828014e+00 2.204173e+00 1.924693e+00 1.810028e+00 1.979207e+00 1.419677e+00 1.379289e+00 1.014829e+00 1.535987e-01 2.021951e-01 1.718987e-01 1.964423e-01 2.645095e-01 3.312539e-01 4.168687e-01 3.522499e-01 3.344441e-01 3.762490e-01 2.692667e-01 2.491479e-01 1.363751e-01
<GCONST> 9.679208e+01
<STATE> 3
<NUMMIXES> 2
<MIXTURE> 1 5.000000e-01
<MEAN> 39
 4.485208e+00 -3.619478e+00 -3.755355e+00 5.046968e-01 1.806844e+00 -2.019482e+00 -3.338353e+00 -2.179959e+00 1.500757e-01 5.586204e-01 7.437886e-01 1.483797e+00 3.458346e+00 1.544099e-02 3.344851e-01 1.948569e-01 1.938253e-01 2.771199e-01 3.024971e-01 2.872284e-01 3.233685e-01 2.293271e-01 2.871170e-01 2.642697e-01 2.339028e-01 6.889476e-02 5.004646e-02 1.065893e-01 1.085640e-01 7.714839e-02 9.131882e-02 1.152160e-01 1.371225e-01 1.464244e-01 1.168973e-01 1.176199e-01 1.168741e-01 1.031410e-01 3.644724e-02
<VARIANCE> 39
 1.248802e+01 1.666538e+01 1.038725e+01 1.539083e+01 1.417226e+01 2.005851e+01 2.418677e+01 1.688027e+01 1.828597e+01 1.760308e+01 1.608576e+01 1.486228e+01 1.679624e+01 5.213547e-01 7.280121e-01 6.826347e-01 8.540000e-01 1.126222e+00 1.320906e+00 1.589244e+00 1.644278e+00 1.542590e+00 1.633154e+00 1.572548e+00 1.273348e+00 5.712509e-01 9.351905e-02 1.222041e-01 1.310815e-01 1.633359e-01 2.303755e-01 2.484493e-01 3.230481e-01 3.330273e-01 3.098594e-01 3.347723e-01 3.243439e-01 2.537631e-01 9.437491e-02
<GCONST> 8.820212e+01
<MIXTURE> 2 5.000000e-01
<MEAN> 39
 3.071672e+00 -5.252408e+00 -5.044525e+00 -1.064549e+00 3.010017e-01 -3.810951e+00 -5.305555e+00 -3.823383e+00 -1.560408e+00 -1.119621e+00 -8.604937e-01 -5.826795e-02 1.819018e+00 -2.733786e-01 -6.809443e-03 -1.356300e-01 -1.758232e-01 -1.473745e-01 -1.572256e-01 -2.170325e-01 -1.895491e-01 -2.674771e-01 -2.240627e-01 -2.373354e-01 -2.174681e-01 -2.334298e-01 -7.227708e-02 -3.324150e-02 -3.625676e-02 -8.451096e-02 -1.006710e-01 -8.416277e-02 -9.022678e-02 -8.440972e-02 -1.057627e-01 -1.138181e-01 -1.109307e-01 -9.835865e-02 -8.643476e-02
<VARIANCE> 39
 1.248802e+01 1.666538e+01 1.038725e+01 1.539083e+01 1.417226e+01 2.005851e+01 2.418677e+01 1.688027e+01 1.828597e+01 1.760308e+01 1.608576e+01 1.486228e+01 1.679624e+01 5.213547e-01 7.280121e-01 6.826347e-01 8.540000e-01 1.126222e+00 1.320906e+00 1.589244e+00 1.644278e+00 1.542590e+00 1.633154e+00 1.572548e+00 1.273348e+00 5.712509e-01 9.351905e-02 1.222041e-01 1.310815e-01 1.633359e-01 2.303755e-01 2.484493e-01 3.230481e-01 3.330273e-01 3.098594e-01 3.347723e-01 3.243439e-01 2.537631e-01 9.437491e-02
<GCONST> 8.820212e+01
<STATE> 4
<NUMMIXES> 2
<MIXTURE> 1 5.000000e-01
<MEAN> 39
 4.125519e-01 1.462450e+00 1.233201e+00 7.744156e-01 6.527417e-01 1.246392e+00 1.439835e+00 1.187210e+00 9.005750e-01 8.899778e-01 8.560724e-01 7.114419e-01 1.054119e+00 1.868816e-01 1.614163e-01 1.680796e-01 1.889892e-01 2.220492e-01 2.382986e-01 2.571435e-01 2.520986e-01 2.605644e-01 2.536501e-01 2.430684e-01 2.301495e-01 1.387877e-01 6.350404e-02 7.018334e-02 7.050160e-02 8.556628e-02 9.621087e-02 1.064335e-01 1.129102e-01 1.126701e-01 1.157662e-01 1.156017e-01 1.085791e-01 1.038915e-01 5.901078e-02
<VARIANCE> 39
 2.690725e+01 3.054481e+01 1.451345e+01 1.359548e+01 1.513355e+01 2.277901e+01 2.615296e+01 2.067311e+01 1.723556e+01 1.933397e+01 1.573526e+01 1.431442e+01 2.882746e+01 5.659447e-01 7.496556e-01 7.041374e-01 9.399455e-01 1.179508e+00 1.451167e+00 1.633204e+00 1.603955e+00 1.624441e+00 1.668363e+00 1.469451e+00 1.320610e+00 6.367378e-01 9.311946e-02 1.279025e-01 1.309968e-01 1.830611e-01 2.295709e-01 2.854152e-01 3.175693e-01 3.210427e-01 3.306642e-01 3.336533e-01 2.960545e-01 2.687057e-01 9.057409e-02
<GCONST> 9.152873e+01
<MIXTURE> 2 5.000000e-01
<MEAN> 39
 -1.662336e+00 -7.482443e-01 -2.906596e-01 -7.004664e-01 -9.033328e-01 -6.627020e-01 -6.057633e-01 -6.314980e-01 -7.600543e-01 -8.688385e-01 -7.306354e-01 -8.019342e-01 -1.093530e+00 -1.140355e-01 -1.849144e-01 -1.675720e-01 -1.988140e-01 -2.123714e-01 -2.435590e-01 -2.540440e-01 -2.544908e-01 -2.492498e-01 -2.630104e-01 -2.418153e-01 -2.295217e-01 -1.803958e-01 -5.855788e-02 -7.287049e-02 -7.427232e-02 -8.557628e-02 -9.544337e-02 -1.072635e-01 -1.125029e-01 -1.139724e-01 -1.142475e-01 -1.154492e-01 -1.090645e-01 -1.034559e-01 -6.137134e-02
<VARIANCE> 39
 2.690725e+01 3.054481e+01 1.451345e+01 1.359548e+01 1.513355e+01 2.277901e+01 2.615296e+01 2.067311e+01 1.723556e+01 1.933397e+01 1.573526e+01 1.431442e+01 2.882746e+01 5.659447e-01 7.496556e-01 7.041374e-01 9.399455e-01 1.179508e+00 1.451167e+00 1.633204e+00 1.603955e+00 1.624441e+00 1.668363e+00 1.469451e+00 1.320610e+00 6.367378e-01 9.311946e-02 1.279025e-01 1.309968e-01 1.830611e-01 2.295709e-01 2.854152e-01 3.175693e-01 3.210427e-01 3.306642e-01 3.336533e-01 2.960545e-01 2.687057e-01 9.057409e-02
<GCONST> 9.152873e+01
<TRANSP> 5
 0.000000e+00 1.000000e+00 0.000000e+00 0.000000e+00 0.000000e+00
 0.000000e+00 9.286061e-01 7.139388e-02 0.000000e+00 0.000000e+00
 0.000000e+00 0.000000e+00 9.551675e-01 4.483252e-02 0.000000e+00
 0.000000e+00 0.000000e+00 0.000000e+00 9.964107e-01 3.589244e-03
 0.000000e+00 0.000000e+00 0.000000e+00 0.000000e+00 0.000000e+00
<ENDHMM>
~h "kn"
<BEGINHMM>
<NUMSTATES> 5
<STATE> 2
<NUMMIXES> 2
<MIXTURE> 1 5.000000e-01
<MEAN> 39
 -3.144139e+00 4.818902e-01 -7.596114e-01 -2.239383e+00 -2.113751e+00 1.912268e-01 1.008771e+00 4.122627e-02 1.906062e+00 4.235156e-01 7.782657e-01 -1.059969e+00 3.564964e+00 5.366032e-01 5.172421e-01 2.278761e-01 4.103951e-01 5.686551e-01 -1.229239e-01 9.403581e-01 3.939065e-01 1.512570e+00 6.304322e-01 4.677176e-01 6.839721e-01 2.857132e+00 6.611615e-02 1.969076e-01 2.337690e-01 1.904589e-01 3.260703e-01 3.680044e-01 9.046677e-02 2.446015e-01 -6.799090e-02 6.162013e-02 1.072099e-01 2.409794e-01 -3.072779e-01
<VARIANCE> 39
 2.068964e+01 1.561811e+01 1.776262e+01 9.813019e+00 1.660707e+01 2.474879e+01 2.469738e+01 4.850275e+01 3.240013e+01 2.147634e+01 2.136614e+01 1.895786e+01 8.956712e+01 2.726310e+00 1.645945e+00 2.022634e+00 1.017222e+00 1.643777e+00 2.208275e+00 2.919737e+00 6.220683e+00 3.499974e+00 2.127896e+00 1.982574e+00 2.363838e+00 7.008293e+00 3.922569e-01 2.027356e-01 2.958023e-01 1.438321e-01 2.133039e-01 3.316845e-01 4.895952e-01 8.752744e-01 6.629810e-01 3.399709e-01 2.983711e-01 3.458975e-01 1.166952e+00
<GCONST> 1.118867e+02
<MIXTURE> 2 5.000000e-01
<MEAN> 39
 -4.963573e+00 -1.098900e+00 -2.445441e+00 -3.492413e+00 -3.743823e+00 -1.798699e+00 -9.790877e-01 -2.744530e+00 -3.707823e-01 -1.430187e+00 -1.070675e+00 -2.801594e+00 -2.206322e-01 -1.238584e-01 4.064500e-03 -3.410012e-01 6.965443e-03 5.581564e-02 -7.173345e-01 2.568685e-01 -6.037455e-01 7.642417e-01 4.693979e-02 -9.549801e-02 6.898102e-02 1.798205e+00 -1.844055e-01 1.680285e-02 1.621818e-02 3.875809e-02 1.413309e-01 1.376362e-01 -1.894176e-01 -1.296229e-01 -3.936855e-01 -1.716080e-01 -1.112835e-01 5.727202e-03 -7.393801e-01
<VARIANCE> 39
 2.068964e+01 1.561811e+01 1.776262e+01 9.813019e+00 1.660707e+01 2.474879e+01 2.469738e+01 4.850275e+01 3.240013e+01 2.147634e+01 2.136614e+01 1.895786e+01 8.956712e+01 2.726310e+00 1.645945e+00 2.022634e+00 1.017222e+00 1.643777e+00 2.208275e+00 2.919737e+00 6.220683e+00 3.499974e+00 2.127896e+00 1.982574e+00 2.363838e+00 7.008293e+00 3.922569e-01 2.027356e-01 2.958023e-01 1.438321e-01 2.133039e-01 3.316845e-01 4.895952e-01 8.752744e-01 6.629810e-01 3.399709e-01 2.983711e-01 3.458975e-01 1.166952e+00
<GCONST> 1.118867e+02
<STATE> 3
<NUMMIXES> 2
<MIXTURE> 1 5.000000e-01
<MEAN> 39
 1.037389e+00 3.756046e-01 1.353271e-01 5.744435e-01 6.456722e-01 1.845680e-01 7.226294e-01 5.351192e-01 1.267944e+00 9.160221e-01 1.031420e+00 1.017245e+00 2.291929e+00 1.807990e-01 1.558526e-01 1.937790e-01 2.402463e-01 2.595185e-01 2.434242e-01 2.412260e-01 2.925360e-01 2.386103e-01 2.462664e-01 2.351381e-01 2.612438e-01 2.358253e-01 5.601197e-02 7.593569e-02 7.429939e-02 8.686608e-02 9.823211e-02 1.037331e-01 1.039121e-01 1.240311e-01 1.105229e-01 1.113625e-01 9.916334e-02 9.655137e-02 1.068774e-01
<VARIANCE> 39
 8.606243e+00 1.093085e+01 1.051964e+01 9.401226e+00 1.271800e+01 1.477594e+01 1.595182e+01 2.087553e+01 1.829649e+01 1.560335e+01 1.472164e+01 1.471250e+01 2.271772e+01 4.238734e-01 8.396560e-01 7.979040e-01 9.608464e-01 1.338309e+00 1.371524e+00 1.480526e+00 1.986089e+00 1.797744e+00 1.531597e+00 1.382232e+00 1.431259e+00 2.006284e+00 7.332511e-02 1.624310e-01 1.458609e-01 2.001805e-01 2.830490e-01 2.747514e-01 3.033815e-01 4.168268e-01 3.780820e-01 3.228203e-01 2.779410e-01 2.877191e-01 3.411764e-01
<GCONST> 9.050269e+01
<MIXTURE> 2 5.000000e-01
<MEAN> 39
 -1.360669e-01 -9.468688e-01 -1.162033e+00 -6.520133e-01 -7.808200e-01 -1.353011e+00 -8.749599e-01 -1.292471e+00 -4.430324e-01 -6.640210e-01 -5.033315e-01 -5.170300e-01 3.854048e-01 -7.962322e-02 -2.106783e-01 -1.635229e-01 -1.518448e-01 -2.032227e-01 -2.250242e-01 -2.454815e-01 -2.711787e-01 -2.977096e-01 -2.487645e-01 -2.351353e-01 -2.172972e-01 -3.307481e-01 -5.230247e-02 -8.527523e-02 -7.846757e-02 -9.210007e-02 -1.145773e-01 -1.059338e-01 -1.164082e-01 -1.342174e-01 -1.354306e-01 -1.159066e-01 -1.117171e-01 -1.180064e-01 -1.267638e-01
<VARIANCE> 39
 8.606243e+00 1.093085e+01 1.051964e+01 9.401226e+00 1.271800e+01 1.477594e+01 1.595182e+01 2.087553e+01 1.829649e+01 1.560335e+01 1.472164e+01 1.471250e+01 2.271772e+01 4.238734e-01 8.396560e-01 7.979040e-01 9.608464e-01 1.338309e+00 1.371524e+00 1.480526e+00 1.986089e+00 1.797744e+00 1.531597e+00 1.382232e+00 1.431259e+00 2.006284e+00 7.332511e-02 1.624310e-01 1.458609e-01 2.001805e-01 2.830490e-01 2.747514e-01 3.033815e-01 4.168268e-01 3.780820e-01 3.228203e-01 2.779410e-01 2.877191e-01 3.411764e-01
<GCONST> 9.050269e+01
<STATE> 4
<NUMMIXES> 2
<MIXTURE> 1 5.000000e-01
<MEAN> 39
 2.036028e-01 1.466186e+00 2.312600e+00 1.239301e+00 1.443951e+00 2.526090e+00 9.367766e-01 2.084261e+00 -4.833986e-01 5.401869e-01 3.199691e-02 4.168647e-01 -2.993726e+00 -5.561343e-02 2.335456e-01 3.189519e-01 1.220698e-01 2.048662e-01 4.062831e-01 1.970131e-01 3.991013e-01 1.110182e-01 2.191592e-01 1.553526e-01 1.403442e-01 -4.562522e-01 1.523798e-02 3.717835e-02 4.909395e-02 4.847062e-02 6.690840e-02 7.598792e-02 1.197141e-01 1.118252e-01 1.334280e-01 1.049793e-01 1.117266e-01 9.170225e-02 4.234871e-02
<VARIANCE> 39
 9.898943e+00 9.980034e+00 9.224523e+00 8.179296e+00 1.177546e+01 1.543015e+01 1.344476e+01 1.572801e+01 1.539136e+01 1.531946e+01 1.291218e+01 1.280504e+01 2.309089e+01 1.718470e-01 3.258694e-01 4.864388e-01 6.459869e-01 9.959474e-01 1.080786e+00 1.266966e+00 1.300157e+00 1.497363e+00 1.389629e+00 1.243086e+00 1.179225e+00 1.198872e-01 2.193858e-02 5.302511e-02 9.149477e-02 1.309722e-01 1.989482e-01 2.090188e-01 2.608757e-01 2.593859e-01 3.044866e-01 2.804720e-01 2.482051e-01 2.384343e-01 7.997117e-03
<GCONST> 7.321696e+01
<MIXTURE> 2 5.000000e-01
<MEAN> 39
 -1.054901e+00 2.025381e-01 1.097724e+00 9.532213e-02 7.133508e-02 9.548404e-01 -5.299072e-01 4.979189e-01 -2.052671e+00 -1.025416e+00 -1.405344e+00 -1.014500e+00 -4.915846e+00 -2.214312e-01 5.205750e-03 3.997126e-02 -1.994235e-01 -1.943225e-01 -9.560317e-03 -2.532253e-01 -5.699635e-02 -3.784490e-01 -2.523709e-01 -2.906224e-01 -2.940243e-01 -5.947511e-01 -4.400874e-02 -5.493038e-02 -7.189845e-02 -9.628970e-02 -1.115061e-01 -1.068864e-01 -8.458984e-02 -9.189457e-02 -8.729323e-02 -1.068591e-01 -8.755415e-02 -1.036167e-01 6.578069e-03
<VARIANCE> 39
 9.898943e+00 9.980034e+00 9.224523e+00 8.179296e+00 1.177546e+01 1.543015e+01 1.344476e+01 1.572801e+01 1.539136e+01 1.531946e+01 1.291218e+01 1.280504e+01 2.309089e+01 1.718470e-01 3.258694e-01 4.864388e-01 6.459869e-01 9.959474e-01 1.080786e+00 1.266966e+00 1.300157e+00 1.497363e+00 1.389629e+00 1.243086e+00 1.179225e+00 1.198872e-01 2.193858e-02 5.302511e-02 9.149477e-02 1.309722e-01 1.989482e-01 2.090188e-01 2.608757e-01 2.593859e-01 3.044866e-01 2.804720e-01 2.482051e-01 2.384343e-01 7.997117e-03
<GCONST> 7.321696e+01
<TRANSP> 5
 0.000000e+00 1.000000e+00 0.000000e+00 0.000000e+00 0.000000e+00
 0.000000e+00 7.958865e-01 2.041135e-01 0.000000e+00 0.000000e+00
 0.000000e+00 0.000000e+00 9.852197e-01 1.478025e-02 0.000000e+00
 0.000000e+00 0.000000e+00 0.000000e+00 9.599572e-01 4.004284e-02
 0.000000e+00 0.000000e+00 0.000000e+00 0.000000e+00 0.000000e+00
<ENDHMM>
~h "kt"
<BEGINHMM>
<NUMSTATES> 5
<STATE> 2
<NUMMIXES> 2
<MIXTURE> 1 5.000000e-01
<MEAN> 39
 8.680897e-01 1.238956e-01 7.901498e-01 1.920787e-01 2.734034e-01 8.608609e-01 7.860686e-01 1.181202e+00 1.213323e+00 1.094407e+00 1.053703e+00 9.180638e-01 9.799222e-01 1.402096e-01 1.707352e-01 1.433080e-01 2.070718e-01 2.129101e-01 2.017204e-01 2.533760e-01 2.578322e-01 2.669807e-01 2.585252e-01 2.431297e-01 2.254727e-01 3.293332e-01 9.091722e-02 6.491926e-02 8.422154e-02 9.112609e-02 1.045379e-01 1.152695e-01 1.122211e-01 1.140572e-01 1.124348e-01 1.128354e-01 1.126646e-01 9.978081e-02 9.610771e-02
<VARIANCE> 39
 1.338512e+01 8.066419e+00 9.229756e+00 1.102439e+01 1.305590e+01 1.616717e+01 1.585249e+01 1.683627e+01 1.614645e+01 1.545503e+01 1.464238e+01 1.273441e+01 1.936087e+01 1.064699e+00 5.597525e-01 8.105065e-01 9.320323e-01 1.231684e+00 1.563445e+00 1.576313e+00 1.669209e+00 1.650287e+00 1.709489e+00 1.524527e+00 1.290213e+00 1.476810e+00 1.914710e-01 1.058058e-01 1.585224e-01 1.804195e-01 2.459441e-01 3.106163e-01 3.224878e-01 3.359301e-01 3.324674e-01 3.484212e-01 3.046052e-01 2.574918e-01 2.499215e-01
<GCONST> 9.022442e+01
<MIXTURE> 2 5.000000e-01
<MEAN> 39
 -5.953376e-01 -1.012162e+00 -4.250708e-01 -1.136041e+00 -1.171915e+00 -7.474759e-01 -8.065389e-01 -4.600792e-01 -3.939833e-01 -4.781083e-01 -4.769120e-01 -5.093485e-01 -7.801174e-01 -2.725275e-01 -1.285312e-01 -2.168045e-01 -1.790955e-01 -2.310150e-01 -2.984307e-01 -2.488292e-01 -2.589593e-01 -2.468733e-01 -2.644645e-01 -2.507572e-01 -2.288775e-01 -1.567631e-01 -8.411237e-02 -6.519195e-02 -7.503794e-02 -7.877719e-02 -9.383313e-02 -1.076624e-01 -1.149310e-01 -1.177807e-01 -1.182052e-01 -1.232734e-01 -1.080996e-01 -1.031938e-01 -1.038609e-01
<VARIANCE> 39
 1.338512e+01 8.066419e+00 9.229756e+00 1.102439e+01 1.305590e+01 1.616717e+01 1.585249e+01 1.683627e+01 1.614645e+01 1.545503e+01 1.464238e+01 1.273441e+01 1.936087e+01 1.064699e+00 5.597525e-01 8.105065e-01 9.320323e-01 1.231684e+00 1.563445e+00 1.576313e+00 1.669209e+00 1.650287e+00 1.709489e+00 1.524527e+00 1.290213e+00 1.476810e+00 1.914710e-01 1.058058e-01 1.585224e-01 1.804195e-01 2.459441e-01 3.106163e-01 3.224878e-01 3.359301e-01 3.324674e-01 3.484212e-01 3.046052e-01 2.574918e-01 2.499215e-01
<GCONST> 9.022442e+01
<STATE> 3
<NUMMIXES> 2
<MIXTURE> 1 5.000000e-01
<MEAN> 39
 -5.612402e-01 6.911256e-01 2.867623e-01 1.340552e+00 8.811409e-01 -5.936837e-02 5.070136e-01 1.957824e-01 7.114694e-01 6.636965e-01 5.011824e-01 7.591707e-01 2.139041e+00 1.994839e-01 1.306012e-01 1.699872e-01 1.950697e-01 2.279186e-01 2.740985e-01 2.784262e-01 2.409179e-01 2.620996e-01 2.777556e-01 2.643694e-01 2.272530e-01 2.039238e-01 8.449078e-02 5.671797e-02 7.449459e-02 8.035683e-02 9.950421e-02 1.225023e-01 1.225011e-01 1.202958e-01 1.231522e-01 1.366449e-01 1.123777e-01 1.056026e-01 9.254469e-02
<VARIANCE> 39
 8.344293e+00 5.049667e+00 7.259986e+00 1.054969e+01 1.254570e+01 1.632461e+01 1.682945e+01 1.575770e+01 1.770963e+01 1.803306e+01 1.620583e+01 1.313461e+01 1.405436e+01 7.704524e-01 4.243471e-01 6.694736e-01 9.084085e-01 1.228166e+00 1.663803e+00 1.727706e+00 1.606537e+00 1.744511e+00 2.026266e+00 1.616841e+00 1.332296e+00 1.383653e+00 1.537532e-01 8.341029e-02 1.354443e-01 1.827804e-01 2.500803e-01 3.540940e-01 3.596523e-01 3.328474e-01 3.535302e-01 4.311951e-01 3.204966e-01 2.727694e-01 2.710007e-01
<GCONST> 8.867838e+01
<MIXTURE> 2 5.000000e-01
<MEAN> 39
 -1.716700e+00 -2.077330e-01 -7.910121e-01 4.134023e-02 -5.356555e-01 -1.675517e+00 -1.133935e+00 -1.392056e+00 -9.718430e-01 -1.034917e+00 -1.109076e+00 -6.904975e-01 6.394751e-01 -1.516177e-01 -1.299666e-01 -1.572983e-01 -1.861722e-01 -2.153721e-01 -2.418554e-01 -2.473427e-01 -2.660791e-01 -2.662202e-01 -2.916323e-01 -2.442509e-01 -2.344475e-01 -2.665914e-01 -7.235473e-02 -5.880539e-02 -7.271644e-02 -9.065447e-02 -1.005279e-01 -1.155209e-01 -1.173830e-01 -1.104759e-01 -1.146814e-01 -1.260169e-01 -1.140720e-01 -1.033067e-01 -1.156862e-01
<VARIANCE> 39
 8.344293e+00 5.049667e+00 7.259986e+00 1.054969e+01 1.254570e+01 1.632461e+01 1.682945e+01 1.575770e+01 1.770963e+01 1.803306e+01 1.620583e+01 1.313461e+01 1.405436e+01 7.704524e-01 4.243471e-01 6.694736e-01 9.084085e-01 1.228166e+00 1.663803e+00 1.727706e+00 1.606537e+00 1.744511e+00 2.026266e+00 1.616841e+00 1.332296e+00 1.383653e+00 1.537532e-01 8.341029e-02 1.354443e-01 1.827804e-01 2.500803e-01 3.540940e-01 3.596523e-01 3.328474e-01 3.535302e-01 4.311951e-01 3.204966e-01 2.727694e-01 2.710007e-01
<GCONST> 8.867838e+01
<STATE> 4
<NUMMIXES> 2
<MIXTURE> 1 5.000000e-01
<MEAN> 39
 1.225529e+00 5.678415e-01 6.527308e-01 4.212294e-01 7.980766e-01 1.266874e+00 9.572494e-01 9.925737e-01 7.153875e-01 7.718295e-01 8.080193e-01 6.136782e-01 -2.106355e-01 1.893333e-01 1.296144e-01 1.708191e-01 1.679856e-01 2.187418e-01 2.443534e-01 2.442282e-01 2.532355e-01 2.468130e-01 2.538390e-01 2.415390e-01 2.223369e-01 1.312834e-01 6.884357e-02 6.047125e-02 7.062034e-02 8.219454e-02 9.576473e-02 1.022609e-01 1.088966e-01 1.111814e-01 1.123619e-01 1.132539e-01 1.077040e-01 1.013368e-01 7.096250e-02
<VARIANCE> 39
 9.517897e+00 6.993941e+00 8.401155e+00 1.001174e+01 1.284872e+01 1.537991e+01 1.483967e+01 1.560094e+01 1.621410e+01 1.553909e+01 1.397372e+01 1.283072e+01 1.021927e+01 6.641818e-01 4.834556e-01 6.369344e-01 8.248152e-01 1.119716e+00 1.312105e+00 1.487447e+00 1.525277e+00 1.571381e+00 1.570739e+00 1.438401e+00 1.259690e+00 6.569263e-01 1.234874e-01 9.302369e-02 1.254694e-01 1.647381e-01 2.261318e-01 2.667457e-01 3.069772e-01 3.103875e-01 3.214552e-01 3.238248e-01 2.924586e-01 2.529460e-01 1.163825e-01
<GCONST> 8.406105e+01
<MIXTURE> 2 5.000000e-01
<MEAN> 39
 -8.514404e-03 -4.900009e-01 -5.066590e-01 -8.444240e-01 -6.357278e-01 -3.018150e-01 -5.836424e-01 -5.873473e-01 -8.952820e-01 -8.049566e-01 -6.872383e-01 -8.191216e-01 -1.489339e+00 -1.366561e-01 -1.485095e-01 -1.484136e-01 -1.952918e-01 -2.045248e-01 -2.138352e-01 -2.436155e-01 -2.407729e-01 -2.546059e-01 -2.474776e-01 -2.381945e-01 -2.266068e-01 -1.929206e-01 -7.171953e-02 -6.152789e-02 -7.106631e-02 -8.015724e-02 -9.444855e-02 -1.043288e-01 -1.127255e-01 -1.116683e-01 -1.144262e-01 -1.143685e-01 -1.086138e-01 -9.983817e-02 -6.549702e-02
<VARIANCE> 39
 9.517897e+00 6.993941e+00 8.401155e+00 1.001174e+01 1.284872e+01 1.537991e+01 1.483967e+01 1.560094e+01 1.621410e+01 1.553909e+01 1.397372e+01 1.283072e+01 1.021927e+01 6.641818e-01 4.834556e-01 6.369344e-01 8.248152e-01 1.119716e+00 1.312105e+00 1.487447e+00 1.525277e+00 1.571381e+00 1.570739e+00 1.438401e+00 1.259690e+00 6.569263e-01 1.234874e-01 9.302369e-02 1.254694e-01 1.647381e-01 2.261318e-01 2.667457e-01 3.069772e-01 3.103875e-01 3.214552e-01 3.238248e-01 2.924586e-01 2.529460e-01 1.163825e-01
<GCONST> 8.406105e+01
<TRANSP> 5
 0.000000e+00 1.000000e+00 0.000000e+00 0.000000e+00 0.000000e+00
 0.000000e+00 9.851124e-01 1.488759e-02 0.000000e+00 0.000000e+00
 0.000000e+00 0.000000e+00 9.896595e-01 1.034052e-02 0.000000e+00
 0.000000e+00 0.000000e+00 0.000000e+00 9.939743e-01 6.025680e-03
 0.000000e+00 0.000000e+00 0.000000e+00 0.000000e+00 0.000000e+00
<ENDHMM>
~h "pr"
<BEGINHMM>
<NUMSTATES> 5
<STATE> 2
<NUMMIXES> 2
<MIXTURE> 1 5.000000e-01
<MEAN> 39
 -3.274962e-01 8.205629e-01 9.513646e-01 1.272142e+00 3.760216e+00 9.716462e-01 1.081201e-01 1.579775e-01 9.768704e-01 1.192270e+00 1.765157e+00 1.964690e+00 1.843202e+00 1.192880e-01 1.410482e-01 2.468886e-01 2.432152e-01 2.882812e-01 3.166820e-01 3.189487e-01 2.779578e-01 3.438498e-01 2.525996e-01 3.319597e-01 3.726956e-01 2.630480e-01 1.058762e-01 8.358730e-02 8.359017e-02 1.148931e-01 1.143777e-01 1.270971e-01 1.316452e-01 1.484321e-01 1.368520e-01 1.312307e-01 1.462837e-01 1.153428e-01 4.506496e-02
<VARIANCE> 39
 1.901648e+01 1.822567e+01 2.230976e+01 2.985022e+01 6.237605e+01 4.233973e+01 5.135994e+01 5.028621e+01 4.098745e+01 3.423992e+01 5.088794e+01 4.749930e+01 1.193797e+01 1.099458e+00 8.856680e-01 1.229726e+00 1.688272e+00 1.847288e+00 2.294391e+00 2.443232e+00 2.810669e+00 2.589782e+00 2.236900e+00 2.895314e+00 2.416687e+00 7.511666e-01 1.662170e-01 1.461621e-01 2.115060e-01 2.937184e-01 3.258825e-01 4.105056e-01 4.461301e-01 4.864248e-01 4.893052e-01 3.984527e-01 5.307907e-01 4.306066e-01 1.072442e-01
<GCONST> 1.093906e+02
<MIXTURE> 2 5.000000e-01
<MEAN> 39
 -2.071812e+00 -8.870985e-01 -9.379637e-01 -9.132721e-01 6.010758e-01 -1.631113e+00 -2.758514e+00 -2.678534e+00 -1.583987e+00 -1.148326e+00 -1.088275e+00 -7.920990e-01 4.611476e-01 -3.001322e-01 -2.353915e-01 -1.966835e-01 -2.765188e-01 -2.553788e-01 -2.892080e-01 -3.062850e-01 -3.926443e-01 -2.998622e-01 -3.456512e-01 -3.486652e-01 -2.491323e-01 -8.363149e-02 -5.720270e-02 -6.933731e-02 -1.003690e-01 -1.018900e-01 -1.139668e-01 -1.291858e-01 -1.355267e-01 -1.305446e-01 -1.429494e-01 -1.212618e-01 -1.451378e-01 -1.471397e-01 -8.592769e-02
<VARIANCE> 39
 1.901648e+01 1.822567e+01 2.230976e+01 2.985022e+01 6.237605e+01 4.233973e+01 5.135994e+01 5.028621e+01 4.098745e+01 3.423992e+01 5.088794e+01 4.749930e+01 1.193797e+01 1.099458e+00 8.856680e-01 1.229726e+00 1.688272e+00 1.847288e+00 2.294391e+00 2.443232e+00 2.810669e+00 2.589782e+00 2.236900e+00 2.895314e+00 2.416687e+00 7.511666e-01 1.662170e-01 1.461621e-01 2.115060e-01 2.937184e-01 3.258825e-01 4.105056e-01 4.461301e-01 4.864248e-01 4.893052e-01 3.984527e-01 5.307907e-01 4.306066e-01 1.072442e-01
<GCONST> 1.093906e+02
<STATE> 3
<NUMMIXES> 2
<MIXTURE> 1 5.000000e-01
<MEAN> 39
 -4.074634e+00 1.041823e-01 2.663466e+00 9.479827e-01 2.488023e+00 3.289795e+00 -7.361063e-01 -1.991548e+00 3.442554e+00 -2.774564e+00 1.986891e+00 1.745689e+00 4.210150e+00 1.806027e-01 1.076225e-01 1.472910e-01 1.445941e-01 2.228503e-01 2.678860e-01 2.495084e-01 2.534877e-01 2.743880e-01 2.739504e-01 2.470966e-01 2.540846e-01 4.612216e-02 6.815348e-02 5.767360e-02 6.589408e-02 7.757474e-02 1.015066e-01 1.093871e-01 1.121825e-01 1.182629e-01 1.122329e-01 1.252135e-01 1.200598e-01 9.671217e-02 3.950059e-02
<VARIANCE> 39
 9.386744e+00 1.930688e+01 1.312051e+01 1.572748e+01 3.947659e+01 3.116199e+01 2.628283e+01 2.372425e+01 2.229096e+01 2.265780e+01 2.734966e+01 2.242062e+01 5.853447e+00 4.732385e-01 4.086486e-01 5.483129e-01 8.431994e-01 1.251025e+00 1.623790e+00 1.560665e+00 1.425361e+00 1.639163e+00 1.784073e+00 1.868255e+00 1.252323e+00 2.019630e-01 1.070268e-01 7.630179e-02 1.024019e-01 1.665635e-01 2.578245e-01 3.380177e-01 3.160526e-01 2.896102e-01 3.383611e-01 3.459090e-01 3.781182e-01 2.545295e-01 4.423133e-02
<GCONST> 8.826984e+01
<MIXTURE> 2 5.000000e-01
<MEAN> 39
 -5.300146e+00 -1.653402e+00 1.214576e+00 -6.383328e-01 -2.519298e-02 1.056878e+00 -2.786777e+00 -3.939850e+00 1.554022e+00 -4.678572e+00 -1.049851e-01 -1.483279e-01 3.242394e+00 -9.456667e-02 -1.480800e-01 -1.489016e-01 -2.227095e-01 -2.245466e-01 -2.418261e-01 -2.501980e-01 -2.240662e-01 -2.377313e-01 -2.603264e-01 -2.996399e-01 -1.935444e-01 -1.336390e-01 -6.270633e-02 -5.281752e-02 -6.210710e-02 -8.567402e-02 -1.015991e-01 -1.231700e-01 -1.126918e-01 -9.699886e-02 -1.204424e-01 -1.100426e-01 -1.259055e-01 -1.050915e-01 -4.462439e-02
<VARIANCE> 39
 9.386744e+00 1.930688e+01 1.312051e+01 1.572748e+01 3.947659e+01 3.116199e+01 2.628283e+01 2.372425e+01 2.229096e+01 2.265780e+01 2.734966e+01 2.242062e+01 5.853447e+00 4.732385e-01 4.086486e-01 5.483129e-01 8.431994e-01 1.251025e+00 1.623790e+00 1.560665e+00 1.425361e+00 1.639163e+00 1.784073e+00 1.868255e+00 1.252323e+00 2.019630e-01 1.070268e-01 7.630179e-02 1.024019e-01 1.665635e-01 2.578245e-01 3.380177e-01 3.160526e-01 2.896102e-01 3.383611e-01 3.459090e-01 3.781182e-01 2.545295e-01 4.423133e-02
<GCONST> 8.826984e+01
<STATE> 4
<NUMMIXES> 2
<MIXTURE> 1 5.000000e-01
<MEAN> 39
 2.854307e+00 1.154982e+00 4.409310e-01 1.210941e+00 2.317399e-01 5.696449e-01 1.998551e+00 2.517637e+00 5.344646e-01 2.557454e+00 8.200907e-01 8.695928e-01 -7.010447e-01 1.572891e-01 1.606708e-01 1.417695e-01 2.208552e-01 2.018324e-01 2.286871e-01 2.446613e-01 2.644042e-01 2.449718e-01 2.727143e-01 2.609451e-01 2.125528e-01 5.761092e-02 4.828086e-02 5.697312e-02 6.968528e-02 8.555503e-02 9.286091e-02 1.062901e-01 1.079068e-01 1.087011e-01 1.144346e-01 1.141336e-01 1.117432e-01 1.018135e-01 3.722755e-02
<VARIANCE> 39
 2.484294e+01 1.956794e+01 3.027506e+01 4.246970e+01 3.217545e+01 3.806211e+01 3.058893e+01 3.788305e+01 4.321770e+01 4.209892e+01 3.688519e+01 4.038541e+01 1.679698e+01 3.498469e-01 4.735708e-01 6.525210e-01 9.615116e-01 1.117571e+00 1.454900e+00 1.505801e+00 1.638201e+00 1.711446e+00 1.700794e+00 1.564469e+00 1.394756e+00 2.113460e-01 6.098641e-02 8.221211e-02 1.209538e-01 1.736976e-01 2.158280e-01 2.796021e-01 2.924589e-01 3.086812e-01 3.246023e-01 3.306650e-01 3.034171e-01 2.661088e-01 3.321976e-02
<GCONST> 9.371790e+01
<MIXTURE> 2 5.000000e-01
<MEAN> 39
 8.605992e-01 -6.144442e-01 -1.759980e+00 -1.395810e+00 -2.037197e+00 -1.898135e+00 -2.137393e-01 5.566883e-02 -2.095142e+00 -3.789353e-02 -1.609237e+00 -1.672388e+00 -2.340409e+00 -7.930236e-02 -1.145951e-01 -1.813457e-01 -1.713716e-01 -2.210286e-01 -2.537898e-01 -2.461830e-01 -2.475647e-01 -2.783172e-01 -2.489437e-01 -2.393699e-01 -2.598463e-01 -1.262786e-01 -5.050085e-02 -5.771751e-02 -6.942837e-02 -8.115315e-02 -9.296826e-02 -1.052196e-01 -1.084111e-01 -1.135353e-01 -1.134609e-01 -1.158804e-01 -1.085901e-01 -1.045294e-01 -3.567760e-02
<VARIANCE> 39
 2.484294e+01 1.956794e+01 3.027506e+01 4.246970e+01 3.217545e+01 3.806211e+01 3.058893e+01 3.788305e+01 4.321770e+01 4.209892e+01 3.688519e+01 4.038541e+01 1.679698e+01 3.498469e-01 4.735708e-01 6.525210e-01 9.615116e-01 1.117571e+00 1.454900e+00 1.505801e+00 1.638201e+00 1.711446e+00 1.700794e+00 1.564469e+00 1.394756e+00 2.113460e-01 6.098641e-02 8.221211e-02 1.209538e-01 1.736976e-01 2.158280e-01 2.796021e-01 2.924589e-01 3.086812e-01 3.246023e-01 3.306650e-01 3.034171e-01 2.661088e-01 3.321976e-02
<GCONST> 9.371790e+01
<TRANSP> 5
 0.000000e+00 1.000000e+00 0.000000e+00 0.000000e+00 0.000000e+00
 0.000000e+00 9.810163e-01 1.898368e-02 0.000000e+00 0.000000e+00
 0.000000e+00 0.000000e+00 9.875630e-01 1.243697e-02 0.000000e+00
 0.000000e+00 0.000000e+00 0.000000e+00 9.957793e-01 4.220688e-03
 0.000000e+00 0.000000e+00 0.000000e+00 0.000000e+00 0.000000e+00
<ENDHMM>
~h "pw"
<BEGINHMM>
<NUMSTATES> 5
<STATE> 2
<NUMMIXES> 2
<MIXTURE> 1 5.000000e-01
<MEAN> 39
 7.515073e-03 1.686906e+00 8.426793e-01 8.540246e-01 1.117722e+00 1.581355e+00 1.457471e+00 1.624526e+00 1.118043e+00 9.619894e-01 7.351269e-01 5.912915e-01 -8.519131e-02 1.461707e-01 1.667641e-01 1.694625e-01 1.884983e-01 2.113329e-01 2.300408e-01 2.419875e-01 2.447198e-01 2.493035e-01 2.419379e-01 2.447707e-01 2.254698e-01 1.521162e-01 6.022429e-02 6.995206e-02 7.051009e-02 8.410572e-02 9.299062e-02 1.041339e-01 1.069462e-01 1.107274e-01 1.111390e-01 1.096811e-01 1.095289e-01 1.019712e-01 5.818504e-02
<VARIANCE> 39
 1.450167e+01 1.887802e+01 1.030125e+01 1.084296e+01 1.387607e+01 1.610555e+01 1.640218e+01 1.808182e+01 1.602698e+01 1.495843e+01 1.445361e+01 1.268012e+01 1.962602e+01 5.543912e-01 7.379866e-01 6.935210e-01 8.903244e-01 1.125229e+00 1.390684e+00 1.447792e+00 1.544618e+00 1.561078e+00 1.467136e+00 1.477840e+00 1.267263e+00 5.324559e-01 9.049090e-02 1.262441e-01 1.329450e-01 1.759655e-01 2.227782e-01 2.836018e-01 2.937976e-01 3.100628e-01 3.198215e-01 2.955311e-01 3.052526e-01 2.581907e-01 7.803814e-02
<GCONST> 8.664177e+01
<MIXTURE> 2 5.000000e-01
<MEAN> 39
 -1.515727e+00 -5.104810e-02 -4.411431e-01 -4.631214e-01 -3.723019e-01 -2.391404e-02 -1.625134e-01 -7.638317e-02 -4.833050e-01 -5.850558e-01 -7.855893e-01 -8.330747e-01 -1.857242e+00 -1.516591e-01 -1.768605e-01 -1.636491e-01 -1.889298e-01 -2.129743e-01 -2.416682e-01 -2.393095e-01 -2.524108e-01 -2.504690e-01 -2.425637e-01 -2.414951e-01 -2.248214e-01 -1.397621e-01 -6.010254e-02 -7.217132e-02 -7.533641e-02 -8.368725e-02 -9.580693e-02 -1.088832e-01 -1.098662e-01 -1.120058e-01 -1.150721e-01 -1.077700e-01 -1.114698e-01 -1.012787e-01 -5.355619e-02
<VARIANCE> 39
 1.450167e+01 1.887802e+01 1.030125e+01 1.084296e+01 1.387607e+01 1.610555e+01 1.640218e+01 1.808182e+01 1.602698e+01 1.495843e+01 1.445361e+01 1.268012e+01 1.962602e+01 5.543912e-01 7.379866e-01 6.935210e-01 8.903244e-01 1.125229e+00 1.390684e+00 1.447792e+00 1.544618e+00 1.561078e+00 1.467136e+00 1.477840e+00 1.267263e+00 5.324559e-01 9.049090e-02 1.262441e-01 1.329450e-01 1.759655e-01 2.227782e-01 2.836018e-01 2.937976e-01 3.100628e-01 3.198215e-01 2.955311e-01 3.052526e-01 2.581907e-01 7.803814e-02
<GCONST> 8.664177e+01
<STATE> 3
<NUMMIXES> 2
<MIXTURE> 1 5.000000e-01
<MEAN> 39
 1.520033e+00 -1.612345e+00 -1.297549e-01 8.977884e-02 -1.091520e-01 -1.578551e+00 -1.382615e+00 -1.811568e+00 -5.298886e-01 -1.798235e-01 4.900004e-01 8.582596e-01 7.186391e+00 1.593339e-01 1.337694e-01 1.533349e-01 1.897883e-01 2.248139e-01 2.118879e-01 2.032155e-01 2.029804e-01 2.140639e-01 2.137870e-01 2.317234e-01 2.371036e-01 5.132270e-01 7.333422e-02 9.052605e-02 7.692274e-02 8.373976e-02 1.186449e-01 1.367456e-01 1.252715e-01 1.287529e-01 1.194221e-01 1.125324e-01 1.100796e-01 1.012188e-01 1.257119e-01
<VARIANCE> 39
 1.726134e+01 2.728462e+01 1.296540e+01 1.259109e+01 1.713119e+01 2.562318e+01 2.335358e+01 2.761279e+01 1.841278e+01 1.619902e+01 1.443402e+01 1.278276e+01 8.276491e+01 6.466550e-01 1.085873e+00 7.401767e-01 8.808661e-01 1.485128e+00 1.916555e+00 1.732719e+00 1.845873e+00 1.558347e+00 1.472137e+00 1.380570e+00 1.301755e+00 3.996238e+00 1.069883e-01 1.664229e-01 1.376945e-01 1.687875e-01 2.904122e-01 3.647532e-01 3.347265e-01 3.547393e-01 3.147964e-01 2.971030e-01 2.805894e-01 2.719816e-01 5.473264e-01
<GCONST> 9.733070e+01
<MIXTURE> 2 5.000000e-01
<MEAN> 39
 -1.418372e-01 -3.701733e+00 -1.570055e+00 -1.329578e+00 -1.764746e+00 -3.603325e+00 -3.315637e+00 -3.913482e+00 -2.246293e+00 -1.789744e+00 -1.029685e+00 -5.718598e-01 3.547382e+00 -1.623256e-01 -2.830516e-01 -1.907992e-01 -1.856296e-01 -2.626494e-01 -3.418709e-01 -3.233157e-01 -3.404712e-01 -2.852712e-01 -2.715397e-01 -2.382672e-01 -2.192743e-01 -2.863968e-01 -5.750205e-02 -7.265381e-02 -7.150611e-02 -8.059527e-02 -9.691476e-02 -1.048336e-01 -1.061508e-01 -1.094871e-01 -1.050048e-01 -1.054962e-01 -1.018032e-01 -1.073886e-01 -1.702141e-01
<VARIANCE> 39
 1.726134e+01 2.728462e+01 1.296540e+01 1.259109e+01 1.713119e+01 2.562318e+01 2.335358e+01 2.761279e+01 1.841278e+01 1.619902e+01 1.443402e+01 1.278276e+01 8.276491e+01 6.466550e-01 1.085873e+00 7.401767e-01 8.808661e-01 1.485128e+00 1.916555e+00 1.732719e+00 1.845873e+00 1.558347e+00 1.472137e+00 1.380570e+00 1.301755e+00 3.996238e+00 1.069883e-01 1.664229e-01 1.376945e-01 1.687875e-01 2.904122e-01 3.647532e-01 3.347265e-01 3.547393e-01 3.147964e-01 2.971030e-01 2.805894e-01 2.719816e-01 5.473264e-01
<GCONST> 9.733070e+01
<STATE> 4
<NUMMIXES> 2
<MIXTURE> 1 5.000000e-01
<MEAN> 39
 9.473068e-01 1.128214e+00 7.592237e-01 7.142969e-01 7.870524e-01 1.123007e+00 1.088907e+00 1.223431e+00 1.006735e+00 9.318688e-01 8.219987e-01 7.408115e-01 3.301277e-01 1.552954e-01 1.872922e-01 1.669217e-01 1.835226e-01 2.190552e-01 2.589115e-01 2.533491e-01 2.639925e-01 2.549596e-01 2.513873e-01 2.390936e-01 2.230375e-01 1.611327e-01 5.943526e-02 7.084816e-02 7.034757e-02 8.078302e-02 9.385666e-02 1.074680e-01 1.067511e-01 1.098084e-01 1.098296e-01 1.104670e-01 1.068602e-01 1.026587e-01 7.352180e-02
<VARIANCE> 39
 1.469722e+01 1.976649e+01 1.074293e+01 1.090982e+01 1.370795e+01 1.942552e+01 1.779653e+01 2.106742e+01 1.733320e+01 1.567969e+01 1.403462e+01 1.293546e+01 3.122892e+01 5.358450e-01 7.776636e-01 6.636658e-01 8.537146e-01 1.144292e+00 1.465700e+00 1.458251e+00 1.565052e+00 1.526997e+00 1.502857e+00 1.404553e+00 1.281691e+00 9.116497e-01 8.778186e-02 1.284949e-01 1.246998e-01 1.669603e-01 2.262636e-01 2.935751e-01 2.903272e-01 3.118926e-01 3.094143e-01 3.080615e-01 2.859776e-01 2.635229e-01 1.299042e-01
<GCONST> 8.864967e+01
<MIXTURE> 2 5.000000e-01
<MEAN> 39
 -5.861714e-01 -6.501673e-01 -5.518327e-01 -6.069037e-01 -6.939175e-01 -6.399686e-01 -5.985305e-01 -6.125396e-01 -6.585915e-01 -6.520348e-01 -6.765137e-01 -6.978246e-01 -1.905186e+00 -1.375104e-01 -1.654487e-01 -1.589410e-01 -1.860641e-01 -2.088311e-01 -2.253529e-01 -2.296832e-01 -2.364157e-01 -2.393273e-01 -2.389770e-01 -2.349617e-01 -2.298097e-01 -2.207887e-01 -5.907676e-02 -7.253658e-02 -7.090387e-02 -8.266008e-02 -9.641203e-02 -1.092623e-01 -1.087770e-01 -1.135810e-01 -1.126704e-01 -1.115461e-01 -1.070473e-01 -1.026792e-01 -7.064710e-02
<VARIANCE> 39
 1.469722e+01 1.976649e+01 1.074293e+01 1.090982e+01 1.370795e+01 1.942552e+01 1.779653e+01 2.106742e+01 1.733320e+01 1.567969e+01 1.403462e+01 1.293546e+01 3.122892e+01 5.358450e-01 7.776636e-01 6.636658e-01 8.537146e-01 1.144292e+00 1.465700e+00 1.458251e+00 1.565052e+00 1.526997e+00 1.502857e+00 1.404553e+00 1.281691e+00 9.116497e-01 8.778186e-02 1.284949e-01 1.246998e-01 1.669603e-01 2.262636e-01 2.935751e-01 2.903272e-01 3.118926e-01 3.094143e-01 3.080615e-01 2.859776e-01 2.635229e-01 1.299042e-01
<GCONST> 8.864967e+01
<TRANSP> 5
 0.000000e+00 1.000000e+00 0.000000e+00 0.000000e+00 0.000000e+00
 0.000000e+00 9.938440e-01 6.155976e-03 0.000000e+00 0.000000e+00
 0.000000e+00 0.000000e+00 9.879018e-01 1.209817e-02 0.000000e+00
 0.000000e+00 0.000000e+00 0.000000e+00 9.972449e-01 2.755054e-03
 0.000000e+00 0.000000e+00 0.000000e+00 0.000000e+00 0.000000e+00
<ENDHMM>
~h "si"
<BEGINHMM>
<NUMSTATES> 5
<STATE> 2
<NUMMIXES> 2
<MIXTURE> 1 5.000000e-01
<MEAN> 39
 4.730517e-01 7.710492e-01 9.279829e-01 1.019736e+00 8.598874e-01 5.938801e-01 7.025028e-01 3.880263e-01 7.834059e-01 5.814696e-01 5.003715e-01 8.794337e-01 1.453905e+00 1.107669e-01 1.360923e-01 1.421109e-01 1.633714e-01 1.920481e-01 2.246266e-01 2.435342e-01 2.571231e-01 2.471731e-01 2.537512e-01 2.429499e-01 2.183446e-01 8.935843e-02 4.758494e-02 5.990420e-02 6.603345e-02 7.890327e-02 9.118939e-02 1.018158e-01 1.060216e-01 1.081209e-01 1.079758e-01 1.088606e-01 1.069676e-01 9.870397e-02 4.107768e-02
<VARIANCE> 39
 1.421275e+01 1.234538e+01 1.097357e+01 1.260513e+01 1.641274e+01 1.756856e+01 1.753685e+01 1.991893e+01 1.692860e+01 1.637209e+01 1.540508e+01 1.387773e+01 1.784896e+01 3.375919e-01 4.950486e-01 5.784950e-01 8.011318e-01 1.038872e+00 1.258671e+00 1.381515e+00 1.452872e+00 1.443759e+00 1.442277e+00 1.384017e+00 1.210444e+00 3.136469e-01 5.348532e-02 8.630633e-02 1.092565e-01 1.547554e-01 2.033366e-01 2.479836e-01 2.754139e-01 2.868460e-01 2.882580e-01 2.899128e-01 2.782086e-01 2.424501e-01 4.520816e-02
<GCONST> 8.240404e+01
<MIXTURE> 2 5.000000e-01
<MEAN> 39
 -1.034940e+00 -6.343905e-01 -3.970722e-01 -4.004120e-01 -7.606183e-01 -1.082715e+00 -9.725780e-01 -1.397199e+00 -8.623693e-01 -1.037028e+00 -1.069601e+00 -6.106793e-01 -2.360159e-01 -1.216438e-01 -1.453465e-01 -1.621246e-01 -1.946525e-01 -2.156522e-01 -2.241355e-01 -2.266172e-01 -2.250174e-01 -2.334531e-01 -2.266282e-01 -2.276271e-01 -2.217361e-01 -1.346583e-01 -4.492263e-02 -5.760756e-02 -6.618243e-02 -7.845259e-02 -8.918204e-02 -9.737601e-02 -1.038979e-01 -1.061112e-01 -1.067829e-01 -1.065136e-01 -1.040144e-01 -9.825291e-02 -4.397117e-02
<VARIANCE> 39
 1.421275e+01 1.234538e+01 1.097357e+01 1.260513e+01 1.641274e+01 1.756856e+01 1.753685e+01 1.991893e+01 1.692860e+01 1.637209e+01 1.540508e+01 1.387773e+01 1.784896e+01 3.375919e-01 4.950486e-01 5.784950e-01 8.011318e-01 1.038872e+00 1.258671e+00 1.381515e+00 1.452872e+00 1.443759e+00 1.442277e+00 1.384017e+00 1.210444e+00 3.136469e-01 5.348532e-02 8.630633e-02 1.092565e-01 1.547554e-01 2.033366e-01 2.479836e-01 2.754139e-01 2.868460e-01 2.882580e-01 2.899128e-01 2.782086e-01 2.424501e-01 4.520816e-02
<GCONST> 8.240404e+01
<STATE> 3
<NUMMIXES> 2
<MIXTURE> 1 5.000000e-01
<MEAN> 39
 1.055139e+00 6.002553e-01 4.236951e-01 3.985384e-01 7.662132e-01 1.137725e+00 8.009451e-01 1.250847e+00 7.396041e-01 8.651366e-01 8.731761e-01 4.583474e-01 -6.573704e-01 7.496238e-02 1.091622e-01 1.295477e-01 1.603712e-01 1.907441e-01 2.128764e-01 2.250462e-01 2.422131e-01 2.379585e-01 2.406925e-01 2.333649e-01 2.151931e-01 3.593021e-02 3.020963e-02 4.569519e-02 6.066157e-02 7.365043e-02 8.539178e-02 9.208750e-02 9.897773e-02 1.037210e-01 1.062482e-01 1.074306e-01 1.031963e-01 9.716550e-02 2.108833e-02
<VARIANCE> 39
 3.999090e+00 4.404455e+00 6.315822e+00 8.093564e+00 1.147216e+01 1.259069e+01 1.343286e+01 1.491222e+01 1.448878e+01 1.450215e+01 1.367233e+01 1.216733e+01 2.715140e+00 1.434038e-01 2.780054e-01 4.634400e-01 6.736128e-01 9.230108e-01 1.099098e+00 1.245725e+00 1.367447e+00 1.392854e+00 1.421340e+00 1.320079e+00 1.145112e+00 5.291002e-02 2.592706e-02 5.379321e-02 9.166650e-02 1.349488e-01 1.858994e-01 2.225960e-01 2.525424e-01 2.795299e-01 2.848859e-01 2.924426e-01 2.712045e-01 2.335757e-01 8.683877e-03
<GCONST> 6.773721e+01
<MIXTURE> 2 5.000000e-01
<MEAN> 39
 2.552301e-01 -2.392165e-01 -5.815569e-01 -7.394292e-01 -5.886099e-01 -2.816099e-01 -6.650895e-01 -2.938064e-01 -7.829611e-01 -6.581309e-01 -6.058685e-01 -9.369206e-01 -1.316478e+00 -7.651239e-02 -1.017427e-01 -1.427581e-01 -1.679244e-01 -1.935498e-01 -2.064751e-01 -2.214020e-01 -2.255385e-01 -2.341185e-01 -2.361874e-01 -2.262138e-01 -2.128466e-01 -5.607850e-02 -3.419790e-02 -4.707826e-02 -6.044434e-02 -7.329109e-02 -8.707244e-02 -9.663283e-02 -1.020367e-01 -1.077614e-01 -1.072506e-01 -1.088812e-01 -1.051129e-01 -9.615318e-02 -1.618660e-02
<VARIANCE> 39
 3.999090e+00 4.404455e+00 6.315822e+00 8.093564e+00 1.147216e+01 1.259069e+01 1.343286e+01 1.491222e+01 1.448878e+01 1.450215e+01 1.367233e+01 1.216733e+01 2.715140e+00 1.434038e-01 2.780054e-01 4.634400e-01 6.736128e-01 9.230108e-01 1.099098e+00 1.245725e+00 1.367447e+00 1.392854e+00 1.421340e+00 1.320079e+00 1.145112e+00 5.291002e-02 2.592706e-02 5.379321e-02 9.166650e-02 1.349488e-01 1.858994e-01 2.225960e-01 2.525424e-01 2.795299e-01 2.848859e-01 2.924426e-01 2.712045e-01 2.335757e-01 8.683877e-03
<GCONST> 6.773721e+01
<STATE> 4
<NUMMIXES> 2
<MIXTURE> 1 5.000000e-01
<MEAN> 39
 -5.681244e-01 2.714422e-01 5.497828e-01 8.019644e-01 5.275486e-01 3.887653e-02 8.674888e-01 3.106360e-01 9.847949e-01 8.423184e-01 8.132419e-01 1.257289e+00 2.963880e+00 1.301302e-01 1.590675e-01 1.674462e-01 1.916605e-01 2.093672e-01 2.223984e-01 2.372467e-01 2.369725e-01 2.552608e-01 2.503819e-01 2.432731e-01 2.360699e-01 2.226012e-01 6.103656e-02 6.686955e-02 7.082603e-02 8.284187e-02 9.473205e-02 1.065652e-01 1.094218e-01 1.142977e-01 1.128194e-01 1.109083e-01 1.074264e-01 1.000529e-01 6.622157e-02
<VARIANCE> 39
 1.743295e+01 1.781914e+01 1.144671e+01 1.366015e+01 1.721406e+01 1.926605e+01 1.925681e+01 2.270224e+01 1.918644e+01 1.720851e+01 1.636464e+01 1.542181e+01 2.956938e+01 5.506362e-01 6.628348e-01 6.639911e-01 8.922333e-01 1.149596e+00 1.404434e+00 1.495941e+00 1.634611e+00 1.591221e+00 1.544514e+00 1.441803e+00 1.288421e+00 7.703632e-01 8.533986e-02 1.112871e-01 1.223661e-01 1.709774e-01 2.205969e-01 2.729007e-01 2.938996e-01 3.208249e-01 3.165160e-01 3.086430e-01 2.876738e-01 2.575016e-01 1.103053e-01
<GCONST> 8.934084e+01
<MIXTURE> 2 5.000000e-01
<MEAN> 39
 -2.238236e+00 -1.417067e+00 -8.035368e-01 -6.764212e-01 -1.132045e+00 -1.716848e+00 -8.878145e-01 -1.595239e+00 -7.672983e-01 -8.170072e-01 -8.048874e-01 -3.135355e-01 7.887703e-01 -1.666892e-01 -1.665912e-01 -1.584964e-01 -1.861719e-01 -2.195096e-01 -2.516369e-01 -2.519880e-01 -2.744351e-01 -2.493136e-01 -2.467320e-01 -2.370273e-01 -2.179646e-01 -1.284801e-01 -5.581539e-02 -6.656934e-02 -6.909744e-02 -8.255579e-02 -9.313893e-02 -1.023944e-01 -1.074283e-01 -1.122679e-01 -1.122196e-01 -1.113143e-01 -1.071146e-01 -1.029256e-01 -6.662740e-02
<VARIANCE> 39
 1.743295e+01 1.781914e+01 1.144671e+01 1.366015e+01 1.721406e+01 1.926605e+01 1.925681e+01 2.270224e+01 1.918644e+01 1.720851e+01 1.636464e+01 1.542181e+01 2.956938e+01 5.506362e-01 6.628348e-01 6.639911e-01 8.922333e-01 1.149596e+00 1.404434e+00 1.495941e+00 1.634611e+00 1.591221e+00 1.544514e+00 1.441803e+00 1.288421e+00 7.703632e-01 8.533986e-02 1.112871e-01 1.223661e-01 1.709774e-01 2.205969e-01 2.729007e-01 2.938996e-01 3.208249e-01 3.165160e-01 3.086430e-01 2.876738e-01 2.575016e-01 1.103053e-01
<GCONST> 8.934084e+01
<TRANSP> 5
 0.000000e+00 1.000000e+00 0.000000e+00 0.000000e+00 0.000000e+00
 0.000000e+00 9.859280e-01 1.407202e-02 0.000000e+00 0.000000e+00
 0.000000e+00 0.000000e+00 9.933152e-01 6.684775e-03 0.000000e+00
 0.000000e+00 0.000000e+00 0.000000e+00 9.820207e-01 1.797928e-02
 0.000000e+00 0.000000e+00 0.000000e+00 0.000000e+00 0.000000e+00
<ENDHMM>
~h "st"
<BEGINHMM>
<NUMSTATES> 5
<STATE> 2
<NUMMIXES> 2
<MIXTURE> 1 5.000000e-01
<MEAN> 39
 -5.715907e-03 6.352937e-02 7.734109e-01 3.266915e-01 6.324342e-01 -5.605614e-01 2.788776e-01 1.286636e+00 1.256960e+00 4.721586e-01 5.206474e-01 4.387041e-01 4.588395e+00 1.229095e-01 -4.657586e-02 3.325728e-01 1.158732e-02 9.575807e-02 2.074158e-02 1.846937e-01 2.739042e-01 3.004566e-01 2.381154e-01 2.750263e-01 2.643654e-01 1.025922e+00 1.202260e-01 1.341775e-01 8.508258e-02 1.564771e-01 1.687228e-01 2.024326e-01 1.743205e-01 1.280955e-01 1.184911e-01 1.408192e-01 1.209711e-01 1.127297e-01 2.977611e-02
<VARIANCE> 39
 1.676612e+01 2.512445e+01 1.639454e+01 2.558641e+01 2.458897e+01 3.347390e+01 2.318329e+01 1.994040e+01 1.899237e+01 2.015015e+01 1.939255e+01 1.483074e+01 7.203648e+01 1.075434e+00 1.256425e+00 1.069947e+00 1.771010e+00 2.087529e+00 2.565140e+00 2.045776e+00 1.916307e+00 1.773808e+00 2.068038e+00 2.013961e+00 1.541001e+00 4.157576e+00 1.579055e-01 1.933760e-01 1.815616e-01 2.978888e-01 3.739056e-01 4.221876e-01 3.639137e-01 3.620716e-01 3.354179e-01 3.920613e-01 3.841380e-01 2.862093e-01 6.117516e-01
<GCONST> 1.053294e+02
<MIXTURE> 2 5.000000e-01
<MEAN> 39
 -1.643574e+00 -1.941443e+00 -8.461961e-01 -1.696629e+00 -1.351056e+00 -2.874827e+00 -1.647084e+00 -4.995510e-01 -4.862490e-01 -1.323398e+00 -1.240831e+00 -1.101724e+00 1.193423e+00 -2.919030e-01 -4.949374e-01 -8.118019e-02 -5.207299e-01 -4.821733e-01 -6.199006e-01 -3.874288e-01 -2.798187e-01 -2.322809e-01 -3.371116e-01 -2.926301e-01 -2.321828e-01 2.103165e-01 -3.872331e-02 -4.172066e-02 -8.535761e-02 -6.183967e-02 -7.586851e-02 -5.747126e-02 -6.698051e-02 -1.125941e-01 -1.131700e-01 -1.096400e-01 -1.269443e-01 -1.012644e-01 -2.830821e-01
<VARIANCE> 39
 1.676612e+01 2.512445e+01 1.639454e+01 2.558641e+01 2.458897e+01 3.347390e+01 2.318329e+01 1.994040e+01 1.899237e+01 2.015015e+01 1.939255e+01 1.483074e+01 7.203648e+01 1.075434e+00 1.256425e+00 1.069947e+00 1.771010e+00 2.087529e+00 2.565140e+00 2.045776e+00 1.916307e+00 1.773808e+00 2.068038e+00 2.013961e+00 1.541001e+00 4.157576e+00 1.579055e-01 1.933760e-01 1.815616e-01 2.978888e-01 3.739056e-01 4.221876e-01 3.639137e-01 3.620716e-01 3.354179e-01 3.920613e-01 3.841380e-01 2.862093e-01 6.117516e-01
<GCONST> 1.053294e+02
<STATE> 3
<NUMMIXES> 2
<MIXTURE> 1 5.000000e-01
<MEAN> 39
 8.738773e-01 7.392033e-01 7.650179e-01 8.178375e-01 8.549000e-01 9.292967e-01 7.772510e-01 8.059393e-01 8.125361e-01 8.539588e-01 7.997295e-01 7.414818e-01 1.348479e+00 1.499387e-01 1.717730e-01 1.725553e-01 2.152698e-01 2.289964e-01 2.571797e-01 2.529429e-01 2.522956e-01 2.487975e-01 2.498710e-01 2.444163e-01 2.325086e-01 2.390264e-01 6.089561e-02 6.736931e-02 7.221776e-02 9.496395e-02 1.007673e-01 1.099092e-01 1.113675e-01 1.141554e-01 1.123607e-01 1.130261e-01 1.121158e-01 1.048260e-01 9.518087e-02
<VARIANCE> 39
 1.426862e+01 1.401772e+01 1.185884e+01 1.927411e+01 1.815042e+01 2.153155e+01 1.826362e+01 1.853232e+01 1.818629e+01 1.737887e+01 1.517021e+01 1.392857e+01 4.275299e+01 5.906018e-01 6.634747e-01 7.188908e-01 1.176961e+00 1.312376e+00 1.547836e+00 1.557373e+00 1.604849e+00 1.581434e+00 1.572742e+00 1.517773e+00 1.336660e+00 1.691061e+00 9.251319e-02 1.109119e-01 1.365617e-01 2.178791e-01 2.534284e-01 3.022221e-01 3.145969e-01 3.289733e-01 3.215289e-01 3.215603e-01 3.149527e-01 2.747229e-01 2.340384e-01
<GCONST> 9.262883e+01
<MIXTURE> 2 5.000000e-01
<MEAN> 39
 -6.370757e-01 -7.584066e-01 -6.124488e-01 -9.382541e-01 -8.492324e-01 -9.267874e-01 -9.321873e-01 -9.160280e-01 -8.932795e-01 -8.135600e-01 -7.582286e-01 -7.513582e-01 -1.266952e+00 -1.574638e-01 -1.540428e-01 -1.665944e-01 -2.186815e-01 -2.292396e-01 -2.404685e-01 -2.462362e-01 -2.544349e-01 -2.542229e-01 -2.517650e-01 -2.483754e-01 -2.299474e-01 -2.811368e-01 -6.076832e-02 -6.584445e-02 -7.559927e-02 -9.174614e-02 -1.005994e-01 -1.099897e-01 -1.129883e-01 -1.152694e-01 -1.144534e-01 -1.137991e-01 -1.123668e-01 -1.048301e-01 -9.832920e-02
<VARIANCE> 39
 1.426862e+01 1.401772e+01 1.185884e+01 1.927411e+01 1.815042e+01 2.153155e+01 1.826362e+01 1.853232e+01 1.818629e+01 1.737887e+01 1.517021e+01 1.392857e+01 4.275299e+01 5.906018e-01 6.634747e-01 7.188908e-01 1.176961e+00 1.312376e+00 1.547836e+00 1.557373e+00 1.604849e+00 1.581434e+00 1.572742e+00 1.517773e+00 1.336660e+00 1.691061e+00 9.251319e-02 1.109119e-01 1.365617e-01 2.178791e-01 2.534284e-01 3.022221e-01 3.145969e-01 3.289733e-01 3.215289e-01 3.215603e-01 3.149527e-01 2.747229e-01 2.340384e-01
<GCONST> 9.262883e+01
<STATE> 4
<NUMMIXES> 2
<MIXTURE> 1 5.000000e-01
<MEAN> 39
 5.041287e-01 6.786422e-01 5.035188e-01 8.820552e-01 8.145662e-01 1.045133e+00 9.749136e-01 8.374346e-01 7.913822e-01 8.017688e-01 7.579676e-01 7.499396e-01 3.421974e-01 1.266681e-01 1.619589e-01 1.412838e-01 2.264465e-01 2.396272e-01 2.780567e-01 2.580427e-01 2.438442e-01 2.443694e-01 2.496357e-01 2.354708e-01 2.256145e-01 7.409514e-02 4.702739e-02 5.719124e-02 6.783359e-02 8.066669e-02 9.158433e-02 1.033159e-01 1.044905e-01 1.112218e-01 1.126080e-01 1.126075e-01 1.070070e-01 1.011274e-01 5.383974e-02
<VARIANCE> 39
 7.386458e+00 7.895266e+00 8.548524e+00 1.359471e+01 1.510099e+01 1.817980e+01 1.644568e+01 1.682030e+01 1.559019e+01 1.506803e+01 1.371068e+01 1.249680e+01 1.274292e+01 3.469253e-01 4.941439e-01 6.081713e-01 9.569097e-01 1.145061e+00 1.392564e+00 1.417057e+00 1.502746e+00 1.513360e+00 1.494434e+00 1.376019e+00 1.239300e+00 4.512778e-01 5.669504e-02 8.709050e-02 1.165888e-01 1.769373e-01 2.223990e-01 2.715179e-01 2.811714e-01 3.014843e-01 3.078429e-01 3.069425e-01 2.799836e-01 2.526638e-01 6.134648e-02
<GCONST> 8.208987e+01
<MIXTURE> 2 5.000000e-01
<MEAN> 39
 -5.829929e-01 -4.452986e-01 -6.659957e-01 -5.927851e-01 -7.398335e-01 -6.603780e-01 -6.472174e-01 -8.030677e-01 -7.879944e-01 -7.509336e-01 -7.231499e-01 -6.640930e-01 -1.085692e+00 -1.089334e-01 -1.192225e-01 -1.706576e-01 -1.648405e-01 -1.884029e-01 -1.939711e-01 -2.181181e-01 -2.465020e-01 -2.477054e-01 -2.393525e-01 -2.337446e-01 -2.196809e-01 -1.946137e-01 -4.821549e-02 -6.085316e-02 -6.874681e-02 -8.758897e-02 -9.705246e-02 -1.051136e-01 -1.076119e-01 -1.084086e-01 -1.093263e-01 -1.090021e-01 -1.046470e-01 -9.993530e-02 -4.523315e-02
<VARIANCE> 39
 7.386458e+00 7.895266e+00 8.548524e+00 1.359471e+01 1.510099e+01 1.817980e+01 1.644568e+01 1.682030e+01 1.559019e+01 1.506803e+01 1.371068e+01 1.249680e+01 1.274292e+01 3.469253e-01 4.941439e-01 6.081713e-01 9.569097e-01 1.145061e+00 1.392564e+00 1.417057e+00 1.502746e+00 1.513360e+00 1.494434e+00 1.376019e+00 1.239300e+00 4.512778e-01 5.669504e-02 8.709050e-02 1.165888e-01 1.769373e-01 2.223990e-01 2.715179e-01 2.811714e-01 3.014843e-01 3.078429e-01 3.069425e-01 2.799836e-01 2.526638e-01 6.134648e-02
<GCONST> 8.208987e+01
<TRANSP> 5
 0.000000e+00 1.000000e+00 0.000000e+00 0.000000e+00 0.000000e+00
 0.000000e+00 9.176102e-01 8.238979e-02 0.000000e+00 0.000000e+00
 0.000000e+00 0.000000e+00 9.916920e-01 8.307988e-03 0.000000e+00
 0.000000e+00 0.000000e+00 0.000000e+00 9.907052e-01 9.294815e-03
 0.000000e+00 0.000000e+00 0.000000e+00 0.000000e+00 0.000000e+00
<ENDHMM>
~h "spe"
<BEGINHMM>
<NUMSTATES> 5
<STATE> 2
<NUMMIXES> 2
<MIXTURE> 1 5.000000e-01
<MEAN> 39
 8.041573e-01 1.444945e+00 1.853206e+00 7.617382e-01 1.180958e+00 1.442126e+00 1.514979e+00 1.713828e+00 1.106655e+00 1.387516e+00 1.239466e+00 1.097242e+00 1.799775e+00 2.244578e-01 8.863619e-02 3.384039e-01 1.800973e-01 2.269503e-01 2.477923e-01 2.270836e-01 3.599745e-01 3.656604e-01 3.666781e-01 2.781041e-01 2.424268e-01 3.662871e-01 6.125951e-02 7.532511e-02 9.456641e-02 1.290040e-01 1.210001e-01 1.264938e-01 1.239321e-01 1.281735e-01 1.322106e-01 1.218006e-01 1.161095e-01 1.266913e-01 4.723378e-02
<VARIANCE> 39
 3.036806e+01 3.287803e+01 6.400007e+01 6.826162e+01 4.478674e+01 5.286324e+01 4.663128e+01 5.130060e+01 3.655146e+01 3.304261e+01 3.312087e+01 2.868094e+01 3.157420e+01 8.443151e-01 1.308515e+00 1.617391e+00 2.021126e+00 2.318573e+00 2.270676e+00 2.354376e+00 2.781033e+00 2.726128e+00 2.201643e+00 2.222630e+00 1.918289e+00 6.612005e-01 1.115705e-01 1.809072e-01 2.228174e-01 3.149140e-01 3.641979e-01 4.140195e-01 3.978625e-01 4.773380e-01 4.689057e-01 4.023352e-01 4.064754e-01 3.636453e-01 7.060913e-02
<GCONST> 1.112302e+02
<MIXTURE> 2 5.000000e-01
<MEAN> 39
 -1.400132e+00 -8.486292e-01 -1.346796e+00 -2.543085e+00 -1.495958e+00 -1.466158e+00 -1.216505e+00 -1.151149e+00 -1.311657e+00 -9.117925e-01 -1.062563e+00 -1.044942e+00 -4.478618e-01 -1.430887e-01 -3.689252e-01 -1.703028e-01 -3.885679e-01 -3.821241e-01 -3.549582e-01 -3.866754e-01 -3.070827e-01 -2.947792e-01 -2.268393e-01 -3.182354e-01 -3.115825e-01 4.103012e-02 -7.234917e-02 -9.480765e-02 -9.424775e-02 -9.546475e-02 -1.203952e-01 -1.308836e-01 -1.283733e-01 -1.481851e-01 -1.416962e-01 -1.319190e-01 -1.389121e-01 -1.145208e-01 -5.905574e-02
<VARIANCE> 39
 3.036806e+01 3.287803e+01 6.400007e+01 6.826162e+01 4.478674e+01 5.286324e+01 4.663128e+01 5.130060e+01 3.655146e+01 3.304261e+01 3.312087e+01 2.868094e+01 3.157420e+01 8.443151e-01 1.308515e+00 1.617391e+00 2.021126e+00 2.318573e+00 2.270676e+00 2.354376e+00 2.781033e+00 2.726128e+00 2.201643e+00 2.222630e+00 1.918289e+00 6.612005e-01 1.115705e-01 1.809072e-01 2.228174e-01 3.149140e-01 3.641979e-01 4.140195e-01 3.978625e-01 4.773380e-01 4.689057e-01 4.023352e-01 4.064754e-01 3.636453e-01 7.060913e-02
<GCONST> 1.112302e+02
<STATE> 3
<NUMMIXES> 2
<MIXTURE> 1 5.000000e-01
<MEAN> 39
 1.416428e+00 2.948596e-01 2.676111e+00 -9.087038e-02 5.749869e-01 5.967807e-01 -1.235105e+00 2.101554e-01 -3.915341e-01 2.626275e-01 5.673627e-01 1.521952e-01 3.479095e+00 1.233567e-01 2.495372e-01 1.886678e-01 2.743238e-01 3.036327e-01 2.457329e-01 2.557486e-01 2.517580e-01 2.385788e-01 2.393050e-01 2.469508e-01 2.542745e-01 5.615085e-02 5.262498e-02 7.920892e-02 7.314425e-02 9.340647e-02 1.176827e-01 1.164358e-01 1.230913e-01 1.279529e-01 1.253055e-01 1.249965e-01 1.163711e-01 1.095719e-01 2.448386e-02
<VARIANCE> 39
 1.865750e+01 3.241420e+01 5.184824e+01 2.949851e+01 5.562496e+01 4.219555e+01 2.513798e+01 3.936316e+01 2.820815e+01 2.918117e+01 3.211198e+01 2.874786e+01 1.128724e+01 5.869319e-01 9.423104e-01 1.116380e+00 1.213941e+00 1.907765e+00 1.756078e+00 1.572215e+00 2.039311e+00 1.829489e+00 1.872075e+00 1.691029e+00 1.665565e+00 2.436132e-01 7.389449e-02 1.256316e-01 1.612047e-01 2.029488e-01 3.136027e-01 3.134431e-01 3.003229e-01 3.722453e-01 3.552158e-01 3.645527e-01 3.175184e-01 2.971154e-01 2.847327e-02
<GCONST> 9.840365e+01
<MIXTURE> 2 5.000000e-01
<MEAN> 39
 -3.113447e-01 -1.982479e+00 -2.041185e-01 -2.263372e+00 -2.408299e+00 -2.001544e+00 -3.240617e+00 -2.299448e+00 -2.515988e+00 -1.898157e+00 -1.699335e+00 -1.992486e+00 2.135235e+00 -1.830892e-01 -1.387535e-01 -2.339678e-01 -1.663921e-01 -2.488548e-01 -2.843355e-01 -2.458034e-01 -3.194597e-01 -3.024556e-01 -3.079901e-01 -2.732075e-01 -2.619526e-01 -1.412779e-01 -5.610919e-02 -6.256928e-02 -8.745696e-02 -8.679289e-02 -1.063183e-01 -1.075082e-01 -9.611560e-02 -1.160948e-01 -1.130944e-01 -1.165163e-01 -1.090240e-01 -1.084613e-01 -4.301224e-02
<VARIANCE> 39
 1.865750e+01 3.241420e+01 5.184824e+01 2.949851e+01 5.562496e+01 4.219555e+01 2.513798e+01 3.936316e+01 2.820815e+01 2.918117e+01 3.211198e+01 2.874786e+01 1.128724e+01 5.869319e-01 9.423104e-01 1.116380e+00 1.213941e+00 1.907765e+00 1.756078e+00 1.572215e+00 2.039311e+00 1.829489e+00 1.872075e+00 1.691029e+00 1.665565e+00 2.436132e-01 7.389449e-02 1.256316e-01 1.612047e-01 2.029488e-01 3.136027e-01 3.134431e-01 3.003229e-01 3.722453e-01 3.552158e-01 3.645527e-01 3.175184e-01 2.971154e-01 2.847327e-02
<GCONST> 9.840365e+01
<STATE> 4
<NUMMIXES> 2
<MIXTURE> 1 5.000000e-01
<MEAN> 39
 5.720810e-01 1.101941e+00 6.859384e-01 1.391437e+00 1.541052e+00 1.319825e+00 1.785960e+00 1.326529e+00 1.467329e+00 1.202696e+00 1.184996e+00 1.243857e+00 -1.700340e-01 1.121150e-01 1.549896e-01 1.677862e-01 2.086167e-01 2.488231e-01 2.595110e-01 2.643055e-01 2.679439e-01 2.700391e-01 2.635355e-01 2.639791e-01 2.509562e-01 6.955485e-02 4.198922e-02 5.914504e-02 7.143638e-02 8.030348e-02 9.520453e-02 1.028547e-01 1.053704e-01 1.116240e-01 1.124798e-01 1.119236e-01 1.108533e-01 1.064125e-01 2.966594e-02
<VARIANCE> 39
 1.214976e+01 1.980861e+01 2.958275e+01 2.127365e+01 3.887780e+01 3.074527e+01 3.243613e+01 2.770222e+01 2.604069e+01 2.453444e+01 2.642571e+01 2.367750e+01 1.429064e+01 3.149081e-01 6.044396e-01 8.030913e-01 9.685734e-01 1.375022e+00 1.454031e+00 1.540952e+00 1.661982e+00 1.701768e+00 1.632024e+00 1.640692e+00 1.478441e+00 2.077002e-01 4.405745e-02 8.821881e-02 1.244048e-01 1.620047e-01 2.269906e-01 2.593822e-01 2.819263e-01 3.156627e-01 3.249955e-01 3.138168e-01 3.096054e-01 2.816562e-01 2.147534e-02
<GCONST> 8.984016e+01
<MIXTURE> 2 5.000000e-01
<MEAN> 39
 -8.221793e-01 -6.783338e-01 -1.489663e+00 -4.534976e-01 -9.530308e-01 -8.981118e-01 -4.921488e-01 -7.787867e-01 -5.738739e-01 -7.785944e-01 -8.712413e-01 -7.025239e-01 -1.682153e+00 -1.123517e-01 -1.559933e-01 -1.906752e-01 -1.850478e-01 -2.202222e-01 -2.228218e-01 -2.322348e-01 -2.477277e-01 -2.517682e-01 -2.474673e-01 -2.483789e-01 -2.354084e-01 -1.127417e-01 -4.197025e-02 -5.966156e-02 -6.964789e-02 -8.069574e-02 -9.536959e-02 -1.008637e-01 -1.070165e-01 -1.131115e-01 -1.155537e-01 -1.121538e-01 -1.117155e-01 -1.058726e-01 -2.895193e-02
<VARIANCE> 39
 1.214976e+01 1.980861e+01 2.958275e+01 2.127365e+01 3.887780e+01 3.074527e+01 3.243613e+01 2.770222e+01 2.604069e+01 2.453444e+01 2.642571e+01 2.367750e+01 1.429064e+01 3.149081e-01 6.044396e-01 8.030913e-01 9.685734e-01 1.375022e+00 1.454031e+00 1.540952e+00 1.661982e+00 1.701768e+00 1.632024e+00 1.640692e+00 1.478441e+00 2.077002e-01 4.405745e-02 8.821881e-02 1.244048e-01 1.620047e-01 2.269906e-01 2.593822e-01 2.819263e-01 3.156627e-01 3.249955e-01 3.138168e-01 3.096054e-01 2.816562e-01 2.147534e-02
<GCONST> 8.984016e+01
<TRANSP> 5
 0.000000e+00 1.000000e+00 0.000000e+00 0.000000e+00 0.000000e+00
 0.000000e+00 9.722149e-01 2.778512e-02 0.000000e+00 0.000000e+00
 0.000000e+00 0.000000e+00 9.876159e-01 1.238404e-02 0.000000e+00
 0.000000e+00 0.000000e+00 0.000000e+00 9.963104e-01 3.689561e-03
 0.000000e+00 0.000000e+00 0.000000e+00 0.000000e+00 0.000000e+00
<ENDHMM>
