~o
<STREAMINFO> 1 39
<VECSIZE> 39<NULLD><MFCC_D_A_0><DIAGC>
~h "ap"
<BEGINHMM>
<NUMSTATES> 5
<STATE> 2
<MEAN> 39
 -1.297541e+01 -9.228569e+00 -3.369253e+00 3.364920e-01 -1.016998e+00 -3.417239e+00 2.813529e+00 -2.616751e+00 -2.031762e+00 -6.459360e-01 4.829726e-01 -1.155910e+00 6.178661e+01 -3.868728e-02 -1.494869e-01 -9.628860e-02 -1.047853e-02 -5.396159e-02 -1.088454e-01 -4.373549e-02 -3.418339e-02 -5.776726e-02 -4.086214e-02 -1.066339e-02 -1.708694e-02 2.546441e-01 1.607625e-02 8.443379e-03 7.990117e-04 -7.218438e-03 1.319434e-02 1.675073e-02 9.435313e-03 3.879684e-03 3.573691e-03 6.661803e-03 5.346672e-04 -5.943277e-03 -3.234376e-02
<VARIANCE> 39
 3.029599e+01 4.402620e+01 2.266329e+01 2.423131e+01 3.111007e+01 4.109242e+01 2.395454e+01 2.563752e+01 2.168147e+01 1.998236e+01 1.953907e+01 1.494251e+01 1.138994e+02 1.547586e+00 1.617309e+00 9.497284e-01 1.058355e+00 1.921635e+00 2.604108e+00 1.618385e+00 1.528898e+00 1.630014e+00 1.689554e+00 1.562086e+00 1.334282e+00 7.230986e+00 2.387206e-01 2.297429e-01 1.464247e-01 1.968277e-01 3.447409e-01 4.796529e-01 2.951278e-01 2.829404e-01 3.150378e-01 3.432019e-01 3.094223e-01 2.747072e-01 1.060481e+00
<GCONST> 1.070396e+02
<STATE> 3
<MEAN> 39
 -1.058637e+01 -1.668097e+01 -1.025990e+01 2.122655e+00 4.159339e-01 -9.185406e+00 4.451913e-01 -2.204101e+00 -6.148151e+00 -3.765535e+00 6.776965e-01 -1.507248e+00 6.919109e+01 1.088339e-01 5.602185e-02 7.941210e-02 6.720092e-02 1.251488e-01 8.898714e-02 6.225379e-02 1.032919e-02 1.819894e-03 1.741925e-02 3.243563e-02 7.878914e-03 -3.369104e-01 -1.073527e-03 1.457861e-02 1.330050e-02 1.283651e-02 4.597071e-03 3.102262e-03 1.575726e-03 1.095076e-02 8.753304e-03 6.579899e-03 2.911421e-03 8.072789e-03 -1.277462e-02
<VARIANCE> 39
 1.320414e+01 1.724324e+01 1.746691e+01 2.244173e+01 3.120138e+01 2.329006e+01 2.794347e+01 2.109798e+01 2.391340e+01 2.231830e+01 1.684727e+01 1.571128e+01 7.323176e+01 5.359021e-01 5.044989e-01 6.036314e-01 8.835495e-01 1.569088e+00 1.615813e+00 1.241261e+00 1.175207e+00 1.604916e+00 1.502207e+00 1.290372e+00 1.635203e+00 3.664146e+00 8.983345e-02 8.518308e-02 1.049210e-01 1.620789e-01 2.951919e-01 3.288716e-01 2.387589e-01 2.206809e-01 3.236999e-01 3.105861e-01 2.522085e-01 3.670888e-01 5.743850e-01
<GCONST> 9.503900e+01
<STATE> 4
<MEAN> 39
 -1.031491e+01 -1.017702e+01 -4.717278e+00 9.497551e-01 7.443874e-01 -3.969270e+00 2.485174e+00 -2.593073e+00 -3.527327e+00 -4.366979e-01 7.353966e-01 -1.444008e+00 5.963496e+01 4.444992e-03 3.299094e-02 1.835407e-02 -3.320120e-03 -9.214015e-03 1.911640e-02 3.297303e-03 1.014449e-02 2.111269e-02 1.128006e-02 -2.519322e-03 -3.497271e-03 -3.689184e-02 -1.007137e-03 -1.329816e-03 -1.887785e-03 -1.878146e-03 -2.673348e-03 -3.045118e-03 -1.819492e-03 -7.131737e-04 -3.678696e-03 -2.215561e-03 -1.622693e-03 -5.779424e-04 2.595964e-03
<VARIANCE> 39
 2.458790e+01 5.297515e+01 2.614296e+01 2.416873e+01 3.687501e+01 3.495879e+01 2.554236e+01 2.887100e+01 2.288951e+01 1.972404e+01 1.678200e+01 1.463553e+01 1.312673e+02 8.796331e-01 1.286790e+00 7.714643e-01 9.301237e-01 1.573322e+00 1.807571e+00 1.338914e+00 1.501780e+00 1.490548e+00 1.481562e+00 1.335345e+00 1.210294e+00 5.220978e+00 1.373009e-01 1.977322e-01 1.288550e-01 1.739633e-01 2.905687e-01 3.481076e-01 2.558519e-01 2.800472e-01 2.990225e-01 3.050786e-01 2.650706e-01 2.451152e-01 7.748299e-01
<GCONST> 1.023021e+02
<TRANSP> 5
 0.000000e+00 1.000000e+00 0.000000e+00 0.000000e+00 0.000000e+00
 0.000000e+00 9.865611e-01 1.343886e-02 0.000000e+00 0.000000e+00
 0.000000e+00 0.000000e+00 9.859527e-01 1.404734e-02 0.000000e+00
 0.000000e+00 0.000000e+00 0.000000e+00 9.928834e-01 7.116551e-03
 0.000000e+00 0.000000e+00 0.000000e+00 0.000000e+00 0.000000e+00
<ENDHMM>
~h "cl"
<BEGINHMM>
<NUMSTATES> 5
<STATE> 2
<MEAN> 39
 -1.151252e+01 -1.678124e+00 -1.111730e+00 -2.536914e+00 -8.144127e-01 4.679506e+00 3.370094e+00 -2.244181e-01 1.986359e+00 2.439029e-01 -1.918536e+00 3.510718e-01 5.410736e+01 -3.113078e-01 4.387583e-02 3.801848e-02 -1.534588e-03 -1.099435e-01 1.177435e-01 -7.209668e-02 -1.532818e-01 1.065979e-01 -5.597088e-03 -1.356399e-01 7.682499e-02 2.381657e-01 -3.381190e-02 5.191345e-05 1.573176e-02 -1.180680e-02 -1.412478e-02 4.115213e-02 -1.343273e-02 -3.234839e-02 1.503350e-02 -1.214800e-02 -3.743123e-02 2.598105e-02 2.035215e-02
<VARIANCE> 39
 4.006749e+01 2.940841e+01 2.727168e+01 1.465574e+01 1.894507e+01 4.320676e+01 2.178881e+01 2.563867e+01 3.283121e+01 2.283651e+01 2.822564e+01 2.273732e+01 5.379216e+01 2.429453e+00 8.615450e-01 7.361827e-01 8.483881e-01 1.377704e+00 2.160582e+00 1.804113e+00 2.091803e+00 2.212277e+00 1.855251e+00 1.951475e+00 1.763107e+00 2.172717e+00 2.925861e-01 1.260850e-01 1.161292e-01 1.470583e-01 2.326457e-01 3.547154e-01 3.192575e-01 3.569473e-01 3.773227e-01 3.539301e-01 3.391467e-01 2.941070e-01 2.805653e-01
<GCONST> 1.033267e+02
<STATE> 3
<MEAN> 39
 -1.952824e+01 2.814619e+00 -2.464923e-01 -5.338707e+00 -4.147700e+00 1.210792e+01 6.489954e-01 -3.618146e+00 7.556543e+00 -3.549917e+00 -3.415698e+00 5.364778e+00 5.872945e+01 2.533870e-02 -4.665602e-03 -9.004174e-03 3.287695e-03 4.296982e-03 -3.006688e-03 1.132383e-03 -5.598965e-03 -1.048327e-02 -4.130873e-03 3.879822e-03 -2.586135e-03 -1.338755e-02 1.097489e-02 -2.097632e-03 -9.667437e-04 1.371336e-04 2.973468e-03 -7.483461e-03 1.099380e-03 4.684904e-03 -4.455083e-03 3.897143e-03 4.641092e-03 -4.007369e-03 -7.478305e-03
<VARIANCE> 39
 5.111112e+01 9.873034e+00 1.984547e+01 1.248400e+01 1.773483e+01 3.400882e+01 2.553679e+01 2.224407e+01 2.629638e+01 2.016279e+01 1.929771e+01 1.985649e+01 2.080541e+01 1.809141e+00 4.968024e-01 7.629394e-01 9.181017e-01 1.248365e+00 2.033860e+00 1.845623e+00 1.752856e+00 1.792202e+00 1.636576e+00 1.580896e+00 1.615378e+00 9.591109e-01 3.288264e-01 8.840436e-02 1.428807e-01 1.803931e-01 2.391937e-01 3.875436e-01 3.600814e-01 3.462480e-01 3.541489e-01 3.300291e-01 3.137250e-01 3.119304e-01 1.755476e-01
<GCONST> 9.716221e+01
<STATE> 4
<MEAN> 39
 -2.211198e+01 1.047234e+00 6.373727e+00 -2.985700e+00 -6.573799e+00 1.051155e+01 1.615471e+00 -6.743436e+00 2.858419e+00 4.445877e+00 -1.156485e+01 4.822353e+00 5.760639e+01 5.061195e-02 -4.973886e-03 6.635094e-03 -1.199489e-02 4.571149e-03 -1.205178e-02 -8.996403e-03 2.696553e-03 -1.013280e-03 -5.818219e-03 1.180591e-02 -2.177140e-03 -3.933845e-02 1.266315e-03 9.771410e-04 -2.391767e-03 7.311928e-04 1.414859e-03 -4.648255e-03 -9.195837e-04 3.378834e-03 -1.462487e-03 -9.451497e-06 2.800178e-03 -2.169570e-03 -1.580610e-03
<VARIANCE> 39
 4.082031e+01 8.825403e+00 1.569707e+01 1.684584e+01 2.687832e+01 3.014976e+01 2.938708e+01 4.656882e+01 3.432633e+01 2.928609e+01 2.899346e+01 2.990117e+01 3.493845e+01 1.329393e+00 5.212137e-01 1.006194e+00 9.777774e-01 1.316853e+00 2.062995e+00 1.657736e+00 2.523539e+00 2.612819e+00 1.920439e+00 1.688581e+00 1.838771e+00 1.294937e+00 2.451829e-01 9.996895e-02 1.967848e-01 1.971982e-01 2.490804e-01 3.995659e-01 3.203340e-01 4.652195e-01 5.153207e-01 3.793915e-01 3.358519e-01 3.657122e-01 2.428510e-01
<GCONST> 1.030307e+02
<TRANSP> 5
 0.000000e+00 1.000000e+00 0.000000e+00 0.000000e+00 0.000000e+00
 0.000000e+00 9.449549e-01 5.504510e-02 0.000000e+00 0.000000e+00
 0.000000e+00 0.000000e+00 9.921186e-01 7.881410e-03 0.000000e+00
 0.000000e+00 0.000000e+00 0.000000e+00 9.936382e-01 6.361851e-03
 0.000000e+00 0.000000e+00 0.000000e+00 0.000000e+00 0.000000e+00
<ENDHMM>
~h "cm"
<BEGINHMM>
<NUMSTATES> 5
<STATE> 2
<MEAN> 39
 -9.202547e+00 -1.208422e+00 -2.679039e+00 -4.405451e+00 -8.360588e-01 -9.957331e-01 -1.768092e+00 -1.058122e+00 -2.772224e+00 -1.057670e+00 9.949332e-02 -2.137652e+00 6.189301e+01 5.900627e-02 -2.431812e-02 -1.315468e-02 -2.786837e-02 -3.335907e-02 -4.586964e-02 -5.966143e-02 -6.734795e-02 -5.207533e-02 -3.211115e-02 -5.554258e-02 -3.405438e-03 3.398419e-01 2.886123e-03 5.940956e-03 1.216306e-03 9.754375e-03 9.490773e-03 1.572686e-02 1.196455e-02 4.557683e-03 1.149522e-03 1.188707e-02 1.302869e-02 8.859856e-04 -1.140902e-02
<VARIANCE> 39
 2.015340e+01 1.849376e+01 1.437444e+01 1.760781e+01 1.657086e+01 1.741061e+01 2.055108e+01 2.081137e+01 2.138018e+01 1.905929e+01 1.891154e+01 1.472591e+01 6.806679e+01 5.314689e-01 7.166539e-01 7.690451e-01 1.050806e+00 1.212856e+00 1.501659e+00 1.533336e+00 1.630464e+00 1.674780e+00 1.554966e+00 1.520826e+00 1.362682e+00 1.095674e+00 7.406653e-02 1.151542e-01 1.376278e-01 1.874629e-01 2.329666e-01 2.834446e-01 2.922987e-01 3.103716e-01 3.272006e-01 3.036855e-01 2.854555e-01 2.577124e-01 1.297607e-01
<GCONST> 9.232977e+01
<STATE> 3
<MEAN> 39
 -1.298451e+01 1.434156e-02 -2.744808e+00 -4.856415e+00 7.521674e-02 1.090364e+00 -1.701661e+00 -9.781686e-02 -2.652288e+00 5.645355e-01 2.770606e+00 -4.676721e-01 5.909415e+01 3.456587e-02 1.892112e-03 -7.134327e-03 7.199666e-03 1.305262e-02 -2.799864e-03 -9.597478e-03 -1.091225e-02 -1.869492e-02 -1.438168e-02 -2.395353e-02 -7.176877e-03 6.643025e-02 1.703177e-02 1.749142e-03 -1.557105e-03 -9.411413e-04 -7.881440e-03 -1.510550e-02 -8.048850e-03 -7.033169e-03 -1.053071e-02 -1.925870e-02 -1.890818e-02 -1.163725e-02 5.125446e-03
<VARIANCE> 39
 8.785215e+00 1.148517e+01 1.038795e+01 1.152541e+01 1.438809e+01 1.538551e+01 1.719931e+01 1.867639e+01 1.679189e+01 1.646529e+01 1.857036e+01 1.625904e+01 2.160611e+01 2.324903e-01 3.550163e-01 5.027947e-01 7.554395e-01 9.631809e-01 1.181932e+00 1.314436e+00 1.385003e+00 1.389829e+00 1.318953e+00 1.279132e+00 1.187484e+00 2.087194e-01 3.119407e-02 6.051772e-02 9.432421e-02 1.407063e-01 1.873395e-01 2.384059e-01 2.649867e-01 2.768689e-01 2.801342e-01 2.720055e-01 2.565316e-01 2.406172e-01 2.206369e-02
<GCONST> 7.788870e+01
<STATE> 4
<MEAN> 39
 -5.444151e+00 4.457753e-01 -2.770911e+00 -3.908130e+00 -9.439690e-01 -1.538929e+00 -3.196060e+00 -2.534593e+00 -4.152323e+00 -2.505398e+00 -1.667180e+00 -2.845945e+00 6.795222e+01 5.735147e-02 2.792373e-02 3.724432e-02 5.311312e-02 4.175825e-02 2.299703e-02 2.409679e-02 -1.777529e-02 -5.564048e-04 -7.206983e-03 5.727454e-04 -5.534176e-03 -1.677033e-01 -6.347226e-03 -1.609678e-03 5.035669e-04 1.779332e-04 2.145604e-03 5.201973e-03 3.648427e-03 2.539214e-03 3.366531e-03 2.412826e-03 4.693476e-03 4.535576e-03 -1.095178e-02
<VARIANCE> 39
 8.737039e+00 1.013901e+01 1.209989e+01 1.387405e+01 1.423294e+01 1.340303e+01 1.530303e+01 1.721611e+01 1.677463e+01 1.530377e+01 1.458060e+01 1.280025e+01 6.345312e+01 2.084650e-01 2.984791e-01 4.687013e-01 6.872146e-01 8.772045e-01 1.042067e+00 1.174993e+00 1.247702e+00 1.326557e+00 1.333599e+00 1.282939e+00 1.157998e+00 3.470403e-01 3.213443e-02 5.322591e-02 8.815773e-02 1.326660e-01 1.708646e-01 2.070683e-01 2.322905e-01 2.466760e-01 2.649277e-01 2.717498e-01 2.575394e-01 2.333114e-01 2.846644e-02
<GCONST> 7.730477e+01
<TRANSP> 5
 0.000000e+00 1.000000e+00 0.000000e+00 0.000000e+00 0.000000e+00
 0.000000e+00 9.559678e-01 4.403223e-02 0.000000e+00 0.000000e+00
 0.000000e+00 0.000000e+00 9.642596e-01 3.574042e-02 0.000000e+00
 0.000000e+00 0.000000e+00 0.000000e+00 9.854881e-01 1.451192e-02
 0.000000e+00 0.000000e+00 0.000000e+00 0.000000e+00 0.000000e+00
<ENDHMM>
~h "co"
<BEGINHMM>
<NUMSTATES> 5
<STATE> 2
<MEAN> 39
 -6.555715e+00 -5.998526e+00 7.388756e-02 -1.068615e+00 -1.312008e+01 -6.220947e+00 -4.614601e+00 -6.682051e-01 1.763881e+00 -2.100400e+00 -3.865027e+00 -7.254847e+00 6.243340e+01 -6.322777e-01 -9.527352e-02 2.996508e-01 -4.100504e-01 -5.980211e-01 -8.693620e-01 -2.278024e-01 -7.603484e-01 -1.023652e+00 -9.924231e-01 -3.942412e-01 -3.409525e-01 2.526974e+00 -5.597189e-02 5.663937e-02 -1.452285e-02 4.840221e-02 3.589811e-01 2.004633e-01 1.801253e-01 4.000065e-02 -9.009176e-02 7.991360e-02 1.627517e-01 5.924310e-02 -1.192843e-01
<VARIANCE> 39
 1.891496e+01 3.545127e+01 3.532928e+01 3.908337e+01 9.671445e+01 6.549059e+01 7.877244e+01 6.758766e+01 5.518056e+01 4.377011e+01 5.191427e+01 3.631904e+01 1.011243e+02 1.140566e+00 2.130359e+00 1.849181e+00 1.913033e+00 6.669853e+00 3.735470e+00 4.130363e+00 3.581875e+00 4.191899e+00 3.323505e+00 2.660883e+00 2.841364e+00 3.468661e+00 1.416857e-01 3.193521e-01 2.765017e-01 2.483880e-01 7.623311e-01 5.971094e-01 6.296418e-01 5.821192e-01 6.825739e-01 6.024674e-01 4.139984e-01 4.704655e-01 5.123518e-01
<GCONST> 1.259012e+02
<STATE> 3
<MEAN> 39
 -6.588277e+00 -6.315286e+00 -4.184143e-01 -2.185634e+00 -7.701956e+00 -8.074345e+00 -6.196545e+00 -7.335906e+00 -5.041419e+00 -4.475340e+00 -4.293742e+00 -8.957709e+00 6.776246e+01 7.047698e-02 -2.499713e-02 1.599651e-03 5.062444e-02 1.236966e-01 3.913375e-02 -6.221772e-02 -5.670855e-02 -9.430702e-03 3.740011e-02 1.761934e-02 -2.823476e-02 -9.659056e-02 1.777420e-02 2.659073e-03 2.921349e-03 7.271361e-03 -5.839383e-03 9.819281e-04 -6.185133e-03 7.858335e-03 1.455451e-02 5.199078e-03 -5.949414e-03 -1.229790e-03 -3.085735e-02
<VARIANCE> 39
 1.771619e+01 1.202223e+01 2.474469e+01 2.152836e+01 3.323905e+01 3.166457e+01 5.087958e+01 5.724274e+01 4.255616e+01 3.848032e+01 3.653131e+01 3.951619e+01 4.692685e+01 4.521719e-01 7.541766e-01 9.255964e-01 1.224088e+00 2.504410e+00 1.724412e+00 2.166595e+00 2.267249e+00 3.042974e+00 2.302386e+00 2.196250e+00 1.775717e+00 1.269135e+00 6.324751e-02 1.521475e-01 1.634694e-01 2.273418e-01 4.471786e-01 3.295147e-01 3.904838e-01 4.285816e-01 6.238267e-01 4.659229e-01 4.321886e-01 3.417210e-01 1.465864e-01
<GCONST> 1.057193e+02
<STATE> 4
<MEAN> 39
 -3.798787e+00 -3.622148e+00 3.834177e+00 2.150268e+00 -1.344173e+00 -2.550812e+00 -5.179525e+00 -4.901973e+00 -3.872296e+00 -4.485391e+00 -3.885893e+00 -8.472930e+00 5.781925e+01 6.216379e-02 1.181657e-01 2.785981e-02 3.165713e-02 1.369901e-01 8.992343e-02 7.318067e-02 7.629089e-02 -3.368723e-03 7.862099e-03 2.004962e-02 4.131633e-02 -2.907104e-01 -4.146361e-03 -1.133705e-04 -8.424453e-03 -4.570354e-03 -1.042863e-02 -7.834860e-03 -1.223188e-03 -5.174622e-04 -3.497694e-04 -1.420356e-03 -1.774427e-03 -3.048956e-03 4.813484e-03
<VARIANCE> 39
 1.281635e+01 2.300010e+01 2.038219e+01 2.462828e+01 3.708596e+01 3.077627e+01 5.258290e+01 4.184917e+01 3.182494e+01 3.660720e+01 3.263885e+01 2.846341e+01 6.532088e+01 2.870165e-01 5.692050e-01 6.705687e-01 8.413311e-01 1.486483e+00 1.213327e+00 1.728804e+00 1.582031e+00 1.608394e+00 1.758410e+00 1.553709e+00 1.432359e+00 7.501263e-01 4.293721e-02 9.660082e-02 1.232710e-01 1.604500e-01 2.653938e-01 2.319770e-01 3.197401e-01 2.957841e-01 3.148406e-01 3.511796e-01 3.101520e-01 2.829244e-01 6.413027e-02
<GCONST> 9.521965e+01
<TRANSP> 5
 0.000000e+00 1.000000e+00 0.000000e+00 0.000000e+00 0.000000e+00
 0.000000e+00 8.453104e-01 1.546896e-01 0.000000e+00 0.000000e+00
 0.000000e+00 0.000000e+00 9.839901e-01 1.600992e-02 0.000000e+00
 0.000000e+00 0.000000e+00 0.000000e+00 9.817278e-01 1.827214e-02
 0.000000e+00 0.000000e+00 0.000000e+00 0.000000e+00 0.000000e+00
<ENDHMM>
~h "ds"
<BEGINHMM>
<NUMSTATES> 5
<STATE> 2
<MEAN> 39
 -1.345784e+01 8.529984e-01 9.686521e-01 -2.820614e-01 1.463847e-01 -2.063520e+00 4.847289e+00 -2.082234e+00 1.861876e+00 1.838676e+00 4.264639e+00 3.182198e-01 6.538847e+01 -1.936842e-01 9.355650e-02 -8.685149e-02 -6.289046e-02 -1.622021e-01 -1.006885e-01 -1.824686e-02 -2.774096e-02 3.998246e-02 8.617200e-02 1.181743e-02 3.587000e-02 9.819702e-01 3.188384e-02 -2.754055e-02 8.558352e-03 3.042419e-02 4.499979e-02 8.689848e-02 4.974373e-03 5.612212e-02 -1.955903e-02 -3.802151e-02 5.385866e-03 2.494638e-02 -1.286465e-01
<VARIANCE> 39
 2.259042e+01 1.749350e+01 1.549029e+01 2.020774e+01 2.831428e+01 2.368690e+01 2.836471e+01 3.713900e+01 2.798105e+01 2.474014e+01 2.012824e+01 1.720535e+01 9.398882e+01 2.144875e+00 1.111036e+00 1.435101e+00 1.713638e+00 2.581532e+00 2.335770e+00 2.460799e+00 2.472542e+00 2.178592e+00 2.292234e+00 2.012038e+00 1.788773e+00 3.955290e+00 3.387716e-01 1.996164e-01 2.410673e-01 3.139797e-01 4.719663e-01 4.574213e-01 4.361842e-01 4.653557e-01 3.978306e-01 4.387305e-01 3.739071e-01 3.382798e-01 6.297008e-01
<GCONST> 1.107578e+02
<STATE> 3
<MEAN> 39
 -1.644368e+01 3.063141e-01 -1.813704e+00 -8.064402e-01 -3.551559e+00 -2.366368e+00 1.684328e+00 -2.203485e+00 1.534666e+00 3.318846e+00 4.654408e+00 1.147248e+00 7.053888e+01 2.741235e-01 -8.680981e-02 3.024139e-01 5.279955e-01 6.306890e-01 3.627238e-01 7.551496e-02 1.048738e-01 -1.382594e-02 -1.710681e-01 -3.643380e-02 -7.980367e-02 -6.602081e-01 9.870674e-02 9.630341e-02 5.020340e-02 2.019668e-02 1.839726e-02 -8.207700e-02 -5.448048e-03 -1.054795e-01 -2.339212e-02 1.445627e-02 -6.356309e-02 -5.964914e-02 -1.149051e-01
<VARIANCE> 39
 1.421521e+01 7.172735e+00 8.066903e+00 1.224528e+01 1.528077e+01 1.198263e+01 1.278737e+01 1.220720e+01 1.420240e+01 1.433142e+01 1.444492e+01 1.199784e+01 1.759405e+02 1.568557e+00 9.182478e-01 9.329084e-01 8.196753e-01 1.036905e+00 1.510620e+00 1.388552e+00 1.430396e+00 1.296385e+00 1.386395e+00 1.155057e+00 1.206019e+00 1.980565e+01 3.267173e-01 1.411786e-01 1.735891e-01 1.806257e-01 2.004228e-01 3.093709e-01 2.788056e-01 2.517689e-01 2.571261e-01 2.720796e-01 2.362177e-01 2.590278e-01 3.672978e+00
<GCONST> 9.580313e+01
<STATE> 4
<MEAN> 39
 -9.948562e+00 1.472171e+00 2.069864e+00 8.214173e-01 2.982909e+00 7.150564e-01 2.963325e+00 -1.197293e+00 3.085942e-01 -3.371418e-01 2.181079e+00 -1.538625e+00 5.588337e+01 4.101829e-02 2.396951e-03 2.127462e-02 6.280630e-03 3.138838e-02 2.395979e-02 1.776602e-02 1.110967e-02 -3.981791e-03 -1.469277e-02 -1.405038e-02 -1.453062e-02 -1.050969e-01 -1.480492e-03 -6.343803e-04 -1.903522e-03 -2.481184e-03 -3.517235e-03 -1.377087e-03 -8.580515e-04 1.412166e-04 1.518548e-03 1.741937e-03 2.210911e-03 1.721032e-03 2.711902e-03
<VARIANCE> 39
 1.566611e+01 1.168696e+01 1.602159e+01 1.734763e+01 1.953400e+01 2.170100e+01 2.409005e+01 1.919429e+01 2.419424e+01 2.266272e+01 1.797987e+01 1.716044e+01 5.950464e+01 5.837943e-01 4.821302e-01 6.730072e-01 9.092992e-01 1.295876e+00 1.424462e+00 1.586377e+00 1.544541e+00 1.750340e+00 1.757326e+00 1.594510e+00 1.360205e+00 8.362501e-01 9.805182e-02 8.482129e-02 1.249228e-01 1.752839e-01 2.557897e-01 2.768472e-01 3.111345e-01 3.073234e-01 3.467123e-01 3.532178e-01 3.236263e-01 2.733116e-01 1.038614e-01
<GCONST> 9.189869e+01
<TRANSP> 5
 0.000000e+00 1.000000e+00 0.000000e+00 0.000000e+00 0.000000e+00
 0.000000e+00 9.312922e-01 6.870781e-02 0.000000e+00 0.000000e+00
 0.000000e+00 0.000000e+00 8.671644e-01 1.328356e-01 0.000000e+00
 0.000000e+00 0.000000e+00 0.000000e+00 9.936328e-01 6.367180e-03
 0.000000e+00 0.000000e+00 0.000000e+00 0.000000e+00 0.000000e+00
<ENDHMM>
~h "kj"
<BEGINHMM>
<NUMSTATES> 5
<STATE> 2
<MEAN> 39
 -1.949426e+01 3.602082e+00 -2.035360e-01 -1.421583e+00 -9.734286e-01 3.460474e+00 2.190519e+00 2.402638e+00 -3.482749e-01 7.353739e-02 1.493150e+00 -8.623443e-01 5.583745e+01 -2.326760e-02 1.724389e-02 2.229887e-03 -3.286507e-03 -2.360945e-03 1.107314e-02 5.057410e-03 3.753095e-04 8.848891e-03 -1.336705e-03 7.347087e-03 -1.204326e-03 6.177872e-03 1.276787e-03 -1.506265e-03 -2.425765e-04 5.119334e-04 -2.281893e-03 -2.493597e-03 8.309481e-04 1.509176e-03 -1.232830e-04 1.029133e-03 -2.122529e-03 -2.436301e-04 1.582381e-04
<VARIANCE> 39
 3.131836e+01 2.373359e+01 1.721058e+01 2.652461e+01 1.702797e+01 3.564259e+01 2.614981e+01 2.173977e+01 1.807927e+01 2.116952e+01 1.693790e+01 1.579610e+01 2.339824e+01 6.502712e-01 5.547807e-01 7.267615e-01 9.309544e-01 1.156014e+00 1.468925e+00 1.605223e+00 1.634507e+00 1.609614e+00 1.681556e+00 1.506476e+00 1.335696e+00 3.953097e-01 1.068566e-01 1.008347e-01 1.356832e-01 1.820848e-01 2.219773e-01 2.908402e-01 3.190624e-01 3.277329e-01 3.262608e-01 3.366777e-01 3.034251e-01 2.682093e-01 6.143961e-02
<GCONST> 9.196697e+01
<STATE> 3
<MEAN> 39
 -1.506802e+01 -7.457502e+00 -4.265531e+00 -9.463426e-01 -1.888341e+00 -3.996455e+00 -2.189821e+00 -3.541064e+00 -2.587520e+00 5.897039e-01 4.066346e-01 -6.944366e-01 6.414278e+01 7.270040e-02 -1.490443e-01 -3.624142e-02 1.298206e-02 9.353137e-03 -7.579292e-02 -4.334231e-02 -6.298903e-02 -3.255587e-02 5.511655e-03 -5.034076e-03 1.028381e-02 4.846193e-02 1.364052e-03 1.731011e-02 1.763036e-02 -4.859965e-04 1.054564e-02 2.096548e-02 2.471609e-02 1.422325e-02 7.380652e-03 7.623718e-03 3.409172e-03 -5.062893e-03 -2.150682e-02
<VARIANCE> 39
 1.877847e+01 3.153149e+01 1.261103e+01 1.506220e+01 1.725975e+01 1.947600e+01 2.053960e+01 1.995667e+01 1.804312e+01 1.735430e+01 1.613998e+01 1.342861e+01 6.873110e+01 6.664438e-01 1.776262e+00 8.452535e-01 9.593308e-01 1.296079e+00 1.721516e+00 1.861937e+00 1.768798e+00 1.686693e+00 1.521080e+00 1.438427e+00 1.268068e+00 2.148499e+00 1.034908e-01 2.707012e-01 1.502883e-01 1.839842e-01 2.465703e-01 3.096305e-01 3.526607e-01 3.401440e-01 3.417105e-01 3.059342e-01 2.895977e-01 2.621247e-01 2.745765e-01
<GCONST> 9.677301e+01
<STATE> 4
<MEAN> 39
 -2.129126e+01 8.354158e-01 2.254837e+00 2.061293e+00 -2.778668e+00 -8.177556e-01 6.683136e+00 -7.828371e-01 -3.956746e+00 4.663651e+00 6.345906e-01 -3.542381e+00 5.630738e+01 3.003673e-02 3.331118e-03 6.157950e-03 -7.211535e-03 7.150451e-03 7.587334e-03 1.023956e-02 9.468833e-03 1.047657e-02 -7.993381e-03 1.930615e-03 5.417934e-03 -3.164781e-02 1.781454e-03 -1.139361e-03 -2.392363e-03 -2.085087e-03 7.862936e-04 -2.652406e-04 -2.772320e-03 -3.048863e-04 9.734600e-04 -3.079015e-03 8.944212e-04 2.366159e-03 -7.571928e-04
<VARIANCE> 39
 3.843637e+01 2.662656e+01 1.784648e+01 1.882480e+01 1.683861e+01 2.110373e+01 3.273618e+01 2.007537e+01 1.934618e+01 2.293760e+01 1.793242e+01 1.611628e+01 2.856342e+01 4.773540e-01 7.409413e-01 6.660789e-01 9.456784e-01 1.213922e+00 1.356339e+00 1.657017e+00 1.556043e+00 1.630790e+00 1.730274e+00 1.442110e+00 1.315116e+00 5.335792e-01 7.786546e-02 1.263033e-01 1.231363e-01 1.819331e-01 2.389230e-01 2.680428e-01 3.168278e-01 3.115573e-01 3.295721e-01 3.440408e-01 2.900966e-01 2.663171e-01 7.628715e-02
<GCONST> 9.209850e+01
<TRANSP> 5
 0.000000e+00 1.000000e+00 0.000000e+00 0.000000e+00 0.000000e+00
 0.000000e+00 9.938042e-01 6.195849e-03 0.000000e+00 0.000000e+00
 0.000000e+00 0.000000e+00 9.739727e-01 2.602727e-02 0.000000e+00
 0.000000e+00 0.000000e+00 0.000000e+00 9.913121e-01 8.687910e-03
 0.000000e+00 0.000000e+00 0.000000e+00 0.000000e+00 0.000000e+00
<ENDHMM>
~h "kn"
<BEGINHMM>
<NUMSTATES> 5
<STATE> 2
<MEAN> 39
 -5.003774e-01 7.569304e-01 -2.420800e+00 -2.463636e+00 1.220930e+00 -6.335648e-01 1.992710e+00 -3.575762e+00 -2.328787e-01 -4.104028e-01 7.254519e-01 -3.912822e+00 5.701205e+01 1.724055e-01 1.907555e-01 -8.591308e-02 1.616059e-01 2.681030e-01 -3.716323e-01 4.386554e-01 -5.769871e-02 9.486609e-01 2.146216e-01 2.011535e-01 2.957902e-01 1.917863e+00 -4.398173e-02 8.399413e-02 9.742953e-02 8.623831e-02 1.840510e-01 2.030314e-01 -3.584404e-02 5.470855e-02 -1.742461e-01 -4.056743e-02 3.116580e-03 9.693462e-02 -4.047089e-01
<VARIANCE> 39
 2.541906e+01 2.460114e+01 2.937930e+01 1.185425e+01 2.067234e+01 2.614165e+01 2.601226e+01 5.457790e+01 2.935607e+01 3.196898e+01 2.450151e+01 1.816427e+01 1.265595e+02 2.307118e+00 1.379054e+00 1.887084e+00 9.748552e-01 1.489307e+00 2.067819e+00 2.966716e+00 5.292174e+00 3.337305e+00 2.286561e+00 2.057676e+00 2.159448e+00 6.789631e+00 3.337479e-01 1.744775e-01 2.909233e-01 1.492941e-01 2.161895e-01 3.363641e-01 4.948483e-01 7.483419e-01 6.200220e-01 3.947847e-01 3.334534e-01 3.305719e-01 1.066884e+00
<GCONST> 1.132444e+02
<STATE> 3
<MEAN> 39
 5.571162e+00 -2.271423e-01 -2.836551e+00 9.100358e-01 4.404933e+00 -9.335938e-01 1.742344e+00 -4.022217e+00 -3.778467e-01 -9.262880e-01 1.056634e+00 -1.848780e+00 6.017406e+01 6.626850e-02 -1.687320e-02 2.542230e-02 4.592307e-02 2.060300e-02 1.596714e-02 -9.618004e-03 1.839553e-02 -4.551295e-02 1.291344e-02 -1.360609e-02 2.103851e-02 -1.142963e-01 -1.482816e-04 -3.888309e-03 -3.782524e-03 -5.632774e-03 -9.438042e-03 6.077494e-04 -6.561770e-03 -2.835929e-03 -9.967453e-03 -3.798833e-03 -4.655093e-03 -1.656592e-02 -1.006225e-02
<VARIANCE> 39
 1.136902e+01 2.366623e+01 1.440498e+01 1.440887e+01 1.866633e+01 2.178073e+01 2.087334e+01 2.273307e+01 2.216302e+01 2.051794e+01 1.685732e+01 1.710646e+01 3.215118e+01 3.890500e-01 8.205914e-01 7.569036e-01 9.581388e-01 1.349702e+00 1.357310e+00 1.448742e+00 1.901821e+00 1.766267e+00 1.506004e+00 1.348012e+00 1.428270e+00 1.931497e+00 6.842861e-02 1.579888e-01 1.394438e-01 2.018573e-01 2.871868e-01 2.734223e-01 2.978083e-01 4.011182e-01 3.718095e-01 3.169086e-01 2.701349e-01 2.890557e-01 3.235097e-01
<GCONST> 9.389594e+01
<STATE> 4
<MEAN> 39
 3.897525e+00 2.568778e+00 5.470482e-01 8.607319e-01 5.250049e+00 2.453101e+00 1.416257e+00 -1.084369e+00 -2.830473e+00 -1.469772e+00 -2.675522e-02 -2.854270e+00 5.121774e+01 -2.146222e-01 1.095523e-01 1.825284e-01 -5.221686e-02 2.181418e-02 2.151073e-01 1.993020e-03 1.626816e-01 -1.126023e-01 -4.862239e-02 -4.915441e-02 -8.583733e-02 -4.043315e-01 -1.103271e-02 -1.202968e-02 -6.986838e-03 -1.620065e-02 -2.042643e-02 -2.371795e-02 2.061074e-02 2.046614e-03 1.700810e-02 3.110745e-03 7.830831e-03 1.286575e-02 2.628284e-02
<VARIANCE> 39
 1.526390e+01 1.805559e+01 1.570065e+01 1.374028e+01 2.123022e+01 1.731713e+01 1.913591e+01 1.968551e+01 2.030545e+01 1.907835e+01 1.548347e+01 1.477042e+01 2.474095e+01 2.012153e-01 3.524554e-01 5.398098e-01 6.193700e-01 9.392281e-01 1.074023e+00 1.266538e+00 1.492572e+00 1.540792e+00 1.381121e+00 1.274182e+00 1.162604e+00 1.502941e-01 2.841673e-02 5.779425e-02 9.765270e-02 1.187594e-01 1.799080e-01 2.016534e-01 2.602565e-01 2.960391e-01 3.132605e-01 2.769305e-01 2.578324e-01 2.282447e-01 1.184692e-02
<GCONST> 7.880409e+01
<TRANSP> 5
 0.000000e+00 1.000000e+00 0.000000e+00 0.000000e+00 0.000000e+00
 0.000000e+00 8.382226e-01 1.617773e-01 0.000000e+00 0.000000e+00
 0.000000e+00 0.000000e+00 9.856058e-01 1.439416e-02 0.000000e+00
 0.000000e+00 0.000000e+00 0.000000e+00 9.542886e-01 4.571135e-02
 0.000000e+00 0.000000e+00 0.000000e+00 0.000000e+00 0.000000e+00
<ENDHMM>
~h "kt"
<BEGINHMM>
<NUMSTATES> 5
<STATE> 2
<MEAN> 39
 -1.100224e+01 1.483936e-01 -6.479991e+00 -1.096119e+00 1.454679e+00 1.310211e+00 4.690917e+00 7.000023e-01 1.188031e+00 8.383689e-01 1.572220e+00 -1.315915e+00 5.565239e+01 2.307146e-03 8.199142e-04 -5.648202e-03 1.689853e-04 -4.199914e-04 -7.824934e-04 3.258488e-03 -1.048644e-03 -3.200136e-03 -1.206954e-04 4.200084e-04 -2.968995e-03 7.171509e-04 1.133351e-03 -6.105759e-04 1.300367e-03 3.459657e-04 6.609108e-04 -2.158369e-04 -4.817481e-04 6.270687e-04 -1.123265e-03 -6.770316e-05 -4.489917e-04 -5.179070e-04 -1.904751e-03
<VARIANCE> 39
 1.482802e+01 6.253479e+00 7.538746e+00 1.085184e+01 1.198692e+01 1.717464e+01 1.624011e+01 1.630730e+01 1.678627e+01 1.540234e+01 1.441504e+01 1.325274e+01 1.840689e+01 8.992484e-01 4.420919e-01 6.190640e-01 8.522709e-01 1.105829e+00 1.466336e+00 1.691804e+00 1.678939e+00 1.624498e+00 1.650863e+00 1.485619e+00 1.302881e+00 1.009440e+00 1.655376e-01 8.635886e-02 1.243243e-01 1.658628e-01 2.243794e-01 2.991386e-01 3.554126e-01 3.470739e-01 3.268457e-01 3.414008e-01 2.979821e-01 2.633189e-01 1.750310e-01
<GCONST> 8.745561e+01
<STATE> 3
<MEAN> 39
 -1.216416e+01 3.192258e+00 -2.787916e+00 9.100512e-01 8.421485e-01 -2.359858e+00 2.433124e+00 1.127684e+00 1.692365e-02 -5.809468e-01 -3.769798e-01 -1.617237e+00 5.312043e+01 -7.329154e-03 7.381834e-04 -4.654009e-03 5.621610e-03 3.345968e-03 -1.037213e-02 1.268036e-02 -1.530751e-02 3.481948e-03 -8.337111e-03 6.907142e-03 -1.053090e-02 1.061370e-02 7.998867e-03 -2.017119e-03 3.099554e-03 -1.517831e-03 4.961818e-03 9.976232e-03 3.372664e-03 4.463078e-03 4.632579e-03 2.933099e-03 3.334474e-03 2.019885e-03 -1.538489e-02
<VARIANCE> 39
 7.959146e+00 6.185600e+00 9.183114e+00 1.173477e+01 1.457933e+01 1.688782e+01 1.744590e+01 1.701557e+01 1.773827e+01 1.968004e+01 1.759529e+01 1.396655e+01 2.039863e+01 7.494953e-01 4.788755e-01 7.612830e-01 9.304486e-01 1.337192e+00 1.802674e+00 1.675526e+00 1.597115e+00 1.724516e+00 2.134555e+00 1.705697e+00 1.380823e+00 1.656473e+00 1.440712e-01 8.992330e-02 1.522003e-01 1.898545e-01 2.734858e-01 3.826127e-01 3.420070e-01 3.253706e-01 3.500257e-01 4.494801e-01 3.382595e-01 2.819322e-01 3.144694e-01
<GCONST> 9.128784e+01
<STATE> 4
<MEAN> 39
 -9.709650e+00 3.167019e+00 -2.554144e+00 -3.414895e-02 4.393003e-01 -9.660243e-02 3.146846e+00 2.144717e+00 6.580790e-01 -2.319164e-02 5.950140e-01 -2.092765e+00 4.880146e+01 1.711358e-02 -1.867495e-03 6.932916e-03 -9.004775e-03 7.032099e-03 1.135401e-02 3.305340e-03 6.435117e-03 -1.155836e-04 1.571648e-03 3.389992e-03 1.671553e-03 -2.192627e-02 -6.307411e-04 6.642111e-05 -3.265214e-05 1.012318e-03 7.363618e-05 -1.497614e-03 -2.284148e-03 -4.341837e-04 -8.918331e-04 -8.073138e-04 -1.196390e-03 3.425755e-04 2.262925e-03
<VARIANCE> 39
 9.510647e+00 8.999660e+00 1.096293e+01 1.157749e+01 1.665619e+01 1.586443e+01 1.692978e+01 1.739175e+01 1.735916e+01 1.734427e+01 1.508544e+01 1.299997e+01 1.163663e+01 6.897222e-01 5.165132e-01 6.984593e-01 8.597818e-01 1.156451e+00 1.312013e+00 1.432621e+00 1.485285e+00 1.609799e+00 1.614944e+00 1.435835e+00 1.230577e+00 7.777712e-01 1.309525e-01 9.956209e-02 1.362937e-01 1.717322e-01 2.311346e-01 2.653836e-01 2.928983e-01 2.997794e-01 3.305216e-01 3.349189e-01 2.912271e-01 2.463210e-01 1.423842e-01
<GCONST> 8.647222e+01
<TRANSP> 5
 0.000000e+00 1.000000e+00 0.000000e+00 0.000000e+00 0.000000e+00
 0.000000e+00 9.916883e-01 8.311718e-03 0.000000e+00 0.000000e+00
 0.000000e+00 0.000000e+00 9.849269e-01 1.507311e-02 0.000000e+00
 0.000000e+00 0.000000e+00 0.000000e+00 9.930157e-01 6.984295e-03
 0.000000e+00 0.000000e+00 0.000000e+00 0.000000e+00 0.000000e+00
<ENDHMM>
~h "pr"
<BEGINHMM>
<NUMSTATES> 5
<STATE> 2
<MEAN> 39
 -1.461111e+01 -7.823901e+00 -9.756379e-02 -6.805680e+00 2.921696e+00 5.537258e+00 4.935997e+00 2.558496e-01 -2.197933e+00 -2.055999e+00 4.856235e+00 -4.775601e-01 5.819848e+01 -3.883311e-02 -1.236952e-02 1.343313e-02 -1.694245e-02 1.399979e-02 1.697975e-02 7.136708e-03 -1.795105e-02 6.299517e-03 -1.525774e-02 -8.664194e-03 4.460591e-02 3.429001e-02 1.352192e-02 2.506567e-03 -5.715466e-04 2.676689e-03 -3.536874e-03 1.639410e-03 -4.940123e-03 1.214711e-03 2.125456e-03 5.406902e-03 -6.188133e-03 -4.772285e-03 -1.111693e-02
<VARIANCE> 39
 3.258801e+01 4.262409e+01 4.440487e+01 3.530730e+01 4.692142e+01 7.039951e+01 5.147467e+01 6.317721e+01 5.925018e+01 3.427959e+01 5.455011e+01 5.629727e+01 2.611976e+01 8.148867e-01 7.944251e-01 9.780173e-01 1.378806e+00 1.508453e+00 1.828513e+00 2.106114e+00 2.315882e+00 2.260650e+00 1.996498e+00 2.378735e+00 2.097220e+00 5.965137e-01 1.193711e-01 1.273577e-01 1.670651e-01 2.400717e-01 2.703255e-01 3.252641e-01 3.891493e-01 4.110939e-01 4.194048e-01 3.622004e-01 4.392759e-01 3.784446e-01 8.251503e-02
<GCONST> 1.085905e+02
<STATE> 3
<MEAN> 39
 -1.930278e+01 3.368015e+00 1.782139e+01 -1.635187e+01 3.380859e+00 1.219191e+01 -5.987844e+00 -4.187533e+00 1.041352e+01 -5.171325e+00 -8.511326e+00 8.918487e+00 5.273677e+01 7.077523e-02 -3.276910e-02 -1.094271e-02 -6.788191e-03 2.442933e-02 -1.977587e-02 -2.757787e-02 3.943259e-02 -2.922097e-02 4.194662e-02 -2.306506e-02 5.973690e-03 -5.526412e-02 1.567279e-03 1.920411e-03 -7.384356e-03 7.381305e-03 6.662597e-03 -1.424946e-02 4.059169e-03 1.263971e-02 -9.129437e-03 -1.661418e-03 1.199093e-02 -1.213753e-02 -1.396056e-03
<VARIANCE> 39
 2.010172e+01 1.812727e+01 1.445820e+01 3.218480e+01 2.847153e+01 2.350352e+01 1.744494e+01 3.788421e+01 3.283921e+01 4.489116e+01 3.141009e+01 2.062343e+01 1.401756e+01 5.392417e-01 4.599563e-01 5.242839e-01 8.841605e-01 1.259750e+00 1.597786e+00 1.380119e+00 1.524967e+00 1.615803e+00 1.676504e+00 1.873601e+00 1.126173e+00 2.375087e-01 1.311713e-01 8.713631e-02 1.034846e-01 1.758800e-01 2.606765e-01 3.425883e-01 2.797892e-01 3.101591e-01 3.386711e-01 3.224200e-01 3.685098e-01 2.296262e-01 5.647199e-02
<GCONST> 9.181772e+01
<STATE> 4
<MEAN> 39
 -1.404301e+01 -5.123055e+00 4.844263e+00 -5.776828e+00 3.484932e+00 -1.323488e+00 3.362292e+00 4.585018e+00 2.726032e+00 -1.952190e+00 -3.174715e+00 2.905468e+00 5.416474e+01 3.331116e-02 2.222287e-02 -1.901309e-02 1.856369e-02 -2.097392e-02 -7.242163e-03 5.967588e-03 -3.427727e-03 -2.235103e-05 -1.825833e-03 1.112067e-02 -2.161240e-02 -3.129306e-02 -6.989482e-04 5.677905e-04 1.323966e-03 -9.442040e-04 -5.046848e-04 1.401075e-03 9.794696e-05 -8.975359e-04 9.587378e-05 1.246358e-03 -1.361810e-04 -1.191401e-03 2.228460e-04
<VARIANCE> 39
 3.928415e+01 5.432948e+01 5.214396e+01 5.496534e+01 8.580455e+01 9.093330e+01 6.827238e+01 6.338379e+01 5.259073e+01 4.969888e+01 5.203184e+01 6.975395e+01 4.672082e+01 3.172708e-01 4.118063e-01 6.504812e-01 9.350042e-01 1.130411e+00 1.517003e+00 1.529760e+00 1.580367e+00 1.686141e+00 1.741297e+00 1.550771e+00 1.363541e+00 1.626788e-01 5.686088e-02 7.407604e-02 1.211843e-01 1.704211e-01 2.209266e-01 2.945410e-01 3.003176e-01 2.992722e-01 3.239766e-01 3.418556e-01 3.073895e-01 2.635871e-01 2.655189e-02
<GCONST> 1.006144e+02
<TRANSP> 5
 0.000000e+00 1.000000e+00 0.000000e+00 0.000000e+00 0.000000e+00
 0.000000e+00 9.894537e-01 1.054625e-02 0.000000e+00 0.000000e+00
 0.000000e+00 0.000000e+00 9.847060e-01 1.529392e-02 0.000000e+00
 0.000000e+00 0.000000e+00 0.000000e+00 9.952337e-01 4.766312e-03
 0.000000e+00 0.000000e+00 0.000000e+00 0.000000e+00 0.000000e+00
<ENDHMM>
~h "pw"
<BEGINHMM>
<NUMSTATES> 5
<STATE> 2
<MEAN> 39
 -1.328398e+01 -2.104739e+00 -9.886246e-01 -6.383820e-01 1.201029e+00 -1.054088e+00 3.049571e+00 2.169306e-01 -6.442189e-01 9.903452e-01 1.457503e-01 -9.552655e-01 5.383914e+01 -2.325975e-03 -3.824149e-03 3.383983e-03 -8.942030e-04 -2.049441e-03 -7.470083e-03 9.813935e-04 -4.405487e-03 -2.215218e-03 -3.503516e-04 7.172830e-04 1.445462e-03 5.194249e-03 3.872728e-05 -1.409483e-03 -2.509292e-03 9.112817e-05 -1.719604e-03 -2.392473e-03 -2.047889e-03 -7.848505e-04 -1.949924e-03 1.424355e-03 -4.966705e-04 5.930401e-04 2.607859e-03
<VARIANCE> 39
 1.586834e+01 2.116791e+01 1.170746e+01 1.207927e+01 1.516221e+01 1.767651e+01 1.722564e+01 1.851783e+01 1.656959e+01 1.558362e+01 1.446677e+01 1.294551e+01 2.263213e+01 5.515756e-01 7.627864e-01 6.970858e-01 8.970372e-01 1.149306e+00 1.399940e+00 1.447965e+00 1.560035e+00 1.587887e+00 1.463919e+00 1.456793e+00 1.250691e+00 5.652246e-01 9.071176e-02 1.294169e-01 1.334489e-01 1.773812e-01 2.278225e-01 2.852674e-01 2.939284e-01 3.128647e-01 3.257053e-01 2.939377e-01 3.005415e-01 2.546763e-01 8.327886e-02
<GCONST> 8.782595e+01
<STATE> 3
<MEAN> 39
 -1.092728e+01 -6.166681e+00 -2.516365e+00 -1.423809e+00 1.855279e-01 -4.507892e+00 -6.698114e-01 -4.485111e+00 -3.275693e+00 -8.193792e-01 -1.979961e-01 -4.736989e-01 6.121069e+01 -8.356626e-03 -6.288448e-02 -1.694730e-02 5.232770e-03 -1.143976e-02 -4.677064e-02 -5.203360e-02 -6.443908e-02 -3.842674e-02 -2.411123e-02 4.000822e-03 7.840193e-03 9.376004e-02 6.781919e-03 8.693042e-03 3.161672e-03 5.854908e-04 1.076032e-02 1.513473e-02 1.175204e-02 1.076292e-02 8.432978e-03 3.450602e-03 4.017171e-03 -4.146882e-03 -2.099372e-02
<VARIANCE> 39
 2.181326e+01 2.821468e+01 1.386566e+01 1.262970e+01 1.875426e+01 2.568544e+01 2.220388e+01 2.680822e+01 1.947899e+01 1.706665e+01 1.502449e+01 1.335341e+01 8.556409e+01 6.561662e-01 1.081499e+00 7.348660e-01 8.654714e-01 1.462992e+00 1.911874e+00 1.698719e+00 1.778222e+00 1.537348e+00 1.465103e+00 1.375737e+00 1.303299e+00 3.899038e+00 1.092890e-01 1.643669e-01 1.359674e-01 1.658870e-01 2.866498e-01 3.621109e-01 3.282818e-01 3.409727e-01 3.104496e-01 2.940530e-01 2.798472e-01 2.713536e-01 5.318342e-01
<GCONST> 9.761435e+01
<STATE> 4
<MEAN> 39
 -1.202827e+01 -2.996336e+00 -1.606244e+00 -9.100744e-01 8.805379e-01 -1.040870e+00 2.859915e+00 -4.962420e-01 -9.000302e-01 6.582536e-01 3.661298e-01 -8.308839e-01 5.455636e+01 1.046963e-02 8.417253e-03 3.573603e-03 -1.755419e-03 4.120524e-03 1.399884e-02 1.080125e-02 1.385553e-02 9.680294e-03 5.436273e-03 7.899941e-04 -3.764461e-03 -2.613706e-02 3.845566e-04 -7.472702e-04 -3.707211e-04 -6.743590e-04 -1.232557e-03 -8.585073e-04 -1.378083e-03 -2.208621e-03 -1.807821e-03 -7.785143e-04 -3.207690e-04 1.632476e-04 1.238040e-03
<VARIANCE> 39
 1.736127e+01 2.138991e+01 1.285232e+01 1.220567e+01 1.441529e+01 2.098832e+01 1.839809e+01 2.113855e+01 1.749067e+01 1.615583e+01 1.436638e+01 1.336155e+01 3.444152e+01 5.336692e-01 7.648364e-01 6.625508e-01 8.540644e-01 1.135389e+00 1.458762e+00 1.463848e+00 1.571648e+00 1.519456e+00 1.506459e+00 1.415453e+00 1.288684e+00 8.908322e-01 8.693903e-02 1.271752e-01 1.247476e-01 1.669894e-01 2.242453e-01 2.927640e-01 2.913610e-01 3.135002e-01 3.077239e-01 3.096485e-01 2.883309e-01 2.651954e-01 1.271460e-01
<GCONST> 8.947496e+01
<TRANSP> 5
 0.000000e+00 1.000000e+00 0.000000e+00 0.000000e+00 0.000000e+00
 0.000000e+00 9.938607e-01 6.139319e-03 0.000000e+00 0.000000e+00
 0.000000e+00 0.000000e+00 9.884057e-01 1.159432e-02 0.000000e+00
 0.000000e+00 0.000000e+00 0.000000e+00 9.972139e-01 2.786074e-03
 0.000000e+00 0.000000e+00 0.000000e+00 0.000000e+00 0.000000e+00
<ENDHMM>
~h "si"
<BEGINHMM>
<NUMSTATES> 5
<STATE> 2
<MEAN> 39
 -5.804808e+00 2.089426e+00 1.190139e+00 -1.923887e+00 1.983274e+00 1.942307e+00 2.247552e+00 3.309088e+00 -4.384796e-01 3.471477e-01 7.634346e-01 -2.635981e+00 4.427806e+01 -2.994820e-03 3.976976e-03 -9.032390e-03 -8.826945e-03 -5.904076e-03 2.106026e-03 5.003685e-03 1.351820e-02 3.780584e-03 6.220452e-03 5.974720e-03 -1.575317e-03 -1.563947e-02 -8.836893e-04 -7.987770e-04 -6.426351e-04 1.824251e-04 -3.398175e-04 -2.778485e-04 -1.128407e-04 -1.166960e-03 1.327765e-04 3.380984e-04 2.263870e-04 6.280143e-04 1.259245e-03
<VARIANCE> 39
 7.282465e+00 6.112239e+00 9.997492e+00 1.100260e+01 1.784924e+01 1.492955e+01 1.608456e+01 1.895253e+01 1.649074e+01 1.699062e+01 1.490075e+01 1.323208e+01 6.522759e+00 1.711959e-01 3.075513e-01 4.737889e-01 6.924107e-01 9.366462e-01 1.115417e+00 1.270239e+00 1.367233e+00 1.394630e+00 1.413191e+00 1.321062e+00 1.131651e+00 8.198459e-02 3.004632e-02 5.777007e-02 9.226602e-02 1.376352e-01 1.862265e-01 2.232605e-01 2.555894e-01 2.750641e-01 2.827115e-01 2.876397e-01 2.686417e-01 2.289167e-01 1.243712e-02
<GCONST> 7.314698e+01
<STATE> 3
<MEAN> 39
 -3.901733e+00 -3.877875e+00 -3.611513e+00 -3.230054e+00 1.281879e+00 3.720894e+00 4.349168e+00 6.863473e-01 -6.275531e-01 1.174854e+00 1.239552e+00 -2.602465e+00 5.075499e+01 -2.317134e-03 -5.337387e-03 -1.073286e-02 -8.393517e-03 -6.813817e-03 2.352712e-03 3.509899e-03 5.609086e-03 5.077968e-03 9.183154e-03 3.406190e-03 4.676125e-03 -1.352627e-02 -2.257811e-03 1.773991e-03 2.748708e-03 1.742303e-03 -3.538312e-04 -3.432451e-03 -2.619286e-03 -1.610058e-03 -4.258177e-04 -8.181625e-04 -1.147081e-03 8.753929e-05 2.613098e-03
<VARIANCE> 39
 7.855145e+00 8.436184e+00 7.967901e+00 9.167837e+00 1.482171e+01 1.541891e+01 1.604955e+01 1.614682e+01 1.553083e+01 1.541501e+01 1.474536e+01 1.329714e+01 5.279509e+00 1.652762e-01 3.027472e-01 4.920168e-01 6.796408e-01 9.544304e-01 1.149013e+00 1.278816e+00 1.429910e+00 1.408615e+00 1.432194e+00 1.359999e+00 1.207978e+00 7.517003e-02 2.854029e-02 5.736564e-02 9.714712e-02 1.345635e-01 1.925160e-01 2.311493e-01 2.566988e-01 2.908047e-01 2.868545e-01 2.939566e-01 2.782610e-01 2.454342e-01 1.180623e-02
<GCONST> 7.273185e+01
<STATE> 4
<MEAN> 39
 -8.727312e+00 2.454994e-01 2.493319e-01 -1.641720e+00 6.807250e-01 4.511539e-01 2.650017e+00 1.213101e+00 1.053647e-02 7.268738e-01 8.626247e-01 -1.693541e+00 4.940820e+01 -9.246631e-03 -1.292748e-03 7.074506e-04 -1.136032e-03 -2.920337e-03 -5.741326e-03 -2.259283e-03 -3.616536e-03 2.317909e-03 2.208402e-03 3.666151e-03 4.266537e-03 1.635622e-02 1.312183e-03 -1.323923e-04 -7.889669e-05 -4.915690e-04 3.880473e-04 1.183706e-03 4.016805e-04 3.006689e-04 -7.740931e-05 -2.773661e-04 2.830744e-05 -5.293183e-04 -1.504016e-04
<VARIANCE> 39
 2.059179e+01 1.681403e+01 1.368996e+01 1.442603e+01 1.940653e+01 1.937170e+01 1.966877e+01 2.297189e+01 1.933421e+01 1.791366e+01 1.668440e+01 1.559400e+01 3.360374e+01 4.216426e-01 5.565264e-01 6.077507e-01 8.360822e-01 1.076001e+00 1.306036e+00 1.411215e+00 1.521019e+00 1.510540e+00 1.496262e+00 1.399296e+00 1.239218e+00 5.199253e-01 6.623116e-02 9.592399e-02 1.141901e-01 1.619606e-01 2.100165e-01 2.578987e-01 2.816842e-01 3.031275e-01 3.033140e-01 3.025442e-01 2.827504e-01 2.497312e-01 7.481521e-02
<GCONST> 8.740818e+01
<TRANSP> 5
 0.000000e+00 1.000000e+00 0.000000e+00 0.000000e+00 0.000000e+00
 0.000000e+00 9.908847e-01 9.115246e-03 0.000000e+00 0.000000e+00
 0.000000e+00 0.000000e+00 9.801809e-01 1.981915e-02 0.000000e+00
 0.000000e+00 0.000000e+00 0.000000e+00 9.913875e-01 8.612478e-03
 0.000000e+00 0.000000e+00 0.000000e+00 0.000000e+00 0.000000e+00
<ENDHMM>
~h "st"
<BEGINHMM>
<NUMSTATES> 5
<STATE> 2
<MEAN> 39
 -9.679053e+00 -2.968030e+00 -1.246422e-01 -5.773071e+00 -1.412960e+00 -3.508296e+00 6.101485e-01 1.215088e-02 -3.989890e-01 -5.771638e-01 9.507923e-01 -2.531558e+00 6.013781e+01 -1.844904e-01 -5.197021e-01 2.005687e-01 -4.787248e-01 -3.198693e-01 -5.671189e-01 -1.804772e-01 -1.987513e-02 5.778498e-02 -4.706695e-02 -1.772384e-03 2.615621e-02 1.213778e+00 7.980379e-02 7.868168e-02 4.135925e-03 8.242927e-02 8.992815e-02 1.392330e-01 1.132564e-01 2.686752e-02 1.443201e-02 3.351184e-02 -3.812149e-03 1.446023e-02 -2.331895e-01
<VARIANCE> 39
 2.194813e+01 2.897324e+01 1.867019e+01 2.837475e+01 2.592658e+01 3.604526e+01 2.719709e+01 2.473738e+01 2.117903e+01 2.169350e+01 2.039356e+01 1.536212e+01 9.657705e+01 1.361837e+00 1.511043e+00 1.208346e+00 1.903658e+00 2.271041e+00 3.104913e+00 2.460769e+00 2.342620e+00 1.830546e+00 2.180979e+00 2.133652e+00 1.759691e+00 5.090398e+00 1.853282e-01 2.501169e-01 1.993265e-01 3.155120e-01 3.750040e-01 4.894191e-01 4.083022e-01 4.353869e-01 3.196888e-01 3.812147e-01 3.771155e-01 3.096792e-01 8.068495e-01
<GCONST> 1.100707e+02
<STATE> 3
<MEAN> 39
 -7.256854e+00 -3.246034e+00 -1.790605e+00 -5.016494e+00 -9.701903e-01 -6.766058e-01 2.415988e+00 -2.826990e-01 -1.097288e+00 -3.197313e-01 1.003261e+00 -2.462706e+00 5.619281e+01 4.673840e-04 2.091643e-02 -5.942192e-03 1.904649e-02 7.648325e-03 2.572108e-02 1.062237e-02 -3.344723e-03 -5.496148e-03 2.980694e-03 2.570050e-03 1.145290e-03 -4.861540e-02 -1.842789e-03 1.521230e-03 -9.860278e-04 1.862256e-03 2.119477e-04 -3.900448e-04 -3.198739e-03 -1.127488e-03 -5.847984e-04 -4.973911e-04 3.001548e-04 1.949477e-04 5.398410e-04
<VARIANCE> 39
 1.519022e+01 1.659828e+01 1.459582e+01 2.015024e+01 1.940493e+01 2.389910e+01 1.956788e+01 1.886539e+01 1.849984e+01 1.891117e+01 1.568085e+01 1.429984e+01 3.202151e+01 5.265820e-01 6.845475e-01 7.181959e-01 1.167647e+00 1.335478e+00 1.574497e+00 1.547473e+00 1.565223e+00 1.573650e+00 1.586915e+00 1.505283e+00 1.309715e+00 1.299343e+00 8.262476e-02 1.133152e-01 1.356136e-01 2.165353e-01 2.593164e-01 3.067689e-01 3.114380e-01 3.192586e-01 3.225054e-01 3.264986e-01 3.104776e-01 2.664135e-01 1.947317e-01
<GCONST> 9.254754e+01
<STATE> 4
<MEAN> 39
 -1.028779e+01 8.082028e-01 8.084810e-01 -2.575578e+00 2.793239e-01 -7.617878e-01 2.030721e+00 3.480374e-01 2.741206e-01 -1.248074e-01 7.305743e-01 -2.262131e+00 5.223460e+01 4.945254e-03 7.298941e-03 -2.100705e-03 6.476888e-03 1.286422e-02 2.064293e-02 1.029497e-02 1.842522e-03 1.721538e-03 -1.917837e-03 -4.729589e-03 3.205661e-03 -2.880688e-02 1.378860e-03 -1.863226e-03 -1.415110e-03 -2.938339e-03 -2.655555e-03 -3.795188e-04 5.091203e-04 1.251675e-03 5.389579e-04 1.617435e-03 5.530053e-04 1.750291e-04 1.095034e-03
<VARIANCE> 39
 1.464095e+01 8.977329e+00 1.134261e+01 1.723193e+01 1.652988e+01 1.946029e+01 1.807093e+01 1.990652e+01 1.754056e+01 1.640429e+01 1.466983e+01 1.332556e+01 3.636594e+01 4.374155e-01 4.936281e-01 6.264941e-01 9.994650e-01 1.161157e+00 1.391218e+00 1.438732e+00 1.543194e+00 1.532642e+00 1.504553e+00 1.417313e+00 1.272164e+00 9.741396e-01 7.095602e-02 8.727039e-02 1.202512e-01 1.840937e-01 2.243410e-01 2.709293e-01 2.863961e-01 3.110128e-01 3.093172e-01 3.070158e-01 2.908587e-01 2.619978e-01 1.209143e-01
<GCONST> 8.754115e+01
<TRANSP> 5
 0.000000e+00 1.000000e+00 0.000000e+00 0.000000e+00 0.000000e+00
 0.000000e+00 8.396266e-01 1.603734e-01 0.000000e+00 0.000000e+00
 0.000000e+00 0.000000e+00 9.915597e-01 8.440291e-03 0.000000e+00
 0.000000e+00 0.000000e+00 0.000000e+00 9.913327e-01 8.667348e-03
 0.000000e+00 0.000000e+00 0.000000e+00 0.000000e+00 0.000000e+00
<ENDHMM>
~h "spe"
<BEGINHMM>
<NUMSTATES> 5
<STATE> 2
<MEAN> 39
 -1.135241e+00 -2.411052e-01 5.722962e+00 -5.454076e+00 -7.016873e+00 7.147841e-01 -1.534876e+00 -5.016259e+00 -4.297884e+00 -3.670128e-01 2.404637e-02 -5.368566e+00 5.565673e+01 1.036701e-01 -2.609491e-01 1.939000e-01 -1.954158e-01 -2.773613e-01 -1.107106e-01 -2.558219e-01 8.210662e-02 5.244047e-02 1.613972e-01 1.043812e-02 -1.860807e-01 3.203070e-01 -1.138938e-02 -5.398047e-02 -3.299806e-02 -9.685120e-03 1.583566e-02 -2.725175e-02 -9.941919e-03 3.242483e-02 2.653858e-02 8.546339e-03 -3.727167e-02 -1.358059e-02 1.266815e-02
<VARIANCE> 39
 2.406750e+01 2.622463e+01 7.748061e+01 3.882405e+01 6.567022e+01 3.637420e+01 2.247864e+01 3.755700e+01 3.075624e+01 2.883364e+01 2.407617e+01 2.785979e+01 1.450223e+01 7.038090e-01 9.687312e-01 1.196845e+00 1.573117e+00 2.752344e+00 2.276686e+00 1.590134e+00 2.487744e+00 2.077433e+00 1.890350e+00 1.638116e+00 1.621657e+00 4.488551e-01 8.173230e-02 1.206654e-01 1.471256e-01 2.125801e-01 4.274436e-01 4.259309e-01 2.727327e-01 3.729610e-01 3.235573e-01 3.238814e-01 2.863115e-01 2.485993e-01 3.816047e-02
<GCONST> 1.013879e+02
<STATE> 3
<MEAN> 39
 -1.518600e+00 -5.003924e+00 8.830339e-01 -1.204024e+01 -2.464280e+00 -4.781739e+00 -4.487833e+00 -1.020048e+00 -1.513612e+00 -2.012604e+00 -5.289626e+00 -4.866625e+00 6.156754e+01 -3.243703e-02 3.970756e-02 -6.704421e-02 7.280641e-02 9.118792e-02 -5.244722e-03 -3.130936e-03 -5.454452e-02 -3.110125e-02 -5.849500e-02 -6.001917e-02 -5.274963e-04 -9.299701e-03 -1.209615e-03 2.286728e-02 2.270140e-03 2.141123e-02 2.618924e-03 1.065688e-02 1.535856e-02 -1.525529e-02 -1.425512e-02 -3.154756e-03 1.050832e-02 1.107528e-02 -2.136592e-02
<VARIANCE> 39
 2.538205e+01 4.019360e+01 5.908514e+01 6.745747e+01 5.069468e+01 6.150859e+01 4.116630e+01 5.667910e+01 3.852422e+01 3.968903e+01 5.432250e+01 4.029742e+01 2.341275e+01 6.654856e-01 1.138291e+00 1.365289e+00 1.588464e+00 1.817066e+00 1.889785e+00 1.931570e+00 2.377588e+00 2.392674e+00 2.077521e+00 2.082630e+00 1.768126e+00 4.586969e-01 9.043132e-02 1.505590e-01 2.014314e-01 2.571905e-01 3.001780e-01 3.451585e-01 3.539951e-01 4.353524e-01 4.525644e-01 4.031177e-01 3.852415e-01 3.394265e-01 5.143869e-02
<GCONST> 1.081575e+02
<STATE> 4
<MEAN> 39
 -1.204729e+00 -3.090308e+00 1.427038e-01 -4.426423e+00 -2.557290e+00 -2.069096e-01 -3.106926e-01 -8.641049e-01 -1.958208e+00 -4.209157e-02 -1.010082e+00 -5.616870e+00 5.330959e+01 -2.897992e-03 4.829166e-03 -4.491273e-03 9.568115e-03 9.101517e-03 1.178025e-02 2.061464e-02 8.508192e-03 6.541210e-03 7.945952e-03 1.144752e-02 1.208408e-02 -2.215558e-02 -2.309412e-04 -4.087433e-04 3.460415e-04 -7.696637e-04 7.926839e-05 1.310295e-03 2.501012e-04 7.399980e-04 8.446528e-04 5.186655e-04 -6.070960e-04 -2.009940e-04 4.486264e-04
<VARIANCE> 39
 1.484327e+01 2.718487e+01 3.259971e+01 2.538215e+01 4.519556e+01 3.522806e+01 3.431889e+01 3.065613e+01 2.874923e+01 2.789848e+01 2.888724e+01 2.540607e+01 1.616144e+01 3.600520e-01 6.538579e-01 8.511946e-01 1.005230e+00 1.459515e+00 1.500782e+00 1.565333e+00 1.711162e+00 1.705612e+00 1.662557e+00 1.639274e+00 1.514550e+00 2.094440e-01 4.895854e-02 9.511113e-02 1.298285e-01 1.699023e-01 2.406842e-01 2.662019e-01 2.873259e-01 3.237267e-01 3.260300e-01 3.201951e-01 3.101579e-01 2.862944e-01 2.246696e-02
<GCONST> 9.256774e+01
<TRANSP> 5
 0.000000e+00 1.000000e+00 0.000000e+00 0.000000e+00 0.000000e+00
 0.000000e+00 9.419150e-01 5.808495e-02 0.000000e+00 0.000000e+00
 0.000000e+00 0.000000e+00 9.825259e-01 1.747412e-02 0.000000e+00
 0.000000e+00 0.000000e+00 0.000000e+00 9.968085e-01 3.191508e-03
 0.000000e+00 0.000000e+00 0.000000e+00 0.000000e+00 0.000000e+00
<ENDHMM>
