~o
<STREAMINFO> 1 39
<VECSIZE> 39<NULLD><MFCC_D_A_Z_0><DIAGC>
~h "ap"
<BEGINHMM>
<NUMSTATES> 5
<STATE> 2
<MEAN> 39
 -4.651738e+00 3.161711e+00 1.320724e+00 -1.124716e+00 -3.312639e+00 2.130469e-01 -9.113008e-01 1.135757e+00 2.243567e+00 5.269326e-01 -9.851887e-01 2.049776e-01 4.477610e+00 -8.686309e-01 -1.350654e+00 -7.912184e-01 -2.870842e-01 -5.789738e-01 -7.530068e-01 -4.379058e-01 -5.721887e-01 -2.527049e-01 -2.661450e-01 -2.052106e-01 -3.128170e-01 2.568517e+00 2.093101e-01 1.836173e-01 7.753456e-02 -3.960568e-02 2.685760e-01 3.144604e-01 1.713104e-01 8.588645e-02 6.289874e-02 1.269529e-01 1.890904e-02 -4.930397e-02 -5.986402e-01
<VARIANCE> 39
 4.531641e+01 6.024510e+01 3.650655e+01 1.972163e+01 3.092909e+01 6.347603e+01 3.190899e+01 2.719991e+01 2.625296e+01 2.807071e+01 2.214839e+01 1.640936e+01 2.300239e+02 4.441044e+00 4.059024e+00 1.543749e+00 1.958288e+00 3.720118e+00 5.333761e+00 2.378691e+00 2.328695e+00 2.208904e+00 2.434709e+00 2.147475e+00 1.821852e+00 1.642593e+01 6.852474e-01 6.593811e-01 2.529027e-01 3.349748e-01 5.698919e-01 8.078661e-01 3.490416e-01 3.583102e-01 3.414033e-01 3.734455e-01 3.257265e-01 2.943876e-01 2.805300e+00
<GCONST> 1.235062e+02
<STATE> 3
<MEAN> 39
 -4.539904e-01 8.545146e-01 2.310695e-01 -9.970152e-02 1.098371e+00 1.167967e+00 2.581031e-01 -1.569853e-01 5.039148e-01 -5.302446e-02 -2.136276e-01 -1.221524e-01 -9.836233e-01 2.329547e-01 2.014147e-01 1.554417e-01 6.043537e-02 1.655507e-01 1.895865e-01 1.037529e-01 6.888830e-02 3.137844e-02 5.300284e-02 5.429450e-02 2.458244e-02 -6.003390e-01 -5.309470e-03 1.054191e-02 7.785022e-03 6.335297e-03 -1.638224e-02 -1.669925e-02 -7.382513e-03 7.618501e-03 3.498751e-03 3.335409e-04 1.842139e-03 7.516061e-03 1.208721e-02
<VARIANCE> 39
 1.690396e+01 3.615894e+01 2.091573e+01 1.545430e+01 2.356713e+01 2.610579e+01 1.851820e+01 2.256076e+01 1.973962e+01 1.882373e+01 1.475344e+01 1.286825e+01 8.661040e+01 1.427986e-01 2.677415e-01 4.076528e-01 6.440736e-01 8.869945e-01 1.024416e+00 1.051739e+00 1.187770e+00 1.297911e+00 1.398634e+00 1.227216e+00 1.196598e+00 1.829434e-01 2.143573e-02 4.708119e-02 7.893563e-02 1.256009e-01 1.687499e-01 2.127048e-01 2.050450e-01 2.408748e-01 2.652431e-01 2.980040e-01 2.530888e-01 2.547084e-01 8.692787e-03
<GCONST> 7.888853e+01
<STATE> 4
<MEAN> 39
 2.069961e-01 -2.479033e-01 -7.883433e-02 4.807161e-02 -1.317765e-01 -2.347590e-01 -2.759877e-02 2.056461e-03 -1.557922e-01 -2.936433e-03 6.690972e-02 1.879445e-02 7.973076e-02 -2.848255e-04 -1.601015e-02 -5.923777e-03 1.051024e-02 -2.475413e-03 -1.421873e-02 -2.275726e-03 -6.674776e-04 -4.893802e-03 -4.586470e-03 -5.038318e-04 -2.035390e-03 9.187110e-03 -8.245168e-05 -4.054475e-04 -3.288159e-04 2.407193e-04 3.989082e-04 -2.486776e-04 -5.048609e-04 4.616455e-04 -6.915064e-04 -4.941783e-04 -7.595469e-04 -8.205641e-06 1.894583e-04
<VARIANCE> 39
 1.863315e+01 3.731851e+01 2.018316e+01 1.812923e+01 2.750757e+01 3.132528e+01 2.147326e+01 2.381019e+01 2.180193e+01 1.833310e+01 1.649082e+01 1.422899e+01 1.078135e+02 1.016173e+00 1.238182e+00 8.133938e-01 9.853353e-01 1.754959e+00 2.051603e+00 1.422895e+00 1.443085e+00 1.588757e+00 1.544396e+00 1.393095e+00 1.363565e+00 5.909834e+00 1.629366e-01 1.907934e-01 1.337148e-01 1.830556e-01 3.242190e-01 3.965389e-01 2.700281e-01 2.684743e-01 3.171046e-01 3.181452e-01 2.760639e-01 2.884202e-01 8.949509e-01
<GCONST> 1.017820e+02
<TRANSP> 5
 0.000000e+00 1.000000e+00 0.000000e+00 0.000000e+00 0.000000e+00
 0.000000e+00 8.314456e-01 1.685543e-01 0.000000e+00 0.000000e+00
 0.000000e+00 0.000000e+00 9.782562e-01 2.174374e-02 0.000000e+00
 0.000000e+00 0.000000e+00 0.000000e+00 9.957300e-01 4.269982e-03
 0.000000e+00 0.000000e+00 0.000000e+00 0.000000e+00 0.000000e+00
<ENDHMM>
~h "cl"
<BEGINHMM>
<NUMSTATES> 5
<STATE> 2
<MEAN> 39
 7.833810e+00 -1.244152e+00 -2.107580e+00 9.760416e-01 2.999671e+00 -3.698027e+00 1.791994e+00 3.687351e+00 -2.070412e+00 1.423125e+00 3.578487e+00 -3.642929e+00 -5.845498e+00 -3.581690e-01 6.989376e-02 4.723026e-02 2.725768e-03 -1.463414e-01 1.538573e-01 -5.347564e-02 -2.063549e-01 1.375128e-01 3.570119e-02 -1.865620e-01 1.370017e-01 2.812062e-01 -8.888993e-02 2.230378e-03 1.953850e-02 -1.383097e-02 -4.223400e-02 3.363122e-02 -3.031469e-02 -6.052128e-02 3.106022e-02 -3.151540e-02 -6.068235e-02 4.213369e-02 7.188693e-02
<VARIANCE> 39
 3.895879e+01 1.869894e+01 1.352607e+01 9.992018e+00 1.926949e+01 3.038739e+01 2.186581e+01 3.440318e+01 3.187913e+01 2.505548e+01 3.644882e+01 3.069280e+01 1.990429e+01 2.828300e+00 8.283827e-01 7.547150e-01 9.101271e-01 1.372023e+00 1.900630e+00 1.703355e+00 2.398326e+00 2.479646e+00 1.941199e+00 2.355081e+00 1.935992e+00 1.603852e+00 3.835179e-01 1.224447e-01 1.188456e-01 1.623241e-01 2.121612e-01 2.981924e-01 2.846888e-01 4.127297e-01 4.116174e-01 3.716557e-01 4.124375e-01 3.115257e-01 2.187856e-01
<GCONST> 1.019095e+02
<STATE> 3
<MEAN> 39
 2.298423e-01 -3.166959e-01 4.182515e-01 2.322915e-01 -1.014675e+00 1.214393e+00 -1.340607e-01 -6.826746e-01 1.474811e+00 -2.929707e-02 -7.256530e-01 5.630060e-01 -1.338334e-01 -1.463204e-01 -2.214741e-03 1.182490e-02 -2.495695e-02 -1.016222e-03 1.147438e-02 -2.549938e-02 -1.543545e-03 -6.306405e-02 -4.224476e-02 -2.813491e-02 -1.207602e-02 1.363115e-01 4.332633e-02 -2.568636e-03 -4.746436e-03 -5.354377e-03 2.086863e-02 -7.550863e-03 3.846158e-03 2.260851e-02 -1.675163e-02 1.125548e-02 1.806310e-02 -2.052488e-02 -3.603084e-02
<VARIANCE> 39
 4.374658e+01 1.085653e+01 1.612323e+01 1.454266e+01 2.065685e+01 3.227124e+01 2.493207e+01 3.228310e+01 3.042821e+01 2.218650e+01 2.202301e+01 1.931062e+01 3.637900e+01 2.799432e+00 5.982374e-01 9.405945e-01 1.064944e+00 1.547344e+00 2.651197e+00 1.875428e+00 2.553019e+00 2.518934e+00 1.824543e+00 1.702531e+00 1.725215e+00 2.243231e+00 4.966815e-01 1.096237e-01 1.661035e-01 2.038746e-01 2.946981e-01 5.081624e-01 3.608955e-01 4.695648e-01 4.953806e-01 3.542823e-01 3.268193e-01 3.354241e-01 3.972351e-01
<GCONST> 1.047140e+02
<STATE> 4
<MEAN> 39
 -4.832419e-01 1.314670e-01 3.625235e-02 -9.998164e-02 3.030439e-02 -3.023154e-02 -7.409278e-02 -7.301183e-02 -1.721651e-01 -7.391131e-02 -5.852779e-02 9.389525e-02 3.532338e-01 7.144962e-02 -5.866130e-03 -2.504706e-03 -1.472759e-03 5.350142e-03 -1.141680e-02 -2.709898e-03 -8.662372e-04 6.472371e-03 -1.246456e-04 1.545322e-02 -2.304963e-03 -5.707540e-02 5.586928e-04 -8.525895e-05 -1.047457e-03 1.479458e-03 -2.918831e-04 -4.268020e-03 -8.601972e-05 1.198080e-03 -6.278170e-04 6.926701e-04 1.312911e-03 8.788929e-05 -4.121730e-04
<VARIANCE> 39
 3.757035e+01 7.973508e+00 1.312329e+01 1.144011e+01 1.575480e+01 2.677022e+01 2.134922e+01 2.594885e+01 2.578246e+01 2.016636e+01 1.934872e+01 1.914771e+01 2.359681e+01 1.285995e+00 5.016188e-01 8.850070e-01 9.234331e-01 1.237054e+00 1.948902e+00 1.722521e+00 2.086900e+00 2.176450e+00 1.783602e+00 1.610914e+00 1.731838e+00 9.761251e-01 2.351695e-01 9.271643e-02 1.727523e-01 1.852399e-01 2.356442e-01 3.744193e-01 3.351658e-01 3.964621e-01 4.298964e-01 3.568213e-01 3.218048e-01 3.409036e-01 1.810496e-01
<GCONST> 9.645223e+01
<TRANSP> 5
 0.000000e+00 1.000000e+00 0.000000e+00 0.000000e+00 0.000000e+00
 0.000000e+00 9.260148e-01 7.398516e-02 0.000000e+00 0.000000e+00
 0.000000e+00 0.000000e+00 9.788010e-01 2.119896e-02 0.000000e+00
 0.000000e+00 0.000000e+00 0.000000e+00 9.958600e-01 4.139992e-03
 0.000000e+00 0.000000e+00 0.000000e+00 0.000000e+00 0.000000e+00
<ENDHMM>
~h "cm"
<BEGINHMM>
<NUMSTATES> 5
<STATE> 2
<MEAN> 39
 -3.037460e+00 1.053086e-01 4.173556e-02 -6.769841e-01 -5.604335e-02 6.406193e-01 9.367202e-01 1.761000e+00 1.354391e+00 1.397180e+00 1.577031e+00 8.508780e-01 -4.086688e+00 8.567446e-02 -4.222853e-02 -5.334386e-02 -7.395686e-02 -6.144674e-02 -9.273764e-02 -9.156733e-02 -7.563893e-02 -6.984273e-02 -5.568460e-02 -9.198748e-02 -1.529061e-02 4.551958e-01 1.865624e-02 -1.566622e-03 -5.198790e-03 3.805733e-03 8.865450e-04 6.855984e-04 -2.124616e-03 -1.217366e-02 -1.602522e-02 -8.159748e-03 -4.563980e-03 -1.126035e-02 1.141180e-02
<VARIANCE> 39
 1.364305e+01 1.350035e+01 1.204773e+01 1.546723e+01 1.486743e+01 1.567926e+01 1.675476e+01 1.836799e+01 1.712893e+01 1.562048e+01 1.705433e+01 1.384140e+01 3.334834e+01 5.088395e-01 6.154951e-01 7.185977e-01 9.952658e-01 1.187868e+00 1.421120e+00 1.504090e+00 1.630920e+00 1.593534e+00 1.507834e+00 1.492303e+00 1.354953e+00 8.717852e-01 6.662352e-02 9.726271e-02 1.281966e-01 1.739763e-01 2.231963e-01 2.697627e-01 2.893826e-01 3.076367e-01 3.049263e-01 2.969462e-01 2.772828e-01 2.596354e-01 1.035293e-01
<GCONST> 8.785848e+01
<STATE> 3
<MEAN> 39
 6.574870e-02 -7.909588e-01 -6.374391e-01 -7.682004e-01 -5.925752e-01 -5.360587e-01 -5.222566e-01 -3.185180e-01 -3.025642e-01 -2.839884e-01 -4.217376e-01 -1.258772e-01 3.503949e+00 3.711800e-02 -5.392267e-03 4.346821e-03 2.565158e-02 1.340367e-02 8.836400e-03 -1.821022e-03 -2.610551e-02 -9.049863e-03 -9.868920e-03 -1.145957e-02 -1.140132e-02 3.633972e-02 -2.755541e-03 5.115599e-03 6.819077e-03 9.390663e-03 7.215760e-03 7.387595e-03 8.076424e-03 5.619562e-03 3.983457e-03 2.372516e-03 4.180222e-03 2.545210e-03 -2.265905e-02
<VARIANCE> 39
 7.305806e+00 7.060003e+00 7.314800e+00 9.867666e+00 1.136182e+01 1.283327e+01 1.360372e+01 1.464089e+01 1.481390e+01 1.386927e+01 1.394174e+01 1.189222e+01 2.080086e+01 2.406341e-01 3.682452e-01 5.176509e-01 7.541331e-01 9.363869e-01 1.159520e+00 1.260679e+00 1.312585e+00 1.394291e+00 1.371193e+00 1.303538e+00 1.172006e+00 3.557623e-01 3.853698e-02 6.579079e-02 9.860086e-02 1.460765e-01 1.859329e-01 2.357194e-01 2.538090e-01 2.620116e-01 2.834160e-01 2.827434e-01 2.651694e-01 2.370714e-01 4.313071e-02
<GCONST> 7.641705e+01
<STATE> 4
<MEAN> 39
 1.894156e+00 1.280433e+00 1.060405e+00 1.758331e+00 1.048421e+00 4.917802e-01 2.726375e-01 -6.195753e-01 -3.782227e-01 -4.381900e-01 -3.218839e-01 -3.471968e-01 -3.281055e+00 5.628555e-02 7.721431e-02 8.604449e-02 9.596905e-02 8.767998e-02 5.925713e-02 6.463409e-02 8.372673e-03 1.247568e-02 7.781623e-03 2.704687e-02 1.099124e-02 -4.184350e-01 -4.672155e-03 -5.642776e-03 -7.676611e-03 -1.270077e-02 -8.878744e-03 -4.812917e-03 -3.993092e-03 7.500767e-04 2.757359e-03 -1.548765e-03 -1.578515e-03 3.292458e-03 6.630666e-03
<VARIANCE> 39
 1.151263e+01 6.487334e+00 7.426804e+00 9.210962e+00 1.072099e+01 1.196465e+01 1.357786e+01 1.427461e+01 1.378134e+01 1.313312e+01 1.325367e+01 1.173187e+01 3.229987e+01 1.797940e-01 2.766364e-01 4.325221e-01 6.478226e-01 8.470827e-01 9.883335e-01 1.144108e+00 1.235332e+00 1.305612e+00 1.283003e+00 1.254474e+00 1.157725e+00 1.729498e-01 2.454440e-02 4.798682e-02 8.022381e-02 1.236032e-01 1.632151e-01 1.905537e-01 2.220174e-01 2.446637e-01 2.586559e-01 2.573071e-01 2.489207e-01 2.309061e-01 1.291157e-02
<GCONST> 7.142969e+01
<TRANSP> 5
 0.000000e+00 1.000000e+00 0.000000e+00 0.000000e+00 0.000000e+00
 0.000000e+00 9.573758e-01 4.262428e-02 0.000000e+00 0.000000e+00
 0.000000e+00 0.000000e+00 9.835039e-01 1.649606e-02 0.000000e+00
 0.000000e+00 0.000000e+00 0.000000e+00 9.718447e-01 2.815522e-02
 0.000000e+00 0.000000e+00 0.000000e+00 0.000000e+00 0.000000e+00
<ENDHMM>
~h "co"
<BEGINHMM>
<NUMSTATES> 5
<STATE> 2
<MEAN> 39
 -1.333641e+00 -3.276144e-01 -4.916895e-01 -5.040277e-01 -5.663259e+00 -3.384250e-01 1.260634e+00 4.295418e+00 4.210205e+00 1.697615e+00 4.643304e-01 1.560280e+00 -6.156647e-01 -4.784456e-01 -1.008136e-01 1.910162e-01 -3.059492e-01 -3.744664e-01 -6.084914e-01 -1.614182e-01 -5.445390e-01 -7.300175e-01 -6.982511e-01 -2.866273e-01 -2.355503e-01 1.874410e+00 -2.662909e-02 2.904287e-02 -2.217834e-02 3.038060e-02 2.584831e-01 1.542674e-01 1.253663e-01 3.346084e-02 -4.301309e-02 7.085901e-02 1.230965e-01 4.281913e-02 -1.193638e-01
<VARIANCE> 39
 1.511168e+01 2.427151e+01 2.691555e+01 2.571034e+01 8.591637e+01 4.862928e+01 5.716296e+01 5.791494e+01 5.672474e+01 4.100988e+01 3.922204e+01 2.649587e+01 9.935202e+01 1.042373e+00 2.045688e+00 1.694896e+00 1.829846e+00 6.098352e+00 3.336896e+00 4.018204e+00 3.181484e+00 5.081361e+00 3.209050e+00 2.656582e+00 2.570465e+00 4.349934e+00 1.260279e-01 3.478790e-01 2.675102e-01 2.575769e-01 7.718548e-01 5.224159e-01 6.659762e-01 5.412545e-01 9.303155e-01 5.682685e-01 4.454902e-01 4.461471e-01 4.574326e-01
<GCONST> 1.227281e+02
<STATE> 3
<MEAN> 39
 -1.312488e+00 -1.218568e+00 -1.386510e+00 -1.093304e+00 -1.752047e+00 -1.502698e+00 -1.716251e-01 -1.070576e+00 -3.109805e-01 -8.469565e-02 -4.013258e-01 -3.724970e-01 3.924183e+00 7.917617e-02 -1.922537e-02 -4.717452e-03 4.929014e-02 1.137175e-01 3.817323e-02 -7.575531e-02 -5.496298e-02 -1.282386e-02 2.613318e-02 1.493375e-02 -3.536708e-02 -9.451178e-02 1.694046e-02 6.083300e-03 7.424728e-03 1.018492e-02 -4.336685e-03 5.823982e-04 -6.165490e-03 5.473195e-03 9.744616e-03 7.988502e-04 -6.390879e-03 -2.090297e-03 -2.742727e-02
<VARIANCE> 39
 1.274081e+01 1.127684e+01 1.551262e+01 1.709168e+01 2.955173e+01 2.232830e+01 3.526778e+01 3.718084e+01 3.063715e+01 2.631121e+01 2.573614e+01 2.390081e+01 4.147908e+01 4.371962e-01 7.639471e-01 9.163566e-01 1.166724e+00 2.356957e+00 1.614720e+00 2.091478e+00 2.290515e+00 2.825714e+00 2.284140e+00 2.090138e+00 1.711044e+00 1.120945e+00 6.154392e-02 1.449515e-01 1.607758e-01 2.156522e-01 4.211749e-01 3.090846e-01 3.732111e-01 4.228140e-01 5.702212e-01 4.589398e-01 4.084691e-01 3.257523e-01 1.273628e-01
<GCONST> 1.004769e+02
<STATE> 4
<MEAN> 39
 1.811890e+00 1.525880e+00 1.756598e+00 1.405104e+00 3.085434e+00 1.870403e+00 -9.470830e-03 5.535989e-01 -3.478617e-01 -1.893404e-01 4.042827e-01 1.813311e-01 -4.626968e+00 5.813337e-02 1.229839e-01 4.137918e-02 3.623420e-02 1.455448e-01 9.201084e-02 9.304757e-02 7.744661e-02 -1.304358e-03 1.820564e-02 2.445978e-02 5.028467e-02 -3.156894e-01 -5.831522e-03 -2.208399e-03 -1.230846e-02 -7.559498e-03 -1.251743e-02 -9.337896e-03 -4.156677e-04 1.519847e-03 1.547046e-03 1.553131e-03 -2.210596e-03 -2.152703e-03 6.749643e-03
<VARIANCE> 39
 1.016778e+01 1.334321e+01 1.399489e+01 1.552400e+01 3.107209e+01 2.176091e+01 4.080711e+01 2.872078e+01 2.053453e+01 2.581203e+01 2.343111e+01 2.118959e+01 5.831262e+01 2.901426e-01 4.963005e-01 6.550500e-01 8.768201e-01 1.533421e+00 1.322471e+00 1.719323e+00 1.545818e+00 1.626772e+00 1.762479e+00 1.631899e+00 1.492019e+00 8.263027e-01 4.318396e-02 8.976006e-02 1.204093e-01 1.685065e-01 2.751847e-01 2.525378e-01 3.206275e-01 2.955667e-01 3.188134e-01 3.529547e-01 3.285053e-01 2.973014e-01 7.462706e-02
<GCONST> 9.146279e+01
<TRANSP> 5
 0.000000e+00 1.000000e+00 0.000000e+00 0.000000e+00 0.000000e+00
 0.000000e+00 8.880126e-01 1.119874e-01 0.000000e+00 0.000000e+00
 0.000000e+00 0.000000e+00 9.840560e-01 1.594400e-02 0.000000e+00
 0.000000e+00 0.000000e+00 0.000000e+00 9.807710e-01 1.922897e-02
 0.000000e+00 0.000000e+00 0.000000e+00 0.000000e+00 0.000000e+00
<ENDHMM>
~h "ds"
<BEGINHMM>
<NUMSTATES> 5
<STATE> 2
<MEAN> 39
 -1.525830e+00 -1.065290e+00 -2.243750e-02 -7.477774e-01 -9.077950e-01 -1.322382e+00 2.218502e+00 2.955072e-02 9.941519e-01 1.338252e+00 1.896644e+00 1.538205e+00 2.545257e+00 -2.132466e-01 5.486210e-02 -1.434045e-01 -1.279508e-01 -2.235505e-01 -2.110329e-01 -3.429819e-02 -8.837293e-02 5.456525e-02 1.824871e-01 -1.634448e-02 3.210460e-02 6.742619e-01 -4.020890e-02 1.706386e-02 -5.629163e-02 -4.868515e-02 -6.440031e-02 -2.792983e-02 -2.681350e-02 -1.154410e-02 -1.961959e-02 -4.217384e-03 -1.194105e-02 -2.646794e-02 8.580323e-02
<VARIANCE> 39
 1.941632e+01 1.171742e+01 1.311994e+01 1.620337e+01 1.983948e+01 2.014745e+01 2.718194e+01 3.783580e+01 2.818987e+01 2.203600e+01 1.967575e+01 1.788865e+01 4.916013e+01 1.457895e+00 6.905146e-01 1.180981e+00 1.399441e+00 2.338945e+00 2.113696e+00 2.122889e+00 2.459565e+00 1.892942e+00 2.211773e+00 1.913571e+00 1.693797e+00 3.092548e+00 1.978705e-01 1.180638e-01 1.676734e-01 2.305687e-01 3.602397e-01 3.646844e-01 3.500969e-01 4.481214e-01 3.240839e-01 4.018233e-01 3.514960e-01 3.176826e-01 3.584895e-01
<GCONST> 1.029293e+02
<STATE> 3
<MEAN> 39
 -5.723688e+00 -9.242194e-01 -4.405868e+00 -4.159768e+00 -6.831661e+00 -4.755021e+00 -1.919401e+00 -1.659907e+00 5.909245e-01 1.847327e+00 7.488023e-01 9.133777e-01 9.992469e+00 -7.939527e-02 2.438378e-02 2.284645e-01 3.381698e-01 4.084906e-01 5.077331e-01 2.106246e-01 3.260580e-01 2.168386e-02 -3.256302e-01 7.838377e-02 2.912073e-02 9.382957e-01 2.839842e-01 1.419791e-03 2.487378e-01 2.846617e-01 3.354967e-01 2.876218e-01 1.205052e-01 1.134757e-01 4.180692e-02 -6.921469e-02 -3.679586e-03 7.811199e-02 -6.113889e-01
<VARIANCE> 39
 2.439152e+01 1.772697e+01 1.483198e+01 1.385431e+01 2.279570e+01 2.026826e+01 2.159807e+01 1.878228e+01 1.579119e+01 2.217326e+01 1.630249e+01 1.615766e+01 2.935492e+02 4.577876e+00 2.543444e+00 2.173920e+00 2.146560e+00 2.687957e+00 2.463138e+00 2.843518e+00 2.055190e+00 2.284874e+00 1.968913e+00 1.842848e+00 1.761340e+00 3.151055e+01 8.188198e-01 4.272293e-01 3.630959e-01 3.914613e-01 5.167798e-01 5.280485e-01 5.639665e-01 4.024491e-01 4.571716e-01 4.248232e-01 3.823497e-01 3.845528e-01 5.519996e+00
<GCONST> 1.184790e+02
<STATE> 4
<MEAN> 39
 3.061874e-01 1.084005e-01 1.527437e-01 1.965244e-01 2.996970e-01 2.583122e-01 -9.388767e-02 5.481053e-02 -9.184633e-02 -1.597173e-01 -1.622384e-01 -1.420763e-01 -5.260111e-01 5.319664e-02 1.911809e-03 2.937596e-02 2.259844e-02 4.726982e-02 2.883020e-02 1.434707e-02 8.336147e-03 -5.583430e-03 -1.642755e-02 -1.577137e-02 -1.788998e-02 -1.250974e-01 -8.273300e-04 1.092431e-04 -3.222267e-03 -4.992126e-03 -5.382838e-03 -5.195845e-03 -2.841447e-03 -2.783723e-03 -1.394150e-03 1.621972e-03 6.593484e-04 3.646441e-04 5.190700e-04
<VARIANCE> 39
 1.332049e+01 9.938695e+00 1.444970e+01 1.477714e+01 1.828400e+01 2.017748e+01 2.169582e+01 1.810112e+01 2.291414e+01 2.165760e+01 1.748166e+01 1.634330e+01 5.187069e+01 5.721356e-01 4.741265e-01 6.667614e-01 9.074414e-01 1.286804e+00 1.419837e+00 1.572815e+00 1.535669e+00 1.739039e+00 1.744122e+00 1.579914e+00 1.353970e+00 8.229511e-01 9.607233e-02 8.410024e-02 1.241445e-01 1.737359e-01 2.521947e-01 2.777212e-01 3.088400e-01 3.058860e-01 3.449549e-01 3.511516e-01 3.202455e-01 2.714416e-01 1.016997e-01
<GCONST> 9.046140e+01
<TRANSP> 5
 0.000000e+00 1.000000e+00 0.000000e+00 0.000000e+00 0.000000e+00
 0.000000e+00 9.142235e-01 8.577654e-02 0.000000e+00 0.000000e+00
 0.000000e+00 0.000000e+00 8.199595e-01 1.800405e-01 0.000000e+00
 0.000000e+00 0.000000e+00 0.000000e+00 9.938244e-01 6.175681e-03
 0.000000e+00 0.000000e+00 0.000000e+00 0.000000e+00 0.000000e+00
<ENDHMM>
~h "kj"
<BEGINHMM>
<NUMSTATES> 5
<STATE> 2
<MEAN> 39
 6.412750e+00 -3.908796e-02 -2.367370e+00 -2.897074e-01 8.139290e-01 -1.162727e+00 -1.412766e+00 -7.467931e-01 -2.746246e-01 2.364559e-01 -1.154636e+00 -2.350343e-01 -3.810028e+00 -3.409736e-01 -2.099662e-01 -7.532015e-02 2.185810e-02 -1.423460e-01 -8.131196e-02 -6.318733e-02 -1.734061e-01 1.660033e-02 -2.308198e-02 5.280688e-02 3.952349e-02 4.888716e-01 1.601586e-03 -1.091381e-02 5.835155e-03 -6.607025e-03 8.907719e-03 1.012551e-02 1.320017e-02 1.747311e-02 2.854673e-03 2.925575e-03 -7.660599e-03 -5.390640e-03 -1.142203e-04
<VARIANCE> 39
 1.866823e+01 2.250231e+01 1.275172e+01 1.709364e+01 1.967963e+01 2.662346e+01 2.177373e+01 2.145515e+01 1.969654e+01 1.836137e+01 1.521448e+01 1.733885e+01 1.912630e+01 1.015296e+00 1.257889e+00 1.070276e+00 1.073420e+00 1.569528e+00 1.828014e+00 2.204173e+00 1.924693e+00 1.810028e+00 1.979207e+00 1.419677e+00 1.379289e+00 1.014829e+00 1.535987e-01 2.021951e-01 1.718987e-01 1.964423e-01 2.645095e-01 3.312539e-01 4.168687e-01 3.522499e-01 3.344441e-01 3.762490e-01 2.692667e-01 2.491479e-01 1.363751e-01
<GCONST> 9.679208e+01
<STATE> 3
<MEAN> 39
 3.778440e+00 -4.435943e+00 -4.399940e+00 -2.799261e-01 1.053923e+00 -2.915217e+00 -4.321954e+00 -3.001671e+00 -7.051663e-01 -2.805001e-01 -5.835255e-02 7.127646e-01 2.638682e+00 -1.289688e-01 1.638378e-01 2.961347e-02 9.001097e-03 6.487273e-02 7.263573e-02 3.509797e-02 6.690969e-02 -1.907497e-02 3.152716e-02 1.346715e-02 8.217354e-03 -8.226752e-02 -1.111531e-02 3.667391e-02 3.615360e-02 -3.681284e-03 -4.676071e-03 1.552661e-02 2.344786e-02 3.100732e-02 5.567305e-03 1.900917e-03 2.971653e-03 2.391169e-03 -2.499376e-02
<VARIANCE> 39
 1.248802e+01 1.666538e+01 1.038725e+01 1.539083e+01 1.417226e+01 2.005851e+01 2.418677e+01 1.688027e+01 1.828597e+01 1.760308e+01 1.608576e+01 1.486228e+01 1.679624e+01 5.213547e-01 7.280121e-01 6.826347e-01 8.540000e-01 1.126222e+00 1.320906e+00 1.589244e+00 1.644278e+00 1.542590e+00 1.633154e+00 1.572548e+00 1.273348e+00 5.712509e-01 9.351905e-02 1.222041e-01 1.310815e-01 1.633359e-01 2.303755e-01 2.484493e-01 3.230481e-01 3.330273e-01 3.098594e-01 3.347723e-01 3.243439e-01 2.537631e-01 9.437491e-02
<GCONST> 8.820213e+01
<STATE> 4
<MEAN> 39
 -6.248921e-01 3.571029e-01 4.712709e-01 3.697460e-02 -1.252956e-01 2.918453e-01 4.170360e-01 2.778559e-01 7.026034e-02 1.056963e-02 6.271854e-02 -4.524621e-02 -1.970551e-02 3.642305e-02 -1.174905e-02 2.537847e-04 -4.912406e-03 4.838892e-03 -2.630171e-03 1.549724e-03 -1.196042e-03 5.657315e-03 -4.680160e-03 6.265162e-04 3.139097e-04 -2.080404e-02 2.473077e-03 -1.343572e-03 -1.885365e-03 -5.000900e-06 3.837465e-04 -4.150159e-04 2.036215e-04 -6.511345e-04 7.593337e-04 7.620877e-05 -2.427125e-04 2.177993e-04 -1.180281e-03
<VARIANCE> 39
 2.690725e+01 3.054481e+01 1.451345e+01 1.359548e+01 1.513355e+01 2.277901e+01 2.615296e+01 2.067311e+01 1.723556e+01 1.933397e+01 1.573526e+01 1.431442e+01 2.882746e+01 5.659447e-01 7.496556e-01 7.041374e-01 9.399455e-01 1.179508e+00 1.451167e+00 1.633204e+00 1.603955e+00 1.624441e+00 1.668363e+00 1.469451e+00 1.320610e+00 6.367378e-01 9.311946e-02 1.279025e-01 1.309968e-01 1.830611e-01 2.295709e-01 2.854152e-01 3.175693e-01 3.210427e-01 3.306642e-01 3.336533e-01 2.960545e-01 2.687057e-01 9.057409e-02
<GCONST> 9.152873e+01
<TRANSP> 5
 0.000000e+00 1.000000e+00 0.000000e+00 0.000000e+00 0.000000e+00
 0.000000e+00 9.286062e-01 7.139388e-02 0.000000e+00 0.000000e+00
 0.000000e+00 0.000000e+00 9.551675e-01 4.483252e-02 0.000000e+00
 0.000000e+00 0.000000e+00 0.000000e+00 9.964107e-01 3.589244e-03
 0.000000e+00 0.000000e+00 0.000000e+00 0.000000e+00 0.000000e+00
<ENDHMM>
~h "kn"
<BEGINHMM>
<NUMSTATES> 5
<STATE> 2
<MEAN> 39
 -4.053856e+00 -3.085049e-01 -1.602526e+00 -2.865898e+00 -2.928787e+00 -8.037363e-01 1.484155e-02 -1.351652e+00 7.676400e-01 -5.033359e-01 -1.462048e-01 -1.930782e+00 1.672166e+00 2.063724e-01 2.606533e-01 -5.656255e-02 2.086803e-01 3.122354e-01 -4.201292e-01 5.986133e-01 -1.049195e-01 1.138406e+00 3.386860e-01 1.861098e-01 3.764766e-01 2.327669e+00 -5.914468e-02 1.068552e-01 1.249936e-01 1.146085e-01 2.337006e-01 2.528203e-01 -4.947540e-02 5.748928e-02 -2.308382e-01 -5.499391e-02 -2.036835e-03 1.233533e-01 -5.233290e-01
<VARIANCE> 39
 2.068964e+01 1.561811e+01 1.776262e+01 9.813019e+00 1.660707e+01 2.474879e+01 2.469738e+01 4.850275e+01 3.240013e+01 2.147634e+01 2.136614e+01 1.895786e+01 8.956712e+01 2.726310e+00 1.645945e+00 2.022634e+00 1.017222e+00 1.643777e+00 2.208275e+00 2.919737e+00 6.220683e+00 3.499974e+00 2.127896e+00 1.982574e+00 2.363838e+00 7.008293e+00 3.922569e-01 2.027356e-01 2.958023e-01 1.438321e-01 2.133039e-01 3.316845e-01 4.895952e-01 8.752744e-01 6.629810e-01 3.399709e-01 2.983711e-01 3.458975e-01 1.166952e+00
<GCONST> 1.118867e+02
<STATE> 3
<MEAN> 39
 4.506611e-01 -2.856321e-01 -5.133528e-01 -3.878495e-02 -6.757392e-02 -5.842217e-01 -7.616527e-02 -3.786758e-01 4.124556e-01 1.260006e-01 2.640442e-01 2.501075e-01 1.338667e+00 5.058789e-02 -2.741284e-02 1.512801e-02 4.420079e-02 2.814789e-02 9.200009e-03 -2.127729e-03 1.067868e-02 -2.954961e-02 -1.249058e-03 1.383973e-06 2.197328e-02 -4.746143e-02 1.854750e-03 -4.669771e-03 -2.084090e-03 -2.616993e-03 -8.172589e-03 -1.100332e-03 -6.248067e-03 -5.093190e-03 -1.245381e-02 -2.272077e-03 -6.276881e-03 -1.072754e-02 -9.943204e-03
<VARIANCE> 39
 8.606243e+00 1.093085e+01 1.051964e+01 9.401226e+00 1.271800e+01 1.477594e+01 1.595182e+01 2.087553e+01 1.829649e+01 1.560335e+01 1.472164e+01 1.471250e+01 2.271772e+01 4.238734e-01 8.396560e-01 7.979040e-01 9.608464e-01 1.338309e+00 1.371524e+00 1.480526e+00 1.986089e+00 1.797744e+00 1.531597e+00 1.382232e+00 1.431259e+00 2.006284e+00 7.332511e-02 1.624310e-01 1.458609e-01 2.001805e-01 2.830490e-01 2.747514e-01 3.033815e-01 4.168268e-01 3.780820e-01 3.228203e-01 2.779410e-01 2.877191e-01 3.411764e-01
<GCONST> 9.050269e+01
<STATE> 4
<MEAN> 39
 -4.256489e-01 8.343620e-01 1.705162e+00 6.673115e-01 7.576429e-01 1.740465e+00 2.034347e-01 1.291090e+00 -1.268035e+00 -2.426147e-01 -6.866735e-01 -2.988179e-01 -3.954786e+00 -1.385223e-01 1.193757e-01 1.794616e-01 -3.867684e-02 5.271851e-03 1.983614e-01 -2.810609e-02 1.710525e-01 -1.337154e-01 -1.660585e-02 -6.763491e-02 -7.684004e-02 -5.255016e-01 -1.438538e-02 -8.876018e-03 -1.140225e-02 -2.390954e-02 -2.229883e-02 -1.544923e-02 1.756215e-02 9.965327e-03 2.306738e-02 -9.399229e-04 1.208623e-02 -5.957223e-03 2.446339e-02
<VARIANCE> 39
 9.898943e+00 9.980034e+00 9.224523e+00 8.179296e+00 1.177546e+01 1.543015e+01 1.344476e+01 1.572801e+01 1.539136e+01 1.531946e+01 1.291218e+01 1.280504e+01 2.309089e+01 1.718470e-01 3.258694e-01 4.864388e-01 6.459869e-01 9.959474e-01 1.080786e+00 1.266966e+00 1.300157e+00 1.497363e+00 1.389629e+00 1.243086e+00 1.179225e+00 1.198872e-01 2.193858e-02 5.302511e-02 9.149477e-02 1.309722e-01 1.989482e-01 2.090188e-01 2.608757e-01 2.593859e-01 3.044866e-01 2.804720e-01 2.482051e-01 2.384343e-01 7.997117e-03
<GCONST> 7.321696e+01
<TRANSP> 5
 0.000000e+00 1.000000e+00 0.000000e+00 0.000000e+00 0.000000e+00
 0.000000e+00 7.958865e-01 2.041135e-01 0.000000e+00 0.000000e+00
 0.000000e+00 0.000000e+00 9.852197e-01 1.478025e-02 0.000000e+00
 0.000000e+00 0.000000e+00 0.000000e+00 9.599572e-01 4.004284e-02
 0.000000e+00 0.000000e+00 0.000000e+00 0.000000e+00 0.000000e+00
<ENDHMM>
~h "kt"
<BEGINHMM>
<NUMSTATES> 5
<STATE> 2
<MEAN> 39
 1.363761e-01 -4.441332e-01 1.825395e-01 -4.719812e-01 -4.492556e-01 5.669251e-02 -1.023519e-02 3.605613e-01 4.096696e-01 3.081495e-01 2.883953e-01 2.043577e-01 9.990238e-02 -6.615894e-02 2.110200e-02 -3.674825e-02 1.398818e-02 -9.052428e-03 -4.835515e-02 2.273398e-03 -5.635694e-04 1.005367e-02 -2.969693e-03 -3.813777e-03 -1.702370e-03 8.628504e-02 3.402424e-03 -1.363493e-04 4.591797e-03 6.174451e-03 5.352380e-03 3.803573e-03 -1.354932e-03 -1.861769e-03 -2.885197e-03 -5.219000e-03 2.282490e-03 -1.706493e-03 -3.876587e-03
<VARIANCE> 39
 1.338512e+01 8.066419e+00 9.229756e+00 1.102439e+01 1.305590e+01 1.616717e+01 1.585249e+01 1.683627e+01 1.614645e+01 1.545503e+01 1.464238e+01 1.273441e+01 1.936087e+01 1.064699e+00 5.597525e-01 8.105065e-01 9.320323e-01 1.231684e+00 1.563445e+00 1.576313e+00 1.669209e+00 1.650287e+00 1.709489e+00 1.524527e+00 1.290213e+00 1.476810e+00 1.914710e-01 1.058058e-01 1.585224e-01 1.804195e-01 2.459441e-01 3.106163e-01 3.224878e-01 3.359301e-01 3.324674e-01 3.484212e-01 3.046052e-01 2.574918e-01 2.499215e-01
<GCONST> 9.022442e+01
<STATE> 3
<MEAN> 39
 -1.138970e+00 2.416963e-01 -2.521249e-01 6.909460e-01 1.727427e-01 -8.674429e-01 -3.134607e-01 -5.981370e-01 -1.301868e-01 -1.856105e-01 -3.039469e-01 3.433659e-02 1.389258e+00 2.393310e-02 3.172954e-04 6.344448e-03 4.448793e-03 6.273260e-03 1.612154e-02 1.554173e-02 -1.258063e-02 -2.060308e-03 -6.938350e-03 1.005923e-02 -3.597218e-03 -3.133379e-02 6.068030e-03 -1.043715e-03 8.890674e-04 -5.148822e-03 -5.118456e-04 3.490687e-03 2.559049e-03 4.909967e-03 4.235380e-03 5.314038e-03 -8.471195e-04 1.147979e-03 -1.157077e-02
<VARIANCE> 39
 8.344293e+00 5.049667e+00 7.259986e+00 1.054969e+01 1.254570e+01 1.632461e+01 1.682945e+01 1.575770e+01 1.770963e+01 1.803306e+01 1.620583e+01 1.313461e+01 1.405436e+01 7.704524e-01 4.243471e-01 6.694736e-01 9.084085e-01 1.228166e+00 1.663803e+00 1.727706e+00 1.606537e+00 1.744511e+00 2.026266e+00 1.616841e+00 1.332296e+00 1.383653e+00 1.537532e-01 8.341029e-02 1.354443e-01 1.827804e-01 2.500803e-01 3.540940e-01 3.596523e-01 3.328474e-01 3.535302e-01 4.311951e-01 3.204966e-01 2.727694e-01 2.710007e-01
<GCONST> 8.867838e+01
<STATE> 4
<MEAN> 39
 6.085074e-01 3.892027e-02 7.303590e-02 -2.115973e-01 8.117440e-02 4.825296e-01 1.868035e-01 2.026132e-01 -8.994729e-02 -1.656353e-02 6.039045e-02 -1.027217e-01 -8.499874e-01 2.633860e-02 -9.447514e-03 1.120277e-02 -1.365309e-02 7.108489e-03 1.525908e-02 3.063435e-04 6.231327e-03 -3.896457e-03 3.180673e-03 1.672266e-03 -2.134980e-03 -3.081857e-02 -1.437978e-03 -5.283222e-04 -2.229804e-04 1.018650e-03 6.580860e-04 -1.033992e-03 -1.914483e-03 -2.434360e-04 -1.032131e-03 -5.572943e-04 -4.548749e-04 7.493063e-04 2.732739e-03
<VARIANCE> 39
 9.517897e+00 6.993941e+00 8.401155e+00 1.001174e+01 1.284872e+01 1.537991e+01 1.483967e+01 1.560094e+01 1.621410e+01 1.553909e+01 1.397372e+01 1.283072e+01 1.021927e+01 6.641818e-01 4.834556e-01 6.369344e-01 8.248152e-01 1.119716e+00 1.312105e+00 1.487447e+00 1.525277e+00 1.571381e+00 1.570739e+00 1.438401e+00 1.259690e+00 6.569263e-01 1.234874e-01 9.302369e-02 1.254694e-01 1.647381e-01 2.261318e-01 2.667457e-01 3.069772e-01 3.103875e-01 3.214552e-01 3.238248e-01 2.924586e-01 2.529460e-01 1.163825e-01
<GCONST> 8.406104e+01
<TRANSP> 5
 0.000000e+00 1.000000e+00 0.000000e+00 0.000000e+00 0.000000e+00
 0.000000e+00 9.851124e-01 1.488759e-02 0.000000e+00 0.000000e+00
 0.000000e+00 0.000000e+00 9.896595e-01 1.034052e-02 0.000000e+00
 0.000000e+00 0.000000e+00 0.000000e+00 9.939743e-01 6.025680e-03
 0.000000e+00 0.000000e+00 0.000000e+00 0.000000e+00 0.000000e+00
<ENDHMM>
~h "pr"
<BEGINHMM>
<NUMSTATES> 5
<STATE> 2
<MEAN> 39
 -1.199654e+00 -3.326777e-02 6.700444e-03 1.794350e-01 2.180646e+00 -3.297335e-01 -1.325197e+00 -1.260278e+00 -3.035585e-01 2.197213e-02 3.384408e-01 5.862957e-01 1.152175e+00 -9.042214e-02 -4.717167e-02 2.510257e-02 -1.665179e-02 1.645122e-02 1.373699e-02 6.331823e-03 -5.734325e-02 2.199381e-02 -4.652580e-02 -8.352756e-03 6.178165e-02 8.970825e-02 2.433674e-02 7.124998e-03 -8.389389e-03 6.501550e-03 2.054154e-04 -1.044338e-03 -1.940786e-03 8.943761e-03 -3.048677e-03 4.984473e-03 5.729744e-04 -1.589848e-02 -2.043136e-02
<VARIANCE> 39
 1.901648e+01 1.822567e+01 2.230976e+01 2.985022e+01 6.237605e+01 4.233973e+01 5.135994e+01 5.028621e+01 4.098745e+01 3.423992e+01 5.088794e+01 4.749930e+01 1.193797e+01 1.099458e+00 8.856680e-01 1.229726e+00 1.688272e+00 1.847288e+00 2.294391e+00 2.443232e+00 2.810669e+00 2.589782e+00 2.236900e+00 2.895314e+00 2.416687e+00 7.511666e-01 1.662170e-01 1.461621e-01 2.115060e-01 2.937184e-01 3.258825e-01 4.105056e-01 4.461301e-01 4.864248e-01 4.893052e-01 3.984527e-01 5.307907e-01 4.306066e-01 1.072442e-01
<GCONST> 1.093906e+02
<STATE> 3
<MEAN> 39
 -4.687390e+00 -7.746096e-01 1.939021e+00 1.548249e-01 1.231415e+00 2.173337e+00 -1.761442e+00 -2.965699e+00 2.498288e+00 -3.726568e+00 9.409531e-01 7.986805e-01 3.726272e+00 4.301800e-02 -2.022873e-02 -8.053133e-04 -3.905771e-02 -8.481095e-04 1.302996e-02 -3.448182e-04 1.471075e-02 1.832834e-02 6.811962e-03 -2.627164e-02 3.027010e-02 -4.375843e-02 2.723574e-03 2.428043e-03 1.893491e-03 -4.049636e-03 -4.620995e-05 -6.891448e-03 -2.546529e-04 1.063203e-02 -4.104757e-03 7.585441e-03 -2.922822e-03 -4.189664e-03 -2.561900e-03
<VARIANCE> 39
 9.386744e+00 1.930688e+01 1.312051e+01 1.572748e+01 3.947659e+01 3.116199e+01 2.628283e+01 2.372425e+01 2.229096e+01 2.265780e+01 2.734966e+01 2.242062e+01 5.853447e+00 4.732385e-01 4.086486e-01 5.483129e-01 8.431994e-01 1.251025e+00 1.623790e+00 1.560665e+00 1.425361e+00 1.639163e+00 1.784073e+00 1.868255e+00 1.252323e+00 2.019630e-01 1.070268e-01 7.630179e-02 1.024019e-01 1.665635e-01 2.578245e-01 3.380177e-01 3.160526e-01 2.896102e-01 3.383611e-01 3.459090e-01 3.781182e-01 2.545295e-01 4.423133e-02
<GCONST> 8.826983e+01
<STATE> 4
<MEAN> 39
 1.857453e+00 2.702691e-01 -6.595245e-01 -9.243433e-02 -9.027283e-01 -6.642450e-01 8.924060e-01 1.286653e+00 -7.803389e-01 1.259780e+00 -3.945730e-01 -4.013976e-01 -1.520727e+00 3.899335e-02 2.303782e-02 -1.978810e-02 2.474180e-02 -9.598085e-03 -1.255135e-02 -7.608376e-04 8.419742e-03 -1.667268e-02 1.188533e-02 1.078761e-02 -2.364673e-02 -3.433385e-02 -1.109992e-03 -3.721935e-04 1.284544e-04 2.200941e-03 -5.367764e-05 5.352484e-04 -2.521866e-04 -2.417092e-03 4.868562e-04 -8.734051e-04 1.576557e-03 -1.357955e-03 7.749723e-04
<VARIANCE> 39
 2.484294e+01 1.956794e+01 3.027506e+01 4.246970e+01 3.217545e+01 3.806211e+01 3.058893e+01 3.788305e+01 4.321770e+01 4.209892e+01 3.688519e+01 4.038541e+01 1.679698e+01 3.498469e-01 4.735708e-01 6.525210e-01 9.615116e-01 1.117571e+00 1.454900e+00 1.505801e+00 1.638201e+00 1.711446e+00 1.700794e+00 1.564469e+00 1.394756e+00 2.113460e-01 6.098641e-02 8.221211e-02 1.209538e-01 1.736976e-01 2.158280e-01 2.796021e-01 2.924589e-01 3.086812e-01 3.246023e-01 3.306650e-01 3.034171e-01 2.661088e-01 3.321976e-02
<GCONST> 9.371791e+01
<TRANSP> 5
 0.000000e+00 1.000000e+00 0.000000e+00 0.000000e+00 0.000000e+00
 0.000000e+00 9.810163e-01 1.898368e-02 0.000000e+00 0.000000e+00
 0.000000e+00 0.000000e+00 9.875630e-01 1.243697e-02 0.000000e+00
 0.000000e+00 0.000000e+00 0.000000e+00 9.957793e-01 4.220688e-03
 0.000000e+00 0.000000e+00 0.000000e+00 0.000000e+00 0.000000e+00
<ENDHMM>
~h "pw"
<BEGINHMM>
<NUMSTATES> 5
<STATE> 2
<MEAN> 39
 -7.541061e-01 8.179288e-01 2.007681e-01 1.954516e-01 3.727101e-01 7.787204e-01 6.474787e-01 7.740713e-01 3.173692e-01 1.884668e-01 -2.523125e-02 -1.208916e-01 -9.712166e-01 -2.744208e-03 -5.048231e-03 2.906732e-03 -2.157322e-04 -8.207150e-04 -5.813695e-03 1.338984e-03 -3.845511e-03 -5.827574e-04 -3.129155e-04 1.637770e-03 3.241877e-04 6.177029e-03 6.087448e-05 -1.109631e-03 -2.413158e-03 2.092362e-04 -1.408150e-03 -2.374604e-03 -1.459960e-03 -6.391849e-04 -1.966577e-03 9.555664e-04 -9.704516e-04 3.462289e-04 2.314424e-03
<VARIANCE> 39
 1.450167e+01 1.887802e+01 1.030125e+01 1.084296e+01 1.387607e+01 1.610555e+01 1.640218e+01 1.808182e+01 1.602698e+01 1.495843e+01 1.445361e+01 1.268012e+01 1.962602e+01 5.543912e-01 7.379866e-01 6.935210e-01 8.903244e-01 1.125229e+00 1.390684e+00 1.447792e+00 1.544618e+00 1.561078e+00 1.467136e+00 1.477840e+00 1.267263e+00 5.324559e-01 9.049090e-02 1.262441e-01 1.329450e-01 1.759655e-01 2.227782e-01 2.836018e-01 2.937976e-01 3.100628e-01 3.198215e-01 2.955311e-01 3.052526e-01 2.581907e-01 7.803814e-02
<GCONST> 8.664175e+01
<STATE> 3
<MEAN> 39
 6.890981e-01 -2.657039e+00 -8.499049e-01 -6.198997e-01 -9.369488e-01 -2.590938e+00 -2.349126e+00 -2.862525e+00 -1.388091e+00 -9.847836e-01 -2.698422e-01 1.431999e-01 5.366886e+00 -1.495860e-03 -7.464107e-02 -1.873214e-02 2.079303e-03 -1.891779e-02 -6.499151e-02 -6.005013e-02 -6.874540e-02 -3.560362e-02 -2.887635e-02 -3.271886e-03 8.914615e-03 1.134151e-01 7.916084e-03 8.936125e-03 2.708317e-03 1.572243e-03 1.086505e-02 1.595597e-02 9.560344e-03 9.632870e-03 7.208678e-03 3.518088e-03 4.138198e-03 -3.084861e-03 -2.225107e-02
<VARIANCE> 39
 1.726134e+01 2.728462e+01 1.296540e+01 1.259109e+01 1.713119e+01 2.562318e+01 2.335358e+01 2.761279e+01 1.841278e+01 1.619902e+01 1.443402e+01 1.278276e+01 8.276491e+01 6.466550e-01 1.085873e+00 7.401767e-01 8.808661e-01 1.485128e+00 1.916555e+00 1.732719e+00 1.845873e+00 1.558347e+00 1.472137e+00 1.380570e+00 1.301755e+00 3.996238e+00 1.069883e-01 1.664229e-01 1.376945e-01 1.687875e-01 2.904122e-01 3.647532e-01 3.347265e-01 3.547393e-01 3.147964e-01 2.971030e-01 2.805894e-01 2.719816e-01 5.473264e-01
<GCONST> 9.733070e+01
<STATE> 4
<MEAN> 39
 1.805677e-01 2.390231e-01 1.036955e-01 5.369660e-02 4.656743e-02 2.415192e-01 2.451882e-01 3.054456e-01 1.740717e-01 1.399170e-01 7.274250e-02 2.149341e-02 -7.875291e-01 8.892494e-03 1.092177e-02 3.990318e-03 -1.270732e-03 5.112045e-03 1.677932e-02 1.183293e-02 1.378841e-02 7.816157e-03 6.205153e-03 2.065956e-03 -3.386133e-03 -2.982804e-02 1.792477e-04 -8.442089e-04 -2.781561e-04 -9.385257e-04 -1.277684e-03 -8.971086e-04 -1.012967e-03 -1.886339e-03 -1.420401e-03 -5.395368e-04 -9.357651e-05 -1.027252e-05 1.437353e-03
<VARIANCE> 39
 1.469722e+01 1.976649e+01 1.074293e+01 1.090982e+01 1.370795e+01 1.942552e+01 1.779653e+01 2.106742e+01 1.733320e+01 1.567969e+01 1.403462e+01 1.293546e+01 3.122892e+01 5.358450e-01 7.776636e-01 6.636658e-01 8.537146e-01 1.144292e+00 1.465700e+00 1.458251e+00 1.565052e+00 1.526997e+00 1.502857e+00 1.404553e+00 1.281691e+00 9.116497e-01 8.778186e-02 1.284949e-01 1.246998e-01 1.669603e-01 2.262636e-01 2.935751e-01 2.903272e-01 3.118926e-01 3.094143e-01 3.080615e-01 2.859776e-01 2.635229e-01 1.299042e-01
<GCONST> 8.864967e+01
<TRANSP> 5
 0.000000e+00 1.000000e+00 0.000000e+00 0.000000e+00 0.000000e+00
 0.000000e+00 9.938440e-01 6.155976e-03 0.000000e+00 0.000000e+00
 0.000000e+00 0.000000e+00 9.879018e-01 1.209817e-02 0.000000e+00
 0.000000e+00 0.000000e+00 0.000000e+00 9.972450e-01 2.755054e-03
 0.000000e+00 0.000000e+00 0.000000e+00 0.000000e+00 0.000000e+00
<ENDHMM>
~h "si"
<BEGINHMM>
<NUMSTATES> 5
<STATE> 2
<MEAN> 39
 -2.809443e-01 6.832935e-02 2.654554e-01 3.096621e-01 4.963449e-02 -2.444172e-01 -1.350376e-01 -5.045863e-01 -3.948168e-02 -2.277792e-01 -2.846147e-01 1.343772e-01 6.089448e-01 -5.438455e-03 -4.627122e-03 -1.000685e-02 -1.564054e-02 -1.180201e-02 2.455261e-04 8.458496e-03 1.605285e-02 6.859996e-03 1.356152e-02 7.661440e-03 -1.695721e-03 -2.264995e-02 1.331152e-03 1.148316e-03 -7.448762e-05 2.253410e-04 1.003675e-03 2.219890e-03 1.061848e-03 1.004843e-03 5.964385e-04 1.173471e-03 1.476597e-03 2.255268e-04 -1.446744e-03
<VARIANCE> 39
 1.421275e+01 1.234538e+01 1.097357e+01 1.260513e+01 1.641274e+01 1.756856e+01 1.753685e+01 1.991893e+01 1.692860e+01 1.637209e+01 1.540508e+01 1.387773e+01 1.784896e+01 3.375919e-01 4.950486e-01 5.784950e-01 8.011318e-01 1.038872e+00 1.258671e+00 1.381515e+00 1.452872e+00 1.443759e+00 1.442277e+00 1.384017e+00 1.210444e+00 3.136469e-01 5.348532e-02 8.630633e-02 1.092565e-01 1.547554e-01 2.033366e-01 2.479836e-01 2.754139e-01 2.868460e-01 2.882580e-01 2.899128e-01 2.782086e-01 2.424501e-01 4.520816e-02
<GCONST> 8.240404e+01
<STATE> 3
<MEAN> 39
 6.551846e-01 1.805194e-01 -7.893087e-02 -1.704454e-01 8.880165e-02 4.280574e-01 6.792776e-02 4.785205e-01 -2.167849e-02 1.035029e-01 1.336538e-01 -2.392866e-01 -9.869241e-01 -7.749991e-04 3.709729e-03 -6.605210e-03 -3.776591e-03 -1.402860e-03 3.200623e-03 1.822101e-03 8.337307e-03 1.920020e-03 2.252521e-03 3.575561e-03 1.173242e-03 -1.007415e-02 -1.994136e-03 -6.915381e-04 1.086147e-04 1.796744e-04 -8.403315e-04 -2.272669e-03 -1.529471e-03 -2.020197e-03 -5.011642e-04 -7.252988e-04 -9.583462e-04 5.061600e-04 2.450869e-03
<VARIANCE> 39
 3.999090e+00 4.404455e+00 6.315822e+00 8.093564e+00 1.147216e+01 1.259069e+01 1.343286e+01 1.491222e+01 1.448878e+01 1.450215e+01 1.367233e+01 1.216733e+01 2.715140e+00 1.434038e-01 2.780054e-01 4.634400e-01 6.736128e-01 9.230108e-01 1.099098e+00 1.245725e+00 1.367447e+00 1.392854e+00 1.421340e+00 1.320079e+00 1.145112e+00 5.291002e-02 2.592706e-02 5.379321e-02 9.166650e-02 1.349488e-01 1.858994e-01 2.225960e-01 2.525424e-01 2.795299e-01 2.848859e-01 2.924426e-01 2.712045e-01 2.335757e-01 8.683877e-03
<GCONST> 6.773721e+01
<STATE> 4
<MEAN> 39
 -1.403180e+00 -5.728123e-01 -1.268770e-01 6.277163e-02 -3.022480e-01 -8.389857e-01 -1.016285e-02 -6.423014e-01 1.087483e-01 1.265564e-02 4.177267e-03 4.718768e-01 1.876325e+00 -1.827950e-02 -3.761819e-03 4.474871e-03 2.744251e-03 -5.071173e-03 -1.461923e-02 -7.370679e-03 -1.873133e-02 2.973570e-03 1.824978e-03 3.122886e-03 9.052663e-03 4.706056e-02 2.610587e-03 1.501093e-04 8.642963e-04 1.430464e-04 7.965611e-04 2.085409e-03 9.967373e-04 1.014885e-03 2.998745e-04 -2.029548e-04 1.558896e-04 -1.436366e-03 -2.029154e-04
<VARIANCE> 39
 1.743295e+01 1.781914e+01 1.144671e+01 1.366015e+01 1.721406e+01 1.926605e+01 1.925681e+01 2.270224e+01 1.918644e+01 1.720851e+01 1.636464e+01 1.542181e+01 2.956938e+01 5.506362e-01 6.628348e-01 6.639911e-01 8.922333e-01 1.149596e+00 1.404434e+00 1.495941e+00 1.634611e+00 1.591221e+00 1.544514e+00 1.441803e+00 1.288421e+00 7.703632e-01 8.533986e-02 1.112871e-01 1.223661e-01 1.709774e-01 2.205969e-01 2.729007e-01 2.938996e-01 3.208249e-01 3.165160e-01 3.086430e-01 2.876738e-01 2.575016e-01 1.103053e-01
<GCONST> 8.934083e+01
<TRANSP> 5
 0.000000e+00 1.000000e+00 0.000000e+00 0.000000e+00 0.000000e+00
 0.000000e+00 9.859280e-01 1.407202e-02 0.000000e+00 0.000000e+00
 0.000000e+00 0.000000e+00 9.933152e-01 6.684776e-03 0.000000e+00
 0.000000e+00 0.000000e+00 0.000000e+00 9.820207e-01 1.797928e-02
 0.000000e+00 0.000000e+00 0.000000e+00 0.000000e+00 0.000000e+00
<ENDHMM>
~h "st"
<BEGINHMM>
<NUMSTATES> 5
<STATE> 2
<MEAN> 39
 -8.246450e-01 -9.389566e-01 -3.639259e-02 -6.849687e-01 -3.593111e-01 -1.717694e+00 -6.841030e-01 3.935425e-01 3.853557e-01 -4.256198e-01 -3.600920e-01 -3.315099e-01 2.890909e+00 -8.449677e-02 -2.707566e-01 1.256963e-01 -2.545713e-01 -1.932076e-01 -2.995795e-01 -1.013676e-01 -2.957263e-03 3.408784e-02 -4.949809e-02 -8.801864e-03 1.609132e-02 6.181192e-01 4.075134e-02 4.622842e-02 -1.375186e-04 4.731871e-02 4.642713e-02 7.248066e-02 5.367001e-02 7.750707e-03 2.660539e-03 1.558956e-02 -2.986610e-03 5.732653e-03 -1.266530e-01
<VARIANCE> 39
 1.676612e+01 2.512445e+01 1.639454e+01 2.558641e+01 2.458897e+01 3.347390e+01 2.318329e+01 1.994040e+01 1.899237e+01 2.015015e+01 1.939255e+01 1.483074e+01 7.203648e+01 1.075434e+00 1.256425e+00 1.069947e+00 1.771010e+00 2.087529e+00 2.565140e+00 2.045776e+00 1.916307e+00 1.773808e+00 2.068038e+00 2.013961e+00 1.541001e+00 4.157576e+00 1.579055e-01 1.933760e-01 1.815616e-01 2.978888e-01 3.739056e-01 4.221876e-01 3.639137e-01 3.620716e-01 3.354179e-01 3.920613e-01 3.841380e-01 2.862093e-01 6.117516e-01
<GCONST> 1.053294e+02
<STATE> 3
<MEAN> 39
 1.184008e-01 -9.601673e-03 7.628459e-02 -6.020832e-02 2.833782e-03 1.254679e-03 -7.746818e-02 -5.504435e-02 -4.037169e-02 2.019942e-02 2.075049e-02 -4.938199e-03 4.076318e-02 -3.762524e-03 8.865070e-03 2.980404e-03 -1.705885e-03 -1.215990e-04 8.355602e-03 3.353355e-03 -1.069659e-03 -2.712698e-03 -9.469998e-04 -1.979536e-03 1.280613e-03 -2.105523e-02 6.364621e-05 7.624316e-04 -1.690750e-03 1.608898e-03 8.398625e-05 -4.025338e-05 -8.103985e-04 -5.570340e-04 -1.046374e-03 -3.865079e-04 -1.255034e-04 -2.068881e-06 -1.574169e-03
<VARIANCE> 39
 1.426862e+01 1.401772e+01 1.185884e+01 1.927411e+01 1.815042e+01 2.153155e+01 1.826362e+01 1.853232e+01 1.818629e+01 1.737887e+01 1.517021e+01 1.392857e+01 4.275299e+01 5.906018e-01 6.634747e-01 7.188908e-01 1.176961e+00 1.312376e+00 1.547836e+00 1.557373e+00 1.604849e+00 1.581434e+00 1.572742e+00 1.517773e+00 1.336660e+00 1.691061e+00 9.251319e-02 1.109119e-01 1.365617e-01 2.178791e-01 2.534284e-01 3.022221e-01 3.145969e-01 3.289733e-01 3.215289e-01 3.215603e-01 3.149527e-01 2.747229e-01 2.340384e-01
<GCONST> 9.262881e+01
<STATE> 4
<MEAN> 39
 -3.943210e-02 1.166718e-01 -8.123846e-02 1.446351e-01 3.736635e-02 1.923776e-01 1.638481e-01 1.718346e-02 1.693891e-03 2.541762e-02 1.740886e-02 4.292325e-02 -3.717471e-01 8.867326e-03 2.136821e-02 -1.468692e-02 3.080298e-02 2.561215e-02 4.204284e-02 1.996226e-02 -1.328936e-03 -1.668025e-03 5.141557e-03 8.630843e-04 2.966819e-03 -6.025928e-02 -5.940509e-04 -1.830962e-03 -4.566124e-04 -3.461141e-03 -2.734063e-03 -8.988790e-04 -1.560712e-03 1.406601e-03 1.640857e-03 1.802707e-03 1.179997e-03 5.960462e-04 4.303300e-03
<VARIANCE> 39
 7.386458e+00 7.895266e+00 8.548524e+00 1.359471e+01 1.510099e+01 1.817980e+01 1.644568e+01 1.682030e+01 1.559019e+01 1.506803e+01 1.371068e+01 1.249680e+01 1.274292e+01 3.469253e-01 4.941439e-01 6.081713e-01 9.569097e-01 1.145061e+00 1.392564e+00 1.417057e+00 1.502746e+00 1.513360e+00 1.494434e+00 1.376019e+00 1.239300e+00 4.512778e-01 5.669504e-02 8.709050e-02 1.165888e-01 1.769373e-01 2.223990e-01 2.715179e-01 2.811714e-01 3.014843e-01 3.078429e-01 3.069425e-01 2.799836e-01 2.526638e-01 6.134648e-02
<GCONST> 8.208987e+01
<TRANSP> 5
 0.000000e+00 1.000000e+00 0.000000e+00 0.000000e+00 0.000000e+00
 0.000000e+00 9.176102e-01 8.238978e-02 0.000000e+00 0.000000e+00
 0.000000e+00 0.000000e+00 9.916920e-01 8.307988e-03 0.000000e+00
 0.000000e+00 0.000000e+00 0.000000e+00 9.907052e-01 9.294815e-03
 0.000000e+00 0.000000e+00 0.000000e+00 0.000000e+00 0.000000e+00
<ENDHMM>
~h "spe"
<BEGINHMM>
<NUMSTATES> 5
<STATE> 2
<MEAN> 39
 -2.979872e-01 2.981581e-01 2.532049e-01 -8.906736e-01 -1.575000e-01 -1.201580e-02 1.492371e-01 2.813394e-01 -1.025010e-01 2.378615e-01 8.845153e-02 2.614982e-02 6.759567e-01 4.068453e-02 -1.401445e-01 8.405058e-02 -1.042353e-01 -7.758690e-02 -5.358294e-02 -7.979590e-02 2.644592e-02 3.544061e-02 6.991941e-02 -2.006562e-02 -3.457785e-02 2.036586e-01 -5.544829e-03 -9.741270e-03 1.593287e-04 1.676965e-02 3.024734e-04 -2.194937e-03 -2.220613e-03 -1.000576e-02 -4.742793e-03 -5.059205e-03 -1.140130e-02 6.085259e-03 -5.910982e-03
<VARIANCE> 39
 3.036806e+01 3.287803e+01 6.400007e+01 6.826162e+01 4.478674e+01 5.286324e+01 4.663128e+01 5.130060e+01 3.655146e+01 3.304261e+01 3.312087e+01 2.868094e+01 3.157420e+01 8.443151e-01 1.308515e+00 1.617391e+00 2.021126e+00 2.318573e+00 2.270676e+00 2.354376e+00 2.781033e+00 2.726128e+00 2.201643e+00 2.222630e+00 1.918289e+00 6.612005e-01 1.115705e-01 1.809072e-01 2.228174e-01 3.149140e-01 3.641979e-01 4.140195e-01 3.978625e-01 4.773380e-01 4.689057e-01 4.023352e-01 4.064754e-01 3.636453e-01 7.060913e-02
<GCONST> 1.112302e+02
<STATE> 3
<MEAN> 39
 5.525418e-01 -8.438097e-01 1.235996e+00 -1.177121e+00 -9.166560e-01 -7.023814e-01 -2.237861e+00 -1.044646e+00 -1.453761e+00 -8.177645e-01 -5.659860e-01 -9.201454e-01 2.807165e+00 -2.986625e-02 5.539184e-02 -2.265000e-02 5.396584e-02 2.738892e-02 -1.930133e-02 4.972610e-03 -3.385084e-02 -3.193839e-02 -3.434255e-02 -1.312834e-02 -3.839031e-03 -4.256352e-02 -1.742105e-03 8.319815e-03 -7.156358e-03 3.306788e-03 5.682210e-03 4.463786e-03 1.348785e-02 5.929038e-03 6.105561e-03 4.240060e-03 3.673498e-03 5.552672e-04 -9.264193e-03
<VARIANCE> 39
 1.865750e+01 3.241420e+01 5.184824e+01 2.949851e+01 5.562496e+01 4.219555e+01 2.513798e+01 3.936316e+01 2.820815e+01 2.918117e+01 3.211198e+01 2.874786e+01 1.128724e+01 5.869319e-01 9.423104e-01 1.116380e+00 1.213941e+00 1.907765e+00 1.756078e+00 1.572215e+00 2.039311e+00 1.829489e+00 1.872075e+00 1.691029e+00 1.665565e+00 2.436132e-01 7.389449e-02 1.256316e-01 1.612047e-01 2.029488e-01 3.136027e-01 3.134431e-01 3.003229e-01 3.722453e-01 3.552158e-01 3.645527e-01 3.175184e-01 2.971154e-01 2.847327e-02
<GCONST> 9.840365e+01
<STATE> 4
<MEAN> 39
 -1.250492e-01 2.118035e-01 -4.018621e-01 4.689697e-01 2.940105e-01 2.108566e-01 6.469057e-01 2.738713e-01 4.467277e-01 2.120506e-01 1.568775e-01 2.706667e-01 -9.260933e-01 -1.184000e-04 -5.018285e-04 -1.144452e-02 1.178442e-02 1.430044e-02 1.834456e-02 1.603534e-02 1.010808e-02 9.135447e-03 8.034099e-03 7.800094e-03 7.773935e-03 -2.159342e-02 9.487309e-06 -2.582599e-04 8.942390e-04 -1.961274e-04 -8.253086e-05 9.954965e-04 -8.230395e-04 -7.437241e-04 -1.536931e-03 -1.151085e-04 -4.310775e-04 2.699409e-04 3.570019e-04
<VARIANCE> 39
 1.214976e+01 1.980861e+01 2.958275e+01 2.127365e+01 3.887780e+01 3.074527e+01 3.243613e+01 2.770222e+01 2.604069e+01 2.453444e+01 2.642571e+01 2.367750e+01 1.429064e+01 3.149081e-01 6.044396e-01 8.030913e-01 9.685734e-01 1.375022e+00 1.454031e+00 1.540952e+00 1.661982e+00 1.701768e+00 1.632024e+00 1.640692e+00 1.478441e+00 2.077002e-01 4.405745e-02 8.821881e-02 1.244048e-01 1.620047e-01 2.269906e-01 2.593822e-01 2.819263e-01 3.156627e-01 3.249955e-01 3.138168e-01 3.096054e-01 2.816562e-01 2.147534e-02
<GCONST> 8.984017e+01
<TRANSP> 5
 0.000000e+00 1.000000e+00 0.000000e+00 0.000000e+00 0.000000e+00
 0.000000e+00 9.722149e-01 2.778512e-02 0.000000e+00 0.000000e+00
 0.000000e+00 0.000000e+00 9.876159e-01 1.238404e-02 0.000000e+00
 0.000000e+00 0.000000e+00 0.000000e+00 9.963104e-01 3.689561e-03
 0.000000e+00 0.000000e+00 0.000000e+00 0.000000e+00 0.000000e+00
<ENDHMM>
