~o
<STREAMINFO> 1 39
<VECSIZE> 39<NULLD><MFCC_D_A_0><DIAGC>
~h "ap"
<BEGINHMM>
<NUMSTATES> 5
<STATE> 2
<NUMMIXES> 2
<MIXTURE> 1 7.881719e-01
<MEAN> 39
 -1.268806e+01 -9.955589e+00 -4.878309e+00 -1.694563e-01 1.150158e+00 -3.820452e+00 2.172683e+00 -3.508486e+00 -3.116200e+00 -1.031727e+00 7.080292e-01 -1.043441e+00 6.190930e+01 3.314384e-01 2.122397e-01 1.967969e-01 1.092310e-01 2.596198e-01 2.293834e-01 1.484205e-01 1.021511e-01 2.686450e-02 5.446280e-02 8.673983e-02 2.666715e-02 -7.922161e-01 -1.234733e-02 1.409546e-02 7.509600e-04 4.201753e-03 -2.442916e-02 -2.055597e-02 -1.119843e-02 2.217485e-02 1.277610e-02 -1.780471e-03 -6.593642e-03 4.859784e-03 1.562347e-02
<VARIANCE> 39
 2.080150e+01 3.150373e+01 2.697687e+01 2.196182e+01 2.992142e+01 3.152593e+01 2.449834e+01 2.480856e+01 2.128214e+01 1.951567e+01 1.746806e+01 1.532327e+01 7.832314e+01 1.128002e-01 2.399327e-01 3.720848e-01 6.271427e-01 8.967279e-01 1.046129e+00 1.060466e+00 1.195921e+00 1.327898e+00 1.326874e+00 1.270497e+00 1.245248e+00 7.596231e-02 2.098473e-02 4.584797e-02 7.219656e-02 1.233013e-01 1.757917e-01 2.167141e-01 2.066064e-01 2.375805e-01 2.642894e-01 2.803147e-01 2.618907e-01 2.664748e-01 7.777555e-03
<GCONST> 7.927103e+01
<MIXTURE> 2 2.118288e-01
<MEAN> 39
 -1.369659e+01 -7.561054e+00 -4.377296e+00 -6.447569e-02 -1.081519e+00 -4.982026e+00 1.224208e+00 -1.168265e+00 -1.826627e+00 -8.636074e-01 -1.845736e-01 -1.092824e+00 6.324428e+01 -1.298971e+00 -1.025434e+00 -8.710653e-01 -3.651305e-01 -1.011525e+00 -1.062865e+00 -6.413022e-01 -4.404227e-01 -2.162209e-01 -2.921956e-01 -3.565174e-01 -1.197048e-01 3.318243e+00 4.778481e-02 -9.022214e-02 -3.654799e-02 -2.645968e-02 8.753368e-02 3.945882e-02 2.591306e-02 -7.943482e-02 -6.663816e-02 -1.428962e-03 2.930627e-02 -2.066057e-02 1.863245e-02
<VARIANCE> 39
 4.442545e+01 4.221684e+01 2.973159e+01 2.438793e+01 4.578107e+01 5.959994e+01 3.057592e+01 2.443730e+01 2.309311e+01 2.314655e+01 2.137775e+01 1.402982e+01 2.026877e+02 3.736435e+00 3.575157e+00 2.027980e+00 2.083629e+00 3.732725e+00 5.905048e+00 2.788634e+00 2.440156e+00 2.280671e+00 2.487535e+00 2.014648e+00 1.538355e+00 1.656343e+01 8.619368e-01 6.412457e-01 4.071023e-01 3.913187e-01 7.952079e-01 1.226332e+00 5.410681e-01 4.270130e-01 4.262085e-01 4.779156e-01 3.822399e-01 2.903217e-01 4.117925e+00
<GCONST> 1.260481e+02
<STATE> 3
<NUMMIXES> 2
<MIXTURE> 1 7.825602e-01
<MEAN> 39
 -1.047173e+01 -1.679201e+01 -1.023813e+01 1.915391e+00 8.015545e-01 -9.111519e+00 6.113586e-01 -2.545386e+00 -6.314458e+00 -3.595423e+00 6.348771e-01 -1.643592e+00 6.865285e+01 2.824392e-01 1.720406e-01 2.435497e-01 2.348959e-01 3.407573e-01 2.321679e-01 1.447318e-01 4.053942e-02 2.930772e-02 3.931385e-02 7.874501e-02 7.030363e-02 -9.052495e-01 -5.856864e-03 2.466961e-02 1.110196e-02 1.820832e-02 -2.338815e-02 -1.420967e-02 -1.085181e-02 2.184846e-02 1.815748e-02 1.142893e-02 8.419904e-03 2.207542e-02 9.555764e-03
<VARIANCE> 39
 1.044379e+01 1.905538e+01 1.696959e+01 2.233145e+01 3.135694e+01 1.883713e+01 2.627830e+01 2.016317e+01 2.344941e+01 2.201222e+01 1.556840e+01 1.633815e+01 5.780333e+01 8.671869e-02 2.008580e-01 2.998039e-01 5.796211e-01 9.392895e-01 1.039508e+00 9.162915e-01 1.037028e+00 1.457346e+00 1.417036e+00 1.154001e+00 1.581306e+00 3.596869e-02 1.768746e-02 3.951379e-02 6.097075e-02 1.251567e-01 1.951720e-01 2.269420e-01 1.869610e-01 1.942103e-01 3.021960e-01 3.042868e-01 2.322064e-01 3.653180e-01 7.175991e-03
<GCONST> 7.516573e+01
<MIXTURE> 2 2.174408e-01
<MEAN> 39
 -1.141712e+01 -1.522716e+01 -1.002432e+01 2.412362e+00 -1.183506e+00 -1.006460e+01 -9.193388e-01 -1.320528e+00 -4.996718e+00 -3.486925e+00 -8.854093e-02 -1.205200e+00 7.133401e+01 -6.534192e-01 -6.186227e-01 -7.610596e-01 -7.211199e-01 -8.568915e-01 -6.189452e-01 -3.721297e-01 -1.916477e-01 -1.595353e-01 -1.620140e-01 -1.277798e-01 -2.558755e-01 2.382636e+00 8.997215e-02 6.995168e-02 7.832659e-02 -2.756338e-02 1.667375e-01 2.012973e-01 1.175108e-01 -2.184898e-02 9.379992e-03 2.696211e-02 -2.142459e-02 -6.690922e-02 -3.619289e-01
<VARIANCE> 39
 2.290388e+01 2.705482e+01 2.164654e+01 2.696181e+01 4.533646e+01 3.379876e+01 3.696028e+01 1.955512e+01 2.702984e+01 2.274670e+01 2.106481e+01 1.511427e+01 1.585919e+02 1.799781e+00 2.376377e+00 1.428765e+00 1.616869e+00 3.468075e+00 3.498726e+00 2.599152e+00 1.664977e+00 2.256898e+00 1.820262e+00 1.744796e+00 1.596141e+00 1.288342e+01 4.305806e-01 4.786198e-01 3.380845e-01 3.430950e-01 8.249647e-01 8.155174e-01 5.108472e-01 3.341112e-01 4.351396e-01 3.519015e-01 3.215067e-01 3.126667e-01 3.617114e+00
<GCONST> 1.181027e+02
<STATE> 4
<NUMMIXES> 2
<MIXTURE> 1 8.712564e-01
<MEAN> 39
 -8.039697e+00 -1.027653e+01 -2.904870e+00 2.232358e+00 -2.455391e-01 -2.545731e+00 4.119924e+00 -1.937769e+00 -3.216103e+00 3.666000e-01 1.244276e+00 -1.816514e+00 5.582918e+01 1.934661e-01 2.856023e-01 1.452201e-01 4.391289e-02 1.246376e-01 1.888639e-01 6.890541e-02 1.477365e-01 7.105809e-02 6.934699e-02 2.733482e-02 -1.148852e-02 -5.715829e-01 -1.307989e-02 5.431770e-03 -2.530028e-03 -2.173129e-03 -2.309081e-02 -1.417002e-02 -9.352064e-03 2.515236e-03 -8.220233e-04 -1.382452e-03 -2.422117e-03 7.443963e-03 1.983444e-02
<VARIANCE> 39
 1.677999e+01 7.085345e+01 1.721876e+01 2.271021e+01 2.974326e+01 3.107378e+01 1.804089e+01 3.171844e+01 2.402308e+01 1.835341e+01 1.559031e+01 1.334949e+01 1.071564e+02 1.302609e-01 2.833327e-01 3.979434e-01 6.549487e-01 9.385139e-01 1.034775e+00 1.098630e+00 1.251275e+00 1.367337e+00 1.415570e+00 1.245027e+00 1.123180e+00 1.548127e-01 2.177692e-02 4.889828e-02 7.832095e-02 1.275159e-01 1.867258e-01 2.128477e-01 2.186768e-01 2.437688e-01 2.820090e-01 2.999476e-01 2.515286e-01 2.272882e-01 6.677796e-03
<GCONST> 8.083269e+01
<MIXTURE> 2 1.287445e-01
<MEAN> 39
 -1.110535e+01 -9.916955e+00 -3.702946e+00 1.966606e+00 -4.093623e+00 -4.280258e+00 2.884859e+00 -1.452755e+00 -2.863076e+00 2.350465e-01 -2.213498e-01 -1.480776e+00 6.243484e+01 -1.187844e+00 -1.537550e+00 -6.896878e-01 -2.659843e-01 -9.748163e-01 -9.742361e-01 -3.073867e-01 -7.973880e-01 -1.931239e-01 -2.124252e-01 -2.354778e-01 1.966712e-02 3.295749e+00 6.617071e-02 -5.013821e-02 -1.322109e-02 -7.407978e-03 1.210793e-01 5.123093e-02 3.169006e-02 -2.371137e-02 -2.914847e-02 -1.681159e-02 -9.423842e-03 -5.901742e-02 -9.343205e-02
<VARIANCE> 39
 3.698588e+01 8.908809e+01 2.126096e+01 2.613507e+01 4.461642e+01 4.763635e+01 2.154234e+01 3.187986e+01 2.333131e+01 1.783768e+01 2.053011e+01 1.430698e+01 2.651463e+02 3.162307e+00 7.201358e+00 1.500850e+00 2.561953e+00 3.712831e+00 4.255488e+00 1.850812e+00 2.663043e+00 2.356069e+00 1.874357e+00 1.964589e+00 1.419525e+00 2.035013e+01 7.364732e-01 1.421206e+00 2.923608e-01 5.010113e-01 8.034006e-01 9.025550e-01 3.585187e-01 5.555945e-01 4.509954e-01 3.641799e-01 4.030998e-01 2.585947e-01 4.974808e+00
<GCONST> 1.256634e+02
<TRANSP> 5
 0.000000e+00 1.000000e+00 0.000000e+00 0.000000e+00 0.000000e+00
 0.000000e+00 9.923321e-01 7.667925e-03 0.000000e+00 0.000000e+00
 0.000000e+00 0.000000e+00 9.870160e-01 1.298399e-02 0.000000e+00
 0.000000e+00 0.000000e+00 0.000000e+00 9.872910e-01 1.270899e-02
 0.000000e+00 0.000000e+00 0.000000e+00 0.000000e+00 0.000000e+00
<ENDHMM>
~h "cl"
<BEGINHMM>
<NUMSTATES> 5
<STATE> 2
<NUMMIXES> 2
<MIXTURE> 1 7.443836e-01
<MEAN> 39
 -1.133924e+01 -1.490744e+00 -1.750029e+00 -2.815889e+00 -7.022607e-01 6.219347e+00 3.315978e+00 -6.043027e-01 2.659557e+00 -1.641134e-01 -2.255461e+00 1.089478e+00 5.410375e+01 3.227907e-01 -4.325543e-02 2.090258e-03 4.316487e-02 1.166195e-01 3.217528e-02 6.911768e-02 3.077728e-02 -5.265479e-02 4.687976e-02 9.432318e-02 -9.896352e-02 -3.100784e-01 -1.282701e-02 1.103189e-02 6.574492e-04 3.474844e-03 -7.814984e-03 -1.248557e-02 2.261141e-03 1.031068e-02 -1.030844e-02 -2.668693e-03 1.490644e-04 5.502272e-03 1.219272e-02
<VARIANCE> 39
 3.183811e+01 2.778705e+01 2.353176e+01 1.384108e+01 1.793496e+01 4.422359e+01 1.976694e+01 2.370062e+01 3.168880e+01 2.254085e+01 2.551375e+01 2.486504e+01 3.931863e+01 3.064037e-01 3.869330e-01 5.148610e-01 6.854513e-01 9.895969e-01 1.239247e+00 1.333856e+00 1.521418e+00 1.630888e+00 1.317402e+00 1.374915e+00 1.303047e+00 1.602291e-01 5.005053e-02 6.530990e-02 9.298457e-02 1.320175e-01 1.910747e-01 2.300805e-01 2.590644e-01 2.905972e-01 3.144024e-01 2.692415e-01 2.731323e-01 2.565244e-01 1.874856e-02
<GCONST> 8.608562e+01
<MIXTURE> 2 2.556168e-01
<MEAN> 39
 -1.367250e+01 4.548087e-01 -3.920572e-01 -2.550986e+00 -1.782283e+00 5.528473e+00 2.687680e+00 -5.177029e-01 2.278839e+00 5.031813e-01 -2.389558e+00 1.621928e+00 5.482269e+01 -2.018235e+00 3.017155e-01 1.207041e-01 -1.718508e-01 -7.504705e-01 3.945578e-01 -4.344394e-01 -7.075447e-01 5.706385e-01 -2.165380e-01 -8.056723e-01 6.268709e-01 1.721596e+00 -1.372250e-02 -4.887505e-02 3.347242e-02 -4.985437e-02 -1.032443e-02 1.247975e-01 -2.904082e-02 -1.252950e-01 6.353220e-02 -1.287691e-02 -7.306001e-02 3.748251e-02 -7.521045e-03
<VARIANCE> 39
 5.468131e+01 2.760810e+01 2.833599e+01 1.662083e+01 2.197647e+01 5.950687e+01 2.638300e+01 2.912764e+01 3.458992e+01 3.262814e+01 3.226786e+01 2.611436e+01 6.761442e+01 4.535675e+00 2.056954e+00 1.296727e+00 1.441088e+00 2.177473e+00 4.919607e+00 2.837248e+00 3.476931e+00 3.567105e+00 3.358060e+00 3.048057e+00 2.716100e+00 4.107107e+00 1.074955e+00 3.010896e-01 1.831392e-01 2.286662e-01 3.979400e-01 7.570989e-01 4.656758e-01 5.362398e-01 5.831783e-01 6.265356e-01 5.486229e-01 4.470617e-01 9.505507e-01
<GCONST> 1.211284e+02
<STATE> 3
<NUMMIXES> 2
<MIXTURE> 1 6.628095e-01
<MEAN> 39
 -1.975286e+01 3.154888e+00 -9.462274e-03 -5.622391e+00 -4.156135e+00 1.305491e+01 5.824790e-01 -3.869737e+00 8.030276e+00 -3.476882e+00 -3.621895e+00 5.589931e+00 5.848585e+01 6.038598e-01 -6.737978e-02 -3.939394e-02 -5.006911e-02 5.568925e-02 2.373270e-02 -5.190965e-02 4.924425e-02 3.245274e-02 8.870006e-02 1.115657e-01 -5.847511e-02 -4.632814e-01 -1.129092e-02 -2.662017e-03 -2.171698e-02 4.063336e-02 -9.886528e-03 -8.727922e-02 2.761430e-02 2.772917e-02 -3.498787e-02 4.488513e-04 2.043957e-02 4.701665e-03 1.107736e-02
<VARIANCE> 39
 3.862120e+01 7.982388e+00 1.772798e+01 1.132445e+01 1.589688e+01 2.772503e+01 2.312912e+01 2.114834e+01 2.316415e+01 1.929683e+01 1.861292e+01 1.836470e+01 1.595032e+01 2.411294e-01 3.132777e-01 5.550938e-01 7.404000e-01 9.636940e-01 1.343408e+00 1.387630e+00 1.443765e+00 1.431977e+00 1.434832e+00 1.390381e+00 1.327214e+00 1.173659e-01 8.635356e-02 6.242450e-02 1.176351e-01 1.513637e-01 2.036541e-01 2.931263e-01 3.034045e-01 3.087761e-01 3.011882e-01 2.981468e-01 2.888527e-01 2.812062e-01 4.682426e-02
<GCONST> 8.394920e+01
<MIXTURE> 2 3.371925e-01
<MEAN> 39
 -1.959460e+01 2.212852e+00 -4.250999e-01 -4.877496e+00 -4.409338e+00 1.022214e+01 6.098042e-01 -3.262823e+00 6.845134e+00 -3.784393e+00 -3.041625e+00 4.950573e+00 5.950867e+01 -1.099165e+00 1.152196e-01 5.016547e-02 1.129027e-01 -9.022079e-02 -6.569538e-02 1.088443e-01 -1.038045e-01 -1.024650e-01 -1.792071e-01 -1.993206e-01 1.000790e-01 8.607677e-01 5.063668e-02 1.005297e-03 4.169164e-02 -7.976571e-02 2.786408e-02 1.529162e-01 -5.365994e-02 -3.991334e-02 5.656096e-02 7.861505e-03 -2.919429e-02 -1.853775e-02 -4.126523e-02
<VARIANCE> 39
 7.503583e+01 1.244716e+01 2.388298e+01 1.459324e+01 2.050547e+01 4.162564e+01 3.060285e+01 2.434760e+01 3.135831e+01 2.205101e+01 2.072842e+01 2.278143e+01 2.937660e+01 2.924740e+00 8.101969e-01 1.179981e+00 1.242615e+00 1.756308e+00 3.340141e+00 2.753513e+00 2.324476e+00 2.455512e+00 1.962686e+00 1.857964e+00 2.170498e+00 1.451849e+00 8.026408e-01 1.352898e-01 1.927815e-01 2.274270e-01 3.030830e-01 5.314872e-01 4.751310e-01 4.194786e-01 4.466455e-01 3.870212e-01 3.602091e-01 3.726487e-01 4.318805e-01
<GCONST> 1.086317e+02
<STATE> 4
<NUMMIXES> 2
<MIXTURE> 1 6.559106e-01
<MEAN> 39
 -2.114042e+01 9.208727e-01 7.010934e+00 -3.351194e+00 -6.749177e+00 1.101890e+01 1.485697e+00 -7.386074e+00 2.995238e+00 4.383618e+00 -1.166657e+01 5.009975e+00 5.677824e+01 5.400773e-01 7.468103e-02 2.093391e-01 -1.116151e-01 9.343296e-03 1.464354e-01 3.667766e-02 -1.136965e-01 3.827862e-01 6.022960e-02 2.270111e-03 1.063894e-01 -6.127519e-01 -4.866007e-02 1.824815e-02 -5.747687e-02 4.239863e-02 2.115160e-02 -1.025330e-01 2.213917e-02 1.001144e-01 -8.932244e-03 2.224302e-02 3.258591e-02 -3.894208e-02 3.101371e-02
<VARIANCE> 39
 4.140953e+01 7.611753e+00 1.400400e+01 1.627421e+01 2.780790e+01 2.809298e+01 2.789262e+01 4.563862e+01 3.339025e+01 2.892317e+01 3.095542e+01 3.207896e+01 3.343467e+01 2.123633e-01 3.394425e-01 6.515082e-01 7.539178e-01 1.000617e+00 1.283274e+00 1.337104e+00 1.554692e+00 1.773235e+00 1.482386e+00 1.394762e+00 1.426788e+00 1.336423e-01 7.989091e-02 7.590991e-02 1.390384e-01 1.608748e-01 2.130931e-01 2.851506e-01 2.849754e-01 3.498228e-01 4.095491e-01 3.381801e-01 3.044013e-01 3.147125e-01 7.070433e-02
<GCONST> 9.025201e+01
<MIXTURE> 2 3.440918e-01
<MEAN> 39
 -2.407064e+01 1.296823e+00 5.194541e+00 -2.330346e+00 -6.250531e+00 9.579293e+00 1.872485e+00 -5.567187e+00 2.592842e+00 4.504804e+00 -1.139275e+01 4.478049e+00 5.924181e+01 -8.795598e-01 -1.585747e-01 -3.806317e-01 1.787866e-01 -2.332223e-03 -3.191825e-01 -9.810826e-02 2.311685e-01 -7.361900e-01 -1.310997e-01 3.487566e-02 -2.140912e-01 1.052989e+00 9.445081e-02 -3.181154e-02 1.026001e-01 -7.817987e-02 -3.690873e-02 1.830487e-01 -4.490050e-02 -1.819116e-01 1.316196e-02 -4.187135e-02 -5.633404e-02 6.866634e-02 -6.245865e-02
<VARIANCE> 39
 3.289313e+01 1.107676e+01 1.665986e+01 1.709011e+01 2.497626e+01 3.273757e+01 3.217973e+01 4.602786e+01 3.602371e+01 2.980071e+01 2.526833e+01 2.550657e+01 3.355752e+01 2.115692e+00 8.323717e-01 1.455799e+00 1.344519e+00 1.913468e+00 3.411532e+00 2.255369e+00 4.271717e+00 3.395264e+00 2.735167e+00 2.240724e+00 2.540955e+00 1.685300e+00 5.413978e-01 1.443790e-01 2.904843e-01 2.558176e-01 3.152686e-01 5.642509e-01 3.845748e-01 6.314201e-01 7.181642e-01 4.553962e-01 3.874455e-01 4.521995e-01 5.634711e-01
<GCONST> 1.123396e+02
<TRANSP> 5
 0.000000e+00 1.000000e+00 0.000000e+00 0.000000e+00 0.000000e+00
 0.000000e+00 9.556197e-01 4.438033e-02 0.000000e+00 0.000000e+00
 0.000000e+00 0.000000e+00 9.918727e-01 8.127244e-03 0.000000e+00
 0.000000e+00 0.000000e+00 0.000000e+00 9.936167e-01 6.383280e-03
 0.000000e+00 0.000000e+00 0.000000e+00 0.000000e+00 0.000000e+00
<ENDHMM>
~h "cm"
<BEGINHMM>
<NUMSTATES> 5
<STATE> 2
<NUMMIXES> 2
<MIXTURE> 1 7.277223e-01
<MEAN> 39
 -9.253036e+00 -2.613367e-01 -2.241282e+00 -3.382046e+00 -1.041516e-01 2.741129e-01 -1.074562e+00 -6.811535e-01 -2.771983e+00 -7.793860e-01 2.079993e-01 -2.167788e+00 6.028814e+01 -3.160038e-02 6.798259e-02 2.297655e-02 3.810737e-02 6.547132e-02 1.113952e-01 6.798344e-02 5.104815e-02 1.090537e-02 4.646127e-02 5.088292e-02 1.191032e-02 -1.066376e-01 -1.033367e-02 -1.000903e-02 -1.847689e-02 -3.077877e-02 -3.997244e-02 -4.725705e-02 -4.139764e-02 -2.010541e-02 -2.006651e-02 -1.573749e-02 -1.208364e-02 -1.372795e-02 2.376348e-02
<VARIANCE> 39
 1.848954e+01 1.633420e+01 1.386100e+01 1.464962e+01 1.461937e+01 1.536362e+01 1.790560e+01 2.030931e+01 2.033074e+01 1.829087e+01 1.719897e+01 1.378522e+01 5.932805e+01 2.326918e-01 3.643115e-01 5.134791e-01 7.734764e-01 9.123031e-01 1.145741e+00 1.232306e+00 1.356036e+00 1.461475e+00 1.410979e+00 1.322222e+00 1.182924e+00 2.512381e-01 3.217660e-02 6.242360e-02 8.976715e-02 1.341379e-01 1.748170e-01 2.232254e-01 2.353745e-01 2.668049e-01 2.819609e-01 2.833855e-01 2.662623e-01 2.263222e-01 1.858169e-02
<GCONST> 8.047526e+01
<MIXTURE> 2 2.722744e-01
<MEAN> 39
 -9.626941e+00 -1.793347e+00 -3.283655e+00 -5.203141e+00 -2.105542e+00 -2.600784e+00 -3.206833e+00 -1.871528e+00 -3.569952e+00 -1.752173e+00 -6.653760e-01 -2.116662e+00 6.441982e+01 1.489034e-01 -1.993908e-01 -1.365792e-01 -2.042224e-01 -2.931794e-01 -3.976065e-01 -3.249945e-01 -2.818997e-01 -1.979153e-01 -2.009752e-01 -2.454587e-01 -1.460544e-02 9.847823e-01 4.096356e-02 3.290254e-02 4.114959e-02 9.187917e-02 1.223270e-01 1.519859e-01 1.363760e-01 6.576475e-02 5.526140e-02 7.134847e-02 6.840194e-02 4.068611e-02 -7.301878e-02
<VARIANCE> 39
 1.784617e+01 2.178030e+01 1.954977e+01 2.096834e+01 2.018736e+01 1.989995e+01 2.306417e+01 2.405499e+01 2.382930e+01 2.005511e+01 1.990033e+01 1.678646e+01 7.144628e+01 1.064605e+00 1.312227e+00 1.274454e+00 1.503049e+00 1.725475e+00 1.970898e+00 1.927168e+00 2.078391e+00 2.041173e+00 1.867290e+00 1.782241e+00 1.602384e+00 1.801663e+00 1.463601e-01 2.120708e-01 2.350440e-01 2.842916e-01 3.341435e-01 3.653481e-01 3.693022e-01 3.886059e-01 4.089588e-01 3.672533e-01 3.246734e-01 3.062502e-01 3.384688e-01
<GCONST> 1.032820e+02
<STATE> 3
<NUMMIXES> 2
<MIXTURE> 1 4.128554e-01
<MEAN> 39
 -1.278178e+01 -6.289359e-01 -3.287264e+00 -5.111670e+00 -3.508850e-01 4.783237e-01 -1.762479e+00 -2.229525e-01 -2.882036e+00 -2.614686e-01 1.828031e+00 -1.101887e+00 6.011216e+01 2.172813e-01 1.451593e-01 2.263892e-01 3.138185e-01 2.596330e-01 1.568271e-01 1.525181e-01 1.033369e-01 1.119470e-01 3.058051e-02 -1.112082e-01 -9.700918e-02 2.827712e-01 4.083257e-02 3.096636e-02 2.408740e-02 2.429374e-02 1.116365e-02 -1.284088e-02 -3.103831e-02 -8.317403e-03 3.785323e-02 8.578559e-02 7.987409e-02 6.306630e-02 7.166885e-03
<VARIANCE> 39
 8.873840e+00 1.096343e+01 9.997089e+00 1.202472e+01 1.508708e+01 1.598434e+01 1.764729e+01 1.936644e+01 1.833791e+01 1.539106e+01 1.534735e+01 1.449628e+01 2.392134e+01 3.668140e-01 4.753409e-01 5.959258e-01 8.507840e-01 1.112501e+00 1.411856e+00 1.530952e+00 1.644864e+00 1.573827e+00 1.481470e+00 1.435738e+00 1.333586e+00 4.516612e-01 5.539722e-02 8.036070e-02 1.181204e-01 1.701123e-01 2.242643e-01 2.745738e-01 2.952663e-01 3.117176e-01 3.061001e-01 2.841490e-01 2.465990e-01 2.590546e-01 5.485089e-02
<GCONST> 8.364580e+01
<MIXTURE> 2 5.871436e-01
<MEAN> 39
 -1.414007e+01 -2.924809e-01 -3.227573e+00 -5.378891e+00 1.658147e-01 1.296837e+00 -1.985938e+00 -1.280136e-01 -2.473908e+00 1.784010e+00 4.427659e+00 7.988025e-01 5.882193e+01 -3.269689e-02 -1.074463e-01 -1.574689e-01 -1.776120e-01 -1.369290e-01 -1.232864e-01 -1.442410e-01 -1.207954e-01 -1.128733e-01 -6.249163e-02 -1.441929e-02 3.392631e-02 4.555641e-02 1.281910e-02 -1.072718e-02 -1.103416e-02 -7.788718e-03 -2.304439e-02 -1.702969e-02 7.694782e-03 -5.188765e-03 -4.205037e-02 -9.482183e-02 -9.907167e-02 -7.727841e-02 2.869974e-03
<VARIANCE> 39
 4.528466e+00 1.113357e+01 8.456677e+00 1.031840e+01 1.331988e+01 1.465088e+01 1.681739e+01 1.823789e+01 1.605018e+01 1.448856e+01 1.664474e+01 1.523392e+01 1.043688e+01 1.481894e-01 2.786665e-01 4.017207e-01 6.343856e-01 8.287521e-01 1.041145e+00 1.192809e+00 1.219864e+00 1.269856e+00 1.202821e+00 1.220676e+00 1.146057e+00 1.055011e-01 2.052191e-02 4.963734e-02 8.074560e-02 1.288625e-01 1.706862e-01 2.258173e-01 2.589622e-01 2.569619e-01 2.650365e-01 2.451736e-01 2.488461e-01 2.264109e-01 7.508460e-03
<GCONST> 7.065755e+01
<STATE> 4
<NUMMIXES> 2
<MIXTURE> 1 4.894661e-01
<MEAN> 39
 -5.189092e+00 1.763794e+00 -1.083646e+00 -1.986030e+00 1.048707e+00 9.891992e-02 -2.029259e+00 -2.224736e+00 -3.893263e+00 -2.360580e+00 -1.036863e+00 -2.791944e+00 6.325098e+01 4.445948e-02 8.710941e-02 1.002365e-01 1.371877e-01 1.390637e-01 1.035200e-01 1.078262e-01 3.753497e-02 1.671932e-02 9.231367e-03 2.593520e-02 -3.802411e-03 -3.844463e-01 -8.157480e-03 -2.422058e-02 -5.234070e-02 -8.620100e-02 -1.003918e-01 -9.530456e-02 -7.025967e-02 -2.066707e-02 -1.541649e-02 -2.150947e-02 -2.747122e-02 -9.734310e-03 1.685701e-02
<VARIANCE> 39
 1.118933e+01 8.919127e+00 9.905419e+00 9.029569e+00 1.050307e+01 1.139935e+01 1.431672e+01 1.689703e+01 1.661747e+01 1.533803e+01 1.452777e+01 1.278575e+01 5.864175e+01 1.714872e-01 2.639463e-01 4.169909e-01 6.262211e-01 8.093969e-01 9.838813e-01 1.101907e+00 1.194338e+00 1.298760e+00 1.310737e+00 1.237692e+00 1.118848e+00 1.736118e-01 2.375284e-02 4.520942e-02 7.528386e-02 1.149242e-01 1.512561e-01 1.900766e-01 2.112747e-01 2.351977e-01 2.533745e-01 2.587697e-01 2.465262e-01 2.269972e-01 1.216307e-02
<GCONST> 7.244527e+01
<MIXTURE> 2 5.105340e-01
<MEAN> 39
 -5.648387e+00 -7.638538e-01 -4.182029e+00 -5.949412e+00 -2.799654e+00 -3.132119e+00 -4.278240e+00 -2.710503e+00 -4.230608e+00 -2.699028e+00 -2.215110e+00 -2.988094e+00 7.233822e+01 7.525059e-02 -3.695437e-02 -2.160498e-02 -3.421412e-02 -5.483547e-02 -5.944965e-02 -5.708720e-02 -7.325045e-02 -1.620102e-02 -2.280992e-02 -1.917522e-02 -5.486513e-03 6.631193e-02 -8.276185e-03 1.966713e-02 5.018006e-02 8.286888e-02 1.029315e-01 1.043912e-01 7.585176e-02 2.387145e-02 1.941417e-02 2.487412e-02 3.791187e-02 2.153610e-02 -4.204518e-02
<VARIANCE> 39
 5.915069e+00 8.023437e+00 8.612302e+00 1.039760e+01 1.038271e+01 9.999505e+00 1.367408e+01 1.701747e+01 1.646986e+01 1.461577e+01 1.393096e+01 1.240254e+01 3.002702e+01 2.380344e-01 3.230869e-01 4.972456e-01 7.244167e-01 9.162667e-01 1.081914e+00 1.238662e+00 1.287395e+00 1.337227e+00 1.327267e+00 1.313487e+00 1.195279e+00 4.460446e-01 3.941572e-02 5.989082e-02 9.375974e-02 1.329145e-01 1.666058e-01 2.031185e-01 2.429322e-01 2.570331e-01 2.739598e-01 2.774363e-01 2.639523e-01 2.406839e-01 4.145581e-02
<GCONST> 7.614134e+01
<TRANSP> 5
 0.000000e+00 1.000000e+00 0.000000e+00 0.000000e+00 0.000000e+00
 0.000000e+00 9.638367e-01 3.616327e-02 0.000000e+00 0.000000e+00
 0.000000e+00 0.000000e+00 9.570940e-01 4.290599e-02 0.000000e+00
 0.000000e+00 0.000000e+00 0.000000e+00 9.854312e-01 1.456878e-02
 0.000000e+00 0.000000e+00 0.000000e+00 0.000000e+00 0.000000e+00
<ENDHMM>
~h "co"
<BEGINHMM>
<NUMSTATES> 5
<STATE> 2
<NUMMIXES> 2
<MIXTURE> 1 6.354494e-01
<MEAN> 39
 -8.599587e+00 -5.085193e+00 2.363367e+00 -1.677537e+00 -1.163976e+01 -6.827398e+00 -3.838529e+00 -2.572307e+00 -3.408109e+00 -5.527643e+00 -5.940467e+00 -7.783603e+00 6.882204e+01 -6.746850e-01 -9.557443e-02 1.132331e-01 -1.695658e-02 8.603547e-01 2.280886e-01 5.683429e-01 -4.686441e-01 -7.369144e-01 -1.255767e-01 4.983685e-01 2.098331e-01 1.184399e+00 1.652949e-01 -1.374638e-01 -1.599977e-01 7.114902e-02 1.647348e-02 4.170117e-02 -2.043761e-02 1.545617e-01 3.083974e-01 3.061580e-01 8.041943e-02 5.435498e-02 -4.280553e-01
<VARIANCE> 39
 2.011561e+01 2.359855e+01 1.942134e+01 3.193122e+01 4.817123e+01 5.210058e+01 5.600884e+01 5.496607e+01 2.828572e+01 3.502822e+01 3.802261e+01 2.377177e+01 7.881589e+01 6.578655e-01 1.017727e+00 1.091537e+00 1.328656e+00 2.007648e+00 2.152980e+00 2.413804e+00 2.249518e+00 2.434721e+00 2.348513e+00 1.440702e+00 1.858127e+00 1.227348e+00 1.022767e-01 1.681291e-01 1.975241e-01 1.885643e-01 3.224315e-01 4.362781e-01 4.351850e-01 3.909741e-01 3.452923e-01 3.620706e-01 3.113427e-01 3.320910e-01 1.984880e-01
<GCONST> 1.072105e+02
<MIXTURE> 2 3.645506e-01
<MEAN> 39
 -6.151093e+00 -6.634514e+00 -1.853602e+00 -8.885863e-01 -1.414196e+01 -5.804112e+00 -3.883755e+00 1.042945e-01 4.948770e+00 4.257916e-01 -1.624072e+00 -6.806701e+00 5.967562e+01 -4.208635e-01 -2.554741e-01 2.972538e-01 -6.191472e-01 -1.842810e+00 -1.741928e+00 -9.891906e-01 -8.577936e-01 -9.289529e-01 -1.371243e+00 -1.198593e+00 -8.263086e-01 3.391292e+00 -1.631343e-01 2.393214e-01 1.068584e-01 8.034284e-03 5.925624e-01 2.501011e-01 2.242566e-01 -1.256334e-01 -4.847484e-01 -2.259482e-01 1.417514e-01 -5.956638e-03 1.365198e-01
<VARIANCE> 39
 1.609638e+01 3.519845e+01 4.154739e+01 3.880715e+01 1.193348e+02 6.472372e+01 8.712021e+01 7.180367e+01 6.123946e+01 3.594160e+01 5.103980e+01 4.430280e+01 8.588899e+01 1.320679e+00 2.721205e+00 2.479043e+00 2.243678e+00 7.449891e+00 3.228155e+00 3.875090e+00 4.310166e+00 5.546833e+00 3.741891e+00 2.538476e+00 2.892454e+00 3.730687e+00 1.469918e-01 3.568110e-01 2.995536e-01 3.054981e-01 9.915553e-01 6.403366e-01 7.881186e-01 6.616911e-01 6.886446e-01 6.052576e-01 4.885292e-01 5.908242e-01 5.739349e-01
<GCONST> 1.291854e+02
<STATE> 3
<NUMMIXES> 2
<MIXTURE> 1 7.931483e-01
<MEAN> 39
 -6.302454e+00 -6.405744e+00 -4.828324e-01 -2.119241e+00 -6.545965e+00 -7.821768e+00 -6.394437e+00 -7.619385e+00 -5.552083e+00 -4.444008e+00 -3.699386e+00 -9.062559e+00 6.758937e+01 2.211522e-01 3.762485e-02 2.873495e-02 1.473401e-01 4.004748e-01 9.131856e-02 -4.430300e-02 -1.748056e-01 -3.613631e-02 1.205994e-01 8.845744e-02 3.517644e-02 -5.695568e-01 2.345357e-02 2.915765e-02 2.060499e-02 1.503738e-02 -4.856775e-02 -1.324248e-02 -1.860566e-02 9.974870e-03 1.741461e-03 -3.627220e-02 -5.328189e-02 -1.873908e-02 -2.231713e-02
<VARIANCE> 39
 1.812344e+01 9.927135e+00 2.411476e+01 2.062938e+01 2.484975e+01 2.960478e+01 4.904882e+01 5.368482e+01 3.747563e+01 3.835130e+01 3.522786e+01 3.944856e+01 3.884079e+01 2.008378e-01 3.780558e-01 6.241784e-01 8.150837e-01 1.145125e+00 1.213055e+00 1.518988e+00 1.700338e+00 1.900716e+00 1.807768e+00 1.584210e+00 1.469181e+00 1.428655e-01 4.168766e-02 7.728927e-02 1.221077e-01 1.756040e-01 2.309894e-01 2.504288e-01 3.063866e-01 3.454868e-01 4.053498e-01 3.827016e-01 3.291519e-01 2.962539e-01 2.505669e-02
<GCONST> 9.132607e+01
<MIXTURE> 2 2.068510e-01
<MEAN> 39
 -6.017663e+00 -6.301913e+00 2.890848e-01 -1.527022e+00 -1.032676e+01 -8.091689e+00 -6.658191e+00 -7.212631e+00 -3.009935e+00 -3.933767e+00 -6.122477e+00 -9.822014e+00 6.654646e+01 -2.810376e-01 -1.187038e-01 -1.802546e-02 -3.183434e-01 -9.905524e-01 -1.991906e-01 -2.053725e-01 3.728486e-01 1.550758e-01 -3.068832e-01 -3.089124e-01 -2.483384e-01 1.251210e+00 -6.768837e-02 -7.244592e-02 -2.751336e-02 -2.299952e-02 1.710598e-01 7.697424e-02 8.099045e-02 -8.182965e-03 1.556822e-02 1.146349e-01 1.744991e-01 7.491383e-02 2.708499e-02
<VARIANCE> 39
 1.303814e+01 1.805872e+01 2.414358e+01 2.713763e+01 5.053828e+01 3.915464e+01 5.138769e+01 6.010930e+01 5.899157e+01 3.731309e+01 4.269076e+01 4.017393e+01 5.542515e+01 1.041932e+00 2.012790e+00 1.877719e+00 2.393233e+00 5.470026e+00 3.141055e+00 4.187164e+00 3.799819e+00 7.039479e+00 3.728509e+00 4.076409e+00 2.790905e+00 2.391705e+00 1.109091e-01 3.897758e-01 2.785223e-01 3.902204e-01 1.141075e+00 5.440227e-01 6.283736e-01 6.710847e-01 1.374313e+00 6.962932e-01 7.332054e-01 4.798858e-01 4.996661e-01
<GCONST> 1.243505e+02
<STATE> 4
<NUMMIXES> 2
<MIXTURE> 1 7.758533e-01
<MEAN> 39
 -3.408244e+00 -2.455469e+00 4.462667e+00 2.690700e+00 7.328875e-01 -2.123029e+00 -3.882088e+00 -4.678976e+00 -3.951808e+00 -4.168807e+00 -3.435975e+00 -7.470577e+00 5.498693e+01 8.707723e-02 1.964656e-01 -2.502291e-02 6.063476e-03 1.923562e-01 1.460402e-01 1.719871e-01 1.718585e-01 6.854021e-03 4.348721e-02 1.977779e-02 5.919387e-02 -5.044203e-01 -7.839024e-03 -7.472696e-03 -2.380428e-02 -2.119452e-02 -4.480131e-02 -1.768358e-02 -1.549803e-02 3.009672e-03 9.001504e-03 1.398533e-03 -8.034450e-03 -9.369425e-03 1.509930e-02
<VARIANCE> 39
 1.278795e+01 1.871121e+01 1.778320e+01 2.362292e+01 2.163169e+01 2.566843e+01 4.475991e+01 3.942630e+01 2.899396e+01 3.056822e+01 2.635084e+01 2.114121e+01 4.758125e+01 2.003029e-01 3.138923e-01 5.369516e-01 7.056432e-01 8.786376e-01 1.064400e+00 1.237272e+00 1.291092e+00 1.388924e+00 1.463915e+00 1.380193e+00 1.155706e+00 1.142569e-01 2.961864e-02 5.762245e-02 1.004980e-01 1.339590e-01 1.711073e-01 2.113206e-01 2.375271e-01 2.490163e-01 2.721917e-01 2.927046e-01 2.824774e-01 2.333285e-01 9.762594e-03
<GCONST> 8.292715e+01
<MIXTURE> 2 2.241454e-01
<MEAN> 39
 -4.872421e+00 -6.296994e+00 2.442027e+00 1.287686e+00 -6.781020e+00 -2.737882e+00 -8.692333e+00 -4.148047e+00 -3.001165e+00 -5.928853e+00 -5.481462e+00 -1.042800e+01 6.380283e+01 -1.758236e-01 -1.959033e-01 1.473475e-01 7.653149e-02 -1.999799e-01 -1.266635e-01 -2.602600e-01 -1.146196e-01 -4.556487e-02 -1.913516e-01 -3.772999e-02 -8.203391e-02 7.328095e-01 9.500054e-03 2.551514e-02 3.768887e-02 3.803622e-02 1.116920e-01 1.596676e-02 4.936873e-02 -2.519613e-02 -4.640155e-02 1.355372e-03 3.201197e-02 1.454176e-02 -1.749106e-02
<VARIANCE> 39
 1.186582e+01 2.984919e+01 2.857294e+01 2.484950e+01 4.886634e+01 4.695300e+01 6.798067e+01 5.043933e+01 3.717515e+01 5.696899e+01 4.258499e+01 4.281859e+01 6.975434e+01 6.015388e-01 1.517707e+00 1.236275e+00 1.422002e+00 3.900110e+00 2.011884e+00 3.667285e+00 2.818071e+00 2.399611e+00 3.007488e+00 2.349583e+00 2.412646e+00 2.320884e+00 9.480309e-02 2.558029e-01 2.200778e-01 2.661791e-01 6.572080e-01 3.653614e-01 6.603264e-01 5.074846e-01 4.609245e-01 6.150806e-01 4.512949e-01 4.667272e-01 3.152041e-01
<GCONST> 1.157749e+02
<TRANSP> 5
 0.000000e+00 1.000000e+00 0.000000e+00 0.000000e+00 0.000000e+00
 0.000000e+00 8.905463e-01 1.094537e-01 0.000000e+00 0.000000e+00
 0.000000e+00 0.000000e+00 9.846652e-01 1.533482e-02 0.000000e+00
 0.000000e+00 0.000000e+00 0.000000e+00 9.797187e-01 2.028130e-02
 0.000000e+00 0.000000e+00 0.000000e+00 0.000000e+00 0.000000e+00
<ENDHMM>
~h "ds"
<BEGINHMM>
<NUMSTATES> 5
<STATE> 2
<NUMMIXES> 2
<MIXTURE> 1 6.333700e-01
<MEAN> 39
 -1.301682e+01 4.843997e-01 2.013900e+00 1.082448e+00 2.613938e+00 1.034885e-01 6.590663e+00 -6.095725e-01 2.088147e+00 1.223085e+00 4.099493e+00 5.167155e-01 6.382367e+01 3.186441e-01 7.820894e-02 2.206503e-01 2.921407e-01 2.634617e-01 3.040721e-01 1.478015e-01 2.064491e-01 2.329512e-02 6.900569e-02 -3.306129e-02 1.315524e-01 -3.306641e-01 -4.038772e-02 2.907373e-03 -7.771528e-02 -6.771009e-02 -1.620515e-01 -1.375816e-01 -1.230699e-01 -9.000140e-02 -2.226616e-02 8.040060e-02 4.063995e-02 -2.935449e-02 -1.687620e-03
<VARIANCE> 39
 1.952061e+01 1.595398e+01 1.208865e+01 1.943158e+01 1.715693e+01 2.072810e+01 2.185534e+01 3.440229e+01 2.980218e+01 1.965092e+01 1.813869e+01 1.609728e+01 8.985693e+01 4.490503e-01 5.825294e-01 7.471225e-01 9.567059e-01 1.408601e+00 1.600328e+00 1.563347e+00 1.854683e+00 1.602320e+00 1.797108e+00 1.569298e+00 1.463044e+00 5.546851e-01 1.206761e-01 1.097364e-01 1.548689e-01 1.976920e-01 2.757066e-01 3.084874e-01 2.816924e-01 3.638910e-01 3.264844e-01 3.663191e-01 3.213346e-01 2.848596e-01 2.084474e-01
<GCONST> 9.478603e+01
<MIXTURE> 2 3.666303e-01
<MEAN> 39
 -1.446512e+01 1.114419e+00 -7.688118e-01 -1.606086e+00 -2.875427e+00 -3.916885e+00 2.889549e+00 -3.879609e+00 2.094825e+00 3.683937e+00 5.004001e+00 6.110304e-01 6.701793e+01 -1.254917e+00 -6.167280e-02 -6.976063e-01 -7.313942e-01 -8.742943e-01 -8.072219e-01 -2.691889e-01 -3.825776e-01 1.213692e-01 1.714477e-01 1.231976e-01 -1.807746e-01 2.876668e+00 1.808226e-01 -1.252086e-02 1.735225e-01 1.990489e-01 3.693513e-01 3.891029e-01 1.776185e-01 2.011288e-01 -3.419151e-02 -2.596532e-01 -6.368493e-02 9.246228e-02 -2.153838e-01
<VARIANCE> 39
 2.502835e+01 1.116961e+01 1.503150e+01 1.867341e+01 2.977226e+01 2.290740e+01 2.606752e+01 3.066543e+01 2.394397e+01 2.498907e+01 2.038061e+01 1.782734e+01 8.372352e+01 2.324885e+00 1.305629e+00 1.669221e+00 1.909793e+00 3.378480e+00 2.700535e+00 3.369595e+00 2.987458e+00 2.925365e+00 2.879923e+00 2.489107e+00 1.966292e+00 2.946875e+00 4.664818e-01 2.206412e-01 2.795356e-01 3.903583e-01 5.155621e-01 5.241866e-01 4.966571e-01 5.410867e-01 4.644566e-01 4.361093e-01 4.240087e-01 3.824760e-01 9.105624e-01
<GCONST> 1.138423e+02
<STATE> 3
<NUMMIXES> 2
<MIXTURE> 1 1.781598e-01
<MEAN> 39
 -1.449564e+01 2.485732e+00 -1.385899e+00 -6.405834e-01 -2.450645e+00 -2.642775e+00 9.705783e-01 -2.460453e+00 8.889182e-01 7.292237e-01 2.660666e+00 9.341446e-02 6.814027e+01 4.379317e-01 5.205658e-02 5.498659e-01 7.089346e-01 8.713104e-01 9.846062e-01 3.438213e-01 4.906568e-01 -1.387577e-01 -4.020579e-01 2.128322e-01 4.548868e-01 -2.149300e-01 1.434950e-01 4.092834e-03 1.695726e-01 1.683771e-01 1.326432e-01 9.557931e-02 1.405346e-01 8.611380e-02 1.128362e-01 7.305332e-02 -7.592252e-02 -6.898948e-03 -5.301865e-01
<VARIANCE> 39
 4.162021e+01 2.573776e+01 2.092945e+01 2.251756e+01 2.804572e+01 1.753027e+01 1.925070e+01 1.463007e+01 1.296157e+01 1.884692e+01 2.156863e+01 1.585517e+01 4.972386e+02 5.551748e+00 3.404992e+00 2.212771e+00 1.622941e+00 1.848143e+00 1.640804e+00 2.283290e+00 2.012212e+00 1.661221e+00 1.845830e+00 1.637255e+00 1.455009e+00 5.688710e+01 1.229322e+00 5.562428e-01 4.127173e-01 3.734943e-01 4.521017e-01 3.199882e-01 5.992057e-01 3.335433e-01 3.532438e-01 3.285650e-01 3.296073e-01 3.495907e-01 1.087917e+01
<GCONST> 1.193504e+02
<MIXTURE> 2 8.218413e-01
<MEAN> 39
 -1.504633e+01 3.460512e-01 -8.439432e-01 3.310752e-01 -1.711637e+00 -2.019145e+00 1.439801e+00 -3.070796e+00 9.646661e-01 2.705190e+00 4.234374e+00 -3.163208e-01 6.914503e+01 3.353729e-01 -1.180646e-02 1.991643e-01 2.193784e-01 4.488967e-01 1.296541e-01 -1.548474e-02 -1.060342e-01 -1.210429e-01 -1.353276e-01 -1.645255e-01 -3.076991e-01 -7.542511e-01 1.270886e-02 2.379861e-02 -1.595064e-02 -3.532078e-02 -7.876356e-03 -2.675161e-02 -8.990848e-04 -4.761128e-02 -3.471437e-02 1.726388e-02 -1.047172e-02 -2.487837e-02 2.396676e-03
<VARIANCE> 39
 4.707704e+00 3.261346e+00 4.903751e+00 1.058987e+01 1.415170e+01 1.090019e+01 1.247753e+01 1.291942e+01 1.472824e+01 1.286356e+01 1.254006e+01 1.357193e+01 1.896853e+01 1.323204e-01 2.518418e-01 4.428560e-01 6.399125e-01 7.945187e-01 1.121382e+00 1.191143e+00 1.250412e+00 1.376877e+00 1.233297e+00 1.207918e+00 1.208802e+00 4.999556e-02 2.837072e-02 5.222980e-02 9.009226e-02 1.201862e-01 1.560695e-01 2.626478e-01 2.348911e-01 2.589606e-01 2.741230e-01 2.620699e-01 2.483351e-01 2.548787e-01 1.254002e-02
<GCONST> 6.852998e+01
<STATE> 4
<NUMMIXES> 2
<MIXTURE> 1 7.434908e-01
<MEAN> 39
 -9.349239e+00 1.798695e+00 2.802260e+00 1.484629e+00 3.830003e+00 1.388534e+00 3.615034e+00 -6.991805e-01 3.990103e-01 -4.108744e-01 1.931809e+00 -1.495978e+00 5.478984e+01 1.240119e-01 2.067848e-02 6.560817e-02 4.030670e-02 8.292896e-02 8.296113e-02 2.805579e-02 4.065851e-02 -1.066018e-02 3.289573e-02 3.763997e-03 -1.975239e-02 -3.288316e-01 -1.897846e-02 -5.340114e-03 -2.313207e-02 -3.528387e-02 -5.149999e-02 -4.608067e-02 -4.581267e-02 -3.068996e-02 -9.424916e-03 2.901540e-03 1.391509e-02 -6.305152e-03 1.905742e-02
<VARIANCE> 39
 1.290028e+01 1.078384e+01 1.448650e+01 1.553355e+01 1.579908e+01 1.848532e+01 2.109767e+01 1.697212e+01 2.224588e+01 2.015588e+01 1.610602e+01 1.565036e+01 5.128975e+01 2.206815e-01 3.005776e-01 4.952776e-01 7.017635e-01 9.276471e-01 1.118969e+00 1.279473e+00 1.360019e+00 1.487586e+00 1.513412e+00 1.424198e+00 1.218689e+00 1.636282e-01 3.732614e-02 5.607155e-02 9.478808e-02 1.359974e-01 1.827479e-01 2.214473e-01 2.538427e-01 2.675733e-01 3.002472e-01 3.071009e-01 2.910695e-01 2.488336e-01 1.614804e-02
<GCONST> 7.998148e+01
<MIXTURE> 2 2.565282e-01
<MEAN> 39
 -1.086057e+01 6.643441e-01 3.831528e-01 -1.283836e+00 1.028787e+00 -9.289639e-01 1.227994e+00 -2.233883e+00 -1.085618e-01 -6.439033e-01 2.561100e+00 -1.795916e+00 5.668192e+01 -2.411918e-01 -4.245535e-02 -1.300023e-01 -9.600405e-02 -1.894502e-01 -1.757857e-01 -1.695038e-02 -5.803753e-02 5.101525e-02 -1.295248e-01 -4.353897e-02 5.539972e-02 6.709142e-01 4.960555e-02 1.457598e-02 5.971704e-02 9.477249e-02 1.352629e-01 1.237465e-01 1.258758e-01 9.248210e-02 3.583365e-02 -5.160436e-03 -3.405062e-02 2.523943e-02 -4.652241e-02
<VARIANCE> 39
 2.111328e+01 1.501495e+01 1.736699e+01 1.789196e+01 2.429102e+01 2.794835e+01 2.947138e+01 2.398080e+01 3.124175e+01 3.111322e+01 2.361456e+01 2.214688e+01 6.078288e+01 1.614251e+00 1.052826e+00 1.198996e+00 1.561029e+00 2.363861e+00 2.301876e+00 2.558852e+00 2.113057e+00 2.561328e+00 2.542878e+00 2.137171e+00 1.770372e+00 2.089047e+00 2.847054e-01 1.751700e-01 2.131614e-01 2.867227e-01 4.587308e-01 4.222834e-01 4.704172e-01 4.177712e-01 4.905907e-01 5.065663e-01 4.266286e-01 3.456604e-01 3.717690e-01
<GCONST> 1.086252e+02
<TRANSP> 5
 0.000000e+00 1.000000e+00 0.000000e+00 0.000000e+00 0.000000e+00
 0.000000e+00 9.367438e-01 6.325623e-02 0.000000e+00 0.000000e+00
 0.000000e+00 0.000000e+00 9.328750e-01 6.712496e-02 0.000000e+00
 0.000000e+00 0.000000e+00 0.000000e+00 9.932629e-01 6.737115e-03
 0.000000e+00 0.000000e+00 0.000000e+00 0.000000e+00 0.000000e+00
<ENDHMM>
~h "kj"
<BEGINHMM>
<NUMSTATES> 5
<STATE> 2
<NUMMIXES> 2
<MIXTURE> 1 6.586624e-01
<MEAN> 39
 -1.941719e+01 4.112386e+00 6.939778e-02 -1.465611e+00 -7.922382e-01 3.819502e+00 2.235190e+00 2.639036e+00 -1.602364e-01 -9.713497e-02 1.637092e+00 -9.409760e-01 5.532049e+01 2.664018e-01 7.529874e-02 -5.680747e-02 -1.734519e-02 7.218896e-02 1.112998e-01 6.246283e-02 6.657518e-02 6.034017e-02 5.281195e-02 4.145879e-02 -2.647953e-02 -2.403123e-01 -2.108939e-02 -2.888059e-03 -1.058649e-02 6.420732e-03 -1.450525e-02 -2.611616e-02 2.907213e-03 7.868277e-03 -9.924240e-03 1.351771e-02 -8.198237e-03 1.256566e-02 1.499548e-02
<VARIANCE> 39
 2.924682e+01 2.088889e+01 1.452305e+01 2.643647e+01 1.561203e+01 3.328281e+01 2.590181e+01 2.059479e+01 1.696433e+01 2.020339e+01 1.660201e+01 1.561841e+01 2.084339e+01 2.732465e-01 3.267689e-01 5.126559e-01 7.792315e-01 9.388443e-01 1.167636e+00 1.390673e+00 1.459546e+00 1.437291e+00 1.537082e+00 1.407819e+00 1.232572e+00 1.255337e-01 5.652819e-02 6.301007e-02 1.018739e-01 1.594741e-01 1.900532e-01 2.418026e-01 2.887834e-01 3.012478e-01 2.949739e-01 3.112007e-01 2.918984e-01 2.560979e-01 2.317206e-02
<GCONST> 8.371611e+01
<MIXTURE> 2 3.413366e-01
<MEAN> 39
 -1.951850e+01 2.506470e+00 -8.388668e-01 -1.229262e+00 -1.354329e+00 2.461401e+00 2.091906e+00 1.742512e+00 -8.180687e-01 5.644721e-01 1.114163e+00 -7.997333e-01 5.682983e+01 -5.952076e-01 -1.030603e-01 1.167270e-01 2.208258e-02 -1.563687e-01 -1.857283e-01 -9.899245e-02 -1.323958e-01 -9.650681e-02 -1.032131e-01 -5.961847e-02 4.639880e-02 4.974966e-01 4.394034e-02 -1.112628e-03 2.131307e-02 -1.154061e-02 2.050364e-02 4.275167e-02 -4.984311e-03 -1.293491e-02 2.055123e-02 -2.435306e-02 9.127064e-03 -2.475146e-02 -2.708711e-02
<VARIANCE> 39
 3.504674e+01 2.740392e+01 2.172991e+01 2.620159e+01 1.969859e+01 3.973875e+01 2.637052e+01 2.448275e+01 2.032926e+01 2.336843e+01 1.800009e+01 1.651470e+01 2.656400e+01 8.962696e-01 9.874431e-01 1.127936e+00 1.221745e+00 1.562668e+00 1.984522e+00 2.001445e+00 1.976802e+00 1.931874e+00 1.960394e+00 1.718573e+00 1.535715e+00 5.848770e-01 2.007845e-01 1.780826e-01 2.007887e-01 2.255106e-01 2.861746e-01 3.803596e-01 3.763739e-01 3.838517e-01 3.866779e-01 3.880951e-01 3.302718e-01 2.909335e-01 1.366326e-01
<GCONST> 1.008232e+02
<STATE> 3
<NUMMIXES> 2
<MIXTURE> 1 7.315561e-01
<MEAN> 39
 -1.438366e+01 -7.756663e+00 -4.371213e+00 -7.747032e-01 -1.371839e+00 -3.941417e+00 -2.384466e+00 -4.119870e+00 -2.858826e+00 1.920751e-01 5.633396e-01 -5.252168e-01 6.362148e+01 2.022973e-01 2.471114e-01 4.828497e-02 1.110116e-01 1.015356e-01 1.450053e-01 1.387696e-01 1.047910e-01 2.151008e-02 2.783111e-02 6.034963e-02 6.787898e-03 -6.160029e-01 -2.439249e-02 2.245737e-02 2.608720e-02 -6.395421e-03 -9.981149e-03 -9.515052e-03 3.966071e-02 4.308459e-02 1.000662e-02 2.929465e-02 1.734498e-03 1.421257e-03 -9.791900e-04
<VARIANCE> 39
 1.696671e+01 2.193681e+01 1.099795e+01 1.195892e+01 1.617038e+01 1.563356e+01 1.855010e+01 1.768337e+01 1.801303e+01 1.565664e+01 1.499459e+01 1.299374e+01 6.267604e+01 2.184612e-01 3.266503e-01 4.811121e-01 6.787766e-01 9.652241e-01 1.129228e+00 1.352151e+00 1.481804e+00 1.558076e+00 1.316419e+00 1.287224e+00 1.175129e+00 1.552834e-01 4.074136e-02 6.442948e-02 9.597606e-02 1.345918e-01 1.964337e-01 2.228917e-01 2.775442e-01 3.055767e-01 3.241194e-01 2.692189e-01 2.684289e-01 2.517637e-01 3.250844e-02
<GCONST> 8.069808e+01
<MIXTURE> 2 2.684431e-01
<MEAN> 39
 -1.680856e+01 -6.614761e+00 -3.548304e+00 -1.406383e+00 -2.864516e+00 -3.790251e+00 -1.268728e+00 -1.905761e+00 -1.824423e+00 1.436924e+00 1.488359e-01 -9.239547e-01 6.515299e+01 -2.116960e-01 -1.158994e+00 -2.305775e-01 -2.588787e-01 -2.178153e-01 -6.243699e-01 -5.146902e-01 -4.606422e-01 -1.383336e-01 -1.085742e-01 -2.054591e-01 1.974919e-02 1.701468e+00 6.929834e-02 1.005164e-02 -2.495312e-02 8.766030e-03 5.581356e-02 8.685482e-02 -3.615589e-02 -6.489398e-02 -1.772850e-02 -6.670953e-02 3.518132e-03 -2.133076e-02 -8.504088e-02
<VARIANCE> 39
 2.268105e+01 5.362416e+01 1.786829e+01 2.167027e+01 1.993553e+01 2.951421e+01 2.749464e+01 2.194399e+01 1.759186e+01 1.978089e+01 1.762869e+01 1.402782e+01 8.948195e+01 1.616310e+00 4.118138e+00 1.692311e+00 1.581752e+00 2.122900e+00 2.884130e+00 2.939673e+00 2.240361e+00 1.895332e+00 1.908237e+00 1.613210e+00 1.512138e+00 3.478656e+00 2.508580e-01 7.910600e-01 2.831312e-01 3.095760e-01 3.795867e-01 5.305085e-01 5.523059e-01 4.163476e-01 3.542778e-01 3.756716e-01 3.116006e-01 2.919341e-01 8.986627e-01
<GCONST> 1.117325e+02
<STATE> 4
<NUMMIXES> 2
<MIXTURE> 1 7.583384e-01
<MEAN> 39
 -2.351973e+01 2.106482e+00 3.704560e+00 3.075598e+00 -3.065933e+00 7.737257e-02 8.593337e+00 -3.555319e-01 -4.237825e+00 5.566618e+00 6.819795e-01 -4.257441e+00 5.590234e+01 6.464819e-02 5.005192e-02 1.634328e-02 -3.218305e-02 8.385752e-03 3.646380e-02 1.997713e-02 1.393989e-02 2.214230e-02 1.513428e-03 -4.347597e-04 -1.637516e-02 -7.946457e-02 5.374262e-03 -8.057306e-03 -1.847601e-02 -1.698165e-02 -1.157660e-02 -2.542515e-02 -3.275692e-02 -1.771900e-03 -3.860717e-03 -1.880733e-02 -4.112743e-03 1.506525e-02 1.264757e-03
<VARIANCE> 39
 1.828469e+01 1.043185e+01 9.632626e+00 1.535295e+01 1.405292e+01 1.621970e+01 1.982874e+01 1.775369e+01 1.855475e+01 1.974500e+01 1.758553e+01 1.373452e+01 1.423687e+01 3.965507e-01 4.970892e-01 5.802059e-01 8.892092e-01 1.137693e+00 1.283052e+00 1.544882e+00 1.518605e+00 1.646388e+00 1.671333e+00 1.439686e+00 1.278919e+00 2.438393e-01 7.041387e-02 9.384956e-02 1.087666e-01 1.719579e-01 2.226930e-01 2.526457e-01 2.963629e-01 3.081478e-01 3.379478e-01 3.399161e-01 2.921497e-01 2.609268e-01 4.012797e-02
<GCONST> 8.419732e+01
<MIXTURE> 2 2.416661e-01
<MEAN> 39
 -1.490346e+01 -3.151494e+00 -1.853315e+00 -8.929193e-01 -2.205810e+00 -3.593276e+00 1.218255e+00 -2.063770e+00 -3.309446e+00 2.186300e+00 5.322434e-01 -1.559829e+00 5.769896e+01 -7.229688e-02 -1.525438e-01 -3.987883e-02 7.589778e-02 1.625606e-02 -9.576628e-02 -4.262894e-02 -1.503715e-02 -2.891229e-02 -2.366984e-02 1.977311e-02 7.699020e-02 1.410801e-01 -7.522031e-03 2.248955e-02 5.177397e-02 4.833287e-02 4.560847e-02 8.600689e-02 1.020738e-01 8.598838e-03 1.944943e-02 5.421985e-02 1.964254e-02 -3.805185e-02 -6.889077e-03
<VARIANCE> 39
 4.323220e+01 5.782093e+01 1.975912e+01 1.844942e+01 2.366196e+01 2.702197e+01 3.140743e+01 2.446448e+01 2.043307e+01 2.324859e+01 1.878239e+01 1.700954e+01 7.100159e+01 7.281192e-01 1.525356e+00 9.422339e-01 1.133904e+00 1.412447e+00 1.580860e+00 2.011172e+00 1.628782e+00 1.617917e+00 1.950511e+00 1.453921e+00 1.414297e+00 1.414235e+00 1.048078e-01 2.356299e-01 1.668669e-01 2.133550e-01 2.824099e-01 3.113825e-01 3.694539e-01 3.124860e-01 3.152319e-01 3.568509e-01 2.854011e-01 2.796038e-01 1.951850e-01
<GCONST> 1.011016e+02
<TRANSP> 5
 0.000000e+00 1.000000e+00 0.000000e+00 0.000000e+00 0.000000e+00
 0.000000e+00 9.939251e-01 6.074907e-03 0.000000e+00 0.000000e+00
 0.000000e+00 0.000000e+00 9.742146e-01 2.578546e-02 0.000000e+00
 0.000000e+00 0.000000e+00 0.000000e+00 9.910337e-01 8.966293e-03
 0.000000e+00 0.000000e+00 0.000000e+00 0.000000e+00 0.000000e+00
<ENDHMM>
~h "kn"
<BEGINHMM>
<NUMSTATES> 5
<STATE> 2
<NUMMIXES> 2
<MIXTURE> 1 5.451834e-01
<MEAN> 39
 2.764763e+00 3.602960e-02 -5.728172e+00 -2.170597e+00 7.026287e-01 -2.842306e+00 1.378518e+00 -7.006574e+00 3.608926e-01 -1.757746e+00 1.294688e+00 -4.835402e+00 6.450555e+01 -2.027643e-01 4.658974e-01 1.509056e-01 6.036572e-02 5.314709e-01 -3.361518e-01 1.070153e+00 6.358704e-01 1.821691e+00 5.512669e-01 4.151480e-01 7.349664e-01 2.504148e+00 -2.032841e-01 1.826659e-01 3.151845e-01 1.296769e-01 3.136737e-01 3.934416e-01 -6.298846e-02 1.647855e-01 -3.859649e-01 -6.747735e-02 -2.734515e-03 2.014666e-01 -9.739023e-01
<VARIANCE> 39
 1.391152e+01 3.223328e+01 1.591852e+01 1.428886e+01 1.852379e+01 2.370338e+01 3.237344e+01 3.624583e+01 3.965242e+01 3.042614e+01 2.117233e+01 2.021962e+01 3.395387e+01 2.551638e+00 1.582499e+00 1.886195e+00 1.081068e+00 1.348176e+00 2.202715e+00 2.891581e+00 4.331712e+00 2.968972e+00 2.279454e+00 1.806275e+00 1.786642e+00 6.631391e+00 4.213866e-01 2.250924e-01 2.702068e-01 1.732873e-01 2.070908e-01 3.425530e-01 6.381289e-01 9.010482e-01 6.196603e-01 4.341425e-01 3.512221e-01 3.241735e-01 6.267584e-01
<GCONST> 1.111729e+02
<MIXTURE> 2 4.548169e-01
<MEAN> 39
 -4.039272e+00 3.047563e+00 2.675309e+00 -2.565332e+00 1.762599e+00 2.448951e+00 2.032521e+00 7.400513e-01 -2.326794e+00 9.309573e-01 -4.373669e-01 -3.147719e+00 4.490351e+01 6.400004e-01 -2.706076e-01 -5.109625e-01 1.761907e-01 -1.962401e-01 -5.075651e-01 -2.944235e-01 -1.032924e+00 -1.633841e-01 -2.609687e-01 -1.508879e-01 -4.088832e-01 1.348044e+00 1.334112e-01 -2.345430e-02 -1.818272e-01 -3.042495e-02 1.004334e-02 -4.912649e-02 3.305560e-02 1.405509e-02 2.087489e-01 2.484021e-02 4.364175e-02 3.501687e-03 4.094180e-01
<VARIANCE> 39
 1.718706e+01 2.354704e+01 1.343960e+01 8.491618e+00 2.210506e+01 1.149381e+01 1.719546e+01 4.394424e+01 1.304650e+01 3.015022e+01 2.653987e+01 1.336241e+01 2.591105e+01 1.780025e+00 8.007291e-01 1.786169e+00 8.881056e-01 1.336770e+00 1.780985e+00 2.114624e+00 4.599433e+00 1.555330e+00 1.994896e+00 2.250176e+00 1.902343e+00 6.121233e+00 1.560712e-01 7.913885e-02 2.047124e-01 1.091864e-01 1.902849e-01 2.163468e-01 3.233955e-01 4.602426e-01 3.413799e-01 3.429428e-01 3.296088e-01 3.253330e-01 5.263731e-01
<GCONST> 9.973017e+01
<STATE> 3
<NUMMIXES> 2
<MIXTURE> 1 3.469574e-01
<MEAN> 39
 5.392326e+00 -1.915780e+00 -4.340676e+00 -7.738423e-01 2.253175e+00 -3.187233e+00 1.792799e+00 -4.726787e+00 3.101445e-01 -1.620466e+00 1.465559e+00 -2.185796e+00 6.297749e+01 1.170918e-01 2.025645e-01 7.322783e-02 1.026511e-01 2.882932e-01 9.497124e-02 2.491081e-01 5.726174e-01 5.737059e-01 4.046907e-01 3.617238e-01 4.509214e-01 3.007628e-01 -1.907422e-02 2.146941e-01 2.110250e-01 3.023924e-01 3.462390e-01 3.415804e-01 -6.568995e-02 1.690000e-02 -1.753152e-01 9.944552e-02 -5.628906e-02 2.248021e-02 -4.352959e-01
<VARIANCE> 39
 1.284891e+01 2.723401e+01 1.517665e+01 1.349033e+01 1.502673e+01 2.110579e+01 2.377766e+01 3.008039e+01 2.681397e+01 2.417186e+01 1.898671e+01 1.909792e+01 2.859150e+01 5.895046e-01 1.078387e+00 9.106520e-01 1.179556e+00 1.490317e+00 1.538504e+00 1.606979e+00 1.867084e+00 1.947514e+00 1.345884e+00 1.327207e+00 1.225941e+00 2.602026e+00 1.088006e-01 2.023764e-01 1.542344e-01 1.766777e-01 2.497485e-01 2.339154e-01 3.745701e-01 5.452160e-01 4.554257e-01 3.509349e-01 2.980247e-01 3.055202e-01 3.359793e-01
<GCONST> 9.769503e+01
<MIXTURE> 2 6.530412e-01
<MEAN> 39
 5.510200e+00 8.607891e-01 -1.968808e+00 1.671595e+00 5.534173e+00 3.773670e-01 1.659775e+00 -3.573812e+00 -7.647545e-01 -5.972824e-01 8.711685e-01 -1.711349e+00 5.857587e+01 2.658138e-02 -1.364575e-01 4.790594e-03 2.136493e-02 -1.063412e-01 -1.982017e-02 -1.418913e-01 -2.796532e-01 -3.681585e-01 -1.995659e-01 -2.078938e-01 -1.988398e-01 -3.051952e-01 1.074209e-02 -1.242289e-01 -1.187569e-01 -1.691163e-01 -2.072384e-01 -1.907948e-01 1.890278e-02 -1.839299e-02 6.884433e-02 -6.093431e-02 2.030379e-02 -3.262791e-02 2.057424e-01
<VARIANCE> 39
 1.167031e+01 1.939127e+01 1.242856e+01 1.316775e+01 1.690327e+01 1.775605e+01 1.957026e+01 1.901295e+01 1.934279e+01 1.785523e+01 1.560421e+01 1.587643e+01 3.072577e+01 3.011763e-01 6.617534e-01 6.857542e-01 8.472994e-01 1.217323e+00 1.264385e+00 1.302960e+00 1.715743e+00 1.390447e+00 1.453724e+00 1.258787e+00 1.403579e+00 1.470142e+00 5.120868e-02 9.804967e-02 9.595399e-02 1.393545e-01 1.982167e-01 1.952718e-01 2.511206e-01 3.323467e-01 3.157741e-01 2.882079e-01 2.552761e-01 2.794878e-01 1.902524e-01
<GCONST> 8.730016e+01
<STATE> 4
<NUMMIXES> 2
<MIXTURE> 1 5.523713e-01
<MEAN> 39
 5.610932e+00 6.178858e-01 -1.123289e+00 1.658543e+00 5.142570e+00 5.387631e-01 7.819916e-01 -3.090500e+00 -2.918412e+00 -1.545509e+00 -9.443782e-02 -2.610638e+00 5.419678e+01 -1.093475e-01 2.679738e-01 3.294519e-01 6.864542e-02 1.061525e-01 3.573679e-01 -1.707007e-02 3.016011e-01 -4.440067e-02 1.821541e-02 -7.939869e-02 -1.546556e-01 -5.763623e-01 -5.563103e-03 3.729675e-02 3.897984e-02 1.950724e-02 6.013460e-02 1.139305e-01 1.742112e-01 1.630417e-01 1.348628e-01 6.115970e-02 5.865565e-02 8.866221e-03 4.172327e-02
<VARIANCE> 39
 6.947802e+00 1.539689e+01 1.351126e+01 1.224492e+01 1.888396e+01 1.847336e+01 1.689865e+01 1.598274e+01 2.137353e+01 1.964886e+01 1.652397e+01 1.690705e+01 1.930641e+01 1.272739e-01 2.720080e-01 4.413820e-01 5.655533e-01 9.814168e-01 9.893354e-01 1.230892e+00 1.354501e+00 1.496115e+00 1.351623e+00 1.245274e+00 1.255417e+00 6.876381e-02 1.620329e-02 4.914018e-02 9.225815e-02 1.191767e-01 1.867714e-01 2.034337e-01 2.313076e-01 2.476667e-01 3.100361e-01 2.612937e-01 2.509719e-01 2.474499e-01 5.445919e-03
<GCONST> 7.346852e+01
<MIXTURE> 2 4.476287e-01
<MEAN> 39
 2.413067e+00 3.566529e+00 1.780493e+00 3.657995e-01 5.375332e+00 3.975653e+00 2.662268e+00 8.218629e-01 -2.089642e+00 -1.082808e+00 1.116862e-01 -2.835666e+00 4.941876e+01 -2.735357e-01 -4.222083e-02 7.181872e-03 -1.894366e-01 -1.070036e-01 2.016769e-02 3.455052e-04 3.651986e-02 -1.911739e-01 -8.574049e-02 -3.781012e-03 1.987683e-02 -3.182376e-01 -1.762169e-02 -5.550770e-02 -5.353675e-02 -4.159088e-02 -7.232317e-02 -1.373388e-01 -1.543876e-01 -1.985781e-01 -1.270656e-01 -6.827020e-02 -5.371229e-02 -1.238153e-02 9.397249e-03
<VARIANCE> 39
 1.737690e+01 1.739517e+01 1.449223e+01 1.370525e+01 2.387498e+01 1.472672e+01 1.950423e+01 1.603894e+01 2.099716e+01 2.033581e+01 1.436201e+01 1.307908e+01 2.617650e+01 2.055086e-01 3.656468e-01 5.248776e-01 6.242585e-01 9.324512e-01 1.122504e+00 1.355285e+00 1.543358e+00 1.558341e+00 1.472249e+00 1.257894e+00 1.017491e+00 1.313332e-01 3.144937e-02 5.749897e-02 8.929186e-02 1.176204e-01 1.777690e-01 1.791388e-01 2.542709e-01 2.790155e-01 2.785816e-01 2.985647e-01 2.465136e-01 2.046162e-01 1.104155e-02
<GCONST> 7.802789e+01
<TRANSP> 5
 0.000000e+00 1.000000e+00 0.000000e+00 0.000000e+00 0.000000e+00
 0.000000e+00 8.350621e-01 1.649380e-01 0.000000e+00 0.000000e+00
 0.000000e+00 0.000000e+00 9.854957e-01 1.450424e-02 0.000000e+00
 0.000000e+00 0.000000e+00 0.000000e+00 9.555990e-01 4.440098e-02
 0.000000e+00 0.000000e+00 0.000000e+00 0.000000e+00 0.000000e+00
<ENDHMM>
~h "kt"
<BEGINHMM>
<NUMSTATES> 5
<STATE> 2
<NUMMIXES> 2
<MIXTURE> 1 3.499128e-01
<MEAN> 39
 -1.341365e+01 4.867752e-01 -6.392988e+00 -1.593639e+00 2.210046e-01 -1.006066e+00 2.909841e+00 3.882652e-01 1.733099e+00 4.816814e-01 6.740336e-01 -1.291787e+00 5.829658e+01 -5.165868e-01 1.365885e-01 6.573628e-02 1.005456e-01 -2.244046e-02 -1.761548e-01 6.110736e-02 3.161418e-01 3.417301e-01 2.311027e-01 8.823050e-02 7.374818e-02 6.588195e-01 1.878902e-01 -3.075550e-02 1.992878e-02 1.022069e-01 1.888607e-01 2.380900e-01 2.642398e-01 7.116716e-02 2.968356e-03 8.798432e-02 1.446008e-01 2.164150e-02 -1.615369e-01
<VARIANCE> 39
 1.544371e+01 6.974697e+00 9.855532e+00 1.488790e+01 1.434155e+01 1.925846e+01 1.805466e+01 2.006833e+01 2.070511e+01 1.817101e+01 1.503053e+01 1.389892e+01 2.221717e+01 1.618135e+00 6.146441e-01 7.892748e-01 1.149133e+00 1.360385e+00 2.025279e+00 2.216525e+00 1.897874e+00 1.848745e+00 1.869729e+00 1.696689e+00 1.479487e+00 1.902895e+00 2.705744e-01 1.125549e-01 1.617154e-01 1.997170e-01 2.303507e-01 3.404444e-01 3.713062e-01 4.007175e-01 3.734293e-01 3.926530e-01 3.059775e-01 2.754348e-01 3.541483e-01
<GCONST> 9.557632e+01
<MIXTURE> 2 6.500885e-01
<MEAN> 39
 -9.734228e+00 -6.280287e-02 -6.530562e+00 -8.316103e-01 2.100451e+00 2.554924e+00 5.659424e+00 8.163077e-01 8.657281e-01 1.070172e+00 2.103646e+00 -1.301569e+00 5.435543e+01 2.807474e-01 -7.474481e-02 -4.646141e-02 -5.539903e-02 1.162891e-02 9.388903e-02 -2.582646e-02 -1.744653e-01 -1.900345e-01 -1.271680e-01 -4.692362e-02 -4.559419e-02 -3.473471e-01 -9.774835e-02 1.558787e-02 -7.705127e-03 -5.325085e-02 -9.888032e-02 -1.266504e-01 -1.416642e-01 -3.712089e-02 -3.078197e-03 -4.855573e-02 -7.867328e-02 -1.348351e-02 7.986385e-02
<VARIANCE> 39
 9.869847e+00 5.752574e+00 6.312293e+00 8.445668e+00 9.604387e+00 1.193412e+01 1.273381e+01 1.392781e+01 1.439282e+01 1.370011e+01 1.317738e+01 1.283885e+01 1.049098e+01 2.884888e-01 3.355796e-01 5.235062e-01 6.867806e-01 9.667385e-01 1.150330e+00 1.408629e+00 1.479343e+00 1.403430e+00 1.493211e+00 1.358979e+00 1.201750e+00 1.963390e-01 8.137255e-02 7.150879e-02 1.046165e-01 1.402311e-01 1.919554e-01 2.321230e-01 2.895313e-01 3.140114e-01 3.007778e-01 3.080113e-01 2.743252e-01 2.557177e-01 6.325492e-02
<GCONST> 7.678875e+01
<STATE> 3
<NUMMIXES> 2
<MIXTURE> 1 6.682202e-01
<MEAN> 39
 -1.160673e+01 2.961791e+00 -2.646739e+00 1.053038e+00 1.260003e+00 -1.476806e+00 2.911191e+00 1.018664e+00 1.781428e-01 -9.943395e-01 1.867210e-01 -1.938311e+00 5.237141e+01 3.902674e-01 -2.531380e-02 1.957420e-01 9.018631e-02 1.994623e-01 2.061416e-01 1.463694e-01 5.527899e-02 1.183426e-01 6.718069e-02 1.680741e-01 -8.265777e-03 -6.924249e-01 -5.502445e-02 5.338692e-02 -3.926573e-02 -2.616967e-02 -5.028682e-02 -1.126177e-01 -6.972872e-02 3.524389e-02 -1.800603e-03 9.719083e-02 -7.516813e-02 6.071691e-02 1.211015e-02
<VARIANCE> 39
 5.983955e+00 5.023703e+00 8.294002e+00 1.062975e+01 1.233291e+01 1.260137e+01 1.473985e+01 1.655734e+01 1.683162e+01 1.791656e+01 1.575867e+01 1.352075e+01 1.582683e+01 2.039999e-01 3.015139e-01 5.118851e-01 6.925332e-01 9.710886e-01 1.224347e+00 1.289724e+00 1.397870e+00 1.499288e+00 1.738731e+00 1.387887e+00 1.295906e+00 1.579091e-01 7.971658e-02 6.428643e-02 1.235003e-01 1.581275e-01 2.229800e-01 2.706383e-01 2.836555e-01 3.129285e-01 3.322014e-01 3.959478e-01 2.945126e-01 2.710076e-01 1.532995e-01
<GCONST> 7.970076e+01
<MIXTURE> 2 3.317812e-01
<MEAN> 39
 -1.260505e+01 3.860540e+00 -3.394746e+00 6.207237e-01 2.252473e-01 -3.193781e+00 1.750411e+00 1.778905e+00 7.775931e-02 2.086496e-01 -1.076162e+00 -1.198075e+00 5.300302e+01 -7.843139e-01 6.868517e-02 -3.928651e-01 -1.622569e-01 -3.744439e-01 -4.203479e-01 -2.555614e-01 -1.242559e-01 -2.219311e-01 -1.552296e-01 -3.208353e-01 -7.609679e-03 1.360177e+00 1.248755e-01 -1.102428e-01 8.456911e-02 4.473401e-02 1.040255e-01 2.420116e-01 1.436930e-01 -6.104549e-02 1.488034e-02 -1.820113e-01 1.563121e-01 -1.113737e-01 -4.859040e-02
<VARIANCE> 39
 1.133630e+01 7.642611e+00 1.017235e+01 1.345160e+01 1.664398e+01 2.246027e+01 2.060795e+01 1.767902e+01 1.915545e+01 2.028730e+01 1.924906e+01 1.418424e+01 2.601287e+01 8.805172e-01 7.913685e-01 9.624466e-01 1.342433e+00 1.771295e+00 2.487007e+00 2.282631e+00 1.992390e+00 2.106560e+00 2.662616e+00 2.028305e+00 1.546695e+00 1.410142e+00 2.414019e-01 1.202480e-01 1.860924e-01 2.432866e-01 3.449709e-01 4.800500e-01 4.288553e-01 3.527030e-01 3.941156e-01 4.611307e-01 3.635366e-01 2.866378e-01 5.495370e-01
<GCONST> 9.892742e+01
<STATE> 4
<NUMMIXES> 2
<MIXTURE> 1 6.895771e-01
<MEAN> 39
 -9.045553e+00 3.186184e+00 -2.306787e+00 -1.304892e-01 6.165532e-01 3.394744e-01 3.544266e+00 2.094511e+00 8.562270e-01 6.555188e-02 7.457453e-01 -2.159956e+00 4.805642e+01 3.202992e-01 -6.691273e-02 2.163819e-01 -3.039416e-02 9.282308e-02 1.392493e-01 5.965796e-02 5.770333e-02 4.285064e-02 5.374664e-02 5.483986e-02 -5.108159e-03 -3.503971e-01 -4.109084e-02 6.025538e-03 -2.389479e-02 -6.136471e-03 -3.060830e-02 -3.637456e-02 -4.858835e-02 2.195587e-02 -2.572412e-02 1.957536e-03 -3.540020e-02 6.873762e-03 3.760845e-02
<VARIANCE> 39
 6.739222e+00 6.946955e+00 9.872760e+00 1.010010e+01 1.597261e+01 1.397683e+01 1.552358e+01 1.678614e+01 1.683139e+01 1.703916e+01 1.434000e+01 1.281010e+01 7.536952e+00 2.326159e-01 3.494145e-01 4.832186e-01 7.083475e-01 9.534529e-01 1.046416e+00 1.263938e+00 1.328305e+00 1.502622e+00 1.495803e+00 1.343449e+00 1.169907e+00 1.525649e-01 6.081489e-02 7.306597e-02 1.056402e-01 1.452243e-01 1.959330e-01 2.167684e-01 2.546577e-01 2.733880e-01 3.094729e-01 3.131545e-01 2.733800e-01 2.330457e-01 3.675548e-02
<GCONST> 7.649666e+01
<MIXTURE> 2 3.104224e-01
<MEAN> 39
 -1.074780e+01 2.959971e+00 -2.899829e+00 -1.720221e-01 -1.842440e-01 -8.549544e-01 2.349766e+00 2.390733e+00 2.571816e-01 -5.032866e-02 2.459077e-01 -1.993078e+00 4.994386e+01 -6.622683e-01 1.363054e-01 -4.601847e-01 3.493826e-02 -1.942038e-01 -2.832288e-01 -1.297958e-01 -1.168252e-01 -9.857256e-02 -1.093572e-01 -1.099807e-01 1.851205e-02 7.289822e-01 8.976019e-02 -1.462802e-02 5.249744e-02 1.765213e-02 7.123232e-02 7.829801e-02 1.006991e-01 -4.996466e-02 5.364002e-02 -9.386413e-03 7.689556e-02 -1.597839e-02 -7.684676e-02
<VARIANCE> 39
 1.392112e+01 1.455324e+01 1.409053e+01 1.476157e+01 1.916039e+01 1.973726e+01 1.963457e+01 1.919080e+01 1.865632e+01 1.835944e+01 1.671314e+01 1.338768e+01 1.831893e+01 1.056931e+00 8.923527e-01 8.820567e-01 1.178977e+00 1.543945e+00 1.735117e+00 1.740938e+00 1.763899e+00 1.792882e+00 1.825868e+00 1.645830e+00 1.319427e+00 1.315766e+00 2.765433e-01 1.634482e-01 2.021932e-01 2.263761e-01 2.970725e-01 3.497952e-01 3.463231e-01 3.415858e-01 3.623193e-01 3.707890e-01 3.273749e-01 2.629153e-01 3.564734e-01
<GCONST> 9.660069e+01
<TRANSP> 5
 0.000000e+00 1.000000e+00 0.000000e+00 0.000000e+00 0.000000e+00
 0.000000e+00 9.916172e-01 8.382768e-03 0.000000e+00 0.000000e+00
 0.000000e+00 0.000000e+00 9.875843e-01 1.241568e-02 0.000000e+00
 0.000000e+00 0.000000e+00 0.000000e+00 9.923075e-01 7.692442e-03
 0.000000e+00 0.000000e+00 0.000000e+00 0.000000e+00 0.000000e+00
<ENDHMM>
~h "pr"
<BEGINHMM>
<NUMSTATES> 5
<STATE> 2
<NUMMIXES> 2
<MIXTURE> 1 4.501830e-01
<MEAN> 39
 -1.292602e+01 -1.123013e+01 7.689156e-02 -8.477444e+00 5.335843e+00 9.017542e+00 4.503101e+00 -7.402864e-01 -5.781974e+00 -3.148441e+00 7.628918e+00 2.297316e+00 5.765092e+01 1.172167e-01 5.539009e-02 1.143203e-02 5.893192e-02 1.620240e-02 5.673605e-02 2.495862e-02 1.760668e-02 1.892228e-02 6.143096e-02 1.996246e-02 -3.471959e-03 -1.165655e-01 7.441308e-03 3.212360e-02 3.781710e-02 4.436681e-02 -6.958840e-03 -2.577229e-02 2.646551e-02 9.234512e-02 8.813614e-02 7.342284e-02 -2.930552e-02 -4.577050e-02 -3.433198e-03
<VARIANCE> 39
 2.911988e+01 2.561084e+01 3.321361e+01 3.441114e+01 5.099137e+01 8.880769e+01 7.063038e+01 7.610360e+01 7.231454e+01 4.342639e+01 7.787432e+01 7.939251e+01 1.431226e+01 4.298173e-01 6.447749e-01 8.070961e-01 1.564371e+00 1.476593e+00 1.889941e+00 2.191811e+00 2.673450e+00 2.639371e+00 2.177176e+00 2.995266e+00 2.447942e+00 2.621625e-01 1.025811e-01 1.217047e-01 1.595821e-01 3.028131e-01 2.871630e-01 3.618884e-01 4.390795e-01 5.052231e-01 5.359868e-01 4.162938e-01 6.033708e-01 4.966253e-01 6.269240e-02
<GCONST> 1.092720e+02
<MIXTURE> 2 5.498171e-01
<MEAN> 39
 -1.607318e+01 -4.415227e+00 -7.711722e-01 -6.160067e+00 4.502870e-01 3.455513e+00 5.931211e+00 1.077165e+00 -4.045592e-02 -1.336339e+00 3.114699e+00 -2.387749e+00 5.903059e+01 -1.600048e-01 -6.133382e-02 1.312230e-02 -6.924898e-02 9.892817e-03 -2.441765e-02 2.528893e-03 -3.867298e-02 -1.362884e-02 -7.876620e-02 -1.342014e-02 7.264197e-02 1.466773e-01 1.287175e-02 -2.208744e-02 -2.950799e-02 -3.175850e-02 2.010947e-04 2.266498e-02 -3.070467e-02 -7.106148e-02 -6.888420e-02 -5.238236e-02 8.930880e-03 3.057676e-02 -1.309057e-02
<VARIANCE> 39
 3.172561e+01 3.408994e+01 5.475909e+01 2.823133e+01 3.032724e+01 3.882743e+01 3.300946e+01 5.208075e+01 2.588872e+01 2.516135e+01 2.334358e+01 1.985081e+01 3.369210e+01 1.073700e+00 9.260417e-01 1.048403e+00 1.172147e+00 1.445143e+00 1.652133e+00 1.942406e+00 1.923957e+00 1.814853e+00 1.767317e+00 1.772201e+00 1.763431e+00 8.460159e-01 1.230624e-01 1.314127e-01 1.609902e-01 1.811694e-01 2.448308e-01 2.803697e-01 3.296590e-01 3.202736e-01 3.030922e-01 2.957140e-01 2.952548e-01 2.681697e-01 9.571029e-02
<GCONST> 1.013083e+02
<STATE> 3
<NUMMIXES> 2
<MIXTURE> 1 4.338076e-01
<MEAN> 39
 -1.538851e+01 5.089713e-01 1.905617e+01 -2.030375e+01 6.636246e+00 1.116882e+01 -6.831604e+00 2.044275e-01 7.627465e+00 9.185856e-03 -1.171806e+01 1.117970e+01 4.916695e+01 1.762663e-01 -8.474896e-03 -1.569427e-02 5.634958e-02 1.047715e-01 -7.460450e-02 2.133527e-03 1.562417e-01 -1.618356e-01 1.189680e-01 -2.698004e-02 -2.218509e-02 -1.020036e-01 -3.448119e-02 1.852152e-02 -1.048247e-02 3.171109e-02 1.571498e-02 -2.404425e-02 3.982025e-02 1.084448e-02 -3.333274e-02 -5.635035e-03 4.525770e-02 -2.285859e-02 2.524629e-02
<VARIANCE> 39
 1.566089e+01 7.889296e+00 1.289610e+01 2.473588e+01 2.789001e+01 2.201148e+01 1.469021e+01 3.155716e+01 3.819564e+01 3.247579e+01 2.248657e+01 1.835499e+01 7.267187e+00 1.715430e-01 2.915228e-01 4.308969e-01 8.017177e-01 9.752849e-01 1.088114e+00 1.152768e+00 1.294492e+00 1.439366e+00 1.377472e+00 1.215868e+00 9.923426e-01 6.242645e-02 3.722676e-02 5.364306e-02 7.728969e-02 1.412933e-01 2.051938e-01 2.120429e-01 2.349322e-01 2.662984e-01 2.874104e-01 2.745485e-01 2.471828e-01 1.923245e-01 1.284287e-02
<GCONST> 7.786675e+01
<MIXTURE> 2 5.661942e-01
<MEAN> 39
 -2.185163e+01 5.449769e+00 1.670049e+01 -1.324809e+01 1.137742e+00 1.260901e+01 -5.287409e+00 -7.137129e+00 1.204902e+01 -8.721279e+00 -6.095519e+00 7.112823e+00 5.515826e+01 -1.833499e-02 -4.832942e-02 -8.611844e-03 -3.666029e-02 -4.957553e-02 2.675078e-02 -4.882045e-02 -6.735484e-02 7.556139e-02 -3.504391e-02 -3.403021e-02 2.799904e-02 -9.918213e-03 3.770410e-02 -1.001731e-02 -8.519841e-03 -6.524093e-03 -8.773300e-04 -6.058342e-03 -2.298330e-02 1.106982e-02 9.558434e-03 7.944384e-03 -1.357756e-02 -5.892635e-03 -2.644114e-02
<VARIANCE> 39
 8.707568e+00 1.502837e+01 1.337228e+01 1.613234e+01 1.635745e+01 2.588009e+01 1.881442e+01 2.189102e+01 2.338912e+01 2.340723e+01 2.435284e+01 1.527803e+01 4.924612e+00 8.271241e-01 5.840001e-01 6.392511e-01 9.768492e-01 1.472530e+00 2.021889e+00 1.556337e+00 1.760586e+00 1.743155e+00 1.911080e+00 2.399763e+00 1.267648e+00 3.790984e-01 2.070296e-01 1.111189e-01 1.271149e-01 2.031940e-01 3.013752e-01 4.376988e-01 3.121299e-01 3.435532e-01 3.692428e-01 3.628096e-01 4.613587e-01 2.569971e-01 9.149941e-02
<GCONST> 9.183865e+01
<STATE> 4
<NUMMIXES> 2
<MIXTURE> 1 3.166998e-01
<MEAN> 39
 -1.770456e+01 -3.638349e+00 9.178354e+00 -9.141940e+00 5.325554e+00 2.561816e+00 -1.431965e+00 1.125217e+00 6.389680e+00 -4.134575e+00 -5.488365e+00 6.245188e+00 5.459953e+01 -2.142617e-02 -2.898873e-02 1.709878e-02 -2.211364e-02 1.055306e-02 4.372039e-02 5.294130e-02 -2.173884e-03 8.119665e-02 4.692292e-02 1.996729e-02 1.130932e-02 8.201396e-02 2.435079e-02 1.921400e-02 1.893806e-02 2.341252e-02 3.710826e-02 3.718874e-02 7.440433e-02 5.659332e-02 2.315148e-02 3.973939e-02 3.689663e-02 6.460702e-03 -8.751408e-03
<VARIANCE> 39
 2.859883e+01 6.323792e+01 5.516710e+01 6.686569e+01 5.103573e+01 1.314740e+02 3.809060e+01 7.141800e+01 7.415611e+01 4.649772e+01 5.299397e+01 5.125146e+01 2.920518e+01 7.074420e-01 6.080872e-01 9.841348e-01 1.364892e+00 1.612079e+00 2.048623e+00 1.986328e+00 2.075518e+00 2.197832e+00 2.158222e+00 2.113663e+00 1.698720e+00 3.953036e-01 1.305012e-01 1.118343e-01 1.806452e-01 2.420570e-01 3.118595e-01 4.116873e-01 3.797764e-01 3.915925e-01 4.147809e-01 4.159072e-01 4.075991e-01 3.100080e-01 7.021687e-02
<GCONST> 1.097095e+02
<MIXTURE> 2 6.833035e-01
<MEAN> 39
 -1.237839e+01 -6.218752e+00 2.684557e+00 -3.871723e+00 2.713944e+00 -3.238162e+00 5.551701e+00 6.050031e+00 1.125616e+00 -9.473212e-01 -1.895129e+00 1.039935e+00 5.408557e+01 5.541563e-02 4.250751e-02 -3.367641e-02 2.830940e-02 -3.093158e-02 -2.798241e-02 -1.903362e-02 -3.477246e-03 -3.458786e-02 -2.060203e-02 4.162219e-03 -3.114092e-02 -7.978451e-02 -1.215699e-02 -8.112779e-03 -6.700044e-03 -1.336890e-02 -1.831468e-02 -1.464360e-02 -3.466361e-02 -2.768622e-02 -1.021714e-02 -1.741352e-02 -1.639611e-02 -4.789473e-03 3.748112e-03
<VARIANCE> 39
 3.494243e+01 4.944016e+01 3.484056e+01 4.023814e+01 9.967186e+01 5.994971e+01 6.579807e+01 5.278370e+01 3.545963e+01 4.748771e+01 4.781269e+01 7.339774e+01 5.379636e+01 1.515979e-01 3.287546e-01 5.211114e-01 7.596522e-01 9.477373e-01 1.310964e+00 1.370607e+00 1.390910e+00 1.508278e+00 1.577597e+00 1.343625e+00 1.243073e+00 5.682806e-02 2.530294e-02 5.819430e-02 9.784727e-02 1.405231e-01 1.834214e-01 2.457360e-01 2.691661e-01 2.588258e-01 2.901947e-01 3.116391e-01 2.666270e-01 2.507116e-01 8.184256e-03
<GCONST> 9.176643e+01
<TRANSP> 5
 0.000000e+00 1.000000e+00 0.000000e+00 0.000000e+00 0.000000e+00
 0.000000e+00 9.888235e-01 1.117649e-02 0.000000e+00 0.000000e+00
 0.000000e+00 0.000000e+00 9.852003e-01 1.479965e-02 0.000000e+00
 0.000000e+00 0.000000e+00 0.000000e+00 9.953045e-01 4.695520e-03
 0.000000e+00 0.000000e+00 0.000000e+00 0.000000e+00 0.000000e+00
<ENDHMM>
~h "pw"
<BEGINHMM>
<NUMSTATES> 5
<STATE> 2
<NUMMIXES> 2
<MIXTURE> 1 6.660829e-01
<MEAN> 39
 -1.305090e+01 -1.558027e+00 -7.810442e-01 -4.626493e-01 1.547486e+00 -6.019292e-01 3.225869e+00 4.553485e-01 -4.748860e-01 9.539175e-01 1.663515e-01 -1.145005e+00 5.297243e+01 1.362215e-01 2.115869e-01 3.134648e-02 9.388343e-03 4.809410e-02 9.260648e-02 8.142733e-02 8.945154e-02 2.523473e-02 3.980032e-02 1.855382e-02 1.339781e-02 -2.477131e-01 -3.326055e-02 -1.184468e-02 4.977541e-03 -1.643811e-04 -3.559688e-02 -5.789291e-02 -2.603518e-02 -9.567221e-03 -2.131188e-02 3.279319e-03 -1.341655e-02 1.908374e-02 3.150824e-02
<VARIANCE> 39
 1.324471e+01 1.821716e+01 1.029262e+01 1.080366e+01 1.312927e+01 1.374079e+01 1.506499e+01 1.699121e+01 1.572004e+01 1.457446e+01 1.417074e+01 1.226314e+01 1.733776e+01 2.916119e-01 3.916501e-01 5.052162e-01 7.382582e-01 9.470729e-01 1.116621e+00 1.268622e+00 1.403721e+00 1.449775e+00 1.329791e+00 1.374385e+00 1.179651e+00 1.717040e-01 4.684427e-02 7.255565e-02 1.014900e-01 1.475303e-01 1.866595e-01 2.276116e-01 2.608331e-01 2.893703e-01 2.988736e-01 2.694433e-01 2.908098e-01 2.406607e-01 2.335567e-02
<GCONST> 7.835049e+01
<MIXTURE> 2 3.339193e-01
<MEAN> 39
 -1.502695e+01 -3.636727e+00 -1.066366e+00 -5.781076e-01 4.592875e-01 -2.496014e+00 2.339482e+00 -2.757696e-01 -1.152981e+00 7.554196e-01 -3.032816e-01 -6.431416e-01 5.629101e+01 -2.964260e-01 -4.476961e-01 -5.186614e-02 -1.695459e-02 -1.074043e-01 -2.149162e-01 -1.653839e-01 -1.973566e-01 -5.420654e-02 -8.494683e-02 -4.407654e-02 -2.500475e-02 5.405408e-01 6.530768e-02 1.640793e-02 -1.842807e-02 -1.602325e-03 6.224007e-02 1.058902e-01 4.231833e-02 1.384398e-02 3.726722e-02 -2.349633e-03 2.479853e-02 -3.767376e-02 -4.837640e-02
<VARIANCE> 39
 1.762458e+01 2.716652e+01 1.417815e+01 1.515804e+01 1.858127e+01 2.190075e+01 2.069678e+01 2.080875e+01 1.814493e+01 1.790349e+01 1.552495e+01 1.431676e+01 2.972780e+01 1.015953e+00 1.303329e+00 1.138864e+00 1.266178e+00 1.552478e+00 1.963300e+00 1.826236e+00 1.836378e+00 1.838774e+00 1.702815e+00 1.676748e+00 1.404379e+00 1.032483e+00 1.847188e-01 2.609357e-01 2.105606e-01 2.450198e-01 3.029093e-01 3.933408e-01 3.712653e-01 3.634697e-01 3.663612e-01 3.360382e-01 3.309618e-01 2.845722e-01 2.206855e-01
<GCONST> 9.877788e+01
<STATE> 3
<NUMMIXES> 2
<MIXTURE> 1 7.566782e-01
<MEAN> 39
 -1.035823e+01 -6.465316e+00 -2.653084e+00 -1.299772e+00 6.020848e-01 -4.294629e+00 -7.610960e-01 -5.041859e+00 -3.697605e+00 -1.080434e+00 1.247509e-01 -4.268192e-01 6.050100e+01 1.365349e-01 2.363783e-01 7.075130e-02 9.038426e-02 1.602185e-01 2.106387e-01 1.216178e-01 1.295098e-01 1.030766e-02 4.543272e-02 2.364464e-02 3.711075e-02 -7.004434e-01 -2.441008e-02 1.812774e-02 1.213005e-02 3.961228e-03 -1.869564e-02 -1.887144e-02 1.150563e-02 3.837601e-02 3.324936e-02 2.264452e-02 -1.728272e-02 -1.213142e-03 1.271192e-02
<VARIANCE> 39
 1.861646e+01 2.514573e+01 1.237517e+01 1.132095e+01 1.512308e+01 2.048553e+01 1.963595e+01 2.358518e+01 1.849865e+01 1.522533e+01 1.369023e+01 1.231721e+01 6.619840e+01 2.191941e-01 3.315055e-01 4.594729e-01 6.469651e-01 8.959717e-01 1.048775e+00 1.180579e+00 1.398115e+00 1.446705e+00 1.299762e+00 1.215002e+00 1.115103e+00 1.392705e-01 3.814138e-02 6.065727e-02 9.184683e-02 1.274090e-01 1.855598e-01 2.166362e-01 2.429262e-01 2.937366e-01 3.036985e-01 2.671731e-01 2.519473e-01 2.327461e-01 2.347512e-02
<GCONST> 7.970023e+01
<MIXTURE> 2 2.433225e-01
<MEAN> 39
 -1.292286e+01 -4.844032e+00 -1.602751e+00 -1.551057e+00 -1.286277e+00 -5.226099e+00 -4.071921e-01 -2.802411e+00 -1.992982e+00 -9.435226e-02 -7.778989e-01 -6.301010e-01 6.226825e+01 -3.531938e-01 -8.530880e-01 -2.505865e-01 -2.468758e-01 -4.770222e-01 -7.282435e-01 -5.300627e-01 -5.980943e-01 -1.579618e-01 -2.036400e-01 -4.398154e-02 -7.155652e-02 2.248345e+00 1.034152e-01 -1.293713e-02 -2.725467e-02 -3.903850e-03 1.028678e-01 1.238116e-01 2.192405e-02 -7.021953e-02 -7.132859e-02 -5.156369e-02 6.801585e-02 -1.310408e-02 -1.251033e-01
<VARIANCE> 39
 2.143356e+01 3.144560e+01 1.602521e+01 1.567004e+01 2.514978e+01 3.628874e+01 2.741878e+01 2.900597e+01 1.870481e+01 1.967231e+01 1.735735e+01 1.559929e+01 1.239410e+02 1.499169e+00 2.223764e+00 1.363927e+00 1.372705e+00 2.703874e+00 3.628700e+00 2.789381e+00 2.554889e+00 1.802534e+00 1.944120e+00 1.797092e+00 1.807486e+00 7.917612e+00 2.608602e-01 4.311638e-01 2.434878e-01 2.664121e-01 5.478569e-01 7.312276e-01 5.446927e-01 4.828219e-01 3.337391e-01 3.858633e-01 3.483702e-01 3.707263e-01 1.899677e+00
<GCONST> 1.134947e+02
<STATE> 4
<NUMMIXES> 2
<MIXTURE> 1 7.227004e-01
<MEAN> 39
 -1.120159e+01 -2.142384e+00 -1.659052e+00 -9.047191e-01 1.386279e+00 -1.935714e-02 3.470351e+00 -4.461115e-02 -7.097115e-01 8.965902e-01 5.990019e-01 -9.206581e-01 5.299235e+01 1.290420e-01 1.796759e-01 6.121437e-03 -1.182855e-03 4.898079e-02 1.248198e-01 9.830558e-02 9.651372e-02 4.027911e-02 4.645276e-02 8.046867e-03 -6.038015e-03 -2.687327e-01 -2.754435e-02 -1.403265e-02 7.005323e-04 -4.828611e-03 -3.820230e-02 -5.230980e-02 -2.647652e-02 -6.921735e-03 -7.264248e-03 -8.285407e-03 -2.023442e-02 1.092973e-02 3.071653e-02
<VARIANCE> 39
 1.439369e+01 1.729520e+01 1.198730e+01 1.085424e+01 1.219744e+01 1.665496e+01 1.558223e+01 1.811638e+01 1.599389e+01 1.477718e+01 1.342116e+01 1.267761e+01 2.151033e+01 2.901841e-01 3.918907e-01 5.098947e-01 7.160972e-01 9.563682e-01 1.170964e+00 1.266959e+00 1.398262e+00 1.429054e+00 1.396681e+00 1.303496e+00 1.215054e+00 1.769472e-01 4.654482e-02 7.158744e-02 9.926860e-02 1.417446e-01 1.877736e-01 2.352956e-01 2.544054e-01 2.816739e-01 2.884244e-01 2.886401e-01 2.645882e-01 2.474651e-01 2.322493e-02
<GCONST> 7.891523e+01
<MIXTURE> 2 2.773131e-01
<MEAN> 39
 -1.371467e+01 -4.781644e+00 -1.613794e+00 -1.121398e+00 -2.904234e-01 -3.202262e+00 1.699874e+00 -1.314917e+00 -1.122504e+00 3.434162e-01 -1.222513e-01 -5.990413e-01 5.801912e+01 -3.135996e-01 -4.590501e-01 -1.076395e-02 -8.639837e-03 -1.250918e-01 -2.961313e-01 -2.252863e-01 -2.113775e-01 -7.692916e-02 -1.062064e-01 -1.666568e-02 7.467150e-04 6.570861e-01 7.337409e-02 3.296781e-02 -2.587113e-03 9.919907e-03 9.597678e-02 1.325768e-01 6.274860e-02 9.766660e-03 1.202344e-02 1.777113e-02 5.201334e-02 -2.691595e-02 -7.748115e-02
<VARIANCE> 39
 1.998298e+01 2.634653e+01 1.536348e+01 1.549605e+01 1.832359e+01 2.500004e+01 2.301350e+01 2.720739e+01 2.093433e+01 1.964198e+01 1.634466e+01 1.512701e+01 4.854045e+01 1.060282e+00 1.444571e+00 1.061386e+00 1.210664e+00 1.600879e+00 2.083153e+00 1.899453e+00 1.933373e+00 1.761558e+00 1.779910e+00 1.701729e+00 1.484516e+00 2.106328e+00 1.901787e-01 2.712633e-01 1.909652e-01 2.341288e-01 3.123788e-01 4.221338e-01 3.834853e-01 3.914303e-01 3.625970e-01 3.635812e-01 3.452600e-01 3.112448e-01 3.917563e-01
<GCONST> 1.022029e+02
<TRANSP> 5
 0.000000e+00 1.000000e+00 0.000000e+00 0.000000e+00 0.000000e+00
 0.000000e+00 9.933715e-01 6.628505e-03 0.000000e+00 0.000000e+00
 0.000000e+00 0.000000e+00 9.892111e-01 1.078892e-02 0.000000e+00
 0.000000e+00 0.000000e+00 0.000000e+00 9.972566e-01 2.743392e-03
 0.000000e+00 0.000000e+00 0.000000e+00 0.000000e+00 0.000000e+00
<ENDHMM>
~h "si"
<BEGINHMM>
<NUMSTATES> 5
<STATE> 2
<NUMMIXES> 2
<MIXTURE> 1 6.094581e-01
<MEAN> 39
 -5.306254e+00 2.152637e+00 1.178131e+00 -2.638409e+00 2.304274e+00 1.832393e+00 1.434979e+00 3.763081e+00 -1.131715e+00 -2.863081e-01 8.457524e-01 -2.936100e+00 4.314822e+01 3.606141e-02 7.831964e-02 1.013013e-01 1.398258e-01 1.867561e-01 2.087642e-01 1.939490e-01 1.941617e-01 1.362995e-01 1.072483e-01 7.247259e-02 3.188138e-02 -9.056127e-03 -1.817547e-03 1.378699e-02 2.913602e-02 4.701804e-02 4.838342e-02 5.531583e-02 6.674757e-02 5.633895e-02 5.864445e-02 4.433862e-02 2.378748e-02 1.559166e-02 7.396885e-03
<VARIANCE> 39
 3.386429e+00 3.593113e+00 7.291728e+00 8.771359e+00 1.458255e+01 1.285202e+01 1.366314e+01 1.542646e+01 1.446454e+01 1.486875e+01 1.341944e+01 1.217507e+01 2.033106e+00 1.085074e-01 2.290357e-01 4.040411e-01 6.061347e-01 8.088789e-01 9.759974e-01 1.145930e+00 1.253738e+00 1.307720e+00 1.346928e+00 1.265019e+00 1.090420e+00 3.262147e-02 2.072012e-02 4.563497e-02 8.300877e-02 1.275056e-01 1.707279e-01 2.059780e-01 2.390082e-01 2.594186e-01 2.656559e-01 2.779473e-01 2.604799e-01 2.229650e-01 5.765331e-03
<GCONST> 6.433607e+01
<MIXTURE> 2 3.905436e-01
<MEAN> 39
 -6.046486e+00 2.286881e+00 1.832972e+00 -1.067608e+00 2.740368e+00 2.398205e+00 3.069574e+00 3.591871e+00 1.557140e-01 6.444904e-01 8.584968e-01 -2.376855e+00 4.484123e+01 -6.740937e-02 -1.136372e-01 -1.873439e-01 -2.462250e-01 -3.134918e-01 -3.245330e-01 -2.959426e-01 -2.719831e-01 -2.055843e-01 -1.501277e-01 -9.583631e-02 -5.193615e-02 -2.337239e-02 -9.971567e-04 -2.496376e-02 -4.831422e-02 -7.474308e-02 -8.014387e-02 -9.083858e-02 -1.072001e-01 -9.571429e-02 -9.330834e-02 -6.795286e-02 -3.745808e-02 -2.261858e-02 -6.525662e-03
<VARIANCE> 39
 9.704110e+00 9.053926e+00 1.248250e+01 1.296342e+01 1.864940e+01 1.730253e+01 1.733789e+01 2.162307e+01 1.767129e+01 1.763868e+01 1.620866e+01 1.395408e+01 8.546494e+00 2.484421e-01 3.864075e-01 5.206804e-01 7.261783e-01 9.522370e-01 1.129933e+00 1.306425e+00 1.382128e+00 1.448431e+00 1.442918e+00 1.391376e+00 1.170980e+00 1.308178e-01 4.283312e-02 7.299374e-02 1.016880e-01 1.421410e-01 1.941014e-01 2.303682e-01 2.609556e-01 2.797146e-01 2.900516e-01 2.878582e-01 2.797264e-01 2.321757e-01 1.892051e-02
<GCONST> 7.787698e+01
<STATE> 3
<NUMMIXES> 2
<MIXTURE> 1 5.753617e-01
<MEAN> 39
 -3.273486e+00 -4.330393e+00 -3.931368e+00 -3.244879e+00 2.118267e+00 4.677740e+00 5.122040e+00 1.089065e+00 -7.754037e-01 1.329757e+00 1.368429e+00 -2.582410e+00 4.994638e+01 2.903434e-02 4.468628e-02 6.922574e-02 1.108549e-01 1.505103e-01 1.697173e-01 1.554640e-01 1.452385e-01 1.185835e-01 9.786515e-02 6.093520e-02 3.185401e-02 -1.370518e-02 -9.306691e-03 6.485443e-03 7.994501e-03 -2.070440e-04 -2.712264e-02 -4.308933e-02 -4.129186e-02 -2.015603e-02 -1.653058e-03 -2.441603e-03 -4.549033e-03 -1.047837e-03 5.145266e-03
<VARIANCE> 39
 3.784634e+00 4.602050e+00 5.243489e+00 6.364768e+00 9.490002e+00 1.035259e+01 1.155080e+01 1.314826e+01 1.300893e+01 1.293524e+01 1.237345e+01 1.130716e+01 1.631436e+00 1.114634e-01 2.397283e-01 4.350488e-01 5.935990e-01 8.499465e-01 1.014560e+00 1.134462e+00 1.322420e+00 1.319554e+00 1.367292e+00 1.291744e+00 1.146026e+00 3.305345e-02 2.018401e-02 4.634376e-02 8.621449e-02 1.180532e-01 1.738123e-01 2.052174e-01 2.265033e-01 2.687209e-01 2.707088e-01 2.777871e-01 2.592870e-01 2.295088e-01 5.894110e-03
<GCONST> 6.282546e+01
<MIXTURE> 2 4.246321e-01
<MEAN> 39
 -4.944638e+00 -3.145902e+00 -3.137474e+00 -3.258467e+00 -2.010650e-01 2.104282e+00 2.965683e+00 -1.385183e-01 -3.760389e-01 9.801172e-01 9.407810e-01 -2.661964e+00 5.219073e+01 -5.006365e-02 -7.247209e-02 -1.244673e-01 -1.812217e-01 -2.320114e-01 -2.335096e-01 -2.097756e-01 -1.940527e-01 -1.564514e-01 -1.170815e-01 -7.958933e-02 -3.620708e-02 -7.293925e-03 7.510315e-03 -3.540307e-03 -3.435764e-03 6.205838e-03 3.961325e-02 5.451220e-02 5.350102e-02 2.776769e-02 3.459312e-03 7.482445e-04 4.991626e-03 2.429778e-03 -8.761575e-04
<VARIANCE> 39
 1.269853e+01 1.357074e+01 1.238490e+01 1.399774e+01 2.152523e+01 2.025878e+01 2.123195e+01 2.058725e+01 2.008435e+01 1.950277e+01 1.869523e+01 1.667603e+01 8.728725e+00 2.611560e-01 4.081638e-01 5.655990e-01 7.829206e-01 1.045925e+00 1.274346e+00 1.427983e+00 1.536400e+00 1.515866e+00 1.507416e+00 1.463795e+00 1.297207e+00 1.547879e-01 4.353224e-02 7.676003e-02 1.150971e-01 1.642991e-01 2.210789e-01 2.672110e-01 2.984757e-01 3.232484e-01 3.151859e-01 3.163135e-01 3.081958e-01 2.683548e-01 2.311874e-02
<GCONST> 8.223907e+01
<STATE> 4
<NUMMIXES> 2
<MIXTURE> 1 7.593721e-01
<MEAN> 39
 -7.705130e+00 1.339885e+00 4.421468e-01 -1.405113e+00 9.439963e-01 1.276787e+00 3.054666e+00 2.022252e+00 2.518784e-01 9.912829e-01 8.612437e-01 -1.980669e+00 4.714283e+01 3.792906e-02 6.188801e-02 3.558172e-03 8.315181e-03 1.618327e-02 4.179968e-02 2.091669e-02 4.747857e-02 7.378822e-03 1.027150e-02 7.113257e-03 -1.164398e-02 -9.077100e-02 -1.226968e-02 -1.336769e-02 -8.093667e-03 -1.209421e-02 -1.843891e-02 -2.286134e-02 -2.061388e-02 -1.899047e-02 -9.885955e-03 -3.715857e-03 -3.881332e-03 2.242174e-03 1.400439e-02
<VARIANCE> 39
 1.440415e+01 8.113500e+00 9.913551e+00 1.088449e+01 1.617907e+01 1.487085e+01 1.566078e+01 1.790612e+01 1.655843e+01 1.636011e+01 1.458170e+01 1.352094e+01 1.598058e+01 1.815433e-01 2.992283e-01 4.651785e-01 6.822134e-01 9.083587e-01 1.096276e+00 1.249534e+00 1.346157e+00 1.384201e+00 1.402686e+00 1.304066e+00 1.154237e+00 9.687821e-02 2.841617e-02 5.365366e-02 8.879351e-02 1.320195e-01 1.785108e-01 2.164770e-01 2.481115e-01 2.680171e-01 2.778930e-01 2.845563e-01 2.629034e-01 2.324050e-01 1.116013e-02
<GCONST> 7.436525e+01
<MIXTURE> 2 2.406854e-01
<MEAN> 39
 -1.076285e+01 -1.910812e+00 -8.380019e-03 -2.138106e+00 -3.439731e-01 -1.478796e+00 1.625176e+00 -6.427490e-01 -5.398201e-01 2.864576e-01 6.173224e-01 -1.128836e+00 5.381616e+01 -1.470529e-01 -1.952728e-01 -4.002016e-03 -2.227905e-02 -4.939958e-02 -1.403214e-01 -5.934790e-02 -1.425715e-01 -4.850218e-03 -1.815762e-02 -4.074420e-03 5.120426e-02 3.277151e-01 4.440797e-02 4.167491e-02 2.514156e-02 3.700736e-02 6.065903e-02 7.743771e-02 6.687033e-02 6.231306e-02 3.170434e-02 1.110895e-02 1.249619e-02 -9.177757e-03 -4.587127e-02
<VARIANCE> 39
 2.902243e+01 2.988219e+01 2.219572e+01 2.208400e+01 2.756817e+01 2.546556e+01 2.840586e+01 3.143442e+01 2.569826e+01 2.296380e+01 2.270454e+01 2.046439e+01 4.390929e+01 9.965280e-01 1.168557e+00 9.724706e-01 1.219014e+00 1.522620e+00 1.827652e+00 1.819672e+00 1.956829e+00 1.826176e+00 1.762213e+00 1.631525e+00 1.446711e+00 1.468501e+00 1.602380e-01 2.033935e-01 1.787278e-01 2.371286e-01 2.918324e-01 3.615238e-01 3.635163e-01 3.932722e-01 3.699394e-01 3.564056e-01 3.318639e-01 2.942468e-01 2.364371e-01
<GCONST> 1.027438e+02
<TRANSP> 5
 0.000000e+00 1.000000e+00 0.000000e+00 0.000000e+00 0.000000e+00
 0.000000e+00 9.884547e-01 1.154530e-02 0.000000e+00 0.000000e+00
 0.000000e+00 0.000000e+00 9.813125e-01 1.868754e-02 0.000000e+00
 0.000000e+00 0.000000e+00 0.000000e+00 9.926550e-01 7.345018e-03
 0.000000e+00 0.000000e+00 0.000000e+00 0.000000e+00 0.000000e+00
<ENDHMM>
~h "st"
<BEGINHMM>
<NUMSTATES> 5
<STATE> 2
<NUMMIXES> 2
<MIXTURE> 1 7.222037e-01
<MEAN> 39
 -9.316571e+00 -4.592617e+00 8.835922e-01 -7.025180e+00 -1.617711e+00 -5.677838e+00 -3.402294e-01 -9.097231e-01 -5.479625e-01 -9.189701e-01 8.928651e-01 -2.408091e+00 6.276867e+01 2.438993e-01 1.152714e-01 1.169016e-01 1.864419e-01 2.048347e-01 2.762106e-01 2.749116e-01 -2.172843e-03 4.336975e-02 -8.806854e-03 -3.354649e-02 4.754497e-02 -7.014289e-01 2.880780e-03 5.156622e-02 -5.244694e-02 4.820245e-02 3.552569e-02 5.678131e-02 5.485240e-04 -5.005904e-03 -3.087779e-02 -1.709749e-02 -1.037873e-02 -1.619754e-02 -9.062065e-02
<VARIANCE> 39
 1.459827e+01 2.539298e+01 1.475280e+01 2.175028e+01 2.180163e+01 2.451454e+01 2.133746e+01 2.231098e+01 2.029320e+01 2.004492e+01 1.745681e+01 1.284982e+01 5.386770e+01 2.638236e-01 4.166546e-01 6.137237e-01 7.878076e-01 1.066358e+00 1.296594e+00 1.359646e+00 1.627277e+00 1.365499e+00 1.685169e+00 1.616134e+00 1.310472e+00 2.559669e-01 4.697278e-02 9.920556e-02 1.015898e-01 1.550152e-01 2.054769e-01 2.563797e-01 2.585823e-01 3.106477e-01 2.714220e-01 3.265311e-01 3.318650e-01 2.484843e-01 1.304795e-01
<GCONST> 8.768262e+01
<MIXTURE> 2 2.777949e-01
<MEAN> 39
 -9.548213e+00 -3.141024e+00 -1.091190e+00 -6.361767e+00 -1.774405e+00 -3.930179e+00 -3.214560e-01 2.322242e-01 -3.135077e-02 -2.791314e-01 1.102862e+00 -2.781418e+00 6.029242e+01 -6.863925e-01 -1.124932e+00 2.301119e-01 -1.034349e+00 -7.555175e-01 -1.417493e+00 -8.094488e-01 -1.967729e-01 -9.425766e-02 -1.276335e-01 4.158413e-02 -3.213486e-02 2.996245e+00 1.575464e-01 7.203384e-02 6.976846e-02 1.229788e-01 1.084692e-01 2.407716e-01 2.320524e-01 4.154619e-02 5.298639e-02 1.139183e-01 7.133386e-04 4.986662e-02 -3.429857e-01
<VARIANCE> 39
 2.403868e+01 3.033836e+01 1.971198e+01 2.850430e+01 2.690800e+01 3.697688e+01 3.380468e+01 2.730117e+01 1.969072e+01 1.939100e+01 2.075186e+01 1.585759e+01 9.571218e+01 1.926963e+00 1.838959e+00 1.556786e+00 2.177355e+00 2.707843e+00 3.196166e+00 3.279313e+00 2.761619e+00 1.970050e+00 2.415870e+00 2.585151e+00 1.794675e+00 4.596944e+00 2.824205e-01 3.541466e-01 2.622150e-01 4.025068e-01 4.518565e-01 6.131253e-01 6.203513e-01 5.212235e-01 3.068042e-01 4.156449e-01 4.364873e-01 3.051336e-01 1.427828e+00
<GCONST> 1.154180e+02
<STATE> 3
<NUMMIXES> 2
<MIXTURE> 1 7.495838e-01
<MEAN> 39
 -6.720686e+00 -3.148157e+00 -1.929102e+00 -4.401026e+00 -4.199395e-01 5.066884e-02 2.835405e+00 -2.740032e-01 -1.194648e+00 -2.239510e-01 9.753745e-01 -2.434660e+00 5.507132e+01 9.621573e-02 1.229033e-01 -5.357289e-02 1.716056e-01 1.224327e-01 1.905642e-01 9.808835e-02 1.546826e-04 -2.537852e-02 3.358651e-02 3.418936e-03 -3.620034e-03 -3.851614e-01 -9.588378e-03 -1.151557e-02 -7.648517e-03 -2.114121e-02 -3.014322e-02 -3.602229e-02 -2.842516e-02 -4.209759e-03 2.224927e-03 -1.513385e-03 4.156674e-03 -1.879734e-03 3.052660e-02
<VARIANCE> 39
 1.306590e+01 1.373960e+01 1.338484e+01 1.579146e+01 1.616519e+01 2.034065e+01 1.742078e+01 1.777267e+01 1.772869e+01 1.827759e+01 1.501661e+01 1.392524e+01 1.977976e+01 2.201179e-01 3.404934e-01 5.156839e-01 7.100086e-01 9.413100e-01 1.151520e+00 1.273267e+00 1.366817e+00 1.413131e+00 1.456850e+00 1.381735e+00 1.226726e+00 1.710872e-01 3.404143e-02 6.045460e-02 9.953966e-02 1.386696e-01 1.873492e-01 2.348718e-01 2.622025e-01 2.814388e-01 2.925490e-01 3.018447e-01 2.849638e-01 2.499521e-01 1.561592e-02
<GCONST> 7.895627e+01
<MIXTURE> 2 2.504239e-01
<MEAN> 39
 -8.783530e+00 -3.078816e+00 -1.674220e+00 -6.532306e+00 -2.359206e+00 -2.035833e+00 1.535641e+00 -2.846286e-01 -7.808468e-01 -5.251369e-01 1.095745e+00 -2.538694e+00 5.866864e+01 -2.971641e-01 -3.007855e-01 1.277058e-01 -4.595637e-01 -3.581858e-01 -4.911194e-01 -2.631208e-01 1.558851e-04 5.235095e-02 -9.233344e-02 -5.593317e-03 1.325081e-02 1.029573e+00 2.169609e-02 3.805222e-02 2.461817e-02 6.275278e-02 8.832547e-02 9.889980e-02 7.448774e-02 1.235883e-02 -2.041812e-03 5.996122e-03 -9.579859e-03 8.684107e-03 -8.232667e-02
<VARIANCE> 39
 1.859535e+01 2.195278e+01 1.775535e+01 2.794569e+01 2.609039e+01 2.717471e+01 2.322382e+01 2.183480e+01 2.048487e+01 2.067747e+01 1.764034e+01 1.569504e+01 4.900010e+01 1.353941e+00 1.567286e+00 1.320660e+00 2.251681e+00 2.356102e+00 2.542806e+00 2.246442e+00 2.176809e+00 2.094782e+00 1.966973e+00 1.824965e+00 1.581472e+00 3.131384e+00 2.319703e-01 2.661777e-01 2.459794e-01 4.461116e-01 4.685082e-01 5.195482e-01 4.457877e-01 4.365117e-01 4.189605e-01 4.011654e-01 3.684048e-01 3.186575e-01 7.235578e-01
<GCONST> 1.087961e+02
<STATE> 4
<NUMMIXES> 2
<MIXTURE> 1 7.657513e-01
<MEAN> 39
 -1.009484e+01 1.032166e+00 9.670580e-01 -1.800909e+00 8.673320e-01 -1.951007e-01 2.415423e+00 4.983733e-01 2.315549e-01 -1.449434e-01 7.328607e-01 -2.197060e+00 5.091844e+01 3.679515e-02 8.329496e-02 1.709487e-02 1.193245e-01 1.013903e-01 1.421947e-01 6.695066e-02 6.212086e-02 6.654641e-03 3.448828e-03 3.947549e-03 6.076721e-03 -2.695116e-01 -5.331881e-03 -1.270008e-02 -1.352722e-02 -3.192675e-02 -3.298857e-02 -3.084753e-02 -2.355239e-02 -4.021053e-03 -4.065573e-03 1.122655e-03 -1.218870e-03 -1.956889e-03 2.307002e-02
<VARIANCE> 39
 1.306688e+01 7.270693e+00 9.865561e+00 1.326000e+01 1.342341e+01 1.583882e+01 1.568798e+01 1.829238e+01 1.672405e+01 1.592209e+01 1.411138e+01 1.282228e+01 2.249100e+01 2.057457e-01 3.031889e-01 4.678942e-01 7.050472e-01 8.995849e-01 1.081947e+00 1.225208e+00 1.383100e+00 1.406625e+00 1.431748e+00 1.359822e+00 1.194009e+00 1.598423e-01 3.205291e-02 5.393106e-02 9.078227e-02 1.331396e-01 1.750284e-01 2.145518e-01 2.444040e-01 2.784693e-01 2.827919e-01 2.910022e-01 2.775292e-01 2.459822e-01 1.470613e-02
<GCONST> 7.584093e+01
<MIXTURE> 2 2.342571e-01
<MEAN> 39
 -1.102610e+01 2.859135e-01 4.296110e-01 -4.793244e+00 -1.683902e+00 -2.535719e+00 9.125678e-01 6.037126e-02 4.000596e-01 -4.016472e-02 6.992173e-01 -2.466627e+00 5.598133e+01 -1.245850e-01 -2.594287e-01 -6.267087e-02 -3.931532e-01 -3.029871e-01 -4.099204e-01 -1.931038e-01 -1.947554e-01 -1.052277e-03 -1.110631e-02 -2.288435e-02 -6.645877e-03 8.407781e-01 2.489208e-02 3.378117e-02 3.950540e-02 9.460702e-02 1.000424e-01 1.005110e-01 7.948387e-02 1.722745e-02 1.408814e-02 3.292714e-04 6.343013e-03 7.259979e-03 -7.417919e-02
<VARIANCE> 39
 1.942432e+01 1.527854e+01 1.502663e+01 2.358031e+01 2.190048e+01 2.668828e+01 2.362375e+01 2.470855e+01 2.045995e+01 1.806780e+01 1.654619e+01 1.499201e+01 6.334926e+01 1.206905e+00 1.105210e+00 1.167706e+00 1.841144e+00 1.969211e+00 2.220352e+00 2.112647e+00 2.035268e+00 1.965631e+00 1.761205e+00 1.661213e+00 1.554157e+00 2.860529e+00 2.035886e-01 2.080989e-01 2.196225e-01 3.540120e-01 3.867641e-01 4.497261e-01 4.220811e-01 4.207022e-01 4.011713e-01 3.594853e-01 3.502129e-01 3.212268e-01 4.867834e-01
<GCONST> 1.047499e+02
<TRANSP> 5
 0.000000e+00 1.000000e+00 0.000000e+00 0.000000e+00 0.000000e+00
 0.000000e+00 8.970681e-01 1.029319e-01 0.000000e+00 0.000000e+00
 0.000000e+00 0.000000e+00 9.914539e-01 8.546144e-03 0.000000e+00
 0.000000e+00 0.000000e+00 0.000000e+00 9.911788e-01 8.821188e-03
 0.000000e+00 0.000000e+00 0.000000e+00 0.000000e+00 0.000000e+00
<ENDHMM>
~h "spe"
<BEGINHMM>
<NUMSTATES> 5
<STATE> 2
<NUMMIXES> 2
<MIXTURE> 1 3.979559e-01
<MEAN> 39
 -3.965900e+00 2.277488e+00 1.251698e+00 -3.066104e+00 -2.789674e+00 -2.875113e+00 1.542332e-01 -1.123661e+00 -2.047068e+00 -1.644063e-01 -9.190122e-01 -4.416359e+00 5.331936e+01 -6.346990e-02 -1.343551e-01 1.523861e-01 -1.747859e-01 -3.229604e-01 -2.603294e-01 -6.654894e-02 5.561660e-03 3.564546e-02 7.834761e-02 3.245218e-02 -7.236283e-02 2.639850e-01 4.856766e-02 -9.599593e-02 2.674847e-02 -3.502822e-02 -4.861443e-02 1.825382e-02 -7.010674e-02 -4.545534e-03 -4.790534e-03 2.580617e-02 -4.442423e-03 -6.052092e-02 2.705741e-02
<VARIANCE> 39
 2.850010e+01 2.658784e+01 3.381109e+01 2.707117e+01 4.209121e+01 3.924854e+01 2.577348e+01 3.124837e+01 2.752122e+01 2.658331e+01 2.412773e+01 2.607581e+01 1.087907e+01 1.230538e+00 1.453211e+00 1.583664e+00 1.516530e+00 2.730947e+00 2.256252e+00 1.956712e+00 2.331388e+00 2.122210e+00 2.161002e+00 1.903093e+00 2.098387e+00 3.314361e-01 1.350501e-01 1.693385e-01 2.001019e-01 2.259940e-01 4.047309e-01 3.905730e-01 3.322755e-01 4.123337e-01 3.701558e-01 4.011784e-01 3.327415e-01 3.469722e-01 4.458290e-02
<GCONST> 1.033682e+02
<MIXTURE> 2 6.020397e-01
<MEAN> 39
 9.092333e-01 -3.508183e+00 2.935760e+00 -4.332123e+00 -6.103740e+00 -1.060361e-01 -2.621114e+00 -1.645862e+00 -2.959839e+00 -2.818838e-01 -1.850256e+00 -7.670683e+00 5.455713e+01 4.650992e-02 6.366023e-02 -6.541043e-02 1.033106e-01 1.731810e-01 1.161443e-01 1.194656e-02 2.270274e-03 -2.377281e-02 -3.982150e-02 -3.385636e-02 3.468550e-02 -1.375869e-01 -3.524650e-02 5.866018e-02 -2.643793e-02 2.345075e-02 3.614888e-02 -1.301289e-02 5.203069e-02 1.147967e-02 1.327493e-02 -1.305045e-02 -2.255092e-03 4.246634e-02 -2.002278e-02
<VARIANCE> 39
 6.140038e+00 1.826887e+01 5.565313e+01 2.963268e+01 5.170836e+01 3.769409e+01 2.986766e+01 4.384374e+01 3.785828e+01 3.284945e+01 3.608558e+01 3.245939e+01 1.536623e+01 1.829090e-01 4.399144e-01 7.101992e-01 8.085647e-01 1.267758e+00 1.399140e+00 1.427328e+00 1.826180e+00 1.597887e+00 1.583277e+00 1.575979e+00 1.489276e+00 1.210541e-01 3.092580e-02 7.456437e-02 1.120098e-01 1.541140e-01 2.399047e-01 2.578210e-01 2.826155e-01 3.486222e-01 3.195129e-01 3.129543e-01 3.145229e-01 2.792823e-01 1.488686e-02
<GCONST> 8.943385e+01
<STATE> 3
<NUMMIXES> 2
<MIXTURE> 1 5.947089e-01
<MEAN> 39
 -2.322716e+00 -4.373235e+00 -1.248194e+00 -1.054695e+01 -4.117868e-01 -2.554832e+00 -2.174978e+00 2.355897e-01 -5.258495e-01 -1.446630e+00 -5.062426e+00 -5.084247e+00 6.149676e+01 -2.398367e-02 1.909110e-01 -2.776564e-02 2.158887e-01 1.542571e-01 1.394903e-01 6.567863e-02 -1.672017e-01 -2.267132e-02 1.805650e-02 8.023782e-02 6.249228e-02 -2.757557e-01 -1.909894e-03 6.427540e-03 6.258769e-03 1.591771e-02 -2.095936e-02 -4.318747e-02 -2.682245e-02 -1.468402e-02 -2.499795e-02 -1.066396e-03 4.090621e-02 2.457755e-02 -2.799263e-02
<VARIANCE> 39
 3.012357e+01 4.708892e+01 3.616817e+01 5.981391e+01 3.855051e+01 4.432863e+01 4.150514e+01 4.321921e+01 2.644560e+01 3.457629e+01 4.961604e+01 2.731418e+01 3.329209e+01 2.598834e-01 5.036576e-01 6.714445e-01 9.581441e-01 1.125841e+00 1.247333e+00 1.351402e+00 1.468710e+00 1.632064e+00 1.581214e+00 1.694170e+00 1.398419e+00 1.822268e-01 4.190629e-02 7.565270e-02 1.235599e-01 1.809186e-01 2.151010e-01 2.336753e-01 2.727618e-01 2.798301e-01 3.348970e-01 3.182431e-01 3.250675e-01 2.872325e-01 2.146710e-02
<GCONST> 9.417449e+01
<MIXTURE> 2 4.052897e-01
<MEAN> 39
 -1.994308e+00 -4.220092e+00 2.503240e+00 -1.601411e+01 -2.432951e+00 -9.806241e+00 -5.834571e+00 -3.114846e+00 -1.032865e+00 -3.637397e+00 -8.200083e+00 -2.008403e+00 6.276794e+01 -4.062372e-02 -2.101928e-01 -1.486544e-01 -1.520676e-01 -3.343698e-02 -1.166699e-01 -3.031649e-02 1.409771e-01 8.276147e-02 -3.383800e-02 -1.388637e-01 -7.530009e-02 3.596127e-01 7.760185e-03 1.275241e-02 -8.195841e-04 2.023802e-02 2.619956e-02 7.987454e-02 5.814299e-02 -1.159290e-02 -1.088056e-03 -2.019574e-03 -3.575251e-02 -2.319426e-02 -4.627874e-05
<VARIANCE> 39
 2.485821e+01 3.402131e+01 7.799993e+01 6.713199e+01 5.559042e+01 5.241089e+01 5.528646e+01 7.165161e+01 4.275998e+01 4.112591e+01 4.016705e+01 3.843851e+01 1.458913e+01 1.238844e+00 1.954733e+00 2.330131e+00 2.679933e+00 2.712512e+00 2.693279e+00 3.078409e+00 3.718410e+00 3.505760e+00 2.754468e+00 2.616224e+00 2.341501e+00 7.509302e-01 1.643289e-01 2.635264e-01 3.117350e-01 4.031641e-01 4.208334e-01 4.846803e-01 5.080346e-01 6.282677e-01 6.121713e-01 5.206705e-01 4.768270e-01 4.354386e-01 1.006170e-01
<GCONST> 1.187159e+02
<STATE> 4
<NUMMIXES> 2
<MIXTURE> 1 5.469779e-01
<MEAN> 39
 -2.285604e+00 -2.697652e+00 -1.915730e+00 -3.163320e+00 2.288757e-01 2.016768e+00 2.635508e+00 -3.563287e-01 -1.393439e+00 4.720846e-01 -1.576773e-02 -3.981354e+00 5.054292e+01 -1.647949e-02 2.925509e-02 -2.950725e-02 7.424835e-02 6.856704e-02 1.169026e-01 1.226228e-01 5.626849e-02 2.745527e-02 3.257021e-02 6.131333e-02 7.859218e-02 -1.040357e-01 1.122453e-02 -5.316169e-03 1.440128e-02 -2.756098e-02 -4.130052e-02 -3.864985e-02 -4.851656e-02 -1.730955e-02 -1.568732e-02 -1.440048e-02 -1.553716e-02 -2.876915e-02 2.153538e-02
<VARIANCE> 39
 9.647160e+00 1.405356e+01 1.407585e+01 1.183372e+01 2.068500e+01 2.015520e+01 2.011589e+01 1.971852e+01 1.973982e+01 1.828034e+01 1.830279e+01 1.644486e+01 5.104520e+00 1.837577e-01 3.195106e-01 5.283089e-01 6.971880e-01 9.463066e-01 1.183316e+00 1.249979e+00 1.423542e+00 1.422663e+00 1.426676e+00 1.429243e+00 1.301682e+00 6.620664e-02 3.065482e-02 5.691820e-02 1.000549e-01 1.343036e-01 1.840468e-01 2.317016e-01 2.422269e-01 2.816500e-01 2.776945e-01 2.766381e-01 2.785704e-01 2.542616e-01 9.534504e-03
<GCONST> 7.604576e+01
<MIXTURE> 2 4.530202e-01
<MEAN> 39
 1.998685e-01 -5.755525e+00 1.489679e+00 -7.180917e+00 -4.688486e+00 -1.670275e+00 -3.467239e+00 -1.488657e+00 -2.631274e+00 -5.266986e-01 -1.397644e+00 -7.092073e+00 5.673671e+01 2.158163e-02 -3.826674e-02 2.858230e-02 -7.517013e-02 -5.923429e-02 -1.045453e-01 -1.199525e-01 -4.260352e-02 -3.089758e-02 -2.723712e-02 -5.810282e-02 -8.345678e-02 8.927609e-02 -1.565949e-02 7.976729e-03 -1.617635e-02 3.279836e-02 5.237599e-02 4.960923e-02 5.880427e-02 2.055121e-02 1.823490e-02 1.657041e-02 1.543247e-02 3.389452e-02 -2.518088e-02
<VARIANCE> 39
 1.181663e+01 3.191167e+01 4.243005e+01 3.276831e+01 5.759615e+01 4.047891e+01 3.334829e+01 3.943211e+01 3.647121e+01 3.767940e+01 3.861815e+01 2.559680e+01 1.324672e+01 3.855935e-01 9.403095e-01 1.108899e+00 1.356585e+00 1.838594e+00 1.729680e+00 1.820390e+00 1.872753e+00 2.055495e+00 1.861294e+00 1.851554e+00 1.543821e+00 3.801414e-01 5.068232e-02 1.244029e-01 1.551257e-01 2.041544e-01 2.655096e-01 2.896903e-01 3.103443e-01 3.414932e-01 3.818122e-01 3.494238e-01 3.362454e-01 2.915702e-01 3.582345e-02
<GCONST> 9.869631e+01
<TRANSP> 5
 0.000000e+00 1.000000e+00 0.000000e+00 0.000000e+00 0.000000e+00
 0.000000e+00 9.914209e-01 8.579098e-03 0.000000e+00 0.000000e+00
 0.000000e+00 0.000000e+00 9.790921e-01 2.090792e-02 0.000000e+00
 0.000000e+00 0.000000e+00 0.000000e+00 9.955234e-01 4.476595e-03
 0.000000e+00 0.000000e+00 0.000000e+00 0.000000e+00 0.000000e+00
<ENDHMM>
