~o
<STREAMINFO> 1 39
<VECSIZE> 39<NULLD><MFCC_D_A_0><DIAGC>
~h "ap"
<BEGINHMM>
<NUMSTATES> 5
<STATE> 2
<NUMMIXES> 2
<MIXTURE> 1 5.000000e-01
<MEAN> 39
 -1.187457e+01 -7.901551e+00 -2.417151e+00 1.321020e+00 9.853363e-02 -2.135179e+00 3.792408e+00 -1.604103e+00 -1.100510e+00 2.481152e-01 1.367030e+00 -3.828011e-01 6.392111e+01 2.101177e-01 1.048616e-01 9.862012e-02 1.952744e-01 2.232855e-01 2.139005e-01 2.106966e-01 2.131147e-01 1.975777e-01 2.191041e-01 2.393039e-01 2.139361e-01 7.924523e-01 1.137943e-01 1.043064e-01 7.733015e-02 8.151217e-02 1.306237e-01 1.552646e-01 1.180868e-01 1.102641e-01 1.158304e-01 1.238289e-01 1.117865e-01 9.888206e-02 1.736161e-01
<VARIANCE> 39
 3.029599e+01 4.402640e+01 2.266335e+01 2.423141e+01 3.111021e+01 4.109244e+01 2.395472e+01 2.563768e+01 2.168157e+01 1.998251e+01 1.953924e+01 1.494255e+01 1.139000e+02 1.547588e+00 1.617314e+00 9.497313e-01 1.058358e+00 1.921642e+00 2.604112e+00 1.618395e+00 1.528902e+00 1.630020e+00 1.689564e+00 1.562094e+00 1.334287e+00 7.231005e+00 2.387210e-01 2.297434e-01 1.464253e-01 1.968281e-01 3.447421e-01 4.796537e-01 2.951298e-01 2.829413e-01 3.150391e-01 3.432038e-01 3.094240e-01 2.747084e-01 1.060483e+00
<GCONST> 1.070398e+02
<MIXTURE> 2 5.000000e-01
<MEAN> 39
 -1.407625e+01 -1.055565e+01 -4.321393e+00 -6.479967e-01 -2.132528e+00 -4.699315e+00 1.834666e+00 -3.629449e+00 -2.963048e+00 -1.539957e+00 -4.010984e-01 -1.929025e+00 5.965215e+01 -2.874907e-01 -4.038330e-01 -2.911965e-01 -2.162317e-01 -3.312077e-01 -4.315899e-01 -2.981681e-01 -2.814804e-01 -3.131112e-01 -3.008288e-01 -2.606311e-01 -2.481093e-01 -2.831688e-01 -8.164206e-02 -8.741980e-02 -7.573209e-02 -9.594908e-02 -1.042352e-01 -1.217636e-01 -9.921657e-02 -1.025048e-01 -1.086830e-01 -1.105055e-01 -1.107171e-01 -1.107685e-01 -2.383029e-01
<VARIANCE> 39
 3.029599e+01 4.402640e+01 2.266335e+01 2.423141e+01 3.111021e+01 4.109244e+01 2.395472e+01 2.563768e+01 2.168157e+01 1.998251e+01 1.953924e+01 1.494255e+01 1.139000e+02 1.547588e+00 1.617314e+00 9.497313e-01 1.058358e+00 1.921642e+00 2.604112e+00 1.618395e+00 1.528902e+00 1.630020e+00 1.689564e+00 1.562094e+00 1.334287e+00 7.231005e+00 2.387210e-01 2.297434e-01 1.464253e-01 1.968281e-01 3.447421e-01 4.796537e-01 2.951298e-01 2.829413e-01 3.150391e-01 3.432038e-01 3.094240e-01 2.747084e-01 1.060483e+00
<GCONST> 1.070398e+02
<STATE> 3
<NUMMIXES> 2
<MIXTURE> 1 5.000000e-01
<MEAN> 39
 -9.859591e+00 -1.585048e+01 -9.424031e+00 3.070115e+00 1.533092e+00 -8.220227e+00 1.502419e+00 -1.285438e+00 -5.170135e+00 -2.820703e+00 1.498605e+00 -7.145023e-01 7.090258e+01 2.552445e-01 1.980784e-01 2.347997e-01 2.551961e-01 3.756758e-01 3.432169e-01 2.850781e-01 2.271432e-01 2.551906e-01 2.625490e-01 2.596253e-01 2.636290e-01 4.592836e-02 5.887087e-02 7.295105e-02 7.808337e-02 9.335472e-02 1.132604e-01 1.177970e-01 9.930149e-02 1.049041e-01 1.225427e-01 1.180405e-01 1.033522e-01 1.292485e-01 1.388017e-01
<VARIANCE> 39
 1.320413e+01 1.724330e+01 1.746693e+01 2.244182e+01 3.120154e+01 2.329000e+01 2.794339e+01 2.109797e+01 2.391344e+01 2.231821e+01 1.684729e+01 1.571130e+01 7.323189e+01 5.359021e-01 5.045010e-01 6.036295e-01 8.835507e-01 1.569094e+00 1.615814e+00 1.241256e+00 1.175208e+00 1.604917e+00 1.502205e+00 1.290375e+00 1.635205e+00 3.664146e+00 8.983342e-02 8.518345e-02 1.049206e-01 1.620794e-01 2.951932e-01 3.288721e-01 2.387581e-01 2.206810e-01 3.237005e-01 3.105859e-01 2.522090e-01 3.670893e-01 5.743852e-01
<GCONST> 9.503904e+01
<MIXTURE> 2 5.000000e-01
<MEAN> 39
 -1.131309e+01 -1.751148e+01 -1.109577e+01 1.175203e+00 -7.012413e-01 -1.015062e+01 -6.120410e-01 -3.122739e+00 -7.126190e+00 -4.710389e+00 -1.432125e-01 -2.300002e+00 6.747956e+01 -3.757688e-02 -8.603457e-02 -7.597465e-02 -1.207934e-01 -1.253782e-01 -1.652417e-01 -1.605686e-01 -2.064848e-01 -2.515507e-01 -2.277089e-01 -1.947533e-01 -2.478715e-01 -7.197500e-01 -6.101803e-02 -4.379377e-02 -5.148243e-02 -6.768162e-02 -1.040664e-01 -1.115924e-01 -9.615003e-02 -8.300273e-02 -1.050361e-01 -1.048805e-01 -9.752946e-02 -1.131030e-01 -1.643512e-01
<VARIANCE> 39
 1.320413e+01 1.724330e+01 1.746693e+01 2.244182e+01 3.120154e+01 2.329000e+01 2.794339e+01 2.109797e+01 2.391344e+01 2.231821e+01 1.684729e+01 1.571130e+01 7.323189e+01 5.359021e-01 5.045010e-01 6.036295e-01 8.835507e-01 1.569094e+00 1.615814e+00 1.241256e+00 1.175208e+00 1.604917e+00 1.502205e+00 1.290375e+00 1.635205e+00 3.664146e+00 8.983342e-02 8.518345e-02 1.049206e-01 1.620794e-01 2.951932e-01 3.288721e-01 2.387581e-01 2.206810e-01 3.237005e-01 3.105859e-01 2.522090e-01 3.670893e-01 5.743852e-01
<GCONST> 9.503904e+01
<STATE> 4
<NUMMIXES> 2
<MIXTURE> 1 5.000000e-01
<MEAN> 39
 -9.323187e+00 -8.721322e+00 -3.694673e+00 1.932977e+00 1.958890e+00 -2.786743e+00 3.495956e+00 -1.518432e+00 -2.570461e+00 4.515325e-01 1.554716e+00 -6.788785e-01 6.192639e+01 1.920222e-01 2.598644e-01 1.940201e-01 1.895655e-01 2.416499e-01 2.880081e-01 2.347198e-01 2.552385e-01 2.652884e-01 2.547186e-01 2.285943e-01 2.165292e-01 4.200967e-01 7.310106e-02 8.760421e-02 6.990492e-02 8.153962e-02 1.051353e-01 1.149561e-01 9.934407e-02 1.051257e-01 1.056871e-01 1.082522e-01 1.013472e-01 9.844020e-02 1.786446e-01
<VARIANCE> 39
 2.458785e+01 5.297496e+01 2.614297e+01 2.416865e+01 3.687487e+01 3.495876e+01 2.554231e+01 2.887093e+01 2.288947e+01 1.972400e+01 1.678194e+01 1.463550e+01 1.312672e+02 8.796312e-01 1.286787e+00 7.714632e-01 9.301222e-01 1.573317e+00 1.807568e+00 1.338911e+00 1.501778e+00 1.490544e+00 1.481559e+00 1.335338e+00 1.210291e+00 5.220964e+00 1.373005e-01 1.977316e-01 1.288548e-01 1.739630e-01 2.905675e-01 3.481072e-01 2.558514e-01 2.800466e-01 2.990220e-01 3.050779e-01 2.650698e-01 2.451147e-01 7.748277e-01
<GCONST> 1.023021e+02
<MIXTURE> 2 5.000000e-01
<MEAN> 39
 -1.130663e+01 -1.163268e+01 -5.739881e+00 -3.348762e-02 -4.700969e-01 -5.151781e+00 1.474380e+00 -3.667699e+00 -4.484179e+00 -1.324936e+00 -8.391446e-02 -2.209133e+00 5.734351e+01 -1.831325e-01 -1.938822e-01 -1.573118e-01 -1.962059e-01 -2.600779e-01 -2.497752e-01 -2.281255e-01 -2.349497e-01 -2.230629e-01 -2.321586e-01 -2.336330e-01 -2.235237e-01 -4.938804e-01 -7.511528e-02 -9.026387e-02 -7.368048e-02 -8.529586e-02 -1.104820e-01 -1.210463e-01 -1.029830e-01 -1.065520e-01 -1.130445e-01 -1.126833e-01 -1.045925e-01 -9.959604e-02 -1.734526e-01
<VARIANCE> 39
 2.458785e+01 5.297496e+01 2.614297e+01 2.416865e+01 3.687487e+01 3.495876e+01 2.554231e+01 2.887093e+01 2.288947e+01 1.972400e+01 1.678194e+01 1.463550e+01 1.312672e+02 8.796312e-01 1.286787e+00 7.714632e-01 9.301222e-01 1.573317e+00 1.807568e+00 1.338911e+00 1.501778e+00 1.490544e+00 1.481559e+00 1.335338e+00 1.210291e+00 5.220964e+00 1.373005e-01 1.977316e-01 1.288548e-01 1.739630e-01 2.905675e-01 3.481072e-01 2.558514e-01 2.800466e-01 2.990220e-01 3.050779e-01 2.650698e-01 2.451147e-01 7.748277e-01
<GCONST> 1.023021e+02
<TRANSP> 5
 0.000000e+00 1.000000e+00 0.000000e+00 0.000000e+00 0.000000e+00
 0.000000e+00 9.865612e-01 1.343881e-02 0.000000e+00 0.000000e+00
 0.000000e+00 0.000000e+00 9.859526e-01 1.404737e-02 0.000000e+00
 0.000000e+00 0.000000e+00 0.000000e+00 9.928834e-01 7.116558e-03
 0.000000e+00 0.000000e+00 0.000000e+00 0.000000e+00 0.000000e+00
<ENDHMM>
~h "cl"
<BEGINHMM>
<NUMSTATES> 5
<STATE> 2
<NUMMIXES> 2
<MIXTURE> 1 5.000000e-01
<MEAN> 39
 -1.024654e+01 -5.935326e-01 -6.728411e-02 -1.771258e+00 5.610585e-02 5.994144e+00 4.303664e+00 7.882745e-01 3.132330e+00 1.199654e+00 -8.559796e-01 1.304746e+00 5.557422e+01 4.261434e-04 2.295148e-01 2.096207e-01 1.826814e-01 1.248078e-01 4.117222e-01 1.965379e-01 1.359794e-01 4.040726e-01 2.668180e-01 1.437504e-01 3.423892e-01 5.329686e-01 7.437067e-02 7.106880e-02 8.388723e-02 6.488957e-02 8.234197e-02 1.602681e-01 9.957306e-02 8.714177e-02 1.378867e-01 1.068361e-01 7.904140e-02 1.344443e-01 1.262890e-01
<VARIANCE> 39
 4.006749e+01 2.940841e+01 2.727168e+01 1.465574e+01 1.894507e+01 4.320677e+01 2.178881e+01 2.563867e+01 3.283122e+01 2.283652e+01 2.822565e+01 2.273733e+01 5.379216e+01 2.429454e+00 8.615452e-01 7.361829e-01 8.483882e-01 1.377705e+00 2.160583e+00 1.804113e+00 2.091804e+00 2.212278e+00 1.855251e+00 1.951475e+00 1.763107e+00 2.172717e+00 2.925863e-01 1.260850e-01 1.161292e-01 1.470583e-01 2.326458e-01 3.547155e-01 3.192576e-01 3.569473e-01 3.773228e-01 3.539301e-01 3.391467e-01 2.941070e-01 2.805654e-01
<GCONST> 1.033267e+02
<MIXTURE> 2 5.000000e-01
<MEAN> 39
 -1.277850e+01 -2.762713e+00 -2.156176e+00 -3.302570e+00 -1.684932e+00 3.364870e+00 2.436524e+00 -1.237111e+00 8.403883e-01 -7.118490e-01 -2.981092e+00 -6.026012e-01 5.264050e+01 -6.230421e-01 -1.417630e-01 -1.335837e-01 -1.857506e-01 -3.446950e-01 -1.762348e-01 -3.407313e-01 -4.425434e-01 -1.908766e-01 -2.780124e-01 -4.150304e-01 -1.887390e-01 -5.663699e-02 -1.419943e-01 -7.096500e-02 -5.242371e-02 -8.850315e-02 -1.105915e-01 -7.796389e-02 -1.264385e-01 -1.518385e-01 -1.078198e-01 -1.311321e-01 -1.539038e-01 -8.248226e-02 -8.558474e-02
<VARIANCE> 39
 4.006749e+01 2.940841e+01 2.727168e+01 1.465574e+01 1.894507e+01 4.320677e+01 2.178881e+01 2.563867e+01 3.283122e+01 2.283652e+01 2.822565e+01 2.273733e+01 5.379216e+01 2.429454e+00 8.615452e-01 7.361829e-01 8.483882e-01 1.377705e+00 2.160583e+00 1.804113e+00 2.091804e+00 2.212278e+00 1.855251e+00 1.951475e+00 1.763107e+00 2.172717e+00 2.925863e-01 1.260850e-01 1.161292e-01 1.470583e-01 2.326458e-01 3.547155e-01 3.192576e-01 3.569473e-01 3.773228e-01 3.539301e-01 3.391467e-01 2.941070e-01 2.805654e-01
<GCONST> 1.033267e+02
<STATE> 3
<NUMMIXES> 2
<MIXTURE> 1 5.000000e-01
<MEAN> 39
 -1.809840e+01 3.443047e+00 6.444729e-01 -4.632053e+00 -3.305445e+00 1.327426e+01 1.659674e+00 -2.674873e+00 8.582144e+00 -2.651857e+00 -2.537115e+00 6.255991e+00 5.964171e+01 2.943474e-01 1.363028e-01 1.656886e-01 1.949230e-01 2.277575e-01 2.822202e-01 2.728398e-01 2.591920e-01 2.572631e-01 2.517266e-01 2.553472e-01 2.516089e-01 1.824808e-01 1.256617e-01 5.736811e-02 7.463241e-02 8.508255e-02 1.007883e-01 1.170226e-01 1.211129e-01 1.223706e-01 1.145657e-01 1.187935e-01 1.166634e-01 1.076941e-01 7.631852e-02
<VARIANCE> 39
 5.111112e+01 9.873034e+00 1.984547e+01 1.248400e+01 1.773483e+01 3.400882e+01 2.553679e+01 2.224408e+01 2.629639e+01 2.016279e+01 1.929771e+01 1.985649e+01 2.080541e+01 1.809141e+00 4.968024e-01 7.629395e-01 9.181017e-01 1.248365e+00 2.033860e+00 1.845623e+00 1.752856e+00 1.792203e+00 1.636576e+00 1.580896e+00 1.615379e+00 9.591109e-01 3.288264e-01 8.840436e-02 1.428808e-01 1.803931e-01 2.391937e-01 3.875437e-01 3.600814e-01 3.462480e-01 3.541489e-01 3.300291e-01 3.137251e-01 3.119304e-01 1.755477e-01
<GCONST> 9.716221e+01
<MIXTURE> 2 5.000000e-01
<MEAN> 39
 -2.095808e+01 2.186191e+00 -1.137457e+00 -6.045361e+00 -4.989955e+00 1.094158e+01 -3.616835e-01 -4.561419e+00 6.530944e+00 -4.447977e+00 -4.294281e+00 4.473566e+00 5.781719e+01 -2.436699e-01 -1.456340e-01 -1.836970e-01 -1.883475e-01 -2.191635e-01 -2.882337e-01 -2.705750e-01 -2.703899e-01 -2.782297e-01 -2.599883e-01 -2.475875e-01 -2.567813e-01 -2.092560e-01 -1.037119e-01 -6.156337e-02 -7.656590e-02 -8.480829e-02 -9.484140e-02 -1.319895e-01 -1.189142e-01 -1.130008e-01 -1.234759e-01 -1.109992e-01 -1.073812e-01 -1.157088e-01 -9.127513e-02
<VARIANCE> 39
 5.111112e+01 9.873034e+00 1.984547e+01 1.248400e+01 1.773483e+01 3.400882e+01 2.553679e+01 2.224408e+01 2.629639e+01 2.016279e+01 1.929771e+01 1.985649e+01 2.080541e+01 1.809141e+00 4.968024e-01 7.629395e-01 9.181017e-01 1.248365e+00 2.033860e+00 1.845623e+00 1.752856e+00 1.792203e+00 1.636576e+00 1.580896e+00 1.615379e+00 9.591109e-01 3.288264e-01 8.840436e-02 1.428808e-01 1.803931e-01 2.391937e-01 3.875437e-01 3.600814e-01 3.462480e-01 3.541489e-01 3.300291e-01 3.137251e-01 3.119304e-01 1.755477e-01
<GCONST> 9.716221e+01
<STATE> 4
<NUMMIXES> 2
<MIXTURE> 1 5.000000e-01
<MEAN> 39
 -2.083417e+01 1.641386e+00 7.166118e+00 -2.164826e+00 -5.536913e+00 1.160973e+01 2.699668e+00 -5.378609e+00 4.030192e+00 5.528210e+00 -1.048794e+01 5.915992e+00 5.878857e+01 2.812106e-01 1.394164e-01 2.072535e-01 1.857703e-01 2.340796e-01 2.752108e-01 2.485098e-01 3.204096e-01 3.222711e-01 2.713416e-01 2.716967e-01 2.690254e-01 1.882522e-01 1.002982e-01 6.421287e-02 8.632910e-02 8.954519e-02 1.012308e-01 1.217742e-01 1.122765e-01 1.397928e-01 1.421092e-01 1.231801e-01 1.187057e-01 1.187787e-01 9.697923e-02
<VARIANCE> 39
 4.082031e+01 8.825403e+00 1.569707e+01 1.684584e+01 2.687832e+01 3.014976e+01 2.938708e+01 4.656882e+01 3.432633e+01 2.928609e+01 2.899346e+01 2.990117e+01 3.493845e+01 1.329393e+00 5.212137e-01 1.006194e+00 9.777772e-01 1.316853e+00 2.062995e+00 1.657736e+00 2.523539e+00 2.612819e+00 1.920439e+00 1.688581e+00 1.838771e+00 1.294937e+00 2.451829e-01 9.996895e-02 1.967848e-01 1.971982e-01 2.490804e-01 3.995659e-01 3.203340e-01 4.652195e-01 5.153207e-01 3.793915e-01 3.358519e-01 3.657122e-01 2.428510e-01
<GCONST> 1.030307e+02
<MIXTURE> 2 5.000000e-01
<MEAN> 39
 -2.338980e+01 4.530824e-01 5.581336e+00 -3.806574e+00 -7.610685e+00 9.413374e+00 5.312740e-01 -8.108263e+00 1.686645e+00 3.363544e+00 -1.264176e+01 3.728714e+00 5.642422e+01 -1.799867e-01 -1.493642e-01 -1.939834e-01 -2.097601e-01 -2.249373e-01 -2.993144e-01 -2.665026e-01 -3.150164e-01 -3.242976e-01 -2.829780e-01 -2.480849e-01 -2.733797e-01 -2.669291e-01 -9.776558e-02 -6.225860e-02 -9.111264e-02 -8.808282e-02 -9.840105e-02 -1.310707e-01 -1.141157e-01 -1.330352e-01 -1.450342e-01 -1.231990e-01 -1.131053e-01 -1.231179e-01 -1.001404e-01
<VARIANCE> 39
 4.082031e+01 8.825403e+00 1.569707e+01 1.684584e+01 2.687832e+01 3.014976e+01 2.938708e+01 4.656882e+01 3.432633e+01 2.928609e+01 2.899346e+01 2.990117e+01 3.493845e+01 1.329393e+00 5.212137e-01 1.006194e+00 9.777772e-01 1.316853e+00 2.062995e+00 1.657736e+00 2.523539e+00 2.612819e+00 1.920439e+00 1.688581e+00 1.838771e+00 1.294937e+00 2.451829e-01 9.996895e-02 1.967848e-01 1.971982e-01 2.490804e-01 3.995659e-01 3.203340e-01 4.652195e-01 5.153207e-01 3.793915e-01 3.358519e-01 3.657122e-01 2.428510e-01
<GCONST> 1.030307e+02
<TRANSP> 5
 0.000000e+00 1.000000e+00 0.000000e+00 0.000000e+00 0.000000e+00
 0.000000e+00 9.449549e-01 5.504510e-02 0.000000e+00 0.000000e+00
 0.000000e+00 0.000000e+00 9.921186e-01 7.881410e-03 0.000000e+00
 0.000000e+00 0.000000e+00 0.000000e+00 9.936381e-01 6.361850e-03
 0.000000e+00 0.000000e+00 0.000000e+00 0.000000e+00 0.000000e+00
<ENDHMM>
~h "cm"
<BEGINHMM>
<NUMSTATES> 5
<STATE> 2
<NUMMIXES> 2
<MIXTURE> 1 5.000000e-01
<MEAN> 39
 -8.304699e+00 -3.483356e-01 -1.920765e+00 -3.566218e+00 -2.191073e-02 -1.612123e-01 -8.614295e-01 -1.457339e-01 -1.847452e+00 -1.845354e-01 9.692397e-01 -1.370164e+00 6.354306e+01 2.048099e-01 1.449929e-01 1.622360e-01 1.771496e-01 1.869004e-01 1.992149e-01 1.879945e-01 1.880316e-01 2.067512e-01 2.172856e-01 1.911011e-01 2.300626e-01 5.491904e-01 5.731644e-02 7.380968e-02 7.541275e-02 9.634830e-02 1.060240e-01 1.222058e-01 1.200939e-01 1.159797e-01 1.155525e-01 1.221025e-01 1.198848e-01 1.024168e-01 6.063562e-02
<VARIANCE> 39
 2.015341e+01 1.849376e+01 1.437444e+01 1.760781e+01 1.657087e+01 1.741061e+01 2.055110e+01 2.081139e+01 2.138019e+01 1.905932e+01 1.891156e+01 1.472591e+01 6.806678e+01 5.314690e-01 7.166541e-01 7.690454e-01 1.050807e+00 1.212857e+00 1.501659e+00 1.533337e+00 1.630466e+00 1.674781e+00 1.554967e+00 1.520827e+00 1.362683e+00 1.095674e+00 7.406657e-02 1.151542e-01 1.376278e-01 1.874630e-01 2.329669e-01 2.834448e-01 2.922992e-01 3.103718e-01 3.272008e-01 3.036859e-01 2.854557e-01 2.577125e-01 1.297606e-01
<GCONST> 9.232981e+01
<MIXTURE> 2 5.000000e-01
<MEAN> 39
 -1.010040e+01 -2.068511e+00 -3.437311e+00 -5.244684e+00 -1.650204e+00 -1.830253e+00 -2.674762e+00 -1.970514e+00 -3.697001e+00 -1.930815e+00 -7.702572e-01 -2.905138e+00 6.024296e+01 -8.679776e-02 -1.936288e-01 -1.885449e-01 -2.328859e-01 -2.536187e-01 -2.909539e-01 -3.073175e-01 -3.227272e-01 -3.109021e-01 -2.815076e-01 -3.021861e-01 -2.368734e-01 1.304926e-01 -5.154426e-02 -6.192783e-02 -7.298014e-02 -7.683969e-02 -8.704256e-02 -9.075230e-02 -9.616487e-02 -1.068644e-01 -1.132534e-01 -9.832836e-02 -9.382740e-02 -1.006448e-01 -8.345357e-02
<VARIANCE> 39
 2.015341e+01 1.849376e+01 1.437444e+01 1.760781e+01 1.657087e+01 1.741061e+01 2.055110e+01 2.081139e+01 2.138019e+01 1.905932e+01 1.891156e+01 1.472591e+01 6.806678e+01 5.314690e-01 7.166541e-01 7.690454e-01 1.050807e+00 1.212857e+00 1.501659e+00 1.533337e+00 1.630466e+00 1.674781e+00 1.554967e+00 1.520827e+00 1.362683e+00 1.095674e+00 7.406657e-02 1.151542e-01 1.376278e-01 1.874630e-01 2.329669e-01 2.834448e-01 2.922992e-01 3.103718e-01 3.272008e-01 3.036859e-01 2.854557e-01 2.577125e-01 1.297606e-01
<GCONST> 9.232981e+01
<STATE> 3
<NUMMIXES> 2
<MIXTURE> 1 5.000000e-01
<MEAN> 39
 -1.239171e+01 6.921388e-01 -2.100201e+00 -4.177434e+00 8.338502e-01 1.874854e+00 -8.722175e-01 7.665095e-01 -1.832727e+00 1.376089e+00 3.632478e+00 3.387806e-01 6.002379e+01 1.310003e-01 1.210585e-01 1.346815e-01 1.810315e-01 2.093363e-01 2.146335e-01 2.197005e-01 2.244602e-01 2.170874e-01 2.153097e-01 2.022441e-01 2.107667e-01 1.578017e-01 5.235550e-02 5.094988e-02 5.986743e-02 7.408063e-02 7.868415e-02 8.254816e-02 9.490488e-02 9.820357e-02 9.532476e-02 8.504958e-02 8.238975e-02 8.646831e-02 3.483312e-02
<VARIANCE> 39
 8.785212e+00 1.148519e+01 1.038796e+01 1.152542e+01 1.438812e+01 1.538553e+01 1.719933e+01 1.867641e+01 1.679191e+01 1.646529e+01 1.857038e+01 1.625906e+01 2.160613e+01 2.324902e-01 3.550167e-01 5.027948e-01 7.554408e-01 9.631816e-01 1.181932e+00 1.314436e+00 1.385004e+00 1.389831e+00 1.318953e+00 1.279133e+00 1.187485e+00 2.087194e-01 3.119407e-02 6.051777e-02 9.432427e-02 1.407064e-01 1.873396e-01 2.384060e-01 2.649868e-01 2.768692e-01 2.801347e-01 2.720057e-01 2.565318e-01 2.406175e-01 2.206369e-02
<GCONST> 7.788873e+01
<MIXTURE> 2 5.000000e-01
<MEAN> 39
 -1.357731e+01 -6.634536e-01 -3.389415e+00 -5.535398e+00 -6.834168e-01 3.058781e-01 -2.531101e+00 -9.621391e-01 -3.471845e+00 -2.470087e-01 1.908744e+00 -1.274120e+00 5.816449e+01 -6.186863e-02 -1.172747e-01 -1.489506e-01 -1.666329e-01 -1.832310e-01 -2.202333e-01 -2.388949e-01 -2.462846e-01 -2.544770e-01 -2.440730e-01 -2.501509e-01 -2.251205e-01 -2.494162e-02 -1.829188e-02 -4.745156e-02 -6.298160e-02 -7.596278e-02 -9.444684e-02 -1.127592e-01 -1.110026e-01 -1.122699e-01 -1.163863e-01 -1.235671e-01 -1.202061e-01 -1.097428e-01 -2.458229e-02
<VARIANCE> 39
 8.785212e+00 1.148519e+01 1.038796e+01 1.152542e+01 1.438812e+01 1.538553e+01 1.719933e+01 1.867641e+01 1.679191e+01 1.646529e+01 1.857038e+01 1.625906e+01 2.160613e+01 2.324902e-01 3.550167e-01 5.027948e-01 7.554408e-01 9.631816e-01 1.181932e+00 1.314436e+00 1.385004e+00 1.389831e+00 1.318953e+00 1.279133e+00 1.187485e+00 2.087194e-01 3.119407e-02 6.051777e-02 9.432427e-02 1.407064e-01 1.873396e-01 2.384060e-01 2.649868e-01 2.768692e-01 2.801347e-01 2.720057e-01 2.565318e-01 2.406175e-01 2.206369e-02
<GCONST> 7.788873e+01
<STATE> 4
<NUMMIXES> 2
<MIXTURE> 1 5.000000e-01
<MEAN> 39
 -4.852982e+00 1.082613e+00 -2.075213e+00 -3.163172e+00 -1.894374e-01 -8.067260e-01 -2.413678e+00 -1.704747e+00 -3.333186e+00 -1.722996e+00 -9.034882e-01 -2.130396e+00 6.954536e+01 1.486675e-01 1.371902e-01 1.741679e-01 2.189100e-01 2.290767e-01 2.271604e-01 2.408909e-01 2.056258e-01 2.297961e-01 2.237561e-01 2.271064e-01 2.096863e-01 -4.988322e-02 2.950493e-02 4.453177e-02 5.988628e-02 7.302459e-02 8.481707e-02 9.621149e-02 1.000415e-01 1.018722e-01 1.063088e-01 1.066721e-01 1.061901e-01 1.011402e-01 2.279222e-02
<VARIANCE> 39
 8.737040e+00 1.013900e+01 1.209989e+01 1.387405e+01 1.423294e+01 1.340303e+01 1.530302e+01 1.721611e+01 1.677463e+01 1.530377e+01 1.458059e+01 1.280025e+01 6.345308e+01 2.084650e-01 2.984789e-01 4.687012e-01 6.872143e-01 8.772044e-01 1.042067e+00 1.174993e+00 1.247701e+00 1.326557e+00 1.333599e+00 1.282938e+00 1.157997e+00 3.470399e-01 3.213441e-02 5.322586e-02 8.815771e-02 1.326659e-01 1.708644e-01 2.070683e-01 2.322905e-01 2.466759e-01 2.649276e-01 2.717498e-01 2.575393e-01 2.333113e-01 2.846642e-02
<GCONST> 7.730476e+01
<MIXTURE> 2 5.000000e-01
<MEAN> 39
 -6.035322e+00 -1.910593e-01 -3.466609e+00 -4.653088e+00 -1.698500e+00 -2.271132e+00 -3.978441e+00 -3.364439e+00 -4.971459e+00 -3.287798e+00 -2.430870e+00 -3.561494e+00 6.635907e+01 -3.396439e-02 -8.134265e-02 -9.967919e-02 -1.126836e-01 -1.455601e-01 -1.811664e-01 -1.926974e-01 -2.411764e-01 -2.309089e-01 -2.381702e-01 -2.259610e-01 -2.207548e-01 -2.855236e-01 -4.219937e-02 -4.775115e-02 -5.887918e-02 -7.266874e-02 -8.052592e-02 -8.580754e-02 -9.274463e-02 -9.679373e-02 -9.957570e-02 -1.018464e-01 -9.680321e-02 -9.206906e-02 -4.469576e-02
<VARIANCE> 39
 8.737040e+00 1.013900e+01 1.209989e+01 1.387405e+01 1.423294e+01 1.340303e+01 1.530302e+01 1.721611e+01 1.677463e+01 1.530377e+01 1.458059e+01 1.280025e+01 6.345308e+01 2.084650e-01 2.984789e-01 4.687012e-01 6.872143e-01 8.772044e-01 1.042067e+00 1.174993e+00 1.247701e+00 1.326557e+00 1.333599e+00 1.282938e+00 1.157997e+00 3.470399e-01 3.213441e-02 5.322586e-02 8.815771e-02 1.326659e-01 1.708644e-01 2.070683e-01 2.322905e-01 2.466759e-01 2.649276e-01 2.717498e-01 2.575393e-01 2.333113e-01 2.846642e-02
<GCONST> 7.730476e+01
<TRANSP> 5
 0.000000e+00 1.000000e+00 0.000000e+00 0.000000e+00 0.000000e+00
 0.000000e+00 9.559679e-01 4.403213e-02 0.000000e+00 0.000000e+00
 0.000000e+00 0.000000e+00 9.642594e-01 3.574056e-02 0.000000e+00
 0.000000e+00 0.000000e+00 0.000000e+00 9.854881e-01 1.451192e-02
 0.000000e+00 0.000000e+00 0.000000e+00 0.000000e+00 0.000000e+00
<ENDHMM>
~h "co"
<BEGINHMM>
<NUMSTATES> 5
<STATE> 2
<NUMMIXES> 2
<MIXTURE> 1 5.000000e-01
<MEAN> 39
 -5.685883e+00 -4.807708e+00 1.262654e+00 1.817211e-01 -1.115320e+01 -4.602419e+00 -2.839527e+00 9.760349e-01 3.249561e+00 -7.772137e-01 -2.423993e+00 -6.049540e+00 6.444460e+01 -4.186826e-01 1.966413e-01 5.716203e-01 -1.334260e-01 -8.150297e-02 -4.828162e-01 1.786619e-01 -3.818319e-01 -6.141692e-01 -6.278152e-01 -6.799865e-02 -3.826797e-03 2.899463e+00 1.931004e-02 1.696624e-01 9.064425e-02 1.480792e-01 5.336049e-01 3.550091e-01 3.388255e-01 1.925937e-01 7.514361e-02 2.351507e-01 2.914372e-01 1.964240e-01 2.387394e-02
<VARIANCE> 39
 1.891494e+01 3.545130e+01 3.532930e+01 3.908339e+01 9.671459e+01 6.549060e+01 7.877249e+01 6.758765e+01 5.518056e+01 4.377009e+01 5.191431e+01 3.631904e+01 1.011242e+02 1.140567e+00 2.130361e+00 1.849182e+00 1.913034e+00 6.669854e+00 3.735471e+00 4.130363e+00 3.581877e+00 4.191903e+00 3.323505e+00 2.660883e+00 2.841364e+00 3.468663e+00 1.416857e-01 3.193522e-01 2.765017e-01 2.483881e-01 7.623317e-01 5.971100e-01 6.296418e-01 5.821193e-01 6.825738e-01 6.024678e-01 4.139984e-01 4.704653e-01 5.123520e-01
<GCONST> 1.259012e+02
<MIXTURE> 2 5.000000e-01
<MEAN> 39
 -7.425535e+00 -7.189348e+00 -1.114884e+00 -2.318947e+00 -1.508694e+01 -7.839469e+00 -6.389681e+00 -2.312433e+00 2.782166e-01 -3.423573e+00 -5.306057e+00 -8.460151e+00 6.042218e+01 -8.458720e-01 -3.871890e-01 2.768183e-02 -6.866758e-01 -1.114545e+00 -1.255911e+00 -6.342699e-01 -1.138866e+00 -1.433135e+00 -1.357035e+00 -7.204872e-01 -6.780806e-01 2.154489e+00 -1.312546e-01 -5.638267e-02 -1.196895e-01 -5.127496e-02 1.843584e-01 4.591751e-02 2.142556e-02 -1.125932e-01 -2.553285e-01 -7.532450e-02 3.406638e-02 -7.793789e-02 -2.624412e-01
<VARIANCE> 39
 1.891494e+01 3.545130e+01 3.532930e+01 3.908339e+01 9.671459e+01 6.549060e+01 7.877249e+01 6.758765e+01 5.518056e+01 4.377009e+01 5.191431e+01 3.631904e+01 1.011242e+02 1.140567e+00 2.130361e+00 1.849182e+00 1.913034e+00 6.669854e+00 3.735471e+00 4.130363e+00 3.581877e+00 4.191903e+00 3.323505e+00 2.660883e+00 2.841364e+00 3.468663e+00 1.416857e-01 3.193522e-01 2.765017e-01 2.483881e-01 7.623317e-01 5.971100e-01 6.296418e-01 5.821193e-01 6.825738e-01 6.024678e-01 4.139984e-01 4.704653e-01 5.123520e-01
<GCONST> 1.259012e+02
<STATE> 3
<NUMMIXES> 2
<MIXTURE> 1 5.000000e-01
<MEAN> 39
 -5.746463e+00 -5.621825e+00 5.764685e-01 -1.257657e+00 -6.548891e+00 -6.948915e+00 -4.769948e+00 -5.822723e+00 -3.736716e+00 -3.234690e+00 -3.084923e+00 -7.700470e+00 6.913252e+01 2.049643e-01 1.486897e-01 1.940155e-01 2.719014e-01 4.402036e-01 3.017675e-01 2.321696e-01 2.444392e-01 3.394516e-01 3.408724e-01 3.140146e-01 2.382775e-01 1.287214e-01 6.807236e-02 8.067128e-02 8.378402e-02 1.026322e-01 1.279035e-01 1.157887e-01 1.187923e-01 1.387907e-01 1.725200e-01 1.417162e-01 1.255327e-01 1.156840e-01 4.571580e-02
<VARIANCE> 39
 1.771621e+01 1.202223e+01 2.474469e+01 2.152839e+01 3.323906e+01 3.166461e+01 5.087957e+01 5.724275e+01 4.255618e+01 3.848033e+01 3.653135e+01 3.951619e+01 4.692685e+01 4.521724e-01 7.541771e-01 9.255965e-01 1.224088e+00 2.504412e+00 1.724412e+00 2.166595e+00 2.267249e+00 3.042974e+00 2.302386e+00 2.196250e+00 1.775718e+00 1.269135e+00 6.324754e-02 1.521477e-01 1.634694e-01 2.273419e-01 4.471788e-01 3.295148e-01 3.904839e-01 4.285817e-01 6.238268e-01 4.659230e-01 4.321887e-01 3.417210e-01 1.465865e-01
<GCONST> 1.057193e+02
<MIXTURE> 2 5.000000e-01
<MEAN> 39
 -7.430089e+00 -7.008749e+00 -1.413293e+00 -3.113605e+00 -8.855023e+00 -9.199768e+00 -7.623144e+00 -8.849081e+00 -6.346120e+00 -5.715990e+00 -5.502569e+00 -1.021495e+01 6.639240e+01 -6.401075e-02 -1.986838e-01 -1.908162e-01 -1.706526e-01 -1.928098e-01 -2.235000e-01 -3.566048e-01 -3.578563e-01 -3.583132e-01 -2.660722e-01 -2.787755e-01 -2.947468e-01 -3.219022e-01 -3.252390e-02 -7.535318e-02 -7.794138e-02 -8.808939e-02 -1.395822e-01 -1.138248e-01 -1.311625e-01 -1.230739e-01 -1.434108e-01 -1.313180e-01 -1.374315e-01 -1.181436e-01 -1.074307e-01
<VARIANCE> 39
 1.771621e+01 1.202223e+01 2.474469e+01 2.152839e+01 3.323906e+01 3.166461e+01 5.087957e+01 5.724275e+01 4.255618e+01 3.848033e+01 3.653135e+01 3.951619e+01 4.692685e+01 4.521724e-01 7.541771e-01 9.255965e-01 1.224088e+00 2.504412e+00 1.724412e+00 2.166595e+00 2.267249e+00 3.042974e+00 2.302386e+00 2.196250e+00 1.775718e+00 1.269135e+00 6.324754e-02 1.521477e-01 1.634694e-01 2.273419e-01 4.471788e-01 3.295148e-01 3.904839e-01 4.285817e-01 6.238268e-01 4.659230e-01 4.321887e-01 3.417210e-01 1.465865e-01
<GCONST> 1.057193e+02
<STATE> 4
<NUMMIXES> 2
<MIXTURE> 1 5.000000e-01
<MEAN> 39
 -3.082789e+00 -2.662978e+00 4.737110e+00 3.142805e+00 -1.262046e-01 -1.441286e+00 -3.729241e+00 -3.608155e+00 -2.744026e+00 -3.275313e+00 -2.743281e+00 -7.405908e+00 5.943568e+01 1.693116e-01 2.690571e-01 1.916364e-01 2.151052e-01 3.808327e-01 3.102256e-01 3.361488e-01 3.278485e-01 2.502761e-01 2.730722e-01 2.693453e-01 2.806787e-01 -1.174909e-01 3.729621e-02 6.204791e-02 6.179548e-02 7.554203e-02 9.260410e-02 8.849312e-02 1.118679e-01 1.082546e-01 1.118715e-01 1.171004e-01 1.096082e-01 1.033323e-01 5.546138e-02
<VARIANCE> 39
 1.281635e+01 2.300009e+01 2.038220e+01 2.462828e+01 3.708593e+01 3.077627e+01 5.258291e+01 4.184918e+01 3.182493e+01 3.660721e+01 3.263882e+01 2.846342e+01 6.532087e+01 2.870163e-01 5.692046e-01 6.705688e-01 8.413306e-01 1.486482e+00 1.213326e+00 1.728804e+00 1.582031e+00 1.608394e+00 1.758410e+00 1.553709e+00 1.432359e+00 7.501259e-01 4.293720e-02 9.660069e-02 1.232710e-01 1.604499e-01 2.653936e-01 2.319770e-01 3.197401e-01 2.957841e-01 3.148406e-01 3.511795e-01 3.101520e-01 2.829245e-01 6.413022e-02
<GCONST> 9.521965e+01
<MIXTURE> 2 5.000000e-01
<MEAN> 39
 -4.514787e+00 -4.581314e+00 2.931244e+00 1.157729e+00 -2.562133e+00 -3.660340e+00 -6.629805e+00 -6.195793e+00 -5.000570e+00 -5.695469e+00 -5.028497e+00 -9.539952e+00 5.620282e+01 -4.498399e-02 -3.272551e-02 -1.359167e-01 -1.517911e-01 -1.068527e-01 -1.303787e-01 -1.897872e-01 -1.752667e-01 -2.570137e-01 -2.573480e-01 -2.292462e-01 -1.980461e-01 -4.639301e-01 -4.558897e-02 -6.227469e-02 -7.864440e-02 -8.468277e-02 -1.134614e-01 -1.041628e-01 -1.143143e-01 -1.092895e-01 -1.125711e-01 -1.199412e-01 -1.131570e-01 -1.094302e-01 -4.583439e-02
<VARIANCE> 39
 1.281635e+01 2.300009e+01 2.038220e+01 2.462828e+01 3.708593e+01 3.077627e+01 5.258291e+01 4.184918e+01 3.182493e+01 3.660721e+01 3.263882e+01 2.846342e+01 6.532087e+01 2.870163e-01 5.692046e-01 6.705688e-01 8.413306e-01 1.486482e+00 1.213326e+00 1.728804e+00 1.582031e+00 1.608394e+00 1.758410e+00 1.553709e+00 1.432359e+00 7.501259e-01 4.293720e-02 9.660069e-02 1.232710e-01 1.604499e-01 2.653936e-01 2.319770e-01 3.197401e-01 2.957841e-01 3.148406e-01 3.511795e-01 3.101520e-01 2.829245e-01 6.413022e-02
<GCONST> 9.521965e+01
<TRANSP> 5
 0.000000e+00 1.000000e+00 0.000000e+00 0.000000e+00 0.000000e+00
 0.000000e+00 8.453102e-01 1.546898e-01 0.000000e+00 0.000000e+00
 0.000000e+00 0.000000e+00 9.839901e-01 1.600991e-02 0.000000e+00
 0.000000e+00 0.000000e+00 0.000000e+00 9.817278e-01 1.827216e-02
 0.000000e+00 0.000000e+00 0.000000e+00 0.000000e+00 0.000000e+00
<ENDHMM>
~h "ds"
<BEGINHMM>
<NUMSTATES> 5
<STATE> 2
<NUMMIXES> 2
<MIXTURE> 1 5.000000e-01
<MEAN> 39
 -1.250725e+01 1.689507e+00 1.755807e+00 6.170002e-01 1.210607e+00 -1.090136e+00 5.912457e+00 -8.633982e-01 2.919818e+00 2.833464e+00 5.161928e+00 1.147807e+00 6.732743e+01 9.922358e-02 3.043668e-01 1.527397e-01 1.989220e-01 1.591416e-01 2.049769e-01 2.954918e-01 2.867463e-01 3.351835e-01 3.889742e-01 2.955104e-01 3.033604e-01 1.379727e+00 1.482919e-01 6.181619e-02 1.067555e-01 1.424920e-01 1.823995e-01 2.221643e-01 1.370629e-01 1.925559e-01 1.065887e-01 9.445210e-02 1.276817e-01 1.412701e-01 3.006014e-02
<VARIANCE> 39
 2.259041e+01 1.749351e+01 1.549030e+01 2.020774e+01 2.831429e+01 2.368690e+01 2.836470e+01 3.713895e+01 2.798102e+01 2.474014e+01 2.012823e+01 1.720535e+01 9.398889e+01 2.144873e+00 1.111037e+00 1.435100e+00 1.713637e+00 2.581531e+00 2.335769e+00 2.460797e+00 2.472540e+00 2.178590e+00 2.292233e+00 2.012037e+00 1.788773e+00 3.955287e+00 3.387718e-01 1.996164e-01 2.410673e-01 3.139797e-01 4.719661e-01 4.574212e-01 4.361841e-01 4.653554e-01 3.978304e-01 4.387303e-01 3.739070e-01 3.382798e-01 6.297044e-01
<GCONST> 1.107578e+02
<MIXTURE> 2 5.000000e-01
<MEAN> 39
 -1.440843e+01 1.649743e-02 1.814982e-01 -1.181121e+00 -9.178405e-01 -3.036904e+00 3.782117e+00 -3.301068e+00 8.039342e-01 8.438858e-01 3.367348e+00 -5.113668e-01 6.344952e+01 -4.865918e-01 -1.172562e-01 -3.264429e-01 -3.247018e-01 -4.835442e-01 -4.063520e-01 -3.319853e-01 -3.422261e-01 -2.552184e-01 -2.166307e-01 -2.718748e-01 -2.316197e-01 5.842108e-01 -8.452453e-02 -1.168976e-01 -8.963893e-02 -8.164356e-02 -9.239966e-02 -4.836743e-02 -1.271141e-01 -8.031200e-02 -1.457065e-01 -1.704948e-01 -1.169100e-01 -9.137724e-02 -2.873555e-01
<VARIANCE> 39
 2.259041e+01 1.749351e+01 1.549030e+01 2.020774e+01 2.831429e+01 2.368690e+01 2.836470e+01 3.713895e+01 2.798102e+01 2.474014e+01 2.012823e+01 1.720535e+01 9.398889e+01 2.144873e+00 1.111037e+00 1.435100e+00 1.713637e+00 2.581531e+00 2.335769e+00 2.460797e+00 2.472540e+00 2.178590e+00 2.292233e+00 2.012037e+00 1.788773e+00 3.955287e+00 3.387718e-01 1.996164e-01 2.410673e-01 3.139797e-01 4.719661e-01 4.574212e-01 4.361841e-01 4.653554e-01 3.978304e-01 4.387303e-01 3.739070e-01 3.382798e-01 6.297044e-01
<GCONST> 1.107578e+02
<STATE> 3
<NUMMIXES> 2
<MIXTURE> 1 5.000000e-01
<MEAN> 39
 -1.568961e+01 8.419472e-01 -1.245656e+00 -1.065660e-01 -2.769739e+00 -1.674050e+00 2.399511e+00 -1.504713e+00 2.288387e+00 4.075981e+00 5.414536e+00 1.840002e+00 7.319170e+01 5.246080e-01 1.048424e-01 4.955872e-01 7.090653e-01 8.343445e-01 6.085356e-01 3.111876e-01 3.440690e-01 2.138910e-01 6.442206e-02 1.785120e-01 1.398325e-01 2.298593e-01 2.130243e-01 1.714506e-01 1.335312e-01 1.051960e-01 1.079337e-01 2.916566e-02 1.001560e-01 -5.125903e-03 7.802305e-02 1.187786e-01 3.364160e-02 4.213996e-02 2.683971e-01
<VARIANCE> 39
 1.421513e+01 7.172687e+00 8.066874e+00 1.224526e+01 1.528072e+01 1.198262e+01 1.278735e+01 1.220722e+01 1.420241e+01 1.433138e+01 1.444489e+01 1.199782e+01 1.759398e+02 1.568550e+00 9.182422e-01 9.329048e-01 8.196737e-01 1.036902e+00 1.510615e+00 1.388550e+00 1.430393e+00 1.296385e+00 1.386395e+00 1.155056e+00 1.206017e+00 1.980557e+01 3.267150e-01 1.411776e-01 1.735881e-01 1.806250e-01 2.004218e-01 3.093704e-01 2.788049e-01 2.517686e-01 2.571262e-01 2.720794e-01 2.362173e-01 2.590275e-01 3.672957e+00
<GCONST> 9.580305e+01
<MIXTURE> 2 5.000000e-01
<MEAN> 39
 -1.719773e+01 -2.293276e-01 -2.381746e+00 -1.506295e+00 -4.333361e+00 -3.058686e+00 9.691349e-01 -2.902267e+00 7.809433e-01 2.561709e+00 3.894279e+00 4.544877e-01 6.788601e+01 2.364096e-02 -2.784574e-01 1.092392e-01 3.469220e-01 4.270310e-01 1.169073e-01 -1.601595e-01 -1.343272e-01 -2.415446e-01 -4.065591e-01 -2.513821e-01 -2.994428e-01 -1.550279e+00 -1.561166e-02 2.115622e-02 -3.312444e-02 -6.480403e-02 -7.114027e-02 -1.933187e-01 -1.110519e-01 -2.058321e-01 -1.248074e-01 -8.986636e-02 -1.607672e-01 -1.614390e-01 -4.982013e-01
<VARIANCE> 39
 1.421513e+01 7.172687e+00 8.066874e+00 1.224526e+01 1.528072e+01 1.198262e+01 1.278735e+01 1.220722e+01 1.420241e+01 1.433138e+01 1.444489e+01 1.199782e+01 1.759398e+02 1.568550e+00 9.182422e-01 9.329048e-01 8.196737e-01 1.036902e+00 1.510615e+00 1.388550e+00 1.430393e+00 1.296385e+00 1.386395e+00 1.155056e+00 1.206017e+00 1.980557e+01 3.267150e-01 1.411776e-01 1.735881e-01 1.806250e-01 2.004218e-01 3.093704e-01 2.788049e-01 2.517686e-01 2.571262e-01 2.720794e-01 2.362173e-01 2.590275e-01 3.672957e+00
<GCONST> 9.580305e+01
<STATE> 4
<NUMMIXES> 2
<MIXTURE> 1 5.000000e-01
<MEAN> 39
 -9.156951e+00 2.155895e+00 2.870404e+00 1.654427e+00 3.866855e+00 1.646744e+00 3.944958e+00 -3.210660e-01 1.292347e+00 6.149650e-01 3.029131e+00 -7.101225e-01 5.742616e+01 1.938311e-01 1.412682e-01 1.853487e-01 1.969950e-01 2.590614e-01 2.626614e-01 2.696690e-01 2.596689e-01 2.606191e-01 2.504357e-01 2.384975e-01 2.187251e-01 7.779676e-02 6.114599e-02 5.761382e-02 6.878532e-02 8.125269e-02 9.763410e-02 1.038555e-01 1.107008e-01 1.110147e-01 1.192831e-01 1.206062e-01 1.159873e-01 1.062795e-01 6.716698e-02
<VARIANCE> 39
 1.566611e+01 1.168697e+01 1.602159e+01 1.734763e+01 1.953399e+01 2.170099e+01 2.409005e+01 1.919430e+01 2.419425e+01 2.266272e+01 1.797987e+01 1.716045e+01 5.950463e+01 5.837943e-01 4.821304e-01 6.730073e-01 9.092993e-01 1.295876e+00 1.424462e+00 1.586377e+00 1.544542e+00 1.750341e+00 1.757327e+00 1.594511e+00 1.360205e+00 8.362504e-01 9.805186e-02 8.482131e-02 1.249228e-01 1.752839e-01 2.557898e-01 2.768473e-01 3.111346e-01 3.073235e-01 3.467124e-01 3.532178e-01 3.236264e-01 2.733116e-01 1.038614e-01
<GCONST> 9.189868e+01
<MIXTURE> 2 5.000000e-01
<MEAN> 39
 -1.074017e+01 7.884467e-01 1.269325e+00 -1.159251e-02 2.098964e+00 -2.166291e-01 1.981694e+00 -2.073518e+00 -6.751592e-01 -1.289250e+00 1.333024e+00 -2.367129e+00 5.434058e+01 -1.117946e-01 -1.364743e-01 -1.427994e-01 -1.844338e-01 -1.962848e-01 -2.147419e-01 -2.341369e-01 -2.374495e-01 -2.685827e-01 -2.798212e-01 -2.665983e-01 -2.477862e-01 -2.879902e-01 -6.410695e-02 -5.888258e-02 -7.259236e-02 -8.621500e-02 -1.046686e-01 -1.066097e-01 -1.124169e-01 -1.107323e-01 -1.162460e-01 -1.171223e-01 -1.115654e-01 -1.028374e-01 -6.174317e-02
<VARIANCE> 39
 1.566611e+01 1.168697e+01 1.602159e+01 1.734763e+01 1.953399e+01 2.170099e+01 2.409005e+01 1.919430e+01 2.419425e+01 2.266272e+01 1.797987e+01 1.716045e+01 5.950463e+01 5.837943e-01 4.821304e-01 6.730073e-01 9.092993e-01 1.295876e+00 1.424462e+00 1.586377e+00 1.544542e+00 1.750341e+00 1.757327e+00 1.594511e+00 1.360205e+00 8.362504e-01 9.805186e-02 8.482131e-02 1.249228e-01 1.752839e-01 2.557898e-01 2.768473e-01 3.111346e-01 3.073235e-01 3.467124e-01 3.532178e-01 3.236264e-01 2.733116e-01 1.038614e-01
<GCONST> 9.189868e+01
<TRANSP> 5
 0.000000e+00 1.000000e+00 0.000000e+00 0.000000e+00 0.000000e+00
 0.000000e+00 9.312923e-01 6.870769e-02 0.000000e+00 0.000000e+00
 0.000000e+00 0.000000e+00 8.671648e-01 1.328352e-01 0.000000e+00
 0.000000e+00 0.000000e+00 0.000000e+00 9.936328e-01 6.367183e-03
 0.000000e+00 0.000000e+00 0.000000e+00 0.000000e+00 0.000000e+00
<ENDHMM>
~h "kj"
<BEGINHMM>
<NUMSTATES> 5
<STATE> 2
<NUMMIXES> 2
<MIXTURE> 1 5.000000e-01
<MEAN> 39
 -1.837500e+01 4.576423e+00 6.261762e-01 -3.915421e-01 -1.481290e-01 4.654500e+00 3.213257e+00 3.335155e+00 5.021199e-01 9.937456e-01 2.316265e+00 -6.745815e-02 5.680488e+01 1.380112e-01 1.662111e-01 1.727304e-01 1.896854e-01 2.126752e-01 2.534716e-01 2.584522e-01 2.560710e-01 2.625900e-01 2.580130e-01 2.528242e-01 2.299403e-01 1.319252e-01 6.665464e-02 6.200266e-02 7.342783e-02 8.585473e-02 9.194703e-02 1.053656e-01 1.138021e-01 1.160051e-01 1.141152e-01 1.170770e-01 1.080456e-01 1.033342e-01 4.973226e-02
<VARIANCE> 39
 3.131837e+01 2.373360e+01 1.721058e+01 2.652461e+01 1.702797e+01 3.564259e+01 2.614980e+01 2.173977e+01 1.807927e+01 2.116952e+01 1.693790e+01 1.579610e+01 2.339824e+01 6.502712e-01 5.547807e-01 7.267616e-01 9.309544e-01 1.156014e+00 1.468925e+00 1.605223e+00 1.634507e+00 1.609614e+00 1.681556e+00 1.506476e+00 1.335696e+00 3.953100e-01 1.068566e-01 1.008346e-01 1.356832e-01 1.820848e-01 2.219773e-01 2.908402e-01 3.190623e-01 3.277329e-01 3.262608e-01 3.366777e-01 3.034251e-01 2.682093e-01 6.143963e-02
<GCONST> 9.196697e+01
<MIXTURE> 2 5.000000e-01
<MEAN> 39
 -2.061352e+01 2.627737e+00 -1.033249e+00 -2.451624e+00 -1.798727e+00 2.266444e+00 1.167782e+00 1.470119e+00 -1.198669e+00 -8.466684e-01 6.700373e-01 -1.657230e+00 5.487001e+01 -1.845464e-01 -1.317233e-01 -1.682708e-01 -1.962585e-01 -2.173972e-01 -2.313253e-01 -2.483373e-01 -2.553203e-01 -2.448923e-01 -2.606863e-01 -2.381301e-01 -2.323490e-01 -1.195695e-01 -6.410106e-02 -6.501520e-02 -7.391297e-02 -8.483086e-02 -9.651083e-02 -1.103528e-01 -1.121403e-01 -1.129867e-01 -1.143618e-01 -1.150187e-01 -1.122906e-01 -1.038215e-01 -4.941582e-02
<VARIANCE> 39
 3.131837e+01 2.373360e+01 1.721058e+01 2.652461e+01 1.702797e+01 3.564259e+01 2.614980e+01 2.173977e+01 1.807927e+01 2.116952e+01 1.693790e+01 1.579610e+01 2.339824e+01 6.502712e-01 5.547807e-01 7.267616e-01 9.309544e-01 1.156014e+00 1.468925e+00 1.605223e+00 1.634507e+00 1.609614e+00 1.681556e+00 1.506476e+00 1.335696e+00 3.953100e-01 1.068566e-01 1.008346e-01 1.356832e-01 1.820848e-01 2.219773e-01 2.908402e-01 3.190623e-01 3.277329e-01 3.262608e-01 3.366777e-01 3.034251e-01 2.682093e-01 6.143963e-02
<GCONST> 9.196697e+01
<STATE> 3
<NUMMIXES> 2
<MIXTURE> 1 5.000000e-01
<MEAN> 39
 -1.420135e+01 -6.334452e+00 -3.555294e+00 -1.701399e-01 -1.057447e+00 -3.113823e+00 -1.283414e+00 -2.647611e+00 -1.737980e+00 1.422870e+00 1.210124e+00 3.846478e-02 6.580088e+01 2.359725e-01 1.175084e-01 1.476341e-01 2.088731e-01 2.370443e-01 1.866202e-01 2.295631e-01 2.030030e-01 2.271897e-01 2.521758e-01 2.348348e-01 2.355011e-01 3.416174e-01 6.570403e-02 1.213681e-01 9.516446e-02 8.530074e-02 1.098574e-01 1.322545e-01 1.434866e-01 1.308671e-01 1.242927e-01 1.182464e-01 1.110377e-01 9.733337e-02 8.329336e-02
<VARIANCE> 39
 1.877847e+01 3.153148e+01 1.261103e+01 1.506220e+01 1.725975e+01 1.947602e+01 2.053959e+01 1.995666e+01 1.804311e+01 1.735430e+01 1.613998e+01 1.342860e+01 6.873105e+01 6.664441e-01 1.776264e+00 8.452535e-01 9.593309e-01 1.296080e+00 1.721517e+00 1.861938e+00 1.768798e+00 1.686694e+00 1.521080e+00 1.438427e+00 1.268069e+00 2.148501e+00 1.034909e-01 2.707015e-01 1.502884e-01 1.839842e-01 2.465705e-01 3.096309e-01 3.526609e-01 3.401442e-01 3.417107e-01 3.059343e-01 2.895976e-01 2.621249e-01 2.745768e-01
<GCONST> 9.677303e+01
<MIXTURE> 2 5.000000e-01
<MEAN> 39
 -1.593471e+01 -8.580568e+00 -4.975774e+00 -1.722542e+00 -2.719241e+00 -4.879089e+00 -3.096240e+00 -4.434525e+00 -3.437068e+00 -2.434697e-01 -3.968601e-01 -1.427337e+00 6.248471e+01 -9.057157e-02 -4.155978e-01 -2.201166e-01 -1.829086e-01 -2.183378e-01 -3.382061e-01 -3.162483e-01 -3.289817e-01 -2.923014e-01 -2.411525e-01 -2.449030e-01 -2.149332e-01 -2.446932e-01 -6.297597e-02 -8.674782e-02 -5.990373e-02 -8.627278e-02 -8.876606e-02 -9.032348e-02 -9.405440e-02 -1.024205e-01 -1.095314e-01 -1.029989e-01 -1.042194e-01 -1.074592e-01 -1.263070e-01
<VARIANCE> 39
 1.877847e+01 3.153148e+01 1.261103e+01 1.506220e+01 1.725975e+01 1.947602e+01 2.053959e+01 1.995666e+01 1.804311e+01 1.735430e+01 1.613998e+01 1.342860e+01 6.873105e+01 6.664441e-01 1.776264e+00 8.452535e-01 9.593309e-01 1.296080e+00 1.721517e+00 1.861938e+00 1.768798e+00 1.686694e+00 1.521080e+00 1.438427e+00 1.268069e+00 2.148501e+00 1.034909e-01 2.707015e-01 1.502884e-01 1.839842e-01 2.465705e-01 3.096309e-01 3.526609e-01 3.401442e-01 3.417107e-01 3.059343e-01 2.895976e-01 2.621249e-01 2.745768e-01
<GCONST> 9.677303e+01
<STATE> 4
<NUMMIXES> 2
<MIXTURE> 1 5.000000e-01
<MEAN> 39
 -2.005132e+01 1.867434e+00 3.099739e+00 2.929043e+00 -1.957970e+00 1.010203e-01 7.827447e+00 1.132739e-01 -3.077060e+00 5.621515e+00 1.481524e+00 -2.739478e+00 5.737627e+01 1.682183e-01 1.754870e-01 1.693853e-01 1.872805e-01 2.275068e-01 2.405113e-01 2.676899e-01 2.589518e-01 2.658814e-01 2.550864e-01 2.421064e-01 2.347749e-01 1.144452e-01 5.759022e-02 6.993899e-02 6.778920e-02 8.322214e-02 9.854579e-02 1.032805e-01 1.098026e-01 1.113297e-01 1.157902e-01 1.142310e-01 1.086157e-01 1.055780e-01 5.448307e-02
<VARIANCE> 39
 3.843637e+01 2.662656e+01 1.784648e+01 1.882480e+01 1.683861e+01 2.110373e+01 3.273619e+01 2.007537e+01 1.934618e+01 2.293760e+01 1.793242e+01 1.611628e+01 2.856342e+01 4.773540e-01 7.409413e-01 6.660789e-01 9.456785e-01 1.213923e+00 1.356339e+00 1.657017e+00 1.556043e+00 1.630790e+00 1.730274e+00 1.442110e+00 1.315116e+00 5.335792e-01 7.786546e-02 1.263033e-01 1.231363e-01 1.819331e-01 2.389230e-01 2.680428e-01 3.168278e-01 3.115573e-01 3.295722e-01 3.440408e-01 2.900966e-01 2.663171e-01 7.628715e-02
<GCONST> 9.209850e+01
<MIXTURE> 2 5.000000e-01
<MEAN> 39
 -2.253120e+01 -1.966031e-01 1.409935e+00 1.193541e+00 -3.599365e+00 -1.736531e+00 5.538825e+00 -1.678948e+00 -4.836432e+00 3.705787e+00 -2.123432e-01 -4.345282e+00 5.523849e+01 -1.081449e-01 -1.688248e-01 -1.570694e-01 -2.017035e-01 -2.132059e-01 -2.253366e-01 -2.472108e-01 -2.400141e-01 -2.449282e-01 -2.710731e-01 -2.382452e-01 -2.239391e-01 -1.777408e-01 -5.402732e-02 -7.221772e-02 -7.257393e-02 -8.739232e-02 -9.697321e-02 -1.038109e-01 -1.153472e-01 -1.119395e-01 -1.138433e-01 -1.203890e-01 -1.068268e-01 -1.008457e-01 -5.599745e-02
<VARIANCE> 39
 3.843637e+01 2.662656e+01 1.784648e+01 1.882480e+01 1.683861e+01 2.110373e+01 3.273619e+01 2.007537e+01 1.934618e+01 2.293760e+01 1.793242e+01 1.611628e+01 2.856342e+01 4.773540e-01 7.409413e-01 6.660789e-01 9.456785e-01 1.213923e+00 1.356339e+00 1.657017e+00 1.556043e+00 1.630790e+00 1.730274e+00 1.442110e+00 1.315116e+00 5.335792e-01 7.786546e-02 1.263033e-01 1.231363e-01 1.819331e-01 2.389230e-01 2.680428e-01 3.168278e-01 3.115573e-01 3.295722e-01 3.440408e-01 2.900966e-01 2.663171e-01 7.628715e-02
<GCONST> 9.209850e+01
<TRANSP> 5
 0.000000e+00 1.000000e+00 0.000000e+00 0.000000e+00 0.000000e+00
 0.000000e+00 9.938041e-01 6.195848e-03 0.000000e+00 0.000000e+00
 0.000000e+00 0.000000e+00 9.739727e-01 2.602731e-02 0.000000e+00
 0.000000e+00 0.000000e+00 0.000000e+00 9.913121e-01 8.687910e-03
 0.000000e+00 0.000000e+00 0.000000e+00 0.000000e+00 0.000000e+00
<ENDHMM>
~h "kn"
<BEGINHMM>
<NUMSTATES> 5
<STATE> 2
<NUMMIXES> 2
<MIXTURE> 1 5.000000e-01
<MEAN> 39
 5.079690e-01 1.748921e+00 -1.336747e+00 -1.775036e+00 2.130266e+00 3.890130e-01 3.012753e+00 -2.098225e+00 8.507454e-01 7.204199e-01 1.715432e+00 -3.060431e+00 5.926202e+01 4.761895e-01 4.256217e-01 1.888292e-01 3.590754e-01 5.121772e-01 -8.403429e-02 7.831386e-01 4.023957e-01 1.314027e+00 5.170491e-01 4.880456e-01 5.896912e-01 2.439001e+00 7.156010e-02 1.675352e-01 2.053041e-01 1.635155e-01 2.770434e-01 3.190251e-01 1.048469e-01 2.277221e-01 -1.676315e-02 8.509638e-02 1.186074e-01 2.119254e-01 -1.981286e-01
<VARIANCE> 39
 2.541906e+01 2.460114e+01 2.937929e+01 1.185425e+01 2.067234e+01 2.614164e+01 2.601226e+01 5.457790e+01 2.935605e+01 3.196898e+01 2.450151e+01 1.816427e+01 1.265595e+02 2.307118e+00 1.379054e+00 1.887084e+00 9.748553e-01 1.489306e+00 2.067818e+00 2.966716e+00 5.292175e+00 3.337305e+00 2.286561e+00 2.057676e+00 2.159448e+00 6.789630e+00 3.337479e-01 1.744775e-01 2.909233e-01 1.492941e-01 2.161895e-01 3.363640e-01 4.948483e-01 7.483417e-01 6.200220e-01 3.947846e-01 3.334532e-01 3.305719e-01 1.066885e+00
<GCONST> 1.132444e+02
<MIXTURE> 2 5.000000e-01
<MEAN> 39
 -1.508724e+00 -2.350606e-01 -3.504853e+00 -3.152236e+00 3.115921e-01 -1.656143e+00 9.726647e-01 -5.053299e+00 -1.316504e+00 -1.541225e+00 -2.645285e-01 -4.765213e+00 5.476208e+01 -1.313785e-01 -4.411076e-02 -3.606555e-01 -3.586362e-02 2.402875e-02 -6.592307e-01 9.417224e-02 -5.177934e-01 5.832952e-01 -8.780609e-02 -8.573855e-02 1.888782e-03 1.396725e+00 -1.595236e-01 4.531369e-04 -1.044510e-02 8.961082e-03 9.105864e-02 8.703750e-02 -1.765349e-01 -1.183048e-01 -3.317291e-01 -1.662312e-01 -1.123742e-01 -1.805612e-02 -6.112890e-01
<VARIANCE> 39
 2.541906e+01 2.460114e+01 2.937929e+01 1.185425e+01 2.067234e+01 2.614164e+01 2.601226e+01 5.457790e+01 2.935605e+01 3.196898e+01 2.450151e+01 1.816427e+01 1.265595e+02 2.307118e+00 1.379054e+00 1.887084e+00 9.748553e-01 1.489306e+00 2.067818e+00 2.966716e+00 5.292175e+00 3.337305e+00 2.286561e+00 2.057676e+00 2.159448e+00 6.789630e+00 3.337479e-01 1.744775e-01 2.909233e-01 1.492941e-01 2.161895e-01 3.363640e-01 4.948483e-01 7.483417e-01 6.200220e-01 3.947846e-01 3.334532e-01 3.305719e-01 1.066885e+00
<GCONST> 1.132444e+02
<STATE> 3
<NUMMIXES> 2
<MIXTURE> 1 5.000000e-01
<MEAN> 39
 6.245522e+00 7.458169e-01 -2.077473e+00 1.669216e+00 5.269024e+00 -1.972318e-04 2.656092e+00 -3.068633e+00 5.637058e-01 -2.035332e-02 1.877787e+00 -1.021581e+00 6.130810e+01 1.910163e-01 1.642998e-01 1.994227e-01 2.416922e-01 2.529564e-01 2.489745e-01 2.311094e-01 2.942086e-01 2.202890e-01 2.583522e-01 2.186018e-01 2.600590e-01 1.636601e-01 5.216945e-02 7.560730e-02 7.090183e-02 8.422428e-02 9.774158e-02 1.051874e-01 1.025819e-01 1.238319e-01 1.119849e-01 1.087904e-01 9.929392e-02 9.096189e-02 1.036936e-01
<VARIANCE> 39
 1.136902e+01 2.366623e+01 1.440498e+01 1.440887e+01 1.866634e+01 2.178073e+01 2.087334e+01 2.273307e+01 2.216302e+01 2.051794e+01 1.685732e+01 1.710646e+01 3.215118e+01 3.890501e-01 8.205915e-01 7.569036e-01 9.581388e-01 1.349702e+00 1.357310e+00 1.448742e+00 1.901821e+00 1.766267e+00 1.506005e+00 1.348013e+00 1.428270e+00 1.931497e+00 6.842862e-02 1.579888e-01 1.394438e-01 2.018573e-01 2.871868e-01 2.734223e-01 2.978083e-01 4.011182e-01 3.718096e-01 3.169086e-01 2.701350e-01 2.890558e-01 3.235097e-01
<GCONST> 9.389594e+01
<MIXTURE> 2 5.000000e-01
<MEAN> 39
 4.896803e+00 -1.200101e+00 -3.595629e+00 1.508555e-01 3.540842e+00 -1.866990e+00 8.285980e-01 -4.975801e+00 -1.319399e+00 -1.832223e+00 2.354806e-01 -2.675979e+00 5.904002e+01 -5.847926e-02 -1.980462e-01 -1.485781e-01 -1.498461e-01 -2.117503e-01 -2.170401e-01 -2.503454e-01 -2.574175e-01 -3.113149e-01 -2.325253e-01 -2.458141e-01 -2.179820e-01 -3.922531e-01 -5.246601e-02 -8.338392e-02 -7.846687e-02 -9.548984e-02 -1.166177e-01 -1.039718e-01 -1.157054e-01 -1.295037e-01 -1.319198e-01 -1.163881e-01 -1.086041e-01 -1.240938e-01 -1.238181e-01
<VARIANCE> 39
 1.136902e+01 2.366623e+01 1.440498e+01 1.440887e+01 1.866634e+01 2.178073e+01 2.087334e+01 2.273307e+01 2.216302e+01 2.051794e+01 1.685732e+01 1.710646e+01 3.215118e+01 3.890501e-01 8.205915e-01 7.569036e-01 9.581388e-01 1.349702e+00 1.357310e+00 1.448742e+00 1.901821e+00 1.766267e+00 1.506005e+00 1.348013e+00 1.428270e+00 1.931497e+00 6.842862e-02 1.579888e-01 1.394438e-01 2.018573e-01 2.871868e-01 2.734223e-01 2.978083e-01 4.011182e-01 3.718096e-01 3.169086e-01 2.701350e-01 2.890558e-01 3.235097e-01
<GCONST> 9.389594e+01
<STATE> 4
<NUMMIXES> 2
<MIXTURE> 1 5.000000e-01
<MEAN> 39
 4.678905e+00 3.418616e+00 1.339531e+00 1.602090e+00 6.171576e+00 3.285380e+00 2.291148e+00 -1.970009e-01 -1.929244e+00 -5.961965e-01 7.602252e-01 -2.085625e+00 5.221254e+01 -1.249082e-01 2.282882e-01 3.294719e-01 1.051832e-01 2.156417e-01 4.223775e-01 2.270742e-01 4.070233e-01 1.356551e-01 1.864199e-01 1.766050e-01 1.298109e-01 -3.267957e-01 2.268182e-02 3.605118e-02 5.551199e-02 5.272231e-02 6.440470e-02 6.609367e-02 1.226414e-01 1.108656e-01 1.289475e-01 1.083592e-01 1.093853e-01 1.084157e-01 4.805157e-02
<VARIANCE> 39
 1.526391e+01 1.805558e+01 1.570065e+01 1.374029e+01 2.123022e+01 1.731712e+01 1.913591e+01 1.968551e+01 2.030544e+01 1.907835e+01 1.548347e+01 1.477042e+01 2.474092e+01 2.012153e-01 3.524553e-01 5.398098e-01 6.193699e-01 9.392278e-01 1.074023e+00 1.266538e+00 1.492572e+00 1.540792e+00 1.381122e+00 1.274182e+00 1.162604e+00 1.502941e-01 2.841674e-02 5.779424e-02 9.765271e-02 1.187593e-01 1.799080e-01 2.016534e-01 2.602565e-01 2.960391e-01 3.132606e-01 2.769305e-01 2.578324e-01 2.282447e-01 1.184693e-02
<GCONST> 7.880408e+01
<MIXTURE> 2 5.000000e-01
<MEAN> 39
 3.116143e+00 1.718942e+00 -2.454311e-01 1.193738e-01 4.328525e+00 1.620826e+00 5.413637e-01 -1.971735e+00 -3.731706e+00 -2.343348e+00 -8.137364e-01 -3.622917e+00 5.022293e+01 -3.043364e-01 -9.183593e-03 3.558490e-02 -2.096170e-01 -1.720134e-01 7.837147e-03 -2.230881e-01 -8.166014e-02 -3.608595e-01 -2.836647e-01 -2.749136e-01 -3.014855e-01 -4.818669e-01 -4.474724e-02 -6.011055e-02 -6.948574e-02 -8.512358e-02 -1.052576e-01 -1.135297e-01 -8.141991e-02 -1.067723e-01 -9.493126e-02 -1.021376e-01 -9.372354e-02 -8.268413e-02 4.514130e-03
<VARIANCE> 39
 1.526391e+01 1.805558e+01 1.570065e+01 1.374029e+01 2.123022e+01 1.731712e+01 1.913591e+01 1.968551e+01 2.030544e+01 1.907835e+01 1.548347e+01 1.477042e+01 2.474092e+01 2.012153e-01 3.524553e-01 5.398098e-01 6.193699e-01 9.392278e-01 1.074023e+00 1.266538e+00 1.492572e+00 1.540792e+00 1.381122e+00 1.274182e+00 1.162604e+00 1.502941e-01 2.841674e-02 5.779424e-02 9.765271e-02 1.187593e-01 1.799080e-01 2.016534e-01 2.602565e-01 2.960391e-01 3.132606e-01 2.769305e-01 2.578324e-01 2.282447e-01 1.184693e-02
<GCONST> 7.880408e+01
<TRANSP> 5
 0.000000e+00 1.000000e+00 0.000000e+00 0.000000e+00 0.000000e+00
 0.000000e+00 8.382227e-01 1.617773e-01 0.000000e+00 0.000000e+00
 0.000000e+00 0.000000e+00 9.856058e-01 1.439415e-02 0.000000e+00
 0.000000e+00 0.000000e+00 0.000000e+00 9.542886e-01 4.571137e-02
 0.000000e+00 0.000000e+00 0.000000e+00 0.000000e+00 0.000000e+00
<ENDHMM>
~h "kt"
<BEGINHMM>
<NUMSTATES> 5
<STATE> 2
<NUMMIXES> 2
<MIXTURE> 1 5.000000e-01
<MEAN> 39
 -1.023210e+01 6.485331e-01 -5.930854e+00 -4.372764e-01 2.147123e+00 2.139058e+00 5.496899e+00 1.507649e+00 2.007451e+00 1.623285e+00 2.331563e+00 -5.878287e-01 5.651046e+01 1.919646e-01 1.337998e-01 1.517130e-01 1.848060e-01 2.098968e-01 2.414022e-01 2.633974e-01 2.580992e-01 2.517115e-01 2.568512e-01 2.441920e-01 2.253186e-01 2.016590e-01 8.250596e-02 5.816318e-02 7.181962e-02 8.179846e-02 9.539834e-02 1.091713e-01 1.187512e-01 1.184530e-01 1.132176e-01 1.167914e-01 1.087265e-01 1.021113e-01 8.176868e-02
<VARIANCE> 39
 1.482804e+01 6.253482e+00 7.538747e+00 1.085184e+01 1.198692e+01 1.717465e+01 1.624012e+01 1.630730e+01 1.678627e+01 1.540234e+01 1.441504e+01 1.325274e+01 1.840689e+01 8.992487e-01 4.420921e-01 6.190642e-01 8.522710e-01 1.105829e+00 1.466336e+00 1.691805e+00 1.678939e+00 1.624499e+00 1.650864e+00 1.485619e+00 1.302881e+00 1.009441e+00 1.655376e-01 8.635891e-02 1.243243e-01 1.658628e-01 2.243795e-01 2.991388e-01 3.554127e-01 3.470740e-01 3.268459e-01 3.414008e-01 2.979821e-01 2.633189e-01 1.750310e-01
<GCONST> 8.745561e+01
<MIXTURE> 2 5.000000e-01
<MEAN> 39
 -1.177238e+01 -3.517453e-01 -7.029126e+00 -1.754962e+00 7.622373e-01 4.813658e-01 3.884937e+00 -1.076432e-01 3.686090e-01 5.345243e-02 8.128771e-01 -2.044001e+00 5.479432e+01 -1.873503e-01 -1.321602e-01 -1.630095e-01 -1.844681e-01 -2.107368e-01 -2.429672e-01 -2.568803e-01 -2.601963e-01 -2.581118e-01 -2.570926e-01 -2.433519e-01 -2.312567e-01 -2.002248e-01 -8.023930e-02 -5.938437e-02 -6.921899e-02 -8.110657e-02 -9.407651e-02 -1.096030e-01 -1.197148e-01 -1.171989e-01 -1.154642e-01 -1.169267e-01 -1.096244e-01 -1.031471e-01 -8.557816e-02
<VARIANCE> 39
 1.482804e+01 6.253482e+00 7.538747e+00 1.085184e+01 1.198692e+01 1.717465e+01 1.624012e+01 1.630730e+01 1.678627e+01 1.540234e+01 1.441504e+01 1.325274e+01 1.840689e+01 8.992487e-01 4.420921e-01 6.190642e-01 8.522710e-01 1.105829e+00 1.466336e+00 1.691805e+00 1.678939e+00 1.624499e+00 1.650864e+00 1.485619e+00 1.302881e+00 1.009441e+00 1.655376e-01 8.635891e-02 1.243243e-01 1.658628e-01 2.243795e-01 2.991388e-01 3.554127e-01 3.470740e-01 3.268459e-01 3.414008e-01 2.979821e-01 2.633189e-01 1.750310e-01
<GCONST> 8.745561e+01
<STATE> 3
<NUMMIXES> 2
<MIXTURE> 1 5.000000e-01
<MEAN> 39
 -1.159992e+01 3.689674e+00 -2.181845e+00 1.595171e+00 1.605805e+00 -1.537964e+00 3.268490e+00 1.952682e+00 8.592609e-01 3.062983e-01 4.619548e-01 -8.697996e-01 5.402373e+01 1.658177e-01 1.391398e-01 1.698489e-01 1.985411e-01 2.346200e-01 2.581553e-01 2.715644e-01 2.374464e-01 2.661236e-01 2.838651e-01 2.681117e-01 2.244859e-01 2.680218e-01 8.391230e-02 5.795738e-02 8.112538e-02 8.562681e-02 1.095536e-01 1.336876e-01 1.203354e-01 1.185456e-01 1.229585e-01 1.370196e-01 1.196546e-01 1.082144e-01 9.677023e-02
<VARIANCE> 39
 7.959147e+00 6.185601e+00 9.183108e+00 1.173476e+01 1.457933e+01 1.688782e+01 1.744589e+01 1.701556e+01 1.773825e+01 1.968003e+01 1.759528e+01 1.396653e+01 2.039863e+01 7.494949e-01 4.788755e-01 7.612827e-01 9.304487e-01 1.337192e+00 1.802674e+00 1.675525e+00 1.597115e+00 1.724516e+00 2.134555e+00 1.705696e+00 1.380822e+00 1.656474e+00 1.440711e-01 8.992331e-02 1.522003e-01 1.898544e-01 2.734857e-01 3.826126e-01 3.420068e-01 3.253705e-01 3.500256e-01 4.494799e-01 3.382594e-01 2.819321e-01 3.144694e-01
<GCONST> 9.128783e+01
<MIXTURE> 2 5.000000e-01
<MEAN> 39
 -1.272840e+01 2.694839e+00 -3.393991e+00 2.249299e-01 7.848936e-02 -3.181756e+00 1.597759e+00 3.026846e-01 -8.254112e-01 -1.468189e+00 -1.215914e+00 -2.364672e+00 5.221713e+01 -1.804758e-01 -1.376635e-01 -1.791571e-01 -1.872980e-01 -2.279281e-01 -2.788995e-01 -2.462039e-01 -2.680617e-01 -2.591597e-01 -3.005396e-01 -2.542975e-01 -2.455477e-01 -2.467946e-01 -6.791450e-02 -6.199148e-02 -7.492605e-02 -8.866233e-02 -9.962988e-02 -1.137351e-01 -1.135900e-01 -1.096194e-01 -1.136933e-01 -1.311535e-01 -1.129857e-01 -1.041747e-01 -1.275401e-01
<VARIANCE> 39
 7.959147e+00 6.185601e+00 9.183108e+00 1.173476e+01 1.457933e+01 1.688782e+01 1.744589e+01 1.701556e+01 1.773825e+01 1.968003e+01 1.759528e+01 1.396653e+01 2.039863e+01 7.494949e-01 4.788755e-01 7.612827e-01 9.304487e-01 1.337192e+00 1.802674e+00 1.675525e+00 1.597115e+00 1.724516e+00 2.134555e+00 1.705696e+00 1.380822e+00 1.656474e+00 1.440711e-01 8.992331e-02 1.522003e-01 1.898544e-01 2.734857e-01 3.826126e-01 3.420068e-01 3.253705e-01 3.500256e-01 4.494799e-01 3.382594e-01 2.819321e-01 3.144694e-01
<GCONST> 9.128783e+01
<STATE> 4
<NUMMIXES> 2
<MIXTURE> 1 5.000000e-01
<MEAN> 39
 -9.092864e+00 3.767009e+00 -1.891936e+00 6.463662e-01 1.255541e+00 7.000008e-01 3.969763e+00 2.978786e+00 1.491365e+00 8.097364e-01 1.371814e+00 -1.371656e+00 4.948371e+01 1.832125e-01 1.418703e-01 1.740807e-01 1.764441e-01 2.221089e-01 2.404403e-01 2.426897e-01 2.501797e-01 2.536401e-01 2.557326e-01 2.430427e-01 2.235343e-01 1.544565e-01 7.174399e-02 6.317332e-02 7.380332e-02 8.389349e-02 9.622653e-02 1.015332e-01 1.059560e-01 1.090700e-01 1.140902e-01 1.149371e-01 1.067346e-01 9.960406e-02 7.773058e-02
<VARIANCE> 39
 9.510644e+00 8.999658e+00 1.096292e+01 1.157749e+01 1.665618e+01 1.586443e+01 1.692979e+01 1.739175e+01 1.735917e+01 1.734426e+01 1.508544e+01 1.299997e+01 1.163663e+01 6.897222e-01 5.165131e-01 6.984594e-01 8.597818e-01 1.156451e+00 1.312013e+00 1.432622e+00 1.485285e+00 1.609799e+00 1.614944e+00 1.435835e+00 1.230577e+00 7.777714e-01 1.309525e-01 9.956208e-02 1.362938e-01 1.717323e-01 2.311346e-01 2.653837e-01 2.928984e-01 2.997794e-01 3.305217e-01 3.349190e-01 2.912272e-01 2.463210e-01 1.423842e-01
<GCONST> 8.647224e+01
<MIXTURE> 2 5.000000e-01
<MEAN> 39
 -1.032644e+01 2.567031e+00 -3.216348e+00 -7.146622e-01 -3.769386e-01 -8.932063e-01 2.323930e+00 1.310650e+00 -1.752084e-01 -8.561212e-01 -1.817854e-01 -2.813874e+00 4.811921e+01 -1.489855e-01 -1.456051e-01 -1.602148e-01 -1.944536e-01 -2.080448e-01 -2.177323e-01 -2.360791e-01 -2.373094e-01 -2.538713e-01 -2.525892e-01 -2.362627e-01 -2.201912e-01 -1.983089e-01 -7.300546e-02 -6.304051e-02 -7.386865e-02 -8.186890e-02 -9.607930e-02 -1.045284e-01 -1.105243e-01 -1.099384e-01 -1.158739e-01 -1.165517e-01 -1.091273e-01 -9.891888e-02 -7.320474e-02
<VARIANCE> 39
 9.510644e+00 8.999658e+00 1.096292e+01 1.157749e+01 1.665618e+01 1.586443e+01 1.692979e+01 1.739175e+01 1.735917e+01 1.734426e+01 1.508544e+01 1.299997e+01 1.163663e+01 6.897222e-01 5.165131e-01 6.984594e-01 8.597818e-01 1.156451e+00 1.312013e+00 1.432622e+00 1.485285e+00 1.609799e+00 1.614944e+00 1.435835e+00 1.230577e+00 7.777714e-01 1.309525e-01 9.956208e-02 1.362938e-01 1.717323e-01 2.311346e-01 2.653837e-01 2.928984e-01 2.997794e-01 3.305217e-01 3.349190e-01 2.912272e-01 2.463210e-01 1.423842e-01
<GCONST> 8.647224e+01
<TRANSP> 5
 0.000000e+00 1.000000e+00 0.000000e+00 0.000000e+00 0.000000e+00
 0.000000e+00 9.916883e-01 8.311712e-03 0.000000e+00 0.000000e+00
 0.000000e+00 0.000000e+00 9.849269e-01 1.507312e-02 0.000000e+00
 0.000000e+00 0.000000e+00 0.000000e+00 9.930157e-01 6.984298e-03
 0.000000e+00 0.000000e+00 0.000000e+00 0.000000e+00 0.000000e+00
<ENDHMM>
~h "pr"
<BEGINHMM>
<NUMSTATES> 5
<STATE> 2
<NUMMIXES> 2
<MIXTURE> 1 5.000000e-01
<MEAN> 39
 -1.346939e+01 -6.518158e+00 1.235174e+00 -5.617282e+00 4.291683e+00 7.215347e+00 6.370915e+00 1.845531e+00 -6.584482e-01 -8.850256e-01 6.333397e+00 1.023071e+00 5.922063e+01 1.417091e-01 1.658916e-01 2.112227e-01 2.179027e-01 2.596379e-01 2.874249e-01 2.973859e-01 2.864094e-01 3.070087e-01 2.673373e-01 2.997988e-01 3.342416e-01 1.887587e-01 8.262218e-02 7.388102e-02 8.117567e-02 1.006709e-01 1.004488e-01 1.157033e-01 1.198236e-01 1.294479e-01 1.316484e-01 1.257731e-01 1.263677e-01 1.182635e-01 4.633394e-02
<VARIANCE> 39
 3.258802e+01 4.262411e+01 4.440488e+01 3.530732e+01 4.692141e+01 7.039955e+01 5.147469e+01 6.317724e+01 5.925018e+01 3.427958e+01 5.455013e+01 5.629731e+01 2.611977e+01 8.148870e-01 7.944257e-01 9.780178e-01 1.378806e+00 1.508453e+00 1.828514e+00 2.106115e+00 2.315883e+00 2.260651e+00 1.996499e+00 2.378736e+00 2.097221e+00 5.965139e-01 1.193711e-01 1.273578e-01 1.670652e-01 2.400717e-01 2.703255e-01 3.252643e-01 3.891495e-01 4.110940e-01 4.194050e-01 3.622006e-01 4.392761e-01 3.784448e-01 8.251507e-02
<GCONST> 1.085905e+02
<MIXTURE> 2 5.000000e-01
<MEAN> 39
 -1.575283e+01 -9.129644e+00 -1.430305e+00 -7.994081e+00 1.551715e+00 3.859169e+00 3.501081e+00 -1.333833e+00 -3.737414e+00 -3.226976e+00 3.379075e+00 -1.978191e+00 5.717633e+01 -2.193753e-01 -1.906307e-01 -1.843565e-01 -2.517876e-01 -2.316384e-01 -2.534654e-01 -2.831125e-01 -3.223116e-01 -2.944098e-01 -2.978528e-01 -3.171273e-01 -2.450298e-01 -1.201786e-01 -5.557831e-02 -6.886787e-02 -8.231877e-02 -9.531754e-02 -1.075226e-01 -1.124245e-01 -1.297038e-01 -1.270185e-01 -1.273975e-01 -1.149593e-01 -1.387439e-01 -1.278080e-01 -6.856780e-02
<VARIANCE> 39
 3.258802e+01 4.262411e+01 4.440488e+01 3.530732e+01 4.692141e+01 7.039955e+01 5.147469e+01 6.317724e+01 5.925018e+01 3.427958e+01 5.455013e+01 5.629731e+01 2.611977e+01 8.148870e-01 7.944257e-01 9.780178e-01 1.378806e+00 1.508453e+00 1.828514e+00 2.106115e+00 2.315883e+00 2.260651e+00 1.996499e+00 2.378736e+00 2.097221e+00 5.965139e-01 1.193711e-01 1.273578e-01 1.670652e-01 2.400717e-01 2.703255e-01 3.252643e-01 3.891495e-01 4.110940e-01 4.194050e-01 3.622006e-01 4.392761e-01 3.784448e-01 8.251507e-02
<GCONST> 1.085905e+02
<STATE> 3
<NUMMIXES> 2
<MIXTURE> 1 5.000000e-01
<MEAN> 39
 -1.840608e+01 4.219538e+00 1.858187e+01 -1.521724e+01 4.448033e+00 1.316152e+01 -5.152501e+00 -2.956529e+00 1.155963e+01 -3.831308e+00 -7.390432e+00 9.826747e+00 5.348557e+01 2.176414e-01 1.028711e-01 1.338722e-01 1.812714e-01 2.489065e-01 2.330312e-01 2.073791e-01 2.864117e-01 2.250075e-01 3.009064e-01 2.506940e-01 2.182164e-01 4.220565e-02 7.400244e-02 6.095814e-02 5.695372e-02 9.125740e-02 1.087756e-01 1.028126e-01 1.098494e-01 1.240236e-01 1.072615e-01 1.119027e-01 1.334009e-01 8.370113e-02 4.613162e-02
<VARIANCE> 39
 2.010172e+01 1.812727e+01 1.445820e+01 3.218481e+01 2.847153e+01 2.350352e+01 1.744494e+01 3.788422e+01 3.283921e+01 4.489115e+01 3.141009e+01 2.062342e+01 1.401756e+01 5.392417e-01 4.599564e-01 5.242840e-01 8.841605e-01 1.259750e+00 1.597786e+00 1.380119e+00 1.524967e+00 1.615803e+00 1.676504e+00 1.873600e+00 1.126174e+00 2.375088e-01 1.311713e-01 8.713632e-02 1.034847e-01 1.758800e-01 2.606765e-01 3.425883e-01 2.797891e-01 3.101591e-01 3.386711e-01 3.224200e-01 3.685098e-01 2.296262e-01 5.647199e-02
<GCONST> 9.181772e+01
<MIXTURE> 2 5.000000e-01
<MEAN> 39
 -2.019948e+01 2.516492e+00 1.706091e+01 -1.748650e+01 2.313684e+00 1.122230e+01 -6.823187e+00 -5.418535e+00 9.267409e+00 -6.511343e+00 -9.632220e+00 8.010226e+00 5.198797e+01 -7.609092e-02 -1.684093e-01 -1.557576e-01 -1.948478e-01 -2.000478e-01 -2.725830e-01 -2.625348e-01 -2.075465e-01 -2.834495e-01 -2.170131e-01 -2.968241e-01 -2.062690e-01 -1.527339e-01 -7.086787e-02 -5.711732e-02 -7.172243e-02 -7.649481e-02 -9.545038e-02 -1.313116e-01 -1.017310e-01 -9.874415e-02 -1.255203e-01 -1.152255e-01 -1.094191e-01 -1.079762e-01 -4.892372e-02
<VARIANCE> 39
 2.010172e+01 1.812727e+01 1.445820e+01 3.218481e+01 2.847153e+01 2.350352e+01 1.744494e+01 3.788422e+01 3.283921e+01 4.489115e+01 3.141009e+01 2.062342e+01 1.401756e+01 5.392417e-01 4.599564e-01 5.242840e-01 8.841605e-01 1.259750e+00 1.597786e+00 1.380119e+00 1.524967e+00 1.615803e+00 1.676504e+00 1.873600e+00 1.126174e+00 2.375088e-01 1.311713e-01 8.713632e-02 1.034847e-01 1.758800e-01 2.606765e-01 3.425883e-01 2.797891e-01 3.101591e-01 3.386711e-01 3.224200e-01 3.685098e-01 2.296262e-01 5.647199e-02
<GCONST> 9.181772e+01
<STATE> 4
<NUMMIXES> 2
<MIXTURE> 1 5.000000e-01
<MEAN> 39
 -1.278947e+01 -3.648884e+00 6.288479e+00 -4.294055e+00 5.337546e+00 5.836909e-01 5.014835e+00 6.177296e+00 4.176421e+00 -5.422413e-01 -1.732053e+00 4.575843e+00 5.553180e+01 1.459647e-01 1.505671e-01 1.422917e-01 2.119549e-01 1.916677e-01 2.390912e-01 2.533346e-01 2.479976e-01 2.596806e-01 2.620906e-01 2.601806e-01 2.119290e-01 4.937384e-02 4.699209e-02 5.500161e-02 7.094704e-02 8.161998e-02 9.350099e-02 1.099443e-01 1.097004e-01 1.085140e-01 1.139338e-01 1.181832e-01 1.107493e-01 1.014901e-01 3.281235e-02
<VARIANCE> 39
 3.928415e+01 5.432948e+01 5.214396e+01 5.496534e+01 8.580456e+01 9.093328e+01 6.827237e+01 6.338379e+01 5.259075e+01 4.969888e+01 5.203184e+01 6.975394e+01 4.672081e+01 3.172708e-01 4.118064e-01 6.504812e-01 9.350043e-01 1.130411e+00 1.517003e+00 1.529760e+00 1.580367e+00 1.686141e+00 1.741297e+00 1.550771e+00 1.363540e+00 1.626788e-01 5.686087e-02 7.407603e-02 1.211843e-01 1.704211e-01 2.209266e-01 2.945409e-01 3.003176e-01 2.992722e-01 3.239766e-01 3.418557e-01 3.073895e-01 2.635871e-01 2.655189e-02
<GCONST> 1.006144e+02
<MIXTURE> 2 5.000000e-01
<MEAN> 39
 -1.529655e+01 -6.597226e+00 3.400048e+00 -7.259599e+00 1.632316e+00 -3.230667e+00 1.709751e+00 2.992738e+00 1.275641e+00 -3.362139e+00 -4.617377e+00 1.235091e+00 5.279769e+01 -7.934245e-02 -1.061214e-01 -1.803179e-01 -1.748276e-01 -2.336155e-01 -2.535755e-01 -2.413993e-01 -2.548530e-01 -2.597253e-01 -2.657423e-01 -2.379392e-01 -2.551538e-01 -1.119600e-01 -4.838998e-02 -5.386603e-02 -6.829910e-02 -8.350839e-02 -9.451033e-02 -1.071422e-01 -1.095045e-01 -1.103091e-01 -1.137420e-01 -1.156905e-01 -1.110216e-01 -1.038729e-01 -3.236666e-02
<VARIANCE> 39
 3.928415e+01 5.432948e+01 5.214396e+01 5.496534e+01 8.580456e+01 9.093328e+01 6.827237e+01 6.338379e+01 5.259075e+01 4.969888e+01 5.203184e+01 6.975394e+01 4.672081e+01 3.172708e-01 4.118064e-01 6.504812e-01 9.350043e-01 1.130411e+00 1.517003e+00 1.529760e+00 1.580367e+00 1.686141e+00 1.741297e+00 1.550771e+00 1.363540e+00 1.626788e-01 5.686087e-02 7.407603e-02 1.211843e-01 1.704211e-01 2.209266e-01 2.945409e-01 3.003176e-01 2.992722e-01 3.239766e-01 3.418557e-01 3.073895e-01 2.635871e-01 2.655189e-02
<GCONST> 1.006144e+02
<TRANSP> 5
 0.000000e+00 1.000000e+00 0.000000e+00 0.000000e+00 0.000000e+00
 0.000000e+00 9.894538e-01 1.054626e-02 0.000000e+00 0.000000e+00
 0.000000e+00 0.000000e+00 9.847060e-01 1.529393e-02 0.000000e+00
 0.000000e+00 0.000000e+00 0.000000e+00 9.952337e-01 4.766312e-03
 0.000000e+00 0.000000e+00 0.000000e+00 0.000000e+00 0.000000e+00
<ENDHMM>
~h "pw"
<BEGINHMM>
<NUMSTATES> 5
<STATE> 2
<NUMMIXES> 2
<MIXTURE> 1 5.000000e-01
<MEAN> 39
 -1.248728e+01 -1.184578e+00 -3.043230e-01 5.671847e-02 1.979812e+00 -2.132093e-01 3.879653e+00 1.077583e+00 1.698984e-01 1.779874e+00 9.064563e-01 -2.356735e-01 5.479059e+01 1.462098e-01 1.708506e-01 1.703670e-01 1.885294e-01 2.123612e-01 2.291674e-01 2.416436e-01 2.453964e-01 2.498069e-01 2.416339e-01 2.421121e-01 2.251135e-01 1.555563e-01 6.027533e-02 7.053941e-02 7.055183e-02 8.432432e-02 9.374164e-02 1.044282e-01 1.063822e-01 1.110835e-01 1.121908e-01 1.098561e-01 1.091464e-01 1.015237e-01 6.032358e-02
<VARIANCE> 39
 1.586829e+01 2.116779e+01 1.170734e+01 1.207922e+01 1.516213e+01 1.767638e+01 1.722553e+01 1.851766e+01 1.656947e+01 1.558352e+01 1.446671e+01 1.294542e+01 2.263189e+01 5.515717e-01 7.627813e-01 6.970823e-01 8.970328e-01 1.149299e+00 1.399932e+00 1.447957e+00 1.560027e+00 1.587878e+00 1.463912e+00 1.456786e+00 1.250684e+00 5.652176e-01 9.071109e-02 1.294160e-01 1.334481e-01 1.773803e-01 2.278209e-01 2.852660e-01 2.939265e-01 3.128631e-01 3.257031e-01 2.939363e-01 3.005402e-01 2.546749e-01 8.327781e-02
<GCONST> 8.782571e+01
<MIXTURE> 2 5.000000e-01
<MEAN> 39
 -1.408068e+01 -3.024916e+00 -1.672963e+00 -1.333488e+00 4.222684e-01 -1.894941e+00 2.219507e+00 -6.437029e-01 -1.458326e+00 2.008350e-01 -6.149489e-01 -1.674863e+00 5.288767e+01 -1.508617e-01 -1.784988e-01 -1.635988e-01 -1.903179e-01 -2.164602e-01 -2.441075e-01 -2.396808e-01 -2.542078e-01 -2.542373e-01 -2.423351e-01 -2.406775e-01 -2.222225e-01 -1.451675e-01 -6.019780e-02 -7.335833e-02 -7.557036e-02 -8.414185e-02 -9.718071e-02 -1.092130e-01 -1.104778e-01 -1.126531e-01 -1.160908e-01 -1.070074e-01 -1.101397e-01 -1.003376e-01 -5.510800e-02
<VARIANCE> 39
 1.586829e+01 2.116779e+01 1.170734e+01 1.207922e+01 1.516213e+01 1.767638e+01 1.722553e+01 1.851766e+01 1.656947e+01 1.558352e+01 1.446671e+01 1.294542e+01 2.263189e+01 5.515717e-01 7.627813e-01 6.970823e-01 8.970328e-01 1.149299e+00 1.399932e+00 1.447957e+00 1.560027e+00 1.587878e+00 1.463912e+00 1.456786e+00 1.250684e+00 5.652176e-01 9.071109e-02 1.294160e-01 1.334481e-01 1.773803e-01 2.278209e-01 2.852660e-01 2.939265e-01 3.128631e-01 3.257031e-01 2.939363e-01 3.005402e-01 2.546749e-01 8.327781e-02
<GCONST> 8.782571e+01
<STATE> 3
<NUMMIXES> 2
<MIXTURE> 1 5.000000e-01
<MEAN> 39
 -9.993196e+00 -5.104319e+00 -1.771625e+00 -7.130415e-01 1.051650e+00 -3.494283e+00 2.726040e-01 -3.449575e+00 -2.392991e+00 6.851196e-03 5.772315e-01 2.571526e-01 6.306070e+01 1.536516e-01 1.451062e-01 1.545018e-01 1.912945e-01 2.304684e-01 2.297705e-01 2.086362e-01 2.022613e-01 2.095530e-01 2.179719e-01 2.385842e-01 2.361643e-01 4.886790e-01 7.289975e-02 8.977739e-02 7.690920e-02 8.204393e-02 1.178396e-01 1.354859e-01 1.263436e-01 1.275486e-01 1.198689e-01 1.119040e-01 1.098183e-01 1.000362e-01 1.248602e-01
<VARIANCE> 39
 2.181328e+01 2.821470e+01 1.386568e+01 1.262969e+01 1.875426e+01 2.568551e+01 2.220389e+01 2.680820e+01 1.947901e+01 1.706665e+01 1.502448e+01 1.335342e+01 8.556401e+01 6.561679e-01 1.081499e+00 7.348677e-01 8.654724e-01 1.462991e+00 1.911877e+00 1.698722e+00 1.778221e+00 1.537348e+00 1.465103e+00 1.375738e+00 1.303300e+00 3.899031e+00 1.092893e-01 1.643670e-01 1.359676e-01 1.658874e-01 2.866499e-01 3.621110e-01 3.282825e-01 3.409730e-01 3.104494e-01 2.940533e-01 2.798474e-01 2.713537e-01 5.318331e-01
<GCONST> 9.761434e+01
<MIXTURE> 2 5.000000e-01
<MEAN> 39
 -1.186138e+01 -7.229019e+00 -3.261091e+00 -2.134573e+00 -6.805972e-01 -5.521518e+00 -1.612236e+00 -5.520640e+00 -4.158392e+00 -1.645621e+00 -9.732255e-01 -1.204541e+00 5.936066e+01 -1.703652e-01 -2.708744e-01 -1.883960e-01 -1.808285e-01 -2.533483e-01 -3.233121e-01 -3.127039e-01 -3.311385e-01 -2.864064e-01 -2.661939e-01 -2.305832e-01 -2.204844e-01 -3.011596e-01 -5.933598e-02 -7.239141e-02 -7.058594e-02 -8.087318e-02 -9.631918e-02 -1.052167e-01 -1.028402e-01 -1.060230e-01 -1.030030e-01 -1.050028e-01 -1.017842e-01 -1.083303e-01 -1.668473e-01
<VARIANCE> 39
 2.181328e+01 2.821470e+01 1.386568e+01 1.262969e+01 1.875426e+01 2.568551e+01 2.220389e+01 2.680820e+01 1.947901e+01 1.706665e+01 1.502448e+01 1.335342e+01 8.556401e+01 6.561679e-01 1.081499e+00 7.348677e-01 8.654724e-01 1.462991e+00 1.911877e+00 1.698722e+00 1.778221e+00 1.537348e+00 1.465103e+00 1.375738e+00 1.303300e+00 3.899031e+00 1.092893e-01 1.643670e-01 1.359676e-01 1.658874e-01 2.866499e-01 3.621110e-01 3.282825e-01 3.409730e-01 3.104494e-01 2.940533e-01 2.798474e-01 2.713537e-01 5.318331e-01
<GCONST> 9.761434e+01
<STATE> 4
<NUMMIXES> 2
<MIXTURE> 1 5.000000e-01
<MEAN> 39
 -1.119494e+01 -2.071349e+00 -8.892358e-01 -2.113425e-01 1.639881e+00 -1.246141e-01 3.717772e+00 4.232868e-01 -6.359673e-02 1.462136e+00 1.124186e+00 -9.981734e-02 5.573009e+01 1.565745e-01 1.833266e-01 1.663674e-01 1.830752e-01 2.172293e-01 2.555565e-01 2.527797e-01 2.645856e-01 2.562121e-01 2.509114e-01 2.387350e-01 2.232753e-01 1.626305e-01 5.935520e-02 7.057579e-02 7.026830e-02 8.105403e-02 9.347631e-02 1.073565e-01 1.065773e-01 1.097733e-01 1.091377e-01 1.105133e-01 1.070718e-01 1.031572e-01 7.255301e-02
<VARIANCE> 39
 1.736115e+01 2.138978e+01 1.285227e+01 1.220559e+01 1.441522e+01 2.098817e+01 1.839799e+01 2.113844e+01 1.749057e+01 1.615574e+01 1.436629e+01 1.336147e+01 3.444136e+01 5.336660e-01 7.648326e-01 6.625466e-01 8.540590e-01 1.135383e+00 1.458752e+00 1.463838e+00 1.571639e+00 1.519448e+00 1.506450e+00 1.415444e+00 1.288676e+00 8.908291e-01 8.693848e-02 1.271745e-01 1.247468e-01 1.669883e-01 2.242443e-01 2.927622e-01 2.913590e-01 3.134984e-01 3.077224e-01 3.096465e-01 2.883289e-01 2.651938e-01 1.271456e-01
<GCONST> 8.947473e+01
<MIXTURE> 2 5.000000e-01
<MEAN> 39
 -1.286160e+01 -3.921313e+00 -2.323238e+00 -1.608803e+00 1.211862e-01 -1.957128e+00 2.002058e+00 -1.415776e+00 -1.736466e+00 -1.456323e-01 -3.919296e-01 -1.561951e+00 5.338262e+01 -1.356353e-01 -1.664923e-01 -1.592204e-01 -1.865861e-01 -2.089881e-01 -2.275587e-01 -2.311770e-01 -2.368746e-01 -2.368515e-01 -2.400387e-01 -2.371548e-01 -2.308042e-01 -2.149045e-01 -5.858612e-02 -7.207035e-02 -7.100976e-02 -8.240278e-02 -9.594145e-02 -1.090735e-01 -1.093334e-01 -1.141905e-01 -1.127533e-01 -1.120703e-01 -1.077133e-01 -1.028307e-01 -7.007693e-02
<VARIANCE> 39
 1.736115e+01 2.138978e+01 1.285227e+01 1.220559e+01 1.441522e+01 2.098817e+01 1.839799e+01 2.113844e+01 1.749057e+01 1.615574e+01 1.436629e+01 1.336147e+01 3.444136e+01 5.336660e-01 7.648326e-01 6.625466e-01 8.540590e-01 1.135383e+00 1.458752e+00 1.463838e+00 1.571639e+00 1.519448e+00 1.506450e+00 1.415444e+00 1.288676e+00 8.908291e-01 8.693848e-02 1.271745e-01 1.247468e-01 1.669883e-01 2.242443e-01 2.927622e-01 2.913590e-01 3.134984e-01 3.077224e-01 3.096465e-01 2.883289e-01 2.651938e-01 1.271456e-01
<GCONST> 8.947473e+01
<TRANSP> 5
 0.000000e+00 1.000000e+00 0.000000e+00 0.000000e+00 0.000000e+00
 0.000000e+00 9.938607e-01 6.139313e-03 0.000000e+00 0.000000e+00
 0.000000e+00 0.000000e+00 9.884057e-01 1.159431e-02 0.000000e+00
 0.000000e+00 0.000000e+00 0.000000e+00 9.972139e-01 2.786054e-03
 0.000000e+00 0.000000e+00 0.000000e+00 0.000000e+00 0.000000e+00
<ENDHMM>
~h "si"
<BEGINHMM>
<NUMSTATES> 5
<STATE> 2
<NUMMIXES> 2
<MIXTURE> 1 5.000000e-01
<MEAN> 39
 -5.265084e+00 2.583885e+00 1.822515e+00 -1.260485e+00 2.828240e+00 2.715083e+00 3.049663e+00 4.179779e+00 3.736966e-01 1.171542e+00 1.535464e+00 -1.908462e+00 4.478885e+01 7.975684e-02 1.148916e-01 1.286322e-01 1.575955e-01 1.876569e-01 2.133326e-01 2.304135e-01 2.473757e-01 2.399695e-01 2.439760e-01 2.358497e-01 2.111828e-01 4.162644e-02 3.378406e-02 4.727204e-02 6.010801e-02 7.438086e-02 8.596811e-02 9.422307e-02 1.009989e-01 1.037261e-01 1.064740e-01 1.076022e-01 1.038877e-01 9.631849e-02 2.356361e-02
<VARIANCE> 39
 7.282454e+00 6.112242e+00 9.997495e+00 1.100260e+01 1.784925e+01 1.492956e+01 1.608456e+01 1.895254e+01 1.649075e+01 1.699062e+01 1.490075e+01 1.323209e+01 6.522751e+00 1.711959e-01 3.075513e-01 4.737888e-01 6.924108e-01 9.366464e-01 1.115417e+00 1.270239e+00 1.367233e+00 1.394630e+00 1.413192e+00 1.321062e+00 1.131651e+00 8.198456e-02 3.004632e-02 5.777008e-02 9.226602e-02 1.376352e-01 1.862265e-01 2.232606e-01 2.555894e-01 2.750641e-01 2.827116e-01 2.876398e-01 2.686417e-01 2.289167e-01 1.243712e-02
<GCONST> 7.314699e+01
<MIXTURE> 2 5.000000e-01
<MEAN> 39
 -6.344525e+00 1.594967e+00 5.577627e-01 -2.587291e+00 1.138306e+00 1.169531e+00 1.445441e+00 2.438399e+00 -1.250656e+00 -4.772455e-01 -8.595407e-03 -3.363500e+00 4.376727e+01 -8.574647e-02 -1.069376e-01 -1.466970e-01 -1.752494e-01 -1.994651e-01 -2.091206e-01 -2.204061e-01 -2.203393e-01 -2.324083e-01 -2.315351e-01 -2.239002e-01 -2.143335e-01 -7.290535e-02 -3.555144e-02 -4.886959e-02 -6.139328e-02 -7.401602e-02 -8.664776e-02 -9.477877e-02 -1.012245e-01 -1.060601e-01 -1.062085e-01 -1.069260e-01 -1.034349e-01 -9.506247e-02 -2.104512e-02
<VARIANCE> 39
 7.282454e+00 6.112242e+00 9.997495e+00 1.100260e+01 1.784925e+01 1.492956e+01 1.608456e+01 1.895254e+01 1.649075e+01 1.699062e+01 1.490075e+01 1.323209e+01 6.522751e+00 1.711959e-01 3.075513e-01 4.737888e-01 6.924108e-01 9.366464e-01 1.115417e+00 1.270239e+00 1.367233e+00 1.394630e+00 1.413192e+00 1.321062e+00 1.131651e+00 8.198456e-02 3.004632e-02 5.777008e-02 9.226602e-02 1.376352e-01 1.862265e-01 2.232606e-01 2.555894e-01 2.750641e-01 2.827116e-01 2.876398e-01 2.686417e-01 2.289167e-01 1.243712e-02
<GCONST> 7.314699e+01
<STATE> 3
<NUMMIXES> 2
<MIXTURE> 1 5.000000e-01
<MEAN> 39
 -3.341193e+00 -3.296973e+00 -3.046963e+00 -2.624485e+00 2.051858e+00 4.506232e+00 5.150405e+00 1.490010e+00 1.606311e-01 1.960094e+00 2.007546e+00 -1.873161e+00 5.121453e+01 7.899121e-02 1.047076e-01 1.295550e-01 1.564872e-01 1.885761e-01 2.167367e-01 2.296795e-01 2.447668e-01 2.424482e-01 2.485318e-01 2.366443e-01 2.244922e-01 4.130803e-02 3.152994e-02 4.967624e-02 6.508558e-02 7.510810e-02 8.739950e-02 9.272353e-02 9.871162e-02 1.062426e-01 1.066918e-01 1.076174e-01 1.043538e-01 9.917018e-02 2.434439e-02
<VARIANCE> 39
 7.855144e+00 8.436185e+00 7.967901e+00 9.167837e+00 1.482172e+01 1.541891e+01 1.604955e+01 1.614683e+01 1.553083e+01 1.541501e+01 1.474536e+01 1.329714e+01 5.279510e+00 1.652762e-01 3.027472e-01 4.920169e-01 6.796409e-01 9.544304e-01 1.149012e+00 1.278817e+00 1.429910e+00 1.408615e+00 1.432194e+00 1.360000e+00 1.207978e+00 7.517002e-02 2.854030e-02 5.736562e-02 9.714712e-02 1.345635e-01 1.925161e-01 2.311493e-01 2.566988e-01 2.908048e-01 2.868546e-01 2.939567e-01 2.782609e-01 2.454342e-01 1.180623e-02
<GCONST> 7.273186e+01
<MIXTURE> 2 5.000000e-01
<MEAN> 39
 -4.462275e+00 -4.458777e+00 -4.176063e+00 -3.835623e+00 5.118982e-01 2.935556e+00 3.547930e+00 -1.173151e-01 -1.415736e+00 3.896159e-01 4.715583e-01 -3.331771e+00 5.029544e+01 -8.362549e-02 -1.153823e-01 -1.510207e-01 -1.732742e-01 -2.022037e-01 -2.120313e-01 -2.226597e-01 -2.335486e-01 -2.322922e-01 -2.301655e-01 -2.298319e-01 -2.151400e-01 -6.836057e-02 -3.604556e-02 -4.612825e-02 -5.958815e-02 -7.162350e-02 -8.810714e-02 -9.958843e-02 -1.039502e-01 -1.094627e-01 -1.075434e-01 -1.092537e-01 -1.066480e-01 -9.899509e-02 -1.911820e-02
<VARIANCE> 39
 7.855144e+00 8.436185e+00 7.967901e+00 9.167837e+00 1.482172e+01 1.541891e+01 1.604955e+01 1.614683e+01 1.553083e+01 1.541501e+01 1.474536e+01 1.329714e+01 5.279510e+00 1.652762e-01 3.027472e-01 4.920169e-01 6.796409e-01 9.544304e-01 1.149012e+00 1.278817e+00 1.429910e+00 1.408615e+00 1.432194e+00 1.360000e+00 1.207978e+00 7.517002e-02 2.854030e-02 5.736562e-02 9.714712e-02 1.345635e-01 1.925161e-01 2.311493e-01 2.566988e-01 2.908048e-01 2.868546e-01 2.939567e-01 2.782609e-01 2.454342e-01 1.180623e-02
<GCONST> 7.273186e+01
<STATE> 4
<NUMMIXES> 2
<MIXTURE> 1 5.000000e-01
<MEAN> 39
 -7.819750e+00 1.065599e+00 9.893314e-01 -8.820867e-01 1.561783e+00 1.331420e+00 3.537007e+00 2.171682e+00 8.899496e-01 1.573364e+00 1.679556e+00 -9.037563e-01 5.056757e+01 1.206214e-01 1.479086e-01 1.566242e-01 1.817390e-01 2.045406e-01 2.228226e-01 2.353299e-01 2.430427e-01 2.481260e-01 2.468520e-01 2.402498e-01 2.269069e-01 1.605678e-01 5.278300e-02 6.181079e-02 6.750516e-02 7.999709e-02 9.204316e-02 1.027512e-01 1.065495e-01 1.104147e-01 1.100705e-01 1.097307e-01 1.063769e-01 9.941689e-02 5.455432e-02
<VARIANCE> 39
 2.059178e+01 1.681403e+01 1.368995e+01 1.442603e+01 1.940652e+01 1.937169e+01 1.966876e+01 2.297188e+01 1.933421e+01 1.791366e+01 1.668440e+01 1.559400e+01 3.360373e+01 4.216425e-01 5.565262e-01 6.077506e-01 8.360819e-01 1.076001e+00 1.306036e+00 1.411215e+00 1.521019e+00 1.510540e+00 1.496262e+00 1.399296e+00 1.239218e+00 5.199251e-01 6.623113e-02 9.592396e-02 1.141901e-01 1.619606e-01 2.100165e-01 2.578986e-01 2.816842e-01 3.031275e-01 3.033140e-01 3.025441e-01 2.827504e-01 2.497311e-01 7.481518e-02
<GCONST> 8.740818e+01
<MIXTURE> 2 5.000000e-01
<MEAN> 39
 -9.634876e+00 -5.745978e-01 -4.906659e-01 -2.401351e+00 -2.003305e-01 -4.291115e-01 1.763027e+00 2.545222e-01 -8.688778e-01 -1.196178e-01 4.569399e-02 -2.483326e+00 4.824883e+01 -1.391146e-01 -1.504941e-01 -1.552093e-01 -1.840111e-01 -2.103813e-01 -2.343052e-01 -2.398484e-01 -2.502757e-01 -2.434901e-01 -2.424352e-01 -2.329175e-01 -2.183738e-01 -1.278555e-01 -5.015864e-02 -6.207559e-02 -6.766295e-02 -8.098023e-02 -9.126708e-02 -1.003837e-01 -1.057462e-01 -1.098134e-01 -1.102253e-01 -1.102854e-01 -1.063203e-01 -1.004755e-01 -5.485513e-02
<VARIANCE> 39
 2.059178e+01 1.681403e+01 1.368995e+01 1.442603e+01 1.940652e+01 1.937169e+01 1.966876e+01 2.297188e+01 1.933421e+01 1.791366e+01 1.668440e+01 1.559400e+01 3.360373e+01 4.216425e-01 5.565262e-01 6.077506e-01 8.360819e-01 1.076001e+00 1.306036e+00 1.411215e+00 1.521019e+00 1.510540e+00 1.496262e+00 1.399296e+00 1.239218e+00 5.199251e-01 6.623113e-02 9.592396e-02 1.141901e-01 1.619606e-01 2.100165e-01 2.578986e-01 2.816842e-01 3.031275e-01 3.033140e-01 3.025441e-01 2.827504e-01 2.497311e-01 7.481518e-02
<GCONST> 8.740818e+01
<TRANSP> 5
 0.000000e+00 1.000000e+00 0.000000e+00 0.000000e+00 0.000000e+00
 0.000000e+00 9.908848e-01 9.115255e-03 0.000000e+00 0.000000e+00
 0.000000e+00 0.000000e+00 9.801809e-01 1.981913e-02 0.000000e+00
 0.000000e+00 0.000000e+00 0.000000e+00 9.913875e-01 8.612473e-03
 0.000000e+00 0.000000e+00 0.000000e+00 0.000000e+00 0.000000e+00
<ENDHMM>
~h "st"
<BEGINHMM>
<NUMSTATES> 5
<STATE> 2
<NUMMIXES> 2
<MIXTURE> 1 5.000000e-01
<MEAN> 39
 -8.742075e+00 -1.891502e+00 7.395340e-01 -4.707714e+00 -3.945920e-01 -2.307543e+00 1.653169e+00 1.006881e+00 5.214224e-01 3.543601e-01 1.853975e+00 -1.747670e+00 6.210329e+01 4.890604e-02 -2.738521e-01 4.204181e-01 -2.027775e-01 -1.846910e-02 -2.147025e-01 1.332598e-01 2.862372e-01 3.283805e-01 2.482959e-01 2.903683e-01 2.914632e-01 1.665013e+00 1.659032e-01 1.787050e-01 9.342787e-02 1.947699e-01 2.124031e-01 2.791497e-01 2.410532e-01 1.588352e-01 1.275141e-01 1.569972e-01 1.190075e-01 1.257580e-01 -5.353956e-02
<VARIANCE> 39
 2.194815e+01 2.897327e+01 1.867022e+01 2.837478e+01 2.592663e+01 3.604530e+01 2.719712e+01 2.473738e+01 2.117907e+01 2.169356e+01 2.039360e+01 1.536214e+01 9.657709e+01 1.361837e+00 1.511044e+00 1.208347e+00 1.903658e+00 2.271043e+00 3.104916e+00 2.460770e+00 2.342620e+00 1.830549e+00 2.180983e+00 2.133656e+00 1.759694e+00 5.090402e+00 1.853283e-01 2.501169e-01 1.993266e-01 3.155120e-01 3.750044e-01 4.894195e-01 4.083027e-01 4.353871e-01 3.196894e-01 3.812159e-01 3.771169e-01 3.096799e-01 8.068498e-01
<GCONST> 1.100708e+02
<MIXTURE> 2 5.000000e-01
<MEAN> 39
 -1.061603e+01 -4.044575e+00 -9.888280e-01 -6.838433e+00 -2.431320e+00 -4.709053e+00 -4.328650e-01 -9.825863e-01 -1.319407e+00 -1.508694e+00 4.760420e-02 -3.315452e+00 5.817235e+01 -4.178851e-01 -7.655503e-01 -1.928128e-02 -7.546699e-01 -6.212683e-01 -9.195334e-01 -4.942138e-01 -3.259876e-01 -2.128106e-01 -3.424301e-01 -2.939133e-01 -2.391506e-01 7.625366e-01 -6.295852e-03 -2.134176e-02 -8.515617e-02 -2.991188e-02 -3.254728e-02 -6.843507e-04 -1.454104e-02 -1.051003e-01 -9.865022e-02 -8.997354e-02 -1.266319e-01 -9.683752e-02 -4.128388e-01
<VARIANCE> 39
 2.194815e+01 2.897327e+01 1.867022e+01 2.837478e+01 2.592663e+01 3.604530e+01 2.719712e+01 2.473738e+01 2.117907e+01 2.169356e+01 2.039360e+01 1.536214e+01 9.657709e+01 1.361837e+00 1.511044e+00 1.208347e+00 1.903658e+00 2.271043e+00 3.104916e+00 2.460770e+00 2.342620e+00 1.830549e+00 2.180983e+00 2.133656e+00 1.759694e+00 5.090402e+00 1.853283e-01 2.501169e-01 1.993266e-01 3.155120e-01 3.750044e-01 4.894195e-01 4.083027e-01 4.353871e-01 3.196894e-01 3.812159e-01 3.771169e-01 3.096799e-01 8.068498e-01
<GCONST> 1.100708e+02
<STATE> 3
<NUMMIXES> 2
<MIXTURE> 1 5.000000e-01
<MEAN> 39
 -6.477362e+00 -2.431214e+00 -1.026515e+00 -4.118713e+00 -8.917022e-02 3.011280e-01 3.300700e+00 5.859865e-01 -2.370594e-01 5.500085e-01 1.795243e+00 -1.706403e+00 5.732456e+01 1.455993e-01 1.863912e-01 1.635506e-01 2.351619e-01 2.387741e-01 2.766791e-01 2.594173e-01 2.468730e-01 2.453943e-01 2.549264e-01 2.479499e-01 2.300308e-01 1.793621e-01 5.564624e-02 6.884584e-02 7.266551e-02 9.492894e-02 1.020582e-01 1.103834e-01 1.084145e-01 1.118785e-01 1.129943e-01 1.137827e-01 1.117412e-01 1.034255e-01 8.879669e-02
<VARIANCE> 39
 1.519021e+01 1.659827e+01 1.459582e+01 2.015025e+01 1.940492e+01 2.389908e+01 1.956790e+01 1.886539e+01 1.849983e+01 1.891116e+01 1.568085e+01 1.429984e+01 3.202149e+01 5.265819e-01 6.845472e-01 7.181957e-01 1.167647e+00 1.335478e+00 1.574497e+00 1.547472e+00 1.565222e+00 1.573650e+00 1.586915e+00 1.505282e+00 1.309715e+00 1.299343e+00 8.262478e-02 1.133151e-01 1.356137e-01 2.165352e-01 2.593164e-01 3.067688e-01 3.114380e-01 3.192585e-01 3.225053e-01 3.264985e-01 3.104775e-01 2.664135e-01 1.947317e-01
<GCONST> 9.254753e+01
<MIXTURE> 2 5.000000e-01
<MEAN> 39
 -8.036346e+00 -4.060853e+00 -2.554694e+00 -5.914274e+00 -1.851211e+00 -1.654339e+00 1.531276e+00 -1.151386e+00 -1.957517e+00 -1.189470e+00 2.112809e-01 -3.219009e+00 5.506106e+01 -1.446646e-01 -1.445583e-01 -1.754351e-01 -1.970689e-01 -2.234775e-01 -2.252368e-01 -2.381724e-01 -2.535623e-01 -2.563865e-01 -2.489649e-01 -2.428098e-01 -2.277403e-01 -2.765929e-01 -5.933186e-02 -6.580339e-02 -7.463755e-02 -9.120443e-02 -1.016343e-01 -1.111635e-01 -1.148120e-01 -1.141334e-01 -1.141639e-01 -1.147775e-01 -1.111409e-01 -1.030356e-01 -8.771697e-02
<VARIANCE> 39
 1.519021e+01 1.659827e+01 1.459582e+01 2.015025e+01 1.940492e+01 2.389908e+01 1.956790e+01 1.886539e+01 1.849983e+01 1.891116e+01 1.568085e+01 1.429984e+01 3.202149e+01 5.265819e-01 6.845472e-01 7.181957e-01 1.167647e+00 1.335478e+00 1.574497e+00 1.547472e+00 1.565222e+00 1.573650e+00 1.586915e+00 1.505282e+00 1.309715e+00 1.299343e+00 8.262478e-02 1.133151e-01 1.356137e-01 2.165352e-01 2.593164e-01 3.067688e-01 3.114380e-01 3.192585e-01 3.225053e-01 3.264985e-01 3.104775e-01 2.664135e-01 1.947317e-01
<GCONST> 9.254753e+01
<STATE> 4
<NUMMIXES> 2
<MIXTURE> 1 5.000000e-01
<MEAN> 39
 -9.522520e+00 1.407447e+00 1.482057e+00 -1.745351e+00 1.092463e+00 1.204888e-01 2.880920e+00 1.240373e+00 1.111751e+00 6.852367e-01 1.496598e+00 -1.532047e+00 5.344069e+01 1.372200e-01 1.478163e-01 1.562021e-01 2.064234e-01 2.283782e-01 2.565428e-01 2.501892e-01 2.502932e-01 2.493214e-01 2.434027e-01 2.333725e-01 2.287862e-01 1.685903e-01 5.465402e-02 5.721991e-02 6.793943e-02 8.287396e-02 9.207375e-02 1.037222e-01 1.075411e-01 1.127887e-01 1.117716e-01 1.124355e-01 1.084156e-01 1.025465e-01 7.064052e-02
<VARIANCE> 39
 1.464097e+01 8.977336e+00 1.134261e+01 1.723193e+01 1.652988e+01 1.946030e+01 1.807092e+01 1.990653e+01 1.754058e+01 1.640429e+01 1.466983e+01 1.332557e+01 3.636597e+01 4.374155e-01 4.936281e-01 6.264942e-01 9.994652e-01 1.161157e+00 1.391219e+00 1.438732e+00 1.543194e+00 1.532642e+00 1.504554e+00 1.417314e+00 1.272164e+00 9.741402e-01 7.095604e-02 8.727042e-02 1.202513e-01 1.840937e-01 2.243410e-01 2.709294e-01 2.863962e-01 3.110129e-01 3.093174e-01 3.070159e-01 2.908587e-01 2.619979e-01 1.209144e-01
<GCONST> 8.754116e+01
<MIXTURE> 2 5.000000e-01
<MEAN> 39
 -1.105306e+01 2.089586e-01 1.349048e-01 -3.405805e+00 -5.338151e-01 -1.644064e+00 1.180524e+00 -5.442967e-01 -5.635086e-01 -9.348516e-01 -3.545022e-02 -2.992215e+00 5.102851e+01 -1.273295e-01 -1.332184e-01 -1.604035e-01 -1.934697e-01 -2.026498e-01 -2.152570e-01 -2.295994e-01 -2.466082e-01 -2.458783e-01 -2.472384e-01 -2.428315e-01 -2.223748e-01 -2.262039e-01 -5.189628e-02 -6.094636e-02 -7.076965e-02 -8.875062e-02 -9.738486e-02 -1.044813e-01 -1.065229e-01 -1.102854e-01 -1.106937e-01 -1.092006e-01 -1.073096e-01 -1.021964e-01 -6.845048e-02
<VARIANCE> 39
 1.464097e+01 8.977336e+00 1.134261e+01 1.723193e+01 1.652988e+01 1.946030e+01 1.807092e+01 1.990653e+01 1.754058e+01 1.640429e+01 1.466983e+01 1.332557e+01 3.636597e+01 4.374155e-01 4.936281e-01 6.264942e-01 9.994652e-01 1.161157e+00 1.391219e+00 1.438732e+00 1.543194e+00 1.532642e+00 1.504554e+00 1.417314e+00 1.272164e+00 9.741402e-01 7.095604e-02 8.727042e-02 1.202513e-01 1.840937e-01 2.243410e-01 2.709294e-01 2.863962e-01 3.110129e-01 3.093174e-01 3.070159e-01 2.908587e-01 2.619979e-01 1.209144e-01
<GCONST> 8.754116e+01
<TRANSP> 5
 0.000000e+00 1.000000e+00 0.000000e+00 0.000000e+00 0.000000e+00
 0.000000e+00 8.396266e-01 1.603734e-01 0.000000e+00 0.000000e+00
 0.000000e+00 0.000000e+00 9.915597e-01 8.440292e-03 0.000000e+00
 0.000000e+00 0.000000e+00 0.000000e+00 9.913327e-01 8.667345e-03
 0.000000e+00 0.000000e+00 0.000000e+00 0.000000e+00 0.000000e+00
<ENDHMM>
~h "spe"
<BEGINHMM>
<NUMSTATES> 5
<STATE> 2
<NUMMIXES> 2
<MIXTURE> 1 5.000000e-01
<MEAN> 39
 -1.544489e-01 7.835820e-01 7.484282e+00 -4.207157e+00 -5.396224e+00 1.920788e+00 -5.871800e-01 -3.790914e+00 -3.188918e+00 7.063432e-01 1.005257e+00 -4.312901e+00 5.641819e+01 2.714705e-01 -6.407554e-02 4.127087e-01 5.540504e-02 5.442521e-02 1.911270e-01 -3.608674e-03 3.975406e-01 3.406908e-01 4.362921e-01 2.663908e-01 6.858848e-02 4.542714e-01 4.579249e-02 1.548585e-02 4.371670e-02 8.249963e-02 1.465898e-01 1.032712e-01 9.449667e-02 1.545614e-01 1.403106e-01 1.223897e-01 6.975967e-02 8.614897e-02 5.174407e-02
<VARIANCE> 39
 2.406707e+01 2.622293e+01 7.747543e+01 3.881655e+01 6.567319e+01 3.637387e+01 2.247381e+01 3.755466e+01 3.075752e+01 2.883074e+01 2.407693e+01 2.785946e+01 1.450289e+01 7.038383e-01 9.687221e-01 1.196826e+00 1.572958e+00 2.752475e+00 2.276699e+00 1.590168e+00 2.487581e+00 2.077456e+00 1.890294e+00 1.638031e+00 1.621662e+00 4.488558e-01 8.173448e-02 1.206667e-01 1.471149e-01 2.125330e-01 4.274589e-01 4.259375e-01 2.727364e-01 3.729420e-01 3.235546e-01 3.238751e-01 2.862964e-01 2.485893e-01 3.815982e-02
<GCONST> 1.013867e+02
<MIXTURE> 2 5.000000e-01
<MEAN> 39
 -2.116777e+00 -1.264751e+00 3.963476e+00 -6.699274e+00 -8.637784e+00 -4.916419e-01 -2.483442e+00 -6.242188e+00 -5.407296e+00 -1.441427e+00 -9.574733e-01 -6.424183e+00 5.489489e+01 -6.410974e-02 -4.577703e-01 -2.488948e-02 -4.462655e-01 -6.091982e-01 -4.124224e-01 -5.080161e-01 -2.333421e-01 -2.358446e-01 -1.136597e-01 -2.455515e-01 -4.407895e-01 1.862846e-01 -6.856449e-02 -1.234626e-01 -1.097056e-01 -1.019056e-01 -1.149315e-01 -1.577843e-01 -1.144000e-01 -8.971456e-02 -8.721683e-02 -1.052504e-01 -1.442670e-01 -1.132860e-01 -2.639409e-02
<VARIANCE> 39
 2.406707e+01 2.622293e+01 7.747543e+01 3.881655e+01 6.567319e+01 3.637387e+01 2.247381e+01 3.755466e+01 3.075752e+01 2.883074e+01 2.407693e+01 2.785946e+01 1.450289e+01 7.038383e-01 9.687221e-01 1.196826e+00 1.572958e+00 2.752475e+00 2.276699e+00 1.590168e+00 2.487581e+00 2.077456e+00 1.890294e+00 1.638031e+00 1.621662e+00 4.488558e-01 8.173448e-02 1.206667e-01 1.471149e-01 2.125330e-01 4.274589e-01 4.259375e-01 2.727364e-01 3.729420e-01 3.235546e-01 3.238751e-01 2.862964e-01 2.485893e-01 3.815982e-02
<GCONST> 1.013867e+02
<STATE> 3
<NUMMIXES> 2
<MIXTURE> 1 5.000000e-01
<MEAN> 39
 -5.108587e-01 -3.736016e+00 2.420208e+00 -1.039771e+01 -1.040340e+00 -3.212978e+00 -3.204397e+00 4.856505e-01 -2.722678e-01 -7.524107e-01 -3.815376e+00 -3.597044e+00 6.253518e+01 1.307176e-01 2.530737e-01 1.666519e-01 3.248765e-01 3.607808e-01 2.696736e-01 2.748195e-01 2.538536e-01 2.782716e-01 2.298096e-01 2.286161e-01 2.654147e-01 1.261738e-01 5.893254e-02 1.004717e-01 9.203070e-02 1.228463e-01 1.121977e-01 1.281578e-01 1.343554e-01 1.167094e-01 1.202890e-01 1.238216e-01 1.346375e-01 1.275918e-01 2.399308e-02
<VARIANCE> 39
 2.538217e+01 4.019286e+01 5.908503e+01 6.745677e+01 5.069435e+01 6.150967e+01 4.116816e+01 5.667910e+01 3.852357e+01 3.969009e+01 5.432280e+01 4.029726e+01 2.341262e+01 6.654779e-01 1.138298e+00 1.365292e+00 1.588515e+00 1.817050e+00 1.889800e+00 1.931554e+00 2.377642e+00 2.392663e+00 2.077551e+00 2.082650e+00 1.768121e+00 4.587052e-01 9.043053e-02 1.505579e-01 2.014333e-01 2.572035e-01 3.001769e-01 3.451586e-01 3.539916e-01 4.353571e-01 4.525623e-01 4.031179e-01 3.852448e-01 3.394276e-01 5.143857e-02
<GCONST> 1.081577e+02
<MIXTURE> 2 5.000000e-01
<MEAN> 39
 -2.526087e+00 -6.271930e+00 -6.544635e-01 -1.368299e+01 -3.888338e+00 -6.350102e+00 -5.770894e+00 -2.525770e+00 -2.754962e+00 -3.272413e+00 -6.763536e+00 -6.136250e+00 6.059972e+01 -1.955898e-01 -1.736906e-01 -3.007310e-01 -1.792687e-01 -1.784112e-01 -2.802064e-01 -2.811020e-01 -3.629305e-01 -3.404579e-01 -3.467388e-01 -3.486395e-01 -2.664682e-01 -1.447373e-01 -6.135414e-02 -5.473552e-02 -8.749458e-02 -8.001460e-02 -1.069559e-01 -1.068430e-01 -1.036334e-01 -1.472170e-01 -1.488020e-01 -1.301447e-01 -1.136349e-01 -1.054498e-01 -6.672722e-02
<VARIANCE> 39
 2.538217e+01 4.019286e+01 5.908503e+01 6.745677e+01 5.069435e+01 6.150967e+01 4.116816e+01 5.667910e+01 3.852357e+01 3.969009e+01 5.432280e+01 4.029726e+01 2.341262e+01 6.654779e-01 1.138298e+00 1.365292e+00 1.588515e+00 1.817050e+00 1.889800e+00 1.931554e+00 2.377642e+00 2.392663e+00 2.077551e+00 2.082650e+00 1.768121e+00 4.587052e-01 9.043053e-02 1.505579e-01 2.014333e-01 2.572035e-01 3.001769e-01 3.451586e-01 3.539916e-01 4.353571e-01 4.525623e-01 4.031179e-01 3.852448e-01 3.394276e-01 5.143857e-02
<GCONST> 1.081577e+02
<STATE> 4
<NUMMIXES> 2
<MIXTURE> 1 5.000000e-01
<MEAN> 39
 -4.341905e-01 -2.047523e+00 1.284627e+00 -3.418810e+00 -1.212741e+00 9.801532e-01 8.609533e-01 2.432526e-01 -8.858410e-01 1.014289e+00 6.485498e-02 -4.608780e+00 5.411362e+01 1.171106e-01 1.665522e-01 1.800290e-01 2.100904e-01 2.507227e-01 2.567930e-01 2.708414e-01 2.701309e-01 2.677392e-01 2.658262e-01 2.675158e-01 2.582181e-01 6.937445e-02 4.402222e-02 6.127140e-02 7.240950e-02 8.166876e-02 9.819850e-02 1.044998e-01 1.074557e-01 1.145340e-01 1.150427e-01 1.136902e-01 1.107766e-01 1.068120e-01 3.042658e-02
<VARIANCE> 39
 1.484328e+01 2.718488e+01 3.259974e+01 2.538216e+01 4.519558e+01 3.522805e+01 3.431888e+01 3.065612e+01 2.874922e+01 2.789850e+01 2.888724e+01 2.540606e+01 1.616143e+01 3.600521e-01 6.538581e-01 8.511949e-01 1.005230e+00 1.459516e+00 1.500781e+00 1.565334e+00 1.711162e+00 1.705612e+00 1.662556e+00 1.639275e+00 1.514549e+00 2.094441e-01 4.895857e-02 9.511118e-02 1.298285e-01 1.699023e-01 2.406842e-01 2.662019e-01 2.873259e-01 3.237266e-01 3.260300e-01 3.201950e-01 3.101579e-01 2.862944e-01 2.246697e-02
<GCONST> 9.256773e+01
<MIXTURE> 2 5.000000e-01
<MEAN> 39
 -1.975270e+00 -4.133089e+00 -9.992199e-01 -5.434038e+00 -3.901847e+00 -1.393976e+00 -1.482339e+00 -1.971466e+00 -3.030573e+00 -1.098472e+00 -2.085019e+00 -6.624958e+00 5.250556e+01 -1.229068e-01 -1.568938e-01 -1.890119e-01 -1.909542e-01 -2.325191e-01 -2.332325e-01 -2.296118e-01 -2.531146e-01 -2.546571e-01 -2.499344e-01 -2.446209e-01 -2.340499e-01 -1.136858e-01 -4.448412e-02 -6.208901e-02 -7.171739e-02 -8.320807e-02 -9.803981e-02 -1.018792e-01 -1.069555e-01 -1.130539e-01 -1.133535e-01 -1.126529e-01 -1.119907e-01 -1.072140e-01 -2.952937e-02
<VARIANCE> 39
 1.484328e+01 2.718488e+01 3.259974e+01 2.538216e+01 4.519558e+01 3.522805e+01 3.431888e+01 3.065612e+01 2.874922e+01 2.789850e+01 2.888724e+01 2.540606e+01 1.616143e+01 3.600521e-01 6.538581e-01 8.511949e-01 1.005230e+00 1.459516e+00 1.500781e+00 1.565334e+00 1.711162e+00 1.705612e+00 1.662556e+00 1.639275e+00 1.514549e+00 2.094441e-01 4.895857e-02 9.511118e-02 1.298285e-01 1.699023e-01 2.406842e-01 2.662019e-01 2.873259e-01 3.237266e-01 3.260300e-01 3.201950e-01 3.101579e-01 2.862944e-01 2.246697e-02
<GCONST> 9.256773e+01
<TRANSP> 5
 0.000000e+00 1.000000e+00 0.000000e+00 0.000000e+00 0.000000e+00
 0.000000e+00 9.419103e-01 5.808967e-02 0.000000e+00 0.000000e+00
 0.000000e+00 0.000000e+00 9.825263e-01 1.747372e-02 0.000000e+00
 0.000000e+00 0.000000e+00 0.000000e+00 9.968085e-01 3.191507e-03
 0.000000e+00 0.000000e+00 0.000000e+00 0.000000e+00 0.000000e+00
<ENDHMM>
