~o
<STREAMINFO> 1 13
<VECSIZE> 13<NULLD><MFCC_0><DIAGC>
~h "ap"
<BEGINHMM>
<NUMSTATES> 5
<STATE> 2
<NUMMIXES> 4
<MIXTURE> 1 2.693410e-01
<MEAN> 13
 -5.587092e+00 -1.970979e+00 -3.918442e+00 -1.357388e+00 3.184866e+00 6.223991e+00 6.413856e+00 2.023345e+00 3.470313e-01 1.800886e+00 2.154028e+00 -9.791186e-01 5.120870e+01
<VARIANCE> 13
 6.469433e+00 4.806618e+00 6.166478e+00 5.914098e+00 9.145352e+00 1.143374e+01 1.152852e+01 1.179321e+01 1.113945e+01 1.296448e+01 1.187192e+01 1.206781e+01 1.749349e+00
<GCONST> 5.098478e+01
<MIXTURE> 2 2.679667e-01
<MEAN> 13
 -2.852219e+00 -4.605537e+00 -3.864182e+00 -3.473099e+00 1.845920e+00 4.620019e+00 4.406760e+00 7.709027e-01 -9.393914e-01 1.122347e+00 1.288096e+00 -2.438593e+00 4.967886e+01
<VARIANCE> 13
 1.988623e+00 2.694594e+00 4.522814e+00 5.520132e+00 7.461079e+00 8.734138e+00 1.035781e+01 1.264590e+01 1.208777e+01 1.233336e+01 1.082864e+01 1.083085e+01 6.652243e-01
<GCONST> 4.720211e+01
<MIXTURE> 3 2.679667e-01
<MEAN> 13
 -2.852219e+00 -4.605537e+00 -3.864182e+00 -3.473099e+00 1.845920e+00 4.620019e+00 4.406760e+00 7.709027e-01 -9.393914e-01 1.122347e+00 1.288096e+00 -2.438593e+00 4.967886e+01
<VARIANCE> 13
 1.988623e+00 2.694594e+00 4.522814e+00 5.520132e+00 7.461079e+00 8.734138e+00 1.035781e+01 1.264590e+01 1.208777e+01 1.233336e+01 1.082864e+01 1.083085e+01 6.652243e-01
<GCONST> 4.720211e+01
<MIXTURE> 4 1.947345e-01
<MEAN> 13
 -3.938995e+00 -3.756342e+00 -3.007857e+00 -3.098795e+00 -2.707693e+00 -7.123427e-01 -1.487742e+00 -3.418069e+00 -1.363346e+00 -3.380052e-01 1.471371e+00 -1.340737e+00 5.330828e+01
<VARIANCE> 13
 9.016620e+00 1.404340e+01 1.998708e+01 1.387329e+01 1.689775e+01 2.259689e+01 2.990093e+01 2.310149e+01 2.522455e+01 2.458292e+01 1.936021e+01 1.695325e+01 1.570748e+01
<GCONST> 6.181914e+01
<STATE> 3
<NUMMIXES> 4
<MIXTURE> 1 4.110262e-01
<MEAN> 13
 -4.800502e+00 1.734072e+00 -8.610716e-01 5.703267e-02 4.998321e-01 4.540268e+00 5.753972e+00 3.442041e+00 6.766479e-01 2.595443e+00 1.296408e+00 -2.061517e+00 4.426344e+01
<VARIANCE> 13
 1.111932e+00 1.971525e+00 3.743178e+00 5.021441e+00 6.956182e+00 7.298430e+00 8.718890e+00 9.491793e+00 1.033592e+01 1.119517e+01 9.912909e+00 9.286874e+00 6.652243e-01
<GCONST> 4.482009e+01
<MIXTURE> 2 1.564484e-01
<MEAN> 13
 -5.384504e+00 1.270181e+00 -2.054790e+00 -1.645033e+00 -1.221143e+00 1.533796e+00 3.137874e+00 7.480892e-01 -1.007286e+00 1.262125e+00 9.019385e-02 -2.258700e+00 4.487012e+01
<VARIANCE> 13
 2.898587e+00 3.709293e+00 4.546458e+00 6.037098e+00 1.019744e+01 7.995951e+00 9.758515e+00 1.045875e+01 1.119428e+01 1.237270e+01 1.167046e+01 1.052609e+01 1.609762e+00
<GCONST> 4.882429e+01
<MIXTURE> 3 1.564487e-01
<MEAN> 13
 -5.384514e+00 1.270188e+00 -2.054782e+00 -1.645029e+00 -1.221128e+00 1.533786e+00 3.137879e+00 7.480928e-01 -1.007269e+00 1.262140e+00 9.020215e-02 -2.258692e+00 4.487014e+01
<VARIANCE> 13
 2.898619e+00 3.709316e+00 4.546467e+00 6.037110e+00 1.019748e+01 7.995968e+00 9.758542e+00 1.045877e+01 1.119430e+01 1.237270e+01 1.167041e+01 1.052607e+01 1.609782e+00
<GCONST> 4.882433e+01
<MIXTURE> 4 2.760572e-01
<MEAN> 13
 -9.738738e+00 -5.342291e-01 -1.334128e+00 -8.263388e-01 2.219488e+00 -1.492553e-01 3.269445e+00 2.420731e-01 -5.308748e-01 1.077724e+00 3.779452e-01 -7.227952e-01 5.032278e+01
<VARIANCE> 13
 8.159901e+00 1.508558e+01 9.033239e+00 8.728694e+00 1.055977e+01 1.356817e+01 1.663952e+01 1.436286e+01 1.410650e+01 1.507590e+01 1.415942e+01 1.174785e+01 9.198634e+00
<GCONST> 5.620694e+01
<STATE> 4
<NUMMIXES> 4
<MIXTURE> 1 2.620118e-01
<MEAN> 13
 -5.960440e+00 -2.319849e+00 -1.321061e-01 3.197320e-01 2.497646e+00 9.080288e-01 3.777617e+00 2.630156e+00 -8.564848e-01 8.923520e-01 1.647859e+00 -2.287667e+00 4.686660e+01
<VARIANCE> 13
 6.218827e+00 1.810959e+01 1.051627e+01 1.772218e+01 1.764091e+01 1.625714e+01 1.722491e+01 1.778436e+01 1.605077e+01 1.580681e+01 1.370486e+01 1.307281e+01 1.346408e+01
<GCONST> 5.855210e+01
<MIXTURE> 2 1.970661e-01
<MEAN> 13
 -1.010908e+01 -1.229190e+01 -4.376070e+00 3.066901e+00 2.097238e+00 -4.646464e+00 2.907580e+00 -3.118409e+00 -4.096598e+00 -1.281711e+00 1.210490e+00 -8.736243e-01 5.901210e+01
<VARIANCE> 13
 1.651183e+01 2.926818e+01 2.096460e+01 2.211117e+01 2.866000e+01 2.597754e+01 2.445785e+01 2.377613e+01 2.370195e+01 2.147887e+01 1.668345e+01 1.445893e+01 2.771933e+01
<GCONST> 6.423076e+01
<MIXTURE> 3 1.970660e-01
<MEAN> 13
 -1.010911e+01 -1.229192e+01 -4.376082e+00 3.066882e+00 2.097186e+00 -4.646493e+00 2.907586e+00 -3.118432e+00 -4.096609e+00 -1.281700e+00 1.210495e+00 -8.736247e-01 5.901218e+01
<VARIANCE> 13
 1.651185e+01 2.926832e+01 2.096446e+01 2.211111e+01 2.865992e+01 2.597737e+01 2.445768e+01 2.377605e+01 2.370190e+01 2.147875e+01 1.668335e+01 1.445894e+01 2.771936e+01
<GCONST> 6.423071e+01
<MIXTURE> 4 3.437080e-01
<MEAN> 13
 -1.445977e+01 -1.652485e+01 -9.831061e+00 -1.977519e-01 -3.187476e+00 -8.940242e+00 -4.389711e-02 -4.244061e+00 -5.279373e+00 -2.671074e+00 -4.296025e-01 -1.664179e+00 7.463828e+01
<VARIANCE> 13
 1.648481e+01 2.855646e+01 2.134577e+01 2.274583e+01 3.330949e+01 2.772614e+01 2.644140e+01 2.278318e+01 2.497144e+01 2.235945e+01 1.884276e+01 1.621376e+01 3.426077e+01
<GCONST> 6.504211e+01
<TRANSP> 5
 0.000000e+00 1.000000e+00 0.000000e+00 0.000000e+00 0.000000e+00
 0.000000e+00 9.791738e-01 2.082616e-02 0.000000e+00 0.000000e+00
 0.000000e+00 0.000000e+00 9.831344e-01 1.686565e-02 0.000000e+00
 0.000000e+00 0.000000e+00 0.000000e+00 9.968225e-01 3.177464e-03
 0.000000e+00 0.000000e+00 0.000000e+00 0.000000e+00 0.000000e+00
<ENDHMM>
~h "cl"
<BEGINHMM>
<NUMSTATES> 5
<STATE> 2
<NUMMIXES> 4
<MIXTURE> 1 5.913982e-01
<MEAN> 13
 -5.565332e+00 -7.078259e-01 7.235308e-02 -2.906373e+00 1.658212e+00 3.701837e+00 3.910667e+00 2.944828e+00 -1.956616e-01 5.212803e-01 1.685865e-01 -2.482085e+00 4.601398e+01
<VARIANCE> 13
 6.224726e+00 1.308546e+01 1.910197e+01 1.004461e+01 1.226704e+01 1.522697e+01 1.395576e+01 2.000923e+01 1.668168e+01 1.696008e+01 1.626131e+01 1.564432e+01 1.127449e+01
<GCONST> 5.801794e+01
<MIXTURE> 2 1.303049e-01
<MEAN> 13
 -1.609196e+01 -7.181705e+00 6.019969e+00 -5.564867e+00 8.876089e+00 -5.950900e+00 2.392746e+00 1.035984e+01 1.066932e+00 -8.139886e+00 4.181401e-01 4.777612e+00 5.412238e+01
<VARIANCE> 13
 2.639577e+01 3.817197e+01 4.236043e+01 1.151753e+02 8.252982e+01 6.724155e+01 3.617661e+01 4.937302e+01 6.433195e+01 9.589405e+01 1.657667e+02 1.183923e+02 2.430787e+01
<GCONST> 7.721233e+01
<MIXTURE> 3 1.303049e-01
<MEAN> 13
 -1.609196e+01 -7.181705e+00 6.019969e+00 -5.564867e+00 8.876089e+00 -5.950900e+00 2.392746e+00 1.035984e+01 1.066932e+00 -8.139886e+00 4.181401e-01 4.777612e+00 5.412238e+01
<VARIANCE> 13
 2.639577e+01 3.817197e+01 4.236043e+01 1.151753e+02 8.252982e+01 6.724155e+01 3.617661e+01 4.937302e+01 6.433195e+01 9.589405e+01 1.657667e+02 1.183923e+02 2.430787e+01
<GCONST> 7.721233e+01
<MIXTURE> 4 1.479789e-01
<MEAN> 13
 -1.496298e+01 -1.025216e+01 5.976125e+00 -7.277458e+00 5.477979e+00 9.681225e-01 -4.482719e-01 1.956633e+00 -2.631826e+00 -3.014277e+00 -1.949641e+00 -3.118124e-01 5.756286e+01
<VARIANCE> 13
 8.262762e+01 2.566744e+01 5.542119e+01 2.204692e+01 9.268860e+01 3.953617e+01 4.994727e+01 5.531411e+01 4.770693e+01 9.011807e+01 2.079667e+01 7.948451e+01 4.283337e+01
<GCONST> 7.432444e+01
<STATE> 3
<NUMMIXES> 4
<MIXTURE> 1 4.361677e-01
<MEAN> 13
 -2.451059e+01 3.133951e+00 5.339493e-01 -5.589950e+00 -4.262715e+00 1.447033e+01 1.846922e+00 -3.628330e+00 8.956841e+00 -4.273984e+00 -3.774132e+00 5.959711e+00 6.230275e+01
<VARIANCE> 13
 1.092589e+01 5.896389e+00 1.055411e+01 1.028868e+01 1.432073e+01 2.296112e+01 2.399959e+01 1.988968e+01 2.005720e+01 1.918532e+01 1.722623e+01 1.763420e+01 6.532008e+00
<GCONST> 5.825490e+01
<MIXTURE> 2 2.273084e-01
<MEAN> 13
 -1.355303e+01 1.694137e+00 -2.853401e+00 -4.950046e+00 -1.984290e+00 1.221787e+01 9.912223e-01 -2.896215e+00 7.174450e+00 -2.016912e+00 -2.038707e+00 4.688790e+00 5.531169e+01
<VARIANCE> 13
 1.851712e+01 8.339705e+00 9.300916e+00 9.735989e+00 1.313890e+01 2.070579e+01 1.932658e+01 1.719065e+01 2.047116e+01 1.658508e+01 1.617083e+01 1.678584e+01 5.378640e+00
<GCONST> 5.796360e+01
<MIXTURE> 3 2.273084e-01
<MEAN> 13
 -1.355303e+01 1.694137e+00 -2.853401e+00 -4.950046e+00 -1.984290e+00 1.221787e+01 9.912223e-01 -2.896215e+00 7.174450e+00 -2.016912e+00 -2.038707e+00 4.688790e+00 5.531169e+01
<VARIANCE> 13
 1.851712e+01 8.339705e+00 9.300916e+00 9.735989e+00 1.313890e+01 2.070579e+01 1.932658e+01 1.719065e+01 2.047116e+01 1.658508e+01 1.617083e+01 1.678584e+01 5.378640e+00
<GCONST> 5.796360e+01
<MIXTURE> 4 1.092643e-01
<MEAN> 13
 -1.764488e+01 4.278161e+00 -2.514609e+00 -5.739483e+00 -6.516956e+00 6.409971e+00 -2.943103e+00 -8.680011e+00 2.833088e+00 -4.474176e+00 -4.029667e+00 5.444104e+00 6.071805e+01
<VARIANCE> 13
 4.928535e+01 1.672700e+01 2.142203e+01 2.188121e+01 1.896463e+01 3.377314e+01 3.941419e+01 2.831786e+01 2.278928e+01 2.688265e+01 2.587659e+01 2.223127e+01 1.962174e+01
<GCONST> 6.598621e+01
<STATE> 4
<NUMMIXES> 4
<MIXTURE> 1 2.635917e-01
<MEAN> 13
 -1.155921e+01 1.699957e+00 5.489000e+00 -3.771704e+00 -2.930460e+00 6.382005e+00 2.611044e+00 -2.601942e+00 3.065390e+00 2.256447e+00 -5.624314e+00 1.990094e+00 4.863074e+01
<VARIANCE> 13
 3.450545e+01 1.037840e+01 2.107351e+01 1.439854e+01 1.929580e+01 3.435135e+01 2.155997e+01 3.120983e+01 3.012795e+01 2.464460e+01 2.905647e+01 2.176039e+01 1.594925e+01
<GCONST> 6.432524e+01
<MIXTURE> 2 2.716922e-01
<MEAN> 13
 -2.494837e+01 1.116308e+00 5.682570e+00 -2.048297e+00 -5.948986e+00 1.099988e+01 2.840827e+00 -5.292038e+00 2.445320e+00 5.306217e+00 -1.138072e+01 3.934896e+00 5.906070e+01
<VARIANCE> 13
 1.521095e+01 7.669604e+00 1.297633e+01 1.662784e+01 2.237065e+01 2.638529e+01 2.328661e+01 3.746543e+01 2.992728e+01 2.999798e+01 1.993317e+01 1.991348e+01 1.846015e+01
<GCONST> 6.287704e+01
<MIXTURE> 3 2.716922e-01
<MEAN> 13
 -2.494837e+01 1.116308e+00 5.682570e+00 -2.048297e+00 -5.948986e+00 1.099988e+01 2.840827e+00 -5.292038e+00 2.445320e+00 5.306217e+00 -1.138072e+01 3.934896e+00 5.906070e+01
<VARIANCE> 13
 1.521095e+01 7.669604e+00 1.297633e+01 1.662784e+01 2.237065e+01 2.638529e+01 2.328661e+01 3.746543e+01 2.992728e+01 2.999798e+01 1.993317e+01 1.991348e+01 1.846015e+01
<GCONST> 6.287704e+01
<MIXTURE> 4 1.929462e-01
<MEAN> 13
 -2.035965e+01 1.779524e-01 8.689318e+00 -5.189213e+00 -1.104385e+01 1.069792e+01 -3.289358e+00 -1.372517e+01 3.754374e+00 3.044499e+00 -1.534780e+01 9.293156e+00 5.908773e+01
<VARIANCE> 13
 4.074798e+01 1.075076e+01 1.415247e+01 1.229865e+01 1.781428e+01 4.100822e+01 2.060037e+01 2.884161e+01 4.957130e+01 2.168456e+01 2.980125e+01 3.994054e+01 4.419696e+01
<GCONST> 6.596568e+01
<TRANSP> 5
 0.000000e+00 1.000000e+00 0.000000e+00 0.000000e+00 0.000000e+00
 0.000000e+00 9.828083e-01 1.719168e-02 0.000000e+00 0.000000e+00
 0.000000e+00 0.000000e+00 9.886379e-01 1.136206e-02 0.000000e+00
 0.000000e+00 0.000000e+00 0.000000e+00 9.944740e-01 5.526000e-03
 0.000000e+00 0.000000e+00 0.000000e+00 0.000000e+00 0.000000e+00
<ENDHMM>
~h "cm"
<BEGINHMM>
<NUMSTATES> 5
<STATE> 2
<NUMMIXES> 4
<MIXTURE> 1 3.215233e-01
<MEAN> 13
 -1.370452e+01 -6.521246e-01 -2.792545e+00 -4.958082e+00 -7.342188e-02 1.210469e+00 -2.345716e-01 8.341292e-01 -1.033376e+00 1.526133e+00 3.220688e+00 -2.489824e-01 5.788501e+01
<VARIANCE> 13
 7.625983e+00 1.090476e+01 1.195882e+01 1.270024e+01 1.440203e+01 1.616205e+01 1.872483e+01 1.554274e+01 1.529608e+01 1.336429e+01 1.605627e+01 1.480292e+01 1.319902e+01
<GCONST> 5.783099e+01
<MIXTURE> 2 2.051183e-01
<MEAN> 13
 -7.390809e+00 1.146826e+00 -1.372880e+00 -2.218936e+00 8.472070e-01 -3.204253e-02 -2.453747e+00 -2.864135e+00 -4.715217e+00 -2.540956e+00 -7.063707e-01 -2.555701e+00 6.124984e+01
<VARIANCE> 13
 2.098617e+01 1.092309e+01 9.719766e+00 1.013416e+01 1.141721e+01 1.170078e+01 1.410497e+01 1.576607e+01 1.550048e+01 1.457311e+01 1.460118e+01 1.388359e+01 3.597023e+01
<GCONST> 5.853094e+01
<MIXTURE> 3 2.051159e-01
<MEAN> 13
 -7.390842e+00 1.146803e+00 -1.372882e+00 -2.218936e+00 8.472075e-01 -3.205532e-02 -2.453766e+00 -2.864167e+00 -4.715238e+00 -2.540946e+00 -7.063482e-01 -2.555673e+00 6.124984e+01
<VARIANCE> 13
 2.098631e+01 1.092320e+01 9.719839e+00 1.013423e+01 1.141727e+01 1.170083e+01 1.410511e+01 1.576615e+01 1.550057e+01 1.457321e+01 1.460137e+01 1.388376e+01 3.597032e+01
<GCONST> 5.853102e+01
<MIXTURE> 4 2.681644e-01
<MEAN> 13
 -6.207757e+00 -9.821237e-01 -4.427208e+00 -5.536663e+00 -2.963043e+00 -3.203002e+00 -4.462839e+00 -3.468678e+00 -4.868375e+00 -2.950890e+00 -2.370556e+00 -2.943405e+00 7.103068e+01
<VARIANCE> 13
 8.126508e+00 1.040534e+01 1.065924e+01 1.181015e+01 1.084847e+01 1.128220e+01 1.386131e+01 1.687492e+01 1.735797e+01 1.512956e+01 1.451330e+01 1.279638e+01 3.659565e+01
<GCONST> 5.782228e+01
<STATE> 3
<NUMMIXES> 4
<MIXTURE> 1 2.529104e-01
<MEAN> 13
 -7.759878e+00 2.033259e+00 -1.066333e+00 -2.202002e+00 4.805473e-01 2.167771e+00 5.548653e+00 4.757259e+00 3.088706e+00 2.304919e+00 8.054917e-01 -2.771285e+00 4.739774e+01
<VARIANCE> 13
 6.441410e+00 3.993706e+00 6.653111e+00 9.157598e+00 1.084190e+01 1.104273e+01 9.584642e+00 1.066189e+01 1.093335e+01 1.261308e+01 1.383195e+01 1.306265e+01 4.111010e+00
<GCONST> 5.219852e+01
<MIXTURE> 2 2.358053e-01
<MEAN> 13
 -7.636041e+00 2.734844e+00 2.642278e-01 -1.240730e+00 7.065786e-01 5.043824e-01 1.609111e+00 1.445658e-01 -1.317977e+00 -6.093324e-01 1.290671e-01 -2.457744e+00 4.791365e+01
<VARIANCE> 13
 7.566556e+00 5.238710e+00 7.241956e+00 8.566879e+00 1.091275e+01 1.059035e+01 1.087287e+01 1.164397e+01 1.258352e+01 1.366317e+01 1.296901e+01 1.232533e+01 5.363809e+00
<GCONST> 5.319193e+01
<MIXTURE> 3 2.358027e-01
<MEAN> 13
 -7.636029e+00 2.734845e+00 2.642220e-01 -1.240739e+00 7.065666e-01 5.043771e-01 1.609112e+00 1.445704e-01 -1.317970e+00 -6.093256e-01 1.290659e-01 -2.457749e+00 4.791363e+01
<VARIANCE> 13
 7.566465e+00 5.238669e+00 7.241947e+00 8.566861e+00 1.091277e+01 1.059037e+01 1.087285e+01 1.164397e+01 1.258351e+01 1.366312e+01 1.296903e+01 1.232533e+01 5.363736e+00
<GCONST> 5.319189e+01
<MIXTURE> 4 2.754537e-01
<MEAN> 13
 -8.420192e+00 -3.908088e-01 -1.083582e+00 -4.331330e+00 -2.816254e+00 -3.514830e+00 -6.831855e-01 -1.843489e-01 2.653993e-01 8.746701e-01 9.663433e-01 -2.009007e+00 5.272237e+01
<VARIANCE> 13
 1.347171e+01 1.843014e+01 1.333358e+01 1.812765e+01 1.623247e+01 1.681869e+01 1.886670e+01 2.390856e+01 1.993730e+01 1.697650e+01 1.698693e+01 1.546181e+01 1.544044e+01
<GCONST> 6.074807e+01
<STATE> 4
<NUMMIXES> 4
<MIXTURE> 1 3.556727e-01
<MEAN> 13
 -3.954206e+00 -3.499426e+00 -3.955414e+00 -2.872072e+00 2.535743e+00 5.295081e+00 5.928319e+00 1.755895e+00 -2.716230e-01 1.263547e+00 1.161883e+00 -2.596212e+00 5.028224e+01
<VARIANCE> 13
 4.183444e+00 4.487590e+00 4.835111e+00 5.827380e+00 7.300477e+00 8.102920e+00 9.778155e+00 1.211128e+01 1.249845e+01 1.243089e+01 1.214206e+01 1.108945e+01 1.629229e+00
<GCONST> 4.945434e+01
<MIXTURE> 2 2.262561e-01
<MEAN> 13
 -5.142730e+00 -2.909157e+00 -4.157650e+00 -4.486500e+00 -8.898067e-01 9.840586e-01 2.209838e+00 -2.288143e-01 -8.672386e-01 9.020984e-01 1.005659e+00 -2.823582e+00 5.262664e+01
<VARIANCE> 13
 7.894739e+00 9.085427e+00 8.723117e+00 1.027229e+01 1.209793e+01 1.092222e+01 1.298574e+01 1.636938e+01 1.691330e+01 1.655799e+01 1.672648e+01 1.534070e+01 4.516119e+00
<GCONST> 5.559392e+01
<MIXTURE> 3 2.262561e-01
<MEAN> 13
 -5.142730e+00 -2.909157e+00 -4.157650e+00 -4.486500e+00 -8.898067e-01 9.840586e-01 2.209838e+00 -2.288143e-01 -8.672386e-01 9.020984e-01 1.005659e+00 -2.823582e+00 5.262664e+01
<VARIANCE> 13
 7.894739e+00 9.085427e+00 8.723117e+00 1.027229e+01 1.209793e+01 1.092222e+01 1.298574e+01 1.636938e+01 1.691330e+01 1.655799e+01 1.672648e+01 1.534070e+01 4.516119e+00
<GCONST> 5.559392e+01
<MIXTURE> 4 1.918757e-01
<MEAN> 13
 -9.064487e+00 -4.836164e+00 -1.310281e+00 -7.978975e+00 -2.892797e+00 -3.681198e+00 2.141787e-01 -7.438346e-02 -6.553071e-01 -5.370763e-01 8.578990e-01 -2.296218e+00 6.012223e+01
<VARIANCE> 13
 2.019570e+01 2.107709e+01 1.816021e+01 2.133534e+01 2.575361e+01 2.305542e+01 2.221748e+01 2.236893e+01 2.117175e+01 2.018483e+01 1.703047e+01 1.700427e+01 3.016302e+01
<GCONST> 6.363337e+01
<TRANSP> 5
 0.000000e+00 1.000000e+00 0.000000e+00 0.000000e+00 0.000000e+00
 0.000000e+00 9.903727e-01 9.627278e-03 0.000000e+00 0.000000e+00
 0.000000e+00 0.000000e+00 9.855305e-01 1.446956e-02 0.000000e+00
 0.000000e+00 0.000000e+00 0.000000e+00 9.925666e-01 7.433386e-03
 0.000000e+00 0.000000e+00 0.000000e+00 0.000000e+00 0.000000e+00
<ENDHMM>
~h "co"
<BEGINHMM>
<NUMSTATES> 5
<STATE> 2
<NUMMIXES> 4
<MIXTURE> 1 1.704060e-01
<MEAN> 13
 -3.396250e+00 -4.346723e+00 -2.654887e+00 -2.262340e+00 1.098567e+00 3.385144e+00 3.782723e+00 1.630772e+00 7.407864e-01 7.573490e-01 5.067013e-01 -3.330067e+00 4.998014e+01
<VARIANCE> 13
 4.269683e+00 7.774360e+00 1.220173e+01 1.214400e+01 1.180465e+01 1.607834e+01 1.617968e+01 1.622290e+01 1.564365e+01 1.834956e+01 1.632998e+01 1.412700e+01 4.134476e+00
<GCONST> 5.572945e+01
<MIXTURE> 2 2.514283e-01
<MEAN> 13
 -5.967755e+00 -5.936303e+00 2.905715e+00 6.675399e-01 -5.292092e+00 -5.323274e+00 -5.234753e+00 -7.066605e+00 -4.369034e+00 -3.502355e+00 -3.420001e+00 -8.065359e+00 6.332341e+01
<VARIANCE> 13
 2.261196e+01 1.577461e+01 1.955313e+01 2.544472e+01 3.253128e+01 3.275276e+01 5.524107e+01 5.693730e+01 3.775891e+01 3.731495e+01 3.503717e+01 3.096383e+01 4.289323e+01
<GCONST> 6.900233e+01
<MIXTURE> 3 2.514316e-01
<MEAN> 13
 -5.967396e+00 -5.936598e+00 2.905774e+00 6.677325e-01 -5.292478e+00 -5.323064e+00 -5.235227e+00 -7.066391e+00 -4.368740e+00 -3.502167e+00 -3.420183e+00 -8.065574e+00 6.332312e+01
<VARIANCE> 13
 2.261135e+01 1.577728e+01 1.955500e+01 2.544684e+01 3.253763e+01 3.275512e+01 5.524369e+01 5.694032e+01 3.776296e+01 3.731763e+01 3.503863e+01 3.096436e+01 4.289201e+01
<GCONST> 6.900323e+01
<MIXTURE> 4 3.266942e-01
<MEAN> 13
 -6.455425e+00 -7.046827e+00 -2.603621e+00 -3.127308e+00 -1.062254e+01 -9.028504e+00 -8.717170e+00 -5.665010e+00 -3.735822e+00 -6.273009e+00 -5.942023e+00 -1.115945e+01 7.113970e+01
<VARIANCE> 13
 8.571582e+00 1.312700e+01 2.097868e+01 2.154020e+01 3.703685e+01 3.844596e+01 4.825254e+01 5.811735e+01 5.399818e+01 4.545025e+01 4.157575e+01 4.163446e+01 1.841144e+01
<GCONST> 6.810402e+01
<STATE> 3
<NUMMIXES> 4
<MIXTURE> 1 3.682428e-01
<MEAN> 13
 -4.103972e+00 2.908920e+00 2.621802e+00 8.393047e-01 2.474484e+00 2.463539e+00 2.724066e+00 1.921463e+00 -2.333177e+00 -1.257650e+00 -1.445534e+00 -4.831957e+00 4.447137e+01
<VARIANCE> 13
 3.452494e+00 5.153574e+00 8.803377e+00 8.557524e+00 1.317848e+01 1.139386e+01 1.299449e+01 1.136653e+01 1.292473e+01 1.434555e+01 1.415888e+01 1.456429e+01 1.989701e+00
<GCONST> 5.233948e+01
<MIXTURE> 2 1.257681e-01
<MEAN> 13
 -2.205034e+00 3.335654e+00 5.613038e+00 3.347507e+00 3.481631e+00 -4.226145e-01 -2.228562e+00 -3.908812e+00 -6.611372e+00 -4.646868e+00 -3.916836e+00 -7.345056e+00 4.703563e+01
<VARIANCE> 13
 6.828772e+00 8.031420e+00 1.029440e+01 1.231020e+01 1.469975e+01 1.369220e+01 1.504832e+01 1.482495e+01 1.598729e+01 1.545469e+01 1.632688e+01 1.775601e+01 7.549559e+00
<GCONST> 5.665190e+01
<MIXTURE> 3 1.257690e-01
<MEAN> 13
 -2.205016e+00 3.335627e+00 5.612918e+00 3.347361e+00 3.481493e+00 -4.227059e-01 -2.228630e+00 -3.908797e+00 -6.611305e+00 -4.646769e+00 -3.916737e+00 -7.344960e+00 4.703558e+01
<VARIANCE> 13
 6.828391e+00 8.031460e+00 1.029402e+01 1.230999e+01 1.469971e+01 1.369213e+01 1.504817e+01 1.482472e+01 1.598713e+01 1.545471e+01 1.632690e+01 1.775603e+01 7.549461e+00
<GCONST> 5.665175e+01
<MIXTURE> 4 3.802163e-01
<MEAN> 13
 -1.947027e+00 -2.217313e+00 4.793736e+00 2.662558e+00 1.209919e+00 -3.727288e+00 -5.703293e+00 -6.734434e+00 -5.247015e+00 -4.965162e+00 -3.965779e+00 -7.626227e+00 5.594221e+01
<VARIANCE> 13
 1.097608e+01 7.812928e+00 1.610881e+01 2.632240e+01 2.102386e+01 2.642809e+01 2.803741e+01 2.805085e+01 3.005608e+01 3.085764e+01 2.701418e+01 2.216079e+01 2.413573e+01
<GCONST> 6.379216e+01
<STATE> 4
<NUMMIXES> 4
<MIXTURE> 1 2.673649e-01
<MEAN> 13
 -5.021045e+00 6.311127e-01 -1.498950e+00 -2.476376e-01 -9.005111e-02 2.922882e+00 5.278798e+00 3.752301e+00 2.049380e+00 2.354348e+00 1.073119e+00 -1.818332e+00 4.558196e+01
<VARIANCE> 13
 3.055143e+00 7.151693e+00 5.703312e+00 7.851438e+00 9.325431e+00 1.202879e+01 1.092692e+01 1.126761e+01 1.128326e+01 1.307981e+01 1.176446e+01 1.154086e+01 5.105387e+00
<GCONST> 5.184719e+01
<MIXTURE> 2 2.487574e-01
<MEAN> 13
 -3.285099e+00 -4.537552e+00 -3.796586e+00 -3.076581e+00 2.197817e+00 4.596051e+00 4.880909e+00 7.778018e-01 -1.359658e+00 8.502687e-01 1.054211e+00 -2.772912e+00 4.940262e+01
<VARIANCE> 13
 2.960377e+00 5.761607e+00 5.255996e+00 6.910729e+00 8.570007e+00 9.713714e+00 1.003227e+01 1.110168e+01 1.092330e+01 1.245277e+01 1.217755e+01 1.120482e+01 2.518232e+00
<GCONST> 5.020843e+01
<MIXTURE> 3 2.487545e-01
<MEAN> 13
 -3.285110e+00 -4.537524e+00 -3.796574e+00 -3.076567e+00 2.197791e+00 4.596021e+00 4.880884e+00 7.777899e-01 -1.359666e+00 8.502558e-01 1.054200e+00 -2.772907e+00 4.940260e+01
<VARIANCE> 13
 2.960378e+00 5.761734e+00 5.255999e+00 6.910776e+00 8.570031e+00 9.713682e+00 1.003222e+01 1.110163e+01 1.092324e+01 1.245271e+01 1.217752e+01 1.120476e+01 2.518327e+00
<GCONST> 5.020847e+01
<MIXTURE> 4 2.351029e-01
<MEAN> 13
 -5.677289e+00 -2.865978e+00 -2.808896e+00 -2.951264e+00 -7.678688e-01 1.726750e+00 1.666593e+00 -1.373602e+00 -7.615249e-01 2.394900e-01 -2.575120e-01 -2.226444e+00 5.051427e+01
<VARIANCE> 13
 1.945709e+01 1.820839e+01 1.180252e+01 1.178731e+01 1.537272e+01 2.294318e+01 1.458846e+01 1.935007e+01 2.567529e+01 2.090121e+01 1.768231e+01 2.179118e+01 1.049244e+01
<GCONST> 6.079643e+01
<TRANSP> 5
 0.000000e+00 1.000000e+00 0.000000e+00 0.000000e+00 0.000000e+00
 0.000000e+00 9.911317e-01 8.868339e-03 0.000000e+00 0.000000e+00
 0.000000e+00 0.000000e+00 9.783441e-01 2.165589e-02 0.000000e+00
 0.000000e+00 0.000000e+00 0.000000e+00 9.907979e-01 9.202094e-03
 0.000000e+00 0.000000e+00 0.000000e+00 0.000000e+00 0.000000e+00
<ENDHMM>
~h "ds"
<BEGINHMM>
<NUMSTATES> 5
<STATE> 2
<NUMMIXES> 4
<MIXTURE> 1 1.372690e-01
<MEAN> 13
 -8.665330e+00 5.075015e+00 6.576709e+00 6.311327e+00 7.179722e+00 3.277816e+00 7.069129e+00 -5.305566e-01 2.473758e+00 2.615651e-01 2.612743e+00 -3.621674e-02 6.370431e+01
<VARIANCE> 13
 1.266310e+01 8.647498e+00 9.083526e+00 7.291261e+00 1.087452e+01 1.276943e+01 1.329774e+01 1.553805e+01 1.576473e+01 1.531636e+01 1.496236e+01 1.328820e+01 8.831079e+01
<GCONST> 5.830584e+01
<MIXTURE> 2 2.892255e-01
<MEAN> 13
 -9.485541e+00 1.183429e+00 1.898044e+00 4.672329e-01 2.660357e+00 7.722874e-01 2.796626e+00 -8.188369e-01 4.497931e-01 -1.736225e-01 1.950763e+00 -1.763213e+00 5.259526e+01
<VARIANCE> 13
 1.149457e+01 7.369066e+00 9.271795e+00 9.551120e+00 1.342285e+01 1.901462e+01 2.086983e+01 1.932196e+01 2.508198e+01 2.409467e+01 1.719830e+01 1.610498e+01 1.798129e+01
<GCONST> 5.927433e+01
<MIXTURE> 3 2.892248e-01
<MEAN> 13
 -9.485909e+00 1.183538e+00 1.898853e+00 4.667334e-01 2.659941e+00 7.738748e-01 2.795295e+00 -8.190422e-01 4.514342e-01 -1.754997e-01 1.951706e+00 -1.762536e+00 5.259521e+01
<VARIANCE> 13
 1.149480e+01 7.369530e+00 9.276150e+00 9.552822e+00 1.342648e+01 1.903545e+01 2.088568e+01 1.932434e+01 2.510666e+01 2.412813e+01 1.720629e+01 1.610910e+01 1.797922e+01
<GCONST> 5.928028e+01
<MIXTURE> 4 2.839131e-01
<MEAN> 13
 -1.341194e+01 -5.709553e-01 -8.430303e-01 -1.664735e+00 -1.103278e+00 -2.646746e+00 2.389280e+00 -2.294643e+00 4.775335e-01 1.239051e+00 3.772766e+00 -5.138049e-01 6.224132e+01
<VARIANCE> 13
 2.270437e+01 1.268429e+01 1.290628e+01 1.656768e+01 2.143116e+01 1.846097e+01 2.928533e+01 2.909090e+01 2.583896e+01 2.274471e+01 2.017669e+01 2.000102e+01 8.140430e+01
<GCONST> 6.442447e+01
<STATE> 3
<NUMMIXES> 4
<MIXTURE> 1 2.602756e-01
<MEAN> 13
 -4.361522e+00 3.956912e+00 4.896672e+00 3.285470e+00 6.587351e+00 6.199621e+00 6.949502e+00 2.993990e+00 1.630604e+00 8.041325e-01 9.572997e-01 -2.269360e+00 4.911201e+01
<VARIANCE> 13
 6.608258e+00 8.007652e+00 1.677195e+01 8.807599e+00 1.196175e+01 1.137915e+01 1.352648e+01 1.509636e+01 1.426827e+01 1.407195e+01 1.470221e+01 1.232559e+01 1.497132e+01
<GCONST> 5.629707e+01
<MIXTURE> 2 2.182854e-01
<MEAN> 13
 -4.703275e+00 2.151121e+00 -5.362357e-01 -1.060986e+00 -1.081757e+00 2.388730e+00 3.722691e+00 2.040487e+00 8.952767e-01 2.028388e+00 1.276574e+00 -2.210405e+00 4.552218e+01
<VARIANCE> 13
 3.548447e+00 2.882502e+00 5.955057e+00 6.266372e+00 9.671555e+00 1.021634e+01 1.213049e+01 1.355229e+01 1.339872e+01 1.276418e+01 1.198786e+01 1.111452e+01 3.286726e+00
<GCONST> 5.075631e+01
<MIXTURE> 3 2.182859e-01
<MEAN> 13
 -4.703272e+00 2.151118e+00 -5.362363e-01 -1.060989e+00 -1.081768e+00 2.388726e+00 3.722687e+00 2.040486e+00 8.952818e-01 2.028398e+00 1.276581e+00 -2.210401e+00 4.552218e+01
<VARIANCE> 13
 3.548446e+00 2.882507e+00 5.955058e+00 6.266372e+00 9.671578e+00 1.021637e+01 1.213051e+01 1.355232e+01 1.339878e+01 1.276424e+01 1.198790e+01 1.111453e+01 3.286726e+00
<GCONST> 5.075633e+01
<MIXTURE> 4 3.031598e-01
<MEAN> 13
 -4.595800e+00 3.296069e-01 -1.183400e+00 -4.023546e+00 -4.968876e+00 8.437284e-01 3.179660e+00 8.591701e-01 2.342008e+00 3.907048e+00 -1.327629e-01 -3.734202e+00 4.777264e+01
<VARIANCE> 13
 9.316721e+00 8.011086e+00 1.546208e+01 1.303942e+01 1.822185e+01 2.121037e+01 2.326855e+01 2.913640e+01 2.318595e+01 2.691824e+01 2.835318e+01 1.845429e+01 6.371996e+00
<GCONST> 6.053591e+01
<STATE> 4
<NUMMIXES> 4
<MIXTURE> 1 1.978124e-01
<MEAN> 13
 -1.914437e+01 1.269748e-01 3.314068e-01 -4.275586e+00 -7.579906e-01 6.938713e+00 3.720400e+00 1.631163e+00 -9.019704e-02 5.376194e-02 2.345606e+00 -1.097506e+00 5.943127e+01
<VARIANCE> 13
 3.183221e+01 8.741669e+00 1.521081e+01 1.403409e+01 1.598185e+01 2.460484e+01 1.915537e+01 1.842601e+01 1.566217e+01 1.752952e+01 1.618727e+01 1.360101e+01 9.479411e+00
<GCONST> 5.998385e+01
<MIXTURE> 2 2.923234e-01
<MEAN> 13
 -4.829669e+00 -2.962183e+00 -3.668192e+00 -2.919992e+00 1.612317e+00 3.024401e+00 4.553543e+00 4.393623e-01 -2.958905e-01 1.369726e+00 1.702860e+00 -2.364516e+00 5.197689e+01
<VARIANCE> 13
 5.973807e+00 5.929265e+00 6.993627e+00 8.381890e+00 1.155956e+01 1.350329e+01 1.359473e+01 1.510407e+01 1.496218e+01 1.477857e+01 1.369920e+01 1.251967e+01 4.508006e+00
<GCONST> 5.395505e+01
<MIXTURE> 3 2.923234e-01
<MEAN> 13
 -4.829669e+00 -2.962183e+00 -3.668192e+00 -2.919992e+00 1.612317e+00 3.024401e+00 4.553543e+00 4.393623e-01 -2.958905e-01 1.369726e+00 1.702860e+00 -2.364516e+00 5.197689e+01
<VARIANCE> 13
 5.973807e+00 5.929265e+00 6.993627e+00 8.381890e+00 1.155956e+01 1.350329e+01 1.359473e+01 1.510407e+01 1.496218e+01 1.477857e+01 1.369920e+01 1.251967e+01 4.508006e+00
<GCONST> 5.395505e+01
<MIXTURE> 4 2.173613e-01
<MEAN> 13
 -9.784978e+00 -5.087354e+00 -2.261230e+00 -4.881895e+00 -2.318996e+00 -3.153618e+00 -2.071575e-01 -1.409678e+00 -1.385163e+00 -2.333770e-01 1.197908e+00 -1.655862e+00 6.100677e+01
<VARIANCE> 13
 3.776434e+01 2.060719e+01 1.471160e+01 2.553858e+01 1.883206e+01 2.084019e+01 2.768848e+01 2.621804e+01 2.355144e+01 2.143734e+01 1.999822e+01 1.741224e+01 5.085635e+01
<GCONST> 6.504429e+01
<TRANSP> 5
 0.000000e+00 1.000000e+00 0.000000e+00 0.000000e+00 0.000000e+00
 0.000000e+00 9.953690e-01 4.631058e-03 0.000000e+00 0.000000e+00
 0.000000e+00 0.000000e+00 9.835519e-01 1.644810e-02 0.000000e+00
 0.000000e+00 0.000000e+00 0.000000e+00 9.911148e-01 8.885208e-03
 0.000000e+00 0.000000e+00 0.000000e+00 0.000000e+00 0.000000e+00
<ENDHMM>
~h "kj"
<BEGINHMM>
<NUMSTATES> 5
<STATE> 2
<NUMMIXES> 4
<MIXTURE> 1 2.874562e-01
<MEAN> 13
 -1.944226e+01 4.560775e+00 4.317456e+00 -5.765550e+00 -5.238809e+00 1.347447e+01 -2.355334e-01 -3.028725e+00 1.078446e+01 -3.410185e+00 -4.406302e+00 6.899006e+00 5.469025e+01
<VARIANCE> 13
 1.238483e+01 5.365566e+00 1.388279e+01 9.809189e+00 1.249564e+01 1.843798e+01 1.826135e+01 1.704090e+01 1.657349e+01 1.867476e+01 1.631382e+01 1.252453e+01 7.835852e+00
<GCONST> 5.729643e+01
<MIXTURE> 2 2.573003e-01
<MEAN> 13
 -2.672468e+01 3.282644e+00 2.847643e+00 -4.809255e+00 -5.373861e+00 1.288988e+01 9.637707e-01 -2.710889e+00 7.564897e+00 -4.891355e+00 -4.820970e+00 6.377647e+00 6.127289e+01
<VARIANCE> 13
 7.557021e+00 6.673627e+00 1.359042e+01 1.323957e+01 1.533338e+01 3.598552e+01 2.513422e+01 1.948560e+01 2.274377e+01 1.861788e+01 2.085855e+01 2.324434e+01 7.940229e+00
<GCONST> 5.981685e+01
<MIXTURE> 3 2.573003e-01
<MEAN> 13
 -2.672468e+01 3.282644e+00 2.847643e+00 -4.809255e+00 -5.373861e+00 1.288988e+01 9.637707e-01 -2.710889e+00 7.564897e+00 -4.891355e+00 -4.820970e+00 6.377647e+00 6.127289e+01
<VARIANCE> 13
 7.557021e+00 6.673627e+00 1.359042e+01 1.323957e+01 1.533338e+01 3.598552e+01 2.513422e+01 1.948560e+01 2.274377e+01 1.861788e+01 2.085855e+01 2.324434e+01 7.940229e+00
<GCONST> 5.981685e+01
<MIXTURE> 4 1.979167e-01
<MEAN> 13
 -1.432562e+01 3.939230e+00 1.095578e+00 -6.688152e+00 -7.140985e+00 5.254619e+00 -9.778771e-01 -3.298949e+00 7.077559e+00 -2.926117e+00 -3.907002e+00 2.765452e+00 5.448031e+01
<VARIANCE> 13
 3.940088e+01 1.452866e+01 2.286280e+01 2.833800e+01 2.477015e+01 3.766722e+01 2.842063e+01 2.961085e+01 3.928323e+01 2.652396e+01 1.835188e+01 2.410327e+01 2.889653e+01
<GCONST> 6.669437e+01
<STATE> 3
<NUMMIXES> 4
<MIXTURE> 1 5.149152e-01
<MEAN> 13
 -5.700588e+00 1.129302e+00 -1.803400e+00 -1.619691e+00 -1.587644e+00 2.642235e+00 3.933384e+00 1.566159e+00 8.482135e-01 2.041586e+00 1.777584e-01 -2.438761e+00 4.674113e+01
<VARIANCE> 13
 6.844992e+00 8.090364e+00 8.048425e+00 9.276217e+00 1.617563e+01 1.505007e+01 1.380835e+01 1.473575e+01 1.674619e+01 1.466451e+01 1.428164e+01 1.425254e+01 5.223989e+00
<GCONST> 5.550274e+01
<MIXTURE> 2 1.842901e-01
<MEAN> 13
 -1.402266e+01 4.342378e+00 -8.569863e-02 -2.714562e+00 -1.459043e+00 3.538105e+00 -3.300192e-01 2.494541e+00 1.337746e+00 -1.191620e+00 1.217695e+00 1.593164e-01 5.242528e+01
<VARIANCE> 13
 3.384124e+01 2.009488e+01 1.109976e+01 1.332253e+01 2.087124e+01 2.819672e+01 2.371577e+01 2.819823e+01 2.093777e+01 1.838105e+01 1.976211e+01 1.752442e+01 8.346830e+00
<GCONST> 6.221602e+01
<MIXTURE> 3 1.843008e-01
<MEAN> 13
 -1.402283e+01 4.342482e+00 -8.566510e-02 -2.714549e+00 -1.458984e+00 3.538187e+00 -3.300568e-01 2.494657e+00 1.337734e+00 -1.191672e+00 1.217745e+00 1.593108e-01 5.242530e+01
<VARIANCE> 13
 3.383923e+01 2.009358e+01 1.109906e+01 1.332166e+01 2.086934e+01 2.819486e+01 2.371449e+01 2.819664e+01 2.093642e+01 1.838000e+01 1.976090e+01 1.752335e+01 8.346361e+00
<GCONST> 6.221519e+01
<MIXTURE> 4 1.164035e-01
<MEAN> 13
 -1.093612e+01 -7.512152e+00 -5.183963e+00 -2.351715e+00 -2.085261e+00 -3.658719e+00 -7.857113e-01 -3.697273e+00 -3.204338e+00 -7.206827e-01 1.798673e-01 -5.982333e-01 6.106180e+01
<VARIANCE> 13
 3.600205e+01 3.243715e+01 1.792563e+01 2.185078e+01 2.916682e+01 2.456362e+01 2.764131e+01 1.876508e+01 2.494566e+01 2.209505e+01 1.863045e+01 1.460003e+01 7.067087e+01
<GCONST> 6.592727e+01
<STATE> 4
<NUMMIXES> 4
<MIXTURE> 1 2.687796e-01
<MEAN> 13
 -2.135595e+01 7.026221e+00 -4.849988e-01 2.142375e+00 -4.555535e-01 -1.430347e-01 5.419250e+00 2.705885e+00 -6.358246e-01 1.237280e+00 2.687601e-01 -8.727303e-01 5.338243e+01
<VARIANCE> 13
 2.680103e+01 1.052231e+01 1.461757e+01 2.810354e+01 1.769771e+01 1.730935e+01 1.997819e+01 1.720231e+01 1.799100e+01 2.370169e+01 1.642085e+01 1.943261e+01 1.169395e+01
<GCONST> 6.139682e+01
<MIXTURE> 2 2.283601e-01
<MEAN> 13
 -2.454576e+01 1.646336e+00 3.965568e+00 3.462356e+00 -3.290860e+00 -2.593926e-01 8.453310e+00 -5.102835e-01 -4.697697e+00 5.636605e+00 9.259135e-01 -4.384078e+00 5.677061e+01
<VARIANCE> 13
 9.999162e+00 1.029228e+01 8.963510e+00 1.463633e+01 1.455323e+01 1.696956e+01 2.098171e+01 1.759500e+01 1.763619e+01 1.914380e+01 1.822409e+01 1.350051e+01 1.019212e+01
<GCONST> 5.847249e+01
<MIXTURE> 3 2.283612e-01
<MEAN> 13
 -2.454576e+01 1.646352e+00 3.965569e+00 3.462340e+00 -3.290854e+00 -2.593859e-01 8.453291e+00 -5.102793e-01 -4.697692e+00 5.636593e+00 9.259069e-01 -4.384082e+00 5.677061e+01
<VARIANCE> 13
 9.999112e+00 1.029227e+01 8.963511e+00 1.463634e+01 1.455316e+01 1.696948e+01 2.098169e+01 1.759492e+01 1.763615e+01 1.914378e+01 1.822404e+01 1.350048e+01 1.019206e+01
<GCONST> 5.847245e+01
<MIXTURE> 4 2.744829e-01
<MEAN> 13
 -1.398673e+01 -5.855525e+00 -4.122869e+00 -5.645956e-01 -1.862900e+00 -3.996845e+00 -1.144555e+00 -3.021771e+00 -2.514401e+00 1.203277e+00 6.317524e-01 -1.012509e+00 6.056863e+01
<VARIANCE> 13
 2.544151e+01 3.924422e+01 1.906184e+01 1.467909e+01 2.012943e+01 2.093789e+01 1.758356e+01 2.022154e+01 1.866714e+01 1.850349e+01 1.625024e+01 1.374258e+01 7.613680e+01
<GCONST> 6.393602e+01
<TRANSP> 5
 0.000000e+00 1.000000e+00 0.000000e+00 0.000000e+00 0.000000e+00
 0.000000e+00 9.787680e-01 2.123202e-02 0.000000e+00 0.000000e+00
 0.000000e+00 0.000000e+00 9.946154e-01 5.384550e-03 0.000000e+00
 0.000000e+00 0.000000e+00 0.000000e+00 9.948034e-01 5.196628e-03
 0.000000e+00 0.000000e+00 0.000000e+00 0.000000e+00 0.000000e+00
<ENDHMM>
~h "kn"
<BEGINHMM>
<NUMSTATES> 5
<STATE> 2
<NUMMIXES> 4
<MIXTURE> 1 3.955223e-01
<MEAN> 13
 5.459140e+00 2.599581e+00 -3.792695e+00 -1.334777e+00 2.006340e+00 6.743035e-01 5.567848e-01 -2.392591e+00 1.432227e+00 2.260824e+00 2.651451e+00 -6.740434e-01 5.492451e+01
<VARIANCE> 13
 7.351169e+00 1.811098e+01 1.250496e+01 8.223933e+00 9.428434e+00 1.328852e+01 1.149787e+01 1.538324e+01 2.090965e+01 1.323004e+01 1.215486e+01 1.526472e+01 1.992710e+01
<GCONST> 5.726108e+01
<MIXTURE> 2 1.381007e-01
<MEAN> 13
 3.902665e-01 5.217250e+00 1.362550e+00 -2.851782e+00 2.720655e-01 -3.492451e-01 1.683005e+00 -3.506295e+00 -1.129795e+00 1.558285e+00 1.183931e+00 -1.598627e+00 5.188196e+01
<VARIANCE> 13
 1.468860e+01 1.730718e+01 1.327629e+01 1.152262e+01 1.828488e+01 2.658009e+01 4.446536e+01 2.754038e+01 3.102522e+01 3.267192e+01 3.225092e+01 2.696760e+01 6.979387e+01
<GCONST> 6.569254e+01
<MIXTURE> 3 1.380998e-01
<MEAN> 13
 3.901504e-01 5.217130e+00 1.362599e+00 -2.851769e+00 2.719175e-01 -3.491976e-01 1.683165e+00 -3.506414e+00 -1.129777e+00 1.558517e+00 1.183829e+00 -1.598601e+00 5.188187e+01
<VARIANCE> 13
 1.468904e+01 1.730731e+01 1.327651e+01 1.152277e+01 1.828583e+01 2.658068e+01 4.446721e+01 2.754092e+01 3.102495e+01 3.267443e+01 3.225248e+01 2.696766e+01 6.979408e+01
<GCONST> 6.569286e+01
<MIXTURE> 4 3.282783e-01
<MEAN> 13
 5.178737e+00 5.207019e-01 -6.729160e+00 -2.354470e+00 1.900401e+00 -3.181310e+00 -9.394647e-01 -6.482510e+00 -1.142295e-01 -1.606668e+00 9.810780e-01 -2.879642e+00 6.054540e+01
<VARIANCE> 13
 1.220390e+01 2.252184e+01 1.256096e+01 1.165031e+01 1.643544e+01 1.924138e+01 2.140993e+01 2.392569e+01 2.526638e+01 1.999484e+01 1.824619e+01 1.979896e+01 2.149687e+01
<GCONST> 6.167233e+01
<STATE> 3
<NUMMIXES> 4
<MIXTURE> 1 2.792137e-01
<MEAN> 13
 4.313508e+00 -1.455760e+00 -2.141263e+00 2.344638e+00 6.251726e+00 4.891158e-01 4.344777e+00 -1.462810e+00 2.171386e+00 1.303251e+00 3.301898e+00 2.105541e-01 6.271616e+01
<VARIANCE> 13
 1.053335e+01 1.460743e+01 1.028334e+01 1.164244e+01 1.575129e+01 2.210215e+01 1.910555e+01 1.420907e+01 1.460870e+01 1.532688e+01 1.319848e+01 1.374943e+01 2.804267e+01
<GCONST> 5.911617e+01
<MIXTURE> 2 2.448325e-01
<MEAN> 13
 5.967073e+00 1.197212e+00 -5.947912e-01 2.454959e+00 6.708025e+00 1.832363e+00 1.925523e+00 -2.482902e+00 -2.948276e+00 -2.404395e+00 -7.422712e-01 -3.465642e+00 5.519115e+01
<VARIANCE> 13
 9.254527e+00 1.268019e+01 1.272635e+01 9.735835e+00 1.382024e+01 1.863463e+01 1.799735e+01 1.835374e+01 1.640889e+01 1.385806e+01 1.197264e+01 1.264362e+01 2.262004e+01
<GCONST> 5.839355e+01
<MIXTURE> 3 2.448325e-01
<MEAN> 13
 5.967073e+00 1.197212e+00 -5.947912e-01 2.454959e+00 6.708025e+00 1.832363e+00 1.925523e+00 -2.482902e+00 -2.948276e+00 -2.404395e+00 -7.422712e-01 -3.465642e+00 5.519115e+01
<VARIANCE> 13
 9.254527e+00 1.268019e+01 1.272635e+01 9.735835e+00 1.382024e+01 1.863463e+01 1.799735e+01 1.835374e+01 1.640889e+01 1.385806e+01 1.197264e+01 1.264362e+01 2.262004e+01
<GCONST> 5.839355e+01
<MIXTURE> 4 2.311066e-01
<MEAN> 13
 5.735460e+00 -3.962084e+00 -3.473752e+00 1.086612e+00 2.324624e+00 -3.941398e+00 1.335075e+00 -7.033154e+00 -2.250026e+00 -3.253974e+00 1.075165e-01 -2.946247e+00 6.361679e+01
<VARIANCE> 13
 9.748989e+00 2.553802e+01 1.350178e+01 1.167614e+01 1.665370e+01 1.859569e+01 1.916868e+01 2.539180e+01 2.109994e+01 2.197532e+01 1.667932e+01 1.935820e+01 2.507090e+01
<GCONST> 6.153155e+01
<STATE> 4
<NUMMIXES> 4
<MIXTURE> 1 3.242674e-01
<MEAN> 13
 -3.271301e+00 3.635739e+00 3.325269e+00 -1.177200e+00 3.612538e+00 2.582144e+00 6.578691e-01 2.274362e+00 -2.257788e+00 -1.385780e+00 1.934808e-01 -3.132139e+00 4.383547e+01
<VARIANCE> 13
 7.052090e+00 6.596970e+00 7.976766e+00 8.148288e+00 1.725189e+01 1.342379e+01 1.380397e+01 1.587674e+01 1.521304e+01 1.461155e+01 1.447342e+01 1.398447e+01 3.368165e+00
<GCONST> 5.467003e+01
<MIXTURE> 2 2.508317e-01
<MEAN> 13
 -2.127893e+00 -4.988987e+00 -2.099586e+00 -3.731633e+00 -2.824615e-01 2.955866e+00 3.683966e+00 9.671659e-01 -2.103704e-01 1.644768e+00 8.862524e-01 -3.402525e+00 4.965141e+01
<VARIANCE> 13
 2.841986e+00 1.404531e+01 7.849655e+00 9.643346e+00 1.728422e+01 1.755248e+01 2.075172e+01 1.789270e+01 1.655612e+01 1.719066e+01 1.674507e+01 1.444469e+01 6.691047e+00
<GCONST> 5.657827e+01
<MIXTURE> 3 2.508317e-01
<MEAN> 13
 -2.127893e+00 -4.988987e+00 -2.099586e+00 -3.731633e+00 -2.824615e-01 2.955866e+00 3.683966e+00 9.671659e-01 -2.103704e-01 1.644768e+00 8.862524e-01 -3.402525e+00 4.965141e+01
<VARIANCE> 13
 2.841986e+00 1.404531e+01 7.849655e+00 9.643346e+00 1.728422e+01 1.755248e+01 2.075172e+01 1.789270e+01 1.655612e+01 1.719066e+01 1.674507e+01 1.444469e+01 6.691047e+00
<GCONST> 5.657827e+01
<MIXTURE> 4 1.740652e-01
<MEAN> 13
 -5.754352e+00 -1.866453e+00 3.704568e+00 -1.791268e+00 -6.048565e+00 5.204862e-01 4.543256e+00 -7.005410e+00 -2.427405e+00 5.922008e+00 -2.240103e+00 -2.054513e+00 4.763315e+01
<VARIANCE> 13
 5.791858e+00 1.171219e+01 1.686539e+01 9.140945e+00 1.576180e+01 2.746014e+01 5.088417e+01 2.646878e+01 1.811998e+01 4.920535e+01 4.640385e+01 1.875809e+01 1.426875e+01
<GCONST> 6.264346e+01
<TRANSP> 5
 0.000000e+00 1.000000e+00 0.000000e+00 0.000000e+00 0.000000e+00
 0.000000e+00 9.631003e-01 3.689970e-02 0.000000e+00 0.000000e+00
 0.000000e+00 0.000000e+00 9.854736e-01 1.452635e-02 0.000000e+00
 0.000000e+00 0.000000e+00 0.000000e+00 9.904369e-01 9.563046e-03
 0.000000e+00 0.000000e+00 0.000000e+00 0.000000e+00 0.000000e+00
<ENDHMM>
~h "kt"
<BEGINHMM>
<NUMSTATES> 5
<STATE> 2
<NUMMIXES> 4
<MIXTURE> 1 4.083059e-01
<MEAN> 13
 -9.376490e+00 3.617056e+00 -2.554837e+00 4.050352e-01 1.530159e+00 7.284647e-01 4.187111e+00 3.593717e+00 2.028514e+00 7.147367e-01 1.472420e+00 -1.606335e+00 4.802666e+01
<VARIANCE> 13
 4.869303e+00 4.766995e+00 8.205152e+00 9.148336e+00 1.144927e+01 1.177510e+01 1.319410e+01 1.285546e+01 1.309345e+01 1.388153e+01 1.261840e+01 1.168503e+01 5.095417e+00
<GCONST> 5.321733e+01
<MIXTURE> 2 2.077913e-01
<MEAN> 13
 -1.168836e+01 3.353785e+00 -2.948964e+00 1.265821e+00 1.138958e+00 -1.499017e+00 2.211307e+00 2.424341e-01 -1.106757e+00 -1.817930e+00 -5.120105e-01 -2.130338e+00 5.169942e+01
<VARIANCE> 13
 4.854735e+00 6.462145e+00 7.741826e+00 1.021517e+01 1.179956e+01 1.135731e+01 1.355766e+01 1.413897e+01 1.407418e+01 1.555351e+01 1.452579e+01 1.279828e+01 1.162919e+01
<GCONST> 5.493002e+01
<MIXTURE> 3 2.077884e-01
<MEAN> 13
 -1.168836e+01 3.353786e+00 -2.948956e+00 1.265831e+00 1.138969e+00 -1.499010e+00 2.211310e+00 2.424297e-01 -1.106766e+00 -1.817936e+00 -5.120139e-01 -2.130338e+00 5.169942e+01
<VARIANCE> 13
 4.854726e+00 6.462135e+00 7.741819e+00 1.021518e+01 1.179957e+01 1.135733e+01 1.355761e+01 1.413894e+01 1.407417e+01 1.555354e+01 1.452578e+01 1.279823e+01 1.162916e+01
<GCONST> 5.493001e+01
<MIXTURE> 4 1.761400e-01
<MEAN> 13
 -1.426778e+01 2.500583e+00 -4.528265e+00 -8.459555e-01 -1.671791e+00 -4.671142e+00 1.137934e+00 1.266034e+00 2.563498e-01 1.133322e-01 -8.914840e-01 -1.173681e+00 5.635183e+01
<VARIANCE> 13
 6.717504e+00 1.010684e+01 1.018689e+01 1.529185e+01 1.643283e+01 1.972793e+01 2.412999e+01 2.062431e+01 2.263009e+01 2.429956e+01 2.347420e+01 1.644311e+01 1.665473e+01
<GCONST> 6.022825e+01
<STATE> 3
<NUMMIXES> 4
<MIXTURE> 1 2.885948e-01
<MEAN> 13
 -6.113840e+00 1.616033e+00 -8.723562e-01 -1.617288e-01 1.843642e-01 3.051405e+00 5.933607e+00 3.918891e+00 1.896854e+00 2.230353e+00 1.018409e+00 -2.166262e+00 4.540144e+01
<VARIANCE> 13
 4.584064e+00 4.010464e+00 6.139296e+00 7.237858e+00 1.308924e+01 8.614425e+00 1.122840e+01 1.211535e+01 1.158485e+01 1.332244e+01 1.184740e+01 1.128412e+01 2.043988e+00
<GCONST> 5.088563e+01
<MIXTURE> 2 2.274177e-01
<MEAN> 13
 -7.747028e+00 2.836387e+00 -1.163344e+00 -5.456936e-01 -2.065378e-01 1.020088e-01 2.446070e+00 5.915881e-01 -8.257911e-01 -3.337785e-01 -2.735951e-01 -2.255495e+00 4.674990e+01
<VARIANCE> 13
 6.760555e+00 6.380912e+00 8.132902e+00 8.088336e+00 1.290508e+01 1.086718e+01 1.256426e+01 1.337532e+01 1.296092e+01 1.406038e+01 1.357350e+01 1.271096e+01 4.490796e+00
<GCONST> 5.376871e+01
<MIXTURE> 3 2.274208e-01
<MEAN> 13
 -7.747033e+00 2.836389e+00 -1.163347e+00 -5.456946e-01 -2.065310e-01 1.020100e-01 2.446072e+00 5.915915e-01 -8.257878e-01 -3.337788e-01 -2.735960e-01 -2.255493e+00 4.674990e+01
<VARIANCE> 13
 6.760540e+00 6.380900e+00 8.132886e+00 8.088329e+00 1.290506e+01 1.086716e+01 1.256420e+01 1.337532e+01 1.296090e+01 1.406032e+01 1.357347e+01 1.271094e+01 4.490787e+00
<GCONST> 5.376868e+01
<MIXTURE> 4 2.566342e-01
<MEAN> 13
 -8.737781e+00 8.859029e-01 -2.413038e+00 -1.975126e+00 -2.933947e+00 -1.203683e+00 2.859542e+00 -3.242693e-01 1.101322e+00 2.099204e+00 2.972706e-01 -2.173419e+00 5.095606e+01
<VARIANCE> 13
 1.793068e+01 1.919118e+01 1.656567e+01 1.633575e+01 2.669747e+01 2.166405e+01 2.554712e+01 2.639766e+01 2.532695e+01 2.484286e+01 1.797449e+01 1.629792e+01 1.272091e+01
<GCONST> 6.287576e+01
<STATE> 4
<NUMMIXES> 4
<MIXTURE> 1 2.401625e-01
<MEAN> 13
 -1.217509e+01 -6.725257e-02 -5.353510e+00 -1.023302e+00 2.023163e+00 2.000511e+00 6.042899e+00 2.105325e+00 2.081129e+00 2.151133e+00 1.989215e+00 -6.084645e-01 5.623047e+01
<VARIANCE> 13
 5.957377e+00 6.547997e+00 8.020623e+00 8.986382e+00 1.001398e+01 1.120520e+01 1.246451e+01 1.283574e+01 1.320396e+01 1.337331e+01 1.320252e+01 1.250081e+01 6.173668e+00
<GCONST> 5.372967e+01
<MIXTURE> 2 2.311747e-01
<MEAN> 13
 -7.307030e+00 -2.258328e+00 -5.463332e+00 -2.444254e+00 1.817404e+00 3.614165e+00 5.203134e+00 2.378438e-01 -9.586548e-01 7.491345e-01 1.079670e+00 -1.846697e+00 5.192726e+01
<VARIANCE> 13
 7.374907e+00 6.127825e+00 6.799089e+00 7.263355e+00 9.494886e+00 1.072590e+01 1.178066e+01 1.339218e+01 1.227154e+01 1.262714e+01 1.262264e+01 1.137242e+01 3.099571e+00
<GCONST> 5.242857e+01
<MIXTURE> 3 2.311722e-01
<MEAN> 13
 -7.307118e+00 -2.258279e+00 -5.463334e+00 -2.444232e+00 1.817392e+00 3.614120e+00 5.203108e+00 2.377984e-01 -9.586878e-01 7.490858e-01 1.079640e+00 -1.846688e+00 5.192732e+01
<VARIANCE> 13
 7.374946e+00 6.127861e+00 6.799166e+00 7.263394e+00 9.494896e+00 1.072587e+01 1.178065e+01 1.339212e+01 1.227149e+01 1.262714e+01 1.262265e+01 1.137242e+01 3.099591e+00
<GCONST> 5.242860e+01
<MIXTURE> 4 2.971914e-01
<MEAN> 13
 -1.405971e+01 -3.770387e+00 -3.412090e+00 -1.513335e+00 -4.537057e-01 -2.243473e+00 1.759784e+00 -1.682794e+00 -9.382756e-01 -8.704251e-01 -7.278357e-02 -9.632363e-01 6.004396e+01
<VARIANCE> 13
 1.346338e+01 1.968195e+01 1.334554e+01 1.364979e+01 1.547690e+01 1.649948e+01 1.786113e+01 1.948533e+01 2.125227e+01 1.685719e+01 1.498610e+01 1.385516e+01 2.087430e+01
<GCONST> 6.032749e+01
<TRANSP> 5
 0.000000e+00 1.000000e+00 0.000000e+00 0.000000e+00 0.000000e+00
 0.000000e+00 9.932801e-01 6.719904e-03 0.000000e+00 0.000000e+00
 0.000000e+00 0.000000e+00 9.923873e-01 7.612742e-03 0.000000e+00
 0.000000e+00 0.000000e+00 0.000000e+00 9.970626e-01 2.937360e-03
 0.000000e+00 0.000000e+00 0.000000e+00 0.000000e+00 0.000000e+00
<ENDHMM>
~h "pr"
<BEGINHMM>
<NUMSTATES> 5
<STATE> 2
<NUMMIXES> 4
<MIXTURE> 1 6.491722e-01
<MEAN> 13
 -4.358876e+00 8.796045e-01 -2.732580e-01 -2.514838e+00 -2.202729e+00 2.423881e+00 2.821745e+00 1.553708e+00 1.131969e+00 2.903079e+00 5.785434e-01 -2.683131e+00 4.567117e+01
<VARIANCE> 13
 4.918876e+00 6.528822e+00 1.260011e+01 1.128040e+01 1.997099e+01 1.792751e+01 1.586903e+01 1.969660e+01 1.781413e+01 1.695693e+01 1.587151e+01 1.548177e+01 4.311271e+00
<GCONST> 5.662001e+01
<MIXTURE> 2 1.191631e-01
<MEAN> 13
 -7.075058e+00 -4.387870e+00 2.705037e+00 -4.391407e+00 -2.677902e+00 2.903723e+00 2.466364e+00 -1.064444e+00 8.504684e-01 4.880572e+00 -8.988132e-01 -3.749487e+00 4.983478e+01
<VARIANCE> 13
 1.892211e+01 1.686615e+01 4.875726e+01 2.093699e+01 7.090962e+01 3.476934e+01 3.776141e+01 4.363081e+01 7.770362e+01 4.473387e+01 4.151600e+01 3.860674e+01 1.019001e+01
<GCONST> 6.965815e+01
<MIXTURE> 3 1.191639e-01
<MEAN> 13
 -7.075495e+00 -4.388044e+00 2.706696e+00 -4.391125e+00 -2.678270e+00 2.904121e+00 2.467568e+00 -1.063635e+00 8.492620e-01 4.882325e+00 -8.991169e-01 -3.750358e+00 4.983410e+01
<VARIANCE> 13
 1.892164e+01 1.686386e+01 4.876258e+01 2.094094e+01 7.092623e+01 3.476768e+01 3.776263e+01 4.363616e+01 7.773428e+01 4.474329e+01 4.151973e+01 3.860795e+01 1.018467e+01
<GCONST> 6.965884e+01
<MIXTURE> 4 1.124917e-01
<MEAN> 13
 -8.656778e+00 -1.524135e+01 -4.998569e+00 -1.031073e+01 1.104483e+01 2.019613e+01 -1.868682e+00 -1.643402e+00 -1.554953e+00 -3.161816e+00 1.183882e+01 9.986588e-01 5.512536e+01
<VARIANCE> 13
 7.056443e+00 1.715673e+01 9.218840e+00 2.894863e+01 1.263989e+01 3.313733e+01 1.703072e+01 2.135169e+01 1.949910e+01 1.652641e+01 2.073698e+01 1.935222e+01 5.383878e+00
<GCONST> 5.966263e+01
<STATE> 3
<NUMMIXES> 4
<MIXTURE> 1 2.524827e-01
<MEAN> 13
 -1.766829e+01 -7.284644e+00 5.198477e+00 -2.562229e+00 1.300183e+01 -1.125250e+01 7.356602e-01 1.123922e+01 7.630424e-01 -3.350215e+00 -7.545188e+00 9.867229e+00 5.660692e+01
<VARIANCE> 13
 2.507043e+01 3.032185e+01 1.345678e+01 2.622669e+01 2.406710e+01 3.837439e+01 2.143408e+01 3.686809e+01 2.276825e+01 3.685841e+01 3.277290e+01 3.785852e+01 3.522253e+01
<GCONST> 6.731038e+01
<MIXTURE> 2 1.999768e-01
<MEAN> 13
 -1.545358e+01 -1.023562e+01 3.125928e+00 -6.869063e+00 3.099667e+00 3.817066e+00 4.968189e+00 1.217102e+00 -1.091944e+00 -3.697868e+00 3.114309e+00 9.368322e-01 5.898354e+01
<VARIANCE> 13
 3.801381e+01 3.496336e+01 4.525935e+01 5.498266e+01 4.627818e+01 5.280703e+01 5.607524e+01 6.712799e+01 8.580930e+01 4.691537e+01 6.409430e+01 7.107777e+01 1.335033e+01
<GCONST> 7.425484e+01
<MIXTURE> 3 1.999750e-01
<MEAN> 13
 -1.545401e+01 -1.023564e+01 3.126396e+00 -6.869608e+00 3.099801e+00 3.817179e+00 4.967821e+00 1.217461e+00 -1.091411e+00 -3.697682e+00 3.113441e+00 9.367263e-01 5.898373e+01
<VARIANCE> 13
 3.801386e+01 3.496523e+01 4.526257e+01 5.497642e+01 4.627626e+01 5.280427e+01 5.607218e+01 6.712475e+01 8.579709e+01 4.691048e+01 6.408312e+01 7.106761e+01 1.334995e+01
<GCONST> 7.425406e+01
<MIXTURE> 4 3.476635e-01
<MEAN> 13
 -1.167647e+01 -6.124431e+00 -3.644230e+00 -4.772674e+00 -5.350225e+00 -1.424636e+00 1.110600e+01 1.472066e+00 8.061516e-01 8.648618e-01 1.387001e+00 -4.364490e+00 5.875044e+01
<VARIANCE> 13
 2.195587e+01 3.656172e+01 1.941618e+01 1.918989e+01 4.512867e+01 3.964010e+01 6.017997e+01 5.855218e+01 3.063757e+01 2.104181e+01 2.102618e+01 2.201331e+01 1.870209e+01
<GCONST> 6.769234e+01
<STATE> 4
<NUMMIXES> 4
<MIXTURE> 1 3.812121e-01
<MEAN> 13
 -2.180131e+01 5.050887e+00 1.644277e+01 -1.418034e+01 1.060772e+00 1.323251e+01 -5.170272e+00 -6.692961e+00 1.302978e+01 -8.208673e+00 -6.219982e+00 7.930425e+00 5.440495e+01
<VARIANCE> 13
 7.469825e+00 1.082552e+01 9.773021e+00 1.487609e+01 1.583919e+01 2.150865e+01 1.710775e+01 1.973952e+01 2.310569e+01 2.105364e+01 2.334665e+01 1.481032e+01 4.579552e+00
<GCONST> 5.847219e+01
<MIXTURE> 2 1.070118e-01
<MEAN> 13
 -1.366722e+01 -6.925599e-02 1.774123e+01 -1.946038e+01 7.336946e+00 9.940888e+00 -6.044350e+00 1.628727e+00 5.913661e+00 1.704596e+00 -1.228710e+01 1.060779e+01 4.812232e+01
<VARIANCE> 13
 1.124481e+01 5.375999e+00 2.038180e+01 3.127634e+01 2.056802e+01 2.161835e+01 1.681945e+01 2.160881e+01 2.794815e+01 2.124677e+01 2.255495e+01 2.128651e+01 4.116769e+00
<GCONST> 6.042034e+01
<MIXTURE> 3 1.070118e-01
<MEAN> 13
 -1.366722e+01 -6.925599e-02 1.774123e+01 -1.946038e+01 7.336946e+00 9.940888e+00 -6.044350e+00 1.628727e+00 5.913661e+00 1.704596e+00 -1.228710e+01 1.060779e+01 4.812232e+01
<VARIANCE> 13
 1.124481e+01 5.375999e+00 2.038180e+01 3.127634e+01 2.056802e+01 2.161835e+01 1.681945e+01 2.160881e+01 2.794815e+01 2.124677e+01 2.255495e+01 2.128651e+01 4.116769e+00
<GCONST> 6.042034e+01
<MIXTURE> 4 4.048207e-01
<MEAN> 13
 -5.852608e+00 2.934367e+00 2.655509e+00 -2.892354e+00 3.000895e+00 1.208538e+00 1.030450e+00 3.621560e+00 -8.083609e-01 -5.283161e-01 -2.387415e-01 -1.686937e+00 4.418460e+01
<VARIANCE> 13
 6.790011e+00 6.443304e+00 1.457049e+01 1.384895e+01 1.625996e+01 1.949992e+01 1.808838e+01 2.030293e+01 1.830397e+01 1.786038e+01 1.814367e+01 1.601185e+01 5.020832e+00
<GCONST> 5.771820e+01
<TRANSP> 5
 0.000000e+00 1.000000e+00 0.000000e+00 0.000000e+00 0.000000e+00
 0.000000e+00 9.874817e-01 1.251832e-02 0.000000e+00 0.000000e+00
 0.000000e+00 0.000000e+00 9.951249e-01 4.875096e-03 0.000000e+00
 0.000000e+00 0.000000e+00 0.000000e+00 9.940173e-01 5.982702e-03
 0.000000e+00 0.000000e+00 0.000000e+00 0.000000e+00 0.000000e+00
<ENDHMM>
~h "pw"
<BEGINHMM>
<NUMSTATES> 5
<STATE> 2
<NUMMIXES> 4
<MIXTURE> 1 3.527468e-01
<MEAN> 13
 -1.073784e+01 9.268127e-01 4.421068e-01 -5.333888e-01 1.721545e+00 1.585278e-01 4.067807e+00 2.410273e+00 3.033091e-01 1.599931e+00 7.312498e-01 -8.690291e-01 4.842078e+01
<VARIANCE> 13
 9.603716e+00 7.205820e+00 7.143130e+00 1.035635e+01 1.190121e+01 1.251395e+01 1.258312e+01 1.410173e+01 1.521652e+01 1.480858e+01 1.368757e+01 1.225981e+01 7.155610e+00
<GCONST> 5.512363e+01
<MIXTURE> 2 2.328798e-01
<MEAN> 13
 -1.424970e+01 -3.503178e+00 -5.427873e-01 3.732983e-01 1.570657e+00 -1.902824e+00 2.401986e+00 -2.765233e-01 -9.053436e-01 1.144605e+00 1.642279e-01 -7.930378e-01 5.419382e+01
<VARIANCE> 13
 1.160628e+01 1.862595e+01 1.149421e+01 1.247562e+01 1.503929e+01 1.506493e+01 1.474486e+01 1.563915e+01 1.704115e+01 1.513704e+01 1.488910e+01 1.366557e+01 1.030054e+01
<GCONST> 5.829831e+01
<MIXTURE> 3 2.328769e-01
<MEAN> 13
 -1.424970e+01 -3.503182e+00 -5.427881e-01 3.733007e-01 1.570658e+00 -1.902827e+00 2.401983e+00 -2.765242e-01 -9.053423e-01 1.144608e+00 1.642334e-01 -7.930335e-01 5.419382e+01
<VARIANCE> 13
 1.160628e+01 1.862600e+01 1.149422e+01 1.247563e+01 1.503922e+01 1.506483e+01 1.474482e+01 1.563915e+01 1.704118e+01 1.513703e+01 1.488902e+01 1.366553e+01 1.030052e+01
<GCONST> 5.829830e+01
<MIXTURE> 4 1.815773e-01
<MEAN> 13
 -1.491066e+01 -8.249749e+00 -2.464173e+00 -1.436600e+00 -5.284038e-01 -5.395594e+00 -4.025053e-01 -3.796357e+00 -2.429402e+00 -1.776544e-01 -2.766124e-01 -9.500458e-01 6.164999e+01
<VARIANCE> 13
 2.384674e+01 1.773796e+01 1.513771e+01 1.292189e+01 1.801787e+01 2.053098e+01 1.736594e+01 2.078425e+01 1.873536e+01 1.642190e+01 1.601346e+01 1.454156e+01 2.989487e+01
<GCONST> 6.159503e+01
<STATE> 3
<NUMMIXES> 4
<MIXTURE> 1 4.054419e-01
<MEAN> 13
 -1.068829e+01 -4.040492e+00 -2.603812e+00 -2.260053e-01 2.083711e+00 -1.607457e+00 1.913412e+00 -3.333082e+00 -3.231980e+00 -5.372130e-01 3.659168e-01 -4.441291e-01 5.664030e+01
<VARIANCE> 13
 7.544247e+00 1.291940e+01 1.012030e+01 9.093716e+00 1.160775e+01 1.574369e+01 1.475076e+01 1.563137e+01 1.691070e+01 1.434362e+01 1.449852e+01 1.247008e+01 1.793728e+01
<GCONST> 5.721824e+01
<MIXTURE> 2 2.139347e-01
<MEAN> 13
 -1.134358e+01 -7.890713e+00 -4.139596e+00 -2.126930e+00 -6.257374e-01 -6.443766e+00 -2.106416e+00 -7.515952e+00 -4.791626e+00 -1.943704e+00 1.924273e-02 -9.856898e-01 6.609457e+01
<VARIANCE> 13
 1.009734e+01 1.245695e+01 1.262620e+01 9.756705e+00 1.058426e+01 1.247149e+01 1.574144e+01 1.645480e+01 1.899891e+01 1.634721e+01 1.539844e+01 1.344739e+01 2.978012e+01
<GCONST> 5.844574e+01
<MIXTURE> 3 2.139313e-01
<MEAN> 13
 -1.134363e+01 -7.890714e+00 -4.139595e+00 -2.126955e+00 -6.257716e-01 -6.443780e+00 -2.106385e+00 -7.515884e+00 -4.791570e+00 -1.943697e+00 1.923817e-02 -9.856883e-01 6.609460e+01
<VARIANCE> 13
 1.009737e+01 1.245698e+01 1.262605e+01 9.756617e+00 1.058418e+01 1.247143e+01 1.574128e+01 1.645461e+01 1.899874e+01 1.634707e+01 1.539833e+01 1.344726e+01 2.978002e+01
<GCONST> 5.844566e+01
<MIXTURE> 4 1.667022e-01
<MEAN> 13
 -1.331576e+01 -8.860915e+00 -4.638495e+00 -4.796794e+00 -4.622955e+00 -9.921338e+00 -3.803938e+00 -7.478519e+00 -3.916413e+00 -3.041414e+00 -1.456686e+00 -1.199055e+00 7.307831e+01
<VARIANCE> 13
 1.543566e+01 1.271293e+01 1.442762e+01 1.436321e+01 1.717646e+01 1.771352e+01 2.243388e+01 2.634400e+01 2.328656e+01 1.632325e+01 1.753144e+01 1.483202e+01 2.238370e+01
<GCONST> 6.121478e+01
<STATE> 4
<NUMMIXES> 4
<MIXTURE> 1 3.044327e-01
<MEAN> 13
 -6.249980e+00 3.784514e-01 -1.355239e-01 -3.651878e-01 3.225317e+00 9.093321e-01 1.820642e+00 -3.942937e-01 -2.484582e+00 -4.483044e-01 -4.446442e-01 -1.556232e+00 4.708153e+01
<VARIANCE> 13
 7.554350e+00 1.192751e+01 8.720649e+00 7.537230e+00 1.227298e+01 1.154417e+01 1.692907e+01 1.760761e+01 1.595623e+01 1.505758e+01 1.273333e+01 1.352485e+01 9.385611e+00
<GCONST> 5.609953e+01
<MIXTURE> 2 1.958062e-01
<MEAN> 13
 -6.092168e+00 -6.641315e+00 -2.489870e+00 -1.493369e+00 1.272153e+00 -4.607253e+00 -2.349879e+00 -7.427474e+00 -5.289853e+00 -1.559441e+00 -4.651538e-01 -3.743192e-02 5.928322e+01
<VARIANCE> 13
 1.041204e+01 3.416620e+01 1.082032e+01 9.711197e+00 1.395154e+01 1.398123e+01 1.417308e+01 1.478966e+01 1.492855e+01 1.654850e+01 1.292139e+01 1.392817e+01 5.104388e+01
<GCONST> 5.967494e+01
<MIXTURE> 3 1.958041e-01
<MEAN> 13
 -6.092170e+00 -6.641314e+00 -2.489867e+00 -1.493369e+00 1.272149e+00 -4.607258e+00 -2.349881e+00 -7.427476e+00 -5.289853e+00 -1.559437e+00 -4.651441e-01 -3.742512e-02 5.928322e+01
<VARIANCE> 13
 1.041205e+01 3.416622e+01 1.082035e+01 9.711217e+00 1.395156e+01 1.398126e+01 1.417314e+01 1.478966e+01 1.492856e+01 1.654853e+01 1.292137e+01 1.392815e+01 5.104398e+01
<GCONST> 5.967495e+01
<MIXTURE> 4 3.039600e-01
<MEAN> 13
 -5.135808e+00 -7.011787e+00 -1.871423e-01 -3.040476e+00 -3.761079e+00 -6.019973e+00 -3.970418e+00 -5.541236e+00 -2.198122e+00 -1.367050e+00 -1.501937e+00 -4.500822e+00 6.405343e+01
<VARIANCE> 13
 1.731539e+01 3.861581e+01 2.399590e+01 1.920002e+01 3.800542e+01 3.955510e+01 2.456635e+01 3.844093e+01 3.793053e+01 2.442402e+01 2.749857e+01 2.430404e+01 8.086909e+01
<GCONST> 6.842531e+01
<TRANSP> 5
 0.000000e+00 1.000000e+00 0.000000e+00 0.000000e+00 0.000000e+00
 0.000000e+00 9.967128e-01 3.287207e-03 0.000000e+00 0.000000e+00
 0.000000e+00 0.000000e+00 9.754051e-01 2.459496e-02 0.000000e+00
 0.000000e+00 0.000000e+00 0.000000e+00 9.770018e-01 2.299813e-02
 0.000000e+00 0.000000e+00 0.000000e+00 0.000000e+00 0.000000e+00
<ENDHMM>
~h "si"
<BEGINHMM>
<NUMSTATES> 5
<STATE> 2
<NUMMIXES> 4
<MIXTURE> 1 3.028881e-01
<MEAN> 13
 -1.006752e+01 1.650670e+00 2.244952e+00 9.299442e-01 4.093739e+00 3.217271e+00 5.122020e+00 3.006629e+00 6.524781e-01 5.412824e-01 1.018007e+00 -1.384712e+00 4.727002e+01
<VARIANCE> 13
 1.142496e+01 7.641773e+00 6.842208e+00 8.836699e+00 9.080913e+00 8.901534e+00 1.180674e+01 1.363561e+01 1.518880e+01 1.469252e+01 1.340739e+01 1.219967e+01 9.870369e+00
<GCONST> 5.473226e+01
<MIXTURE> 2 2.532850e-01
<MEAN> 13
 -1.146538e+01 9.324423e-02 9.758895e-01 -7.807317e-01 9.337478e-01 -8.079825e-01 2.056528e+00 3.653204e-01 -3.542060e-01 2.600409e-02 8.455801e-01 -1.265648e+00 4.992257e+01
<VARIANCE> 13
 1.298198e+01 1.141907e+01 8.141904e+00 1.017133e+01 9.998964e+00 1.013284e+01 1.269661e+01 1.444042e+01 1.540415e+01 1.430696e+01 1.363811e+01 1.253725e+01 1.280791e+01
<GCONST> 5.622450e+01
<MIXTURE> 3 2.532838e-01
<MEAN> 13
 -1.146537e+01 9.324349e-02 9.758924e-01 -7.807246e-01 9.337494e-01 -8.079876e-01 2.056521e+00 3.653155e-01 -3.542099e-01 2.600689e-02 8.455884e-01 -1.265639e+00 4.992257e+01
<VARIANCE> 13
 1.298197e+01 1.141908e+01 8.141879e+00 1.017130e+01 9.998952e+00 1.013282e+01 1.269659e+01 1.444036e+01 1.540409e+01 1.430687e+01 1.363807e+01 1.253724e+01 1.280789e+01
<GCONST> 5.622446e+01
<MIXTURE> 4 1.902851e-01
<MEAN> 13
 -1.236566e+01 -3.026543e+00 3.686123e-01 -2.148961e+00 -7.374707e-01 -3.391372e+00 2.061928e-01 -1.924688e+00 -1.150223e+00 -4.678130e-01 9.666344e-01 -9.311701e-01 5.718876e+01
<VARIANCE> 13
 3.865863e+01 3.007044e+01 2.699818e+01 2.599183e+01 3.011193e+01 2.492341e+01 2.837160e+01 2.798938e+01 2.703587e+01 2.364213e+01 2.209889e+01 1.844317e+01 4.172308e+01
<GCONST> 6.700368e+01
<STATE> 3
<NUMMIXES> 4
<MIXTURE> 1 2.402062e-01
<MEAN> 13
 -5.271156e+00 2.525401e+00 1.948621e+00 -1.621901e+00 5.017484e+00 4.660756e+00 4.297324e+00 6.973831e+00 1.025409e+00 1.361076e+00 2.003790e+00 -2.374861e+00 4.240569e+01
<VARIANCE> 13
 2.814129e+00 3.620969e+00 5.284657e+00 6.797249e+00 9.420154e+00 8.635592e+00 9.559514e+00 1.085417e+01 1.091796e+01 1.282683e+01 1.204171e+01 1.146205e+01 1.200910e+00
<GCONST> 4.888840e+01
<MIXTURE> 2 2.414038e-01
<MEAN> 13
 -5.397604e+00 2.397156e+00 1.846795e+00 -2.313794e+00 3.723386e+00 2.222103e+00 1.020517e+00 3.682015e+00 -2.316842e+00 -1.277769e+00 6.610559e-01 -2.908452e+00 4.237560e+01
<VARIANCE> 13
 2.379332e+00 3.126171e+00 4.903624e+00 6.406683e+00 8.554898e+00 8.714169e+00 9.927859e+00 1.101742e+01 1.114888e+01 1.220700e+01 1.183497e+01 1.062283e+01 1.112339e+00
<GCONST> 4.820650e+01
<MIXTURE> 3 2.414038e-01
<MEAN> 13
 -5.397604e+00 2.397156e+00 1.846795e+00 -2.313794e+00 3.723386e+00 2.222103e+00 1.020517e+00 3.682015e+00 -2.316842e+00 -1.277769e+00 6.610559e-01 -2.908452e+00 4.237560e+01
<VARIANCE> 13
 2.379332e+00 3.126171e+00 4.903624e+00 6.406683e+00 8.554898e+00 8.714169e+00 9.927859e+00 1.101742e+01 1.114888e+01 1.220700e+01 1.183497e+01 1.062283e+01 1.112339e+00
<GCONST> 4.820650e+01
<MIXTURE> 4 2.765933e-01
<MEAN> 13
 -4.915030e+00 1.660764e+00 3.519728e-01 -4.426052e+00 -3.054771e-01 -4.235698e-01 6.203300e-01 3.281254e+00 1.610475e-01 1.458941e+00 1.167303e+00 -3.097255e+00 4.414247e+01
<VARIANCE> 13
 7.704866e+00 7.620086e+00 1.126436e+01 1.154188e+01 1.195500e+01 1.550585e+01 1.819384e+01 2.139844e+01 1.856754e+01 1.824284e+01 1.784925e+01 1.698186e+01 3.411433e+00
<GCONST> 5.678587e+01
<STATE> 4
<NUMMIXES> 4
<MIXTURE> 1 2.720389e-01
<MEAN> 13
 -8.450232e+00 2.282723e+00 1.932954e+00 -5.575800e-02 4.173513e+00 3.592925e+00 5.251677e+00 4.694259e+00 9.005534e-01 5.436026e-01 1.021854e+00 -1.896588e+00 4.521025e+01
<VARIANCE> 13
 6.786582e+00 6.194087e+00 6.947004e+00 8.407321e+00 8.336607e+00 8.643430e+00 9.819514e+00 1.211889e+01 1.367397e+01 1.416504e+01 1.306874e+01 1.149233e+01 3.673056e+00
<GCONST> 5.233415e+01
<MIXTURE> 2 2.420837e-01
<MEAN> 13
 -7.962208e+00 2.183030e+00 9.696492e-01 -1.919132e+00 1.164073e+00 -1.664323e-01 1.536234e+00 2.030329e+00 -6.312544e-01 -1.929745e-01 6.461489e-01 -2.091423e+00 4.543565e+01
<VARIANCE> 13
 6.305403e+00 5.744044e+00 6.793918e+00 8.679808e+00 9.328163e+00 9.570584e+00 1.067580e+01 1.292880e+01 1.416599e+01 1.436874e+01 1.356308e+01 1.256100e+01 3.731069e+00
<GCONST> 5.274871e+01
<MIXTURE> 3 2.420841e-01
<MEAN> 13
 -7.962226e+00 2.183028e+00 9.696503e-01 -1.919118e+00 1.164076e+00 -1.664354e-01 1.536235e+00 2.030311e+00 -6.312595e-01 -1.929809e-01 6.461406e-01 -2.091419e+00 4.543567e+01
<VARIANCE> 13
 6.305447e+00 5.744099e+00 6.793945e+00 8.679865e+00 9.328194e+00 9.570619e+00 1.067583e+01 1.292883e+01 1.416607e+01 1.436884e+01 1.356317e+01 1.256105e+01 3.731096e+00
<GCONST> 5.274878e+01
<MIXTURE> 4 2.435320e-01
<MEAN> 13
 -1.124897e+01 -1.214939e+00 9.465627e-01 -2.022425e+00 -7.160061e-02 -2.074696e+00 1.957460e+00 6.994041e-01 2.824283e-01 5.957624e-01 6.753980e-01 -1.092019e+00 5.123576e+01
<VARIANCE> 13
 2.252850e+01 2.525037e+01 1.685885e+01 2.092592e+01 1.810854e+01 2.113631e+01 2.436058e+01 2.194988e+01 2.109313e+01 1.938755e+01 1.864403e+01 1.528196e+01 1.527539e+01
<GCONST> 6.272301e+01
<TRANSP> 5
 0.000000e+00 1.000000e+00 0.000000e+00 0.000000e+00 0.000000e+00
 0.000000e+00 9.873506e-01 1.264937e-02 0.000000e+00 0.000000e+00
 0.000000e+00 0.000000e+00 9.933394e-01 6.660594e-03 0.000000e+00
 0.000000e+00 0.000000e+00 0.000000e+00 9.882998e-01 1.170018e-02
 0.000000e+00 0.000000e+00 0.000000e+00 0.000000e+00 0.000000e+00
<ENDHMM>
~h "st"
<BEGINHMM>
<NUMSTATES> 5
<STATE> 2
<NUMMIXES> 4
<MIXTURE> 1 3.070248e-01
<MEAN> 13
 -7.133543e+00 1.597328e-01 -3.588182e+00 -3.598241e+00 9.498946e-02 7.359592e-01 -5.323201e-01 7.823551e-01 -1.365150e+00 4.923040e-01 4.310960e-01 -1.550977e+00 6.593124e+01
<VARIANCE> 13
 1.727875e+01 7.491323e+00 1.088006e+01 1.273202e+01 1.398798e+01 1.178257e+01 1.334607e+01 1.840325e+01 1.675880e+01 1.444388e+01 1.417843e+01 1.357751e+01 5.381348e+01
<GCONST> 5.903011e+01
<MIXTURE> 2 2.486658e-01
<MEAN> 13
 -4.649460e+00 -2.925731e-01 -3.597805e+00 -5.407790e+00 -2.003910e+00 -2.385921e+00 -3.225522e+00 -1.607102e+00 -3.166890e+00 -2.343108e+00 -2.055719e+00 -3.248890e+00 7.245533e+01
<VARIANCE> 13
 2.785744e+00 5.473777e+00 6.850679e+00 8.125986e+00 1.066709e+01 8.999777e+00 1.081097e+01 1.267078e+01 1.122517e+01 1.167871e+01 1.200708e+01 1.108914e+01 1.960089e+01
<GCONST> 5.286349e+01
<MIXTURE> 3 2.486658e-01
<MEAN> 13
 -4.649460e+00 -2.925731e-01 -3.597805e+00 -5.407790e+00 -2.003910e+00 -2.385921e+00 -3.225522e+00 -1.607102e+00 -3.166890e+00 -2.343108e+00 -2.055719e+00 -3.248890e+00 7.245533e+01
<VARIANCE> 13
 2.785744e+00 5.473777e+00 6.850679e+00 8.125986e+00 1.066709e+01 8.999777e+00 1.081097e+01 1.267078e+01 1.122517e+01 1.167871e+01 1.200708e+01 1.108914e+01 1.960089e+01
<GCONST> 5.286349e+01
<MIXTURE> 4 1.956483e-01
<MEAN> 13
 -6.212011e+00 -1.974283e+00 -3.777936e+00 -7.634080e+00 -3.134779e+00 -4.554865e+00 -6.599000e+00 -4.953129e+00 -6.180905e+00 -4.357580e+00 -2.869756e+00 -2.856780e+00 7.488620e+01
<VARIANCE> 13
 4.571862e+00 8.545826e+00 7.966175e+00 1.151193e+01 1.109669e+01 8.630260e+00 1.092611e+01 1.369960e+01 1.406995e+01 1.337990e+01 1.244279e+01 1.252319e+01 2.214401e+01
<GCONST> 5.503088e+01
<STATE> 3
<NUMMIXES> 4
<MIXTURE> 1 2.858563e-01
<MEAN> 13
 -1.069748e+01 1.447387e+00 1.222340e+00 -1.429830e-01 2.359873e+00 1.394652e+00 3.848510e+00 1.352165e+00 1.023830e+00 3.377270e-01 1.016067e+00 -2.133062e+00 5.072590e+01
<VARIANCE> 13
 1.101512e+01 5.705828e+00 7.170387e+00 8.964207e+00 9.591752e+00 1.078024e+01 1.165845e+01 1.374542e+01 1.532857e+01 1.418735e+01 1.391001e+01 1.224287e+01 9.765480e+00
<GCONST> 5.471019e+01
<MIXTURE> 2 2.255973e-01
<MEAN> 13
 -1.049175e+01 3.314852e-01 6.451668e-01 -2.518800e+00 -5.967498e-01 -1.492624e+00 1.194743e+00 -1.625002e+00 -1.468072e+00 -1.172555e+00 4.475425e-01 -2.342121e+00 5.432029e+01
<VARIANCE> 13
 1.587076e+01 8.013616e+00 1.068978e+01 1.301501e+01 1.258987e+01 1.437250e+01 1.577407e+01 1.588042e+01 1.841262e+01 1.662256e+01 1.459495e+01 1.355401e+01 1.322679e+01
<GCONST> 5.798848e+01
<MIXTURE> 3 2.256018e-01
<MEAN> 13
 -1.049176e+01 3.314843e-01 6.451545e-01 -2.518815e+00 -5.967717e-01 -1.492644e+00 1.194732e+00 -1.624989e+00 -1.468048e+00 -1.172531e+00 4.475605e-01 -2.342109e+00 5.432029e+01
<VARIANCE> 13
 1.587070e+01 8.013584e+00 1.068970e+01 1.301493e+01 1.258974e+01 1.437240e+01 1.577399e+01 1.588028e+01 1.841246e+01 1.662238e+01 1.459484e+01 1.355387e+01 1.322671e+01
<GCONST> 5.798838e+01
<MIXTURE> 4 2.628542e-01
<MEAN> 13
 -9.518905e+00 -3.127293e+00 4.922515e-01 -6.960325e+00 -3.525277e+00 -3.812421e+00 7.850933e-01 -1.111374e+00 -1.232365e+00 -9.091364e-01 5.409646e-01 -2.900226e+00 6.342190e+01
<VARIANCE> 13
 2.124051e+01 2.447734e+01 1.598401e+01 1.726847e+01 1.879997e+01 2.616582e+01 2.680548e+01 2.479167e+01 2.495461e+01 2.226986e+01 1.854139e+01 1.607765e+01 3.917027e+01
<GCONST> 6.414960e+01
<STATE> 4
<NUMMIXES> 4
<MIXTURE> 1 5.601602e-01
<MEAN> 13
 -4.705194e+00 8.733217e-01 -1.026788e+00 -3.293536e+00 -8.732219e-01 1.931579e+00 2.314981e+00 -6.963728e-01 -2.338520e-02 8.952158e-03 -6.453176e-01 -3.606310e+00 5.224352e+01
<VARIANCE> 13
 1.524170e+01 1.442469e+01 1.348173e+01 1.481636e+01 1.911234e+01 1.650985e+01 1.504494e+01 1.917375e+01 2.616623e+01 2.023821e+01 1.870831e+01 1.628432e+01 1.065074e+01
<GCONST> 6.035816e+01
<MIXTURE> 2 1.265269e-01
<MEAN> 13
 -3.758661e+00 -3.600425e-01 -2.678927e-01 -5.290305e+00 -2.988932e+00 -1.253862e+00 -4.185926e+00 -4.568170e+00 -3.228258e+00 -3.201588e+00 -1.876017e+00 -2.690247e+00 5.817443e+01
<VARIANCE> 13
 2.048919e+01 3.305836e+01 2.831952e+01 2.514484e+01 2.600898e+01 2.738163e+01 1.571142e+01 2.532645e+01 2.769324e+01 2.568452e+01 3.262785e+01 2.354043e+01 4.835738e+01
<GCONST> 6.662290e+01
<MIXTURE> 3 1.265269e-01
<MEAN> 13
 -3.758661e+00 -3.600425e-01 -2.678927e-01 -5.290305e+00 -2.988932e+00 -1.253862e+00 -4.185926e+00 -4.568170e+00 -3.228258e+00 -3.201588e+00 -1.876017e+00 -2.690247e+00 5.817443e+01
<VARIANCE> 13
 2.048919e+01 3.305836e+01 2.831952e+01 2.514484e+01 2.600898e+01 2.738163e+01 1.571142e+01 2.532645e+01 2.769324e+01 2.568452e+01 3.262785e+01 2.354043e+01 4.835738e+01
<GCONST> 6.662290e+01
<MIXTURE> 4 1.868024e-01
<MEAN> 13
 -9.610316e-01 -3.604433e+00 2.032412e+00 -1.901995e+01 -1.714925e+00 -9.926122e+00 -7.004047e+00 -4.702950e+00 -6.390575e-01 -4.990480e+00 -1.081574e+01 -1.269782e+00 6.338303e+01
<VARIANCE> 13
 2.906778e+01 3.181196e+01 8.537749e+01 4.026488e+01 5.445234e+01 4.971933e+01 5.987513e+01 6.330595e+01 4.398361e+01 4.039761e+01 2.795317e+01 3.647363e+01 7.313436e+00
<GCONST> 7.140782e+01
<TRANSP> 5
 0.000000e+00 1.000000e+00 0.000000e+00 0.000000e+00 0.000000e+00
 0.000000e+00 9.703375e-01 2.966247e-02 0.000000e+00 0.000000e+00
 0.000000e+00 0.000000e+00 9.905921e-01 9.407870e-03 0.000000e+00
 0.000000e+00 0.000000e+00 0.000000e+00 9.619762e-01 3.802377e-02
 0.000000e+00 0.000000e+00 0.000000e+00 0.000000e+00 0.000000e+00
<ENDHMM>
~h "spe"
<BEGINHMM>
<NUMSTATES> 5
<STATE> 2
<NUMMIXES> 4
<MIXTURE> 1 3.361191e-01
<MEAN> 13
 -2.384969e+00 -4.712713e+00 -3.040374e+00 -2.341672e+00 4.206873e+00 6.776334e+00 6.991749e+00 2.776945e+00 2.963659e-01 2.271421e+00 2.256597e+00 -2.331248e+00 4.932920e+01
<VARIANCE> 13
 1.346978e+00 2.482804e+00 4.006350e+00 5.260477e+00 6.728275e+00 8.051517e+00 9.408549e+00 9.985032e+00 1.103376e+01 1.216761e+01 1.237520e+01 1.065780e+01 6.652243e-01
<GCONST> 4.605673e+01
<MIXTURE> 2 2.400470e-01
<MEAN> 13
 -2.796001e+00 -5.341701e+00 -4.119824e+00 -4.206362e+00 1.559003e+00 3.680295e+00 3.712140e+00 -1.526131e-01 -1.978816e+00 6.625826e-01 1.257106e+00 -2.631633e+00 4.953321e+01
<VARIANCE> 13
 2.698107e+00 3.280750e+00 5.114643e+00 5.935881e+00 7.691498e+00 8.283275e+00 9.725544e+00 1.201514e+01 1.279742e+01 1.330362e+01 1.264310e+01 1.135536e+01 9.248867e-01
<GCONST> 4.842743e+01
<MIXTURE> 3 2.400481e-01
<MEAN> 13
 -2.795982e+00 -5.341745e+00 -4.119860e+00 -4.206401e+00 1.558983e+00 3.680291e+00 3.712142e+00 -1.526087e-01 -1.978825e+00 6.625828e-01 1.257113e+00 -2.631645e+00 4.953316e+01
<VARIANCE> 13
 2.697936e+00 3.280620e+00 5.114540e+00 5.935832e+00 7.691416e+00 8.283256e+00 9.725479e+00 1.201503e+01 1.279722e+01 1.330351e+01 1.264307e+01 1.135528e+01 9.248352e-01
<GCONST> 4.842718e+01
<MIXTURE> 4 1.838121e-01
<MEAN> 13
 -2.566234e+00 -5.749058e+00 -1.327535e+00 -6.420006e+00 -7.315465e-03 1.686711e-01 1.316185e+00 4.123563e-01 -1.112206e+00 1.429187e-02 -8.483373e-01 -4.475517e+00 5.477644e+01
<VARIANCE> 13
 1.470220e+01 2.284289e+01 2.768523e+01 4.019732e+01 3.163534e+01 3.689424e+01 2.704426e+01 3.144887e+01 2.309452e+01 2.228671e+01 2.601605e+01 2.345678e+01 1.537070e+01
<GCONST> 6.592183e+01
<STATE> 3
<NUMMIXES> 4
<MIXTURE> 1 2.985789e-01
<MEAN> 13
 -3.205146e+00 -3.420978e+00 -3.705307e+00 -3.228038e+00 1.303752e+00 3.811253e+00 4.215961e+00 6.094198e-01 -7.327443e-01 1.543294e+00 9.455688e-01 -3.243588e+00 5.007737e+01
<VARIANCE> 13
 7.349422e+00 8.218437e+00 6.894969e+00 7.645106e+00 1.194117e+01 1.249795e+01 1.271818e+01 1.526865e+01 1.553950e+01 1.564459e+01 1.448519e+01 1.319625e+01 2.871957e+00
<GCONST> 5.403422e+01
<MIXTURE> 2 2.117761e-01
<MEAN> 13
 -2.488010e+00 2.047270e-01 6.831174e-01 -2.645300e+00 -3.662639e+00 -1.750735e+00 -3.726152e-01 -1.846927e+00 -1.934081e+00 4.431418e-02 -1.255594e+00 -5.094479e+00 5.256036e+01
<VARIANCE> 13
 2.135759e+01 1.973060e+01 2.893471e+01 2.054047e+01 3.261528e+01 2.933963e+01 2.424609e+01 3.136323e+01 3.203232e+01 2.865259e+01 2.430264e+01 2.407819e+01 1.038476e+01
<GCONST> 6.535525e+01
<MIXTURE> 3 2.117761e-01
<MEAN> 13
 -2.488010e+00 2.047270e-01 6.831174e-01 -2.645300e+00 -3.662639e+00 -1.750735e+00 -3.726152e-01 -1.846927e+00 -1.934081e+00 4.431418e-02 -1.255594e+00 -5.094479e+00 5.256036e+01
<VARIANCE> 13
 2.135759e+01 1.973060e+01 2.893471e+01 2.054047e+01 3.261528e+01 2.933963e+01 2.424609e+01 3.136323e+01 3.203232e+01 2.865259e+01 2.430264e+01 2.407819e+01 1.038476e+01
<GCONST> 6.535525e+01
<MIXTURE> 4 2.779310e-01
<MEAN> 13
 1.063047e+00 -7.626297e+00 2.448199e+00 -8.038568e+00 -6.276426e+00 -1.482100e+00 -4.395819e+00 -8.159179e-01 -2.399380e+00 -2.663435e-01 -1.746805e+00 -8.236518e+00 5.821504e+01
<VARIANCE> 13
 7.452144e+00 1.912419e+01 5.884560e+01 2.991203e+01 6.661922e+01 4.914647e+01 3.214985e+01 4.800857e+01 3.949824e+01 3.868439e+01 4.819435e+01 3.051243e+01 1.099987e+01
<GCONST> 6.878358e+01
<STATE> 4
<NUMMIXES> 4
<MIXTURE> 1 3.210859e-01
<MEAN> 13
 -4.206017e+00 2.017941e+00 -1.380756e+00 -2.014443e-01 -1.085118e+00 3.178343e+00 4.115257e+00 2.668120e+00 1.158392e+00 2.644176e+00 7.683429e-01 -2.275107e+00 4.484376e+01
<VARIANCE> 13
 2.067292e+00 2.891988e+00 5.025720e+00 7.151092e+00 1.124541e+01 1.213916e+01 1.325675e+01 1.339112e+01 1.455500e+01 1.363387e+01 1.370898e+01 1.108664e+01 1.068684e+00
<GCONST> 4.973862e+01
<MIXTURE> 2 2.184173e-01
<MEAN> 13
 -1.082773e+01 1.592489e+00 -1.191561e+00 -1.038830e+00 3.340040e-01 -2.239807e-01 3.449001e+00 7.442944e-01 5.325854e-01 1.549820e+00 1.015942e-01 -1.021509e+00 5.102751e+01
<VARIANCE> 13
 1.342183e+01 9.839018e+00 8.681098e+00 9.639709e+00 1.289368e+01 1.329505e+01 1.542647e+01 1.519876e+01 1.572488e+01 1.411285e+01 1.320364e+01 1.264872e+01 8.052822e+00
<GCONST> 5.641051e+01
<MIXTURE> 3 2.184164e-01
<MEAN> 13
 -1.082773e+01 1.592489e+00 -1.191562e+00 -1.038830e+00 3.340044e-01 -2.239795e-01 3.449002e+00 7.442979e-01 5.325881e-01 1.549820e+00 1.015938e-01 -1.021511e+00 5.102751e+01
<VARIANCE> 13
 1.342183e+01 9.839026e+00 8.681101e+00 9.639709e+00 1.289370e+01 1.329505e+01 1.542650e+01 1.519877e+01 1.572490e+01 1.411287e+01 1.320364e+01 1.264874e+01 8.052817e+00
<GCONST> 5.641051e+01
<MIXTURE> 4 2.420793e-01
<MEAN> 13
 -1.377250e+01 -4.579704e+00 -2.637869e+00 -1.976188e+00 -8.574554e-01 -3.358873e+00 6.941813e-01 -2.957510e+00 -1.955862e+00 -5.104493e-01 -1.078920e-01 -7.783703e-01 6.014309e+01
<VARIANCE> 13
 2.007395e+01 2.316294e+01 1.618035e+01 1.440470e+01 2.000297e+01 2.274199e+01 2.662682e+01 2.044301e+01 1.720101e+01 1.783311e+01 1.984526e+01 1.636192e+01 2.866543e+01
<GCONST> 6.277002e+01
<TRANSP> 5
 0.000000e+00 1.000000e+00 0.000000e+00 0.000000e+00 0.000000e+00
 0.000000e+00 9.968722e-01 3.127711e-03 0.000000e+00 0.000000e+00
 0.000000e+00 0.000000e+00 9.973081e-01 2.691948e-03 0.000000e+00
 0.000000e+00 0.000000e+00 0.000000e+00 9.973234e-01 2.676610e-03
 0.000000e+00 0.000000e+00 0.000000e+00 0.000000e+00 0.000000e+00
<ENDHMM>
