~o
<STREAMINFO> 1 13
<VECSIZE> 13<NULLD><MFCC_0><DIAGC>
~h "ap"
<BEGINHMM>
<NUMSTATES> 5
<STATE> 2
<MEAN> 13
 -3.812393e+00 -4.001581e+00 -3.764420e+00 -2.949816e+00 1.909038e+00 4.440746e+00 4.537541e+00 8.090616e-01 -7.515156e-01 1.058802e+00 1.279538e+00 -2.280910e+00 5.028985e+01
<VARIANCE> 13
 5.552412e+00 5.511923e+00 5.916048e+00 7.776386e+00 1.104790e+01 1.402461e+01 1.459613e+01 1.442078e+01 1.427572e+01 1.384778e+01 1.237798e+01 1.239046e+01 2.775376e+00
<GCONST> 5.287511e+01
<STATE> 3
<MEAN> 13
 -6.941178e+00 1.193814e+00 -1.375746e+00 -7.327138e-01 3.982751e-01 2.233213e+00 4.063814e+00 1.791403e+00 3.340268e-02 1.497215e+00 7.197968e-01 -1.681698e+00 4.648479e+01
<VARIANCE> 13
 1.051413e+01 7.434390e+00 5.989525e+00 7.650912e+00 1.058292e+01 1.331502e+01 1.349005e+01 1.377386e+01 1.286429e+01 1.378400e+01 1.195246e+01 1.102954e+01 1.058623e+01
<GCONST> 5.466797e+01
<STATE> 4
<MEAN> 13
 -1.059010e+01 -1.143978e+01 -5.200039e+00 1.209797e+00 3.350514e-01 -5.024419e+00 1.827483e+00 -2.200638e+00 -3.755472e+00 -1.379770e+00 6.881322e-01 -1.521703e+00 6.152713e+01
<VARIANCE> 13
 2.441467e+01 5.832071e+01 3.450994e+01 2.456890e+01 3.497383e+01 3.764279e+01 2.619637e+01 3.000142e+01 2.416924e+01 2.226719e+01 1.801702e+01 1.532927e+01 1.415470e+02
<GCONST> 6.860779e+01
<TRANSP> 5
 0.000000e+00 1.000000e+00 0.000000e+00 0.000000e+00 0.000000e+00
 0.000000e+00 9.827702e-01 1.722982e-02 0.000000e+00 0.000000e+00
 0.000000e+00 0.000000e+00 9.858866e-01 1.411340e-02 0.000000e+00
 0.000000e+00 0.000000e+00 0.000000e+00 9.963312e-01 3.668829e-03
 0.000000e+00 0.000000e+00 0.000000e+00 0.000000e+00 0.000000e+00
<ENDHMM>
~h "cl"
<BEGINHMM>
<NUMSTATES> 5
<STATE> 2
<MEAN> 13
 -1.002187e+01 -5.158358e+00 2.443703e+00 -4.385144e+00 2.981573e+00 -3.791665e-01 1.587672e+00 3.690901e+00 4.267331e-03 -2.226098e+00 -4.858823e-01 -6.535023e-01 5.280460e+01
<VARIANCE> 13
 5.429755e+01 3.337161e+01 4.140659e+01 4.443803e+01 6.811163e+01 5.344639e+01 3.888097e+01 5.761779e+01 4.049445e+01 6.776875e+01 6.133684e+01 7.414674e+01 5.214801e+01
<GCONST> 7.512006e+01
<STATE> 3
<MEAN> 13
 -1.657812e+01 2.405852e+00 -1.713600e+00 -5.257929e+00 -3.375344e+00 1.182736e+01 3.693054e-01 -3.976482e+00 6.987540e+00 -2.665129e+00 -2.803071e+00 5.105042e+00 5.778732e+01
<VARIANCE> 13
 4.075965e+01 1.086664e+01 1.100343e+01 1.167322e+01 1.712180e+01 2.923649e+01 2.685638e+01 2.360325e+01 2.499240e+01 1.884117e+01 1.837065e+01 1.964197e+01 1.664066e+01
<GCONST> 6.236384e+01
<STATE> 4
<MEAN> 13
 -2.080661e+01 1.094975e+00 6.236403e+00 -3.095251e+00 -6.202074e+00 9.850680e+00 1.594752e+00 -6.319536e+00 2.854869e+00 4.144962e+00 -1.079180e+01 4.521357e+00 5.655788e+01
<VARIANCE> 13
 5.472903e+01 9.214003e+00 1.686139e+01 1.701059e+01 2.820048e+01 3.491599e+01 2.826761e+01 4.874594e+01 3.430191e+01 2.888671e+01 3.477857e+01 3.047362e+01 4.233966e+01
<GCONST> 6.750518e+01
<TRANSP> 5
 0.000000e+00 1.000000e+00 0.000000e+00 0.000000e+00 0.000000e+00
 0.000000e+00 9.822195e-01 1.778048e-02 0.000000e+00 0.000000e+00
 0.000000e+00 0.000000e+00 9.827006e-01 1.729934e-02 0.000000e+00
 0.000000e+00 0.000000e+00 0.000000e+00 9.943433e-01 5.656695e-03
 0.000000e+00 0.000000e+00 0.000000e+00 0.000000e+00 0.000000e+00
<ENDHMM>
~h "cm"
<BEGINHMM>
<NUMSTATES> 5
<STATE> 2
<MEAN> 13
 -8.582059e+00 -1.820204e-01 -2.615840e+00 -4.040816e+00 -6.591530e-01 -1.017936e+00 -2.357473e+00 -1.944501e+00 -3.499905e+00 -1.417283e+00 3.867927e-02 -1.968855e+00 6.284478e+01
<VARIANCE> 13
 2.346590e+01 1.285506e+01 1.238246e+01 1.451973e+01 1.467187e+01 1.607305e+01 1.740115e+01 1.939225e+01 1.877651e+01 1.820714e+01 1.951887e+01 1.526701e+01 6.120128e+01
<GCONST> 6.172363e+01
<STATE> 3
<MEAN> 13
 -9.421212e+00 1.638997e+00 9.223930e-02 -1.697596e+00 5.670758e-01 4.202306e-01 2.534880e+00 1.338221e+00 3.027237e-01 5.152802e-01 7.605349e-01 -1.975333e+00 4.919630e+01
<VARIANCE> 13
 1.422083e+01 8.554721e+00 9.137679e+00 1.217429e+01 1.401017e+01 1.554460e+01 1.616350e+01 1.699948e+01 1.654601e+01 1.531910e+01 1.409358e+01 1.309898e+01 1.206706e+01
<GCONST> 5.764873e+01
<STATE> 4
<MEAN> 13
 -6.267665e+00 -2.879283e+00 -3.572688e+00 -4.690619e+00 -5.126944e-01 1.257550e+00 2.701004e+00 5.331442e-01 -4.814636e-01 7.320868e-01 8.572471e-01 -2.726117e+00 5.377383e+01
<VARIANCE> 13
 1.358514e+01 1.153802e+01 1.104975e+01 1.432674e+01 1.809832e+01 2.170818e+01 1.872309e+01 1.744207e+01 1.730388e+01 1.650464e+01 1.583893e+01 1.470116e+01 2.019830e+01
<GCONST> 5.988428e+01
<TRANSP> 5
 0.000000e+00 1.000000e+00 0.000000e+00 0.000000e+00 0.000000e+00
 0.000000e+00 9.897182e-01 1.028181e-02 0.000000e+00 0.000000e+00
 0.000000e+00 0.000000e+00 9.910527e-01 8.947264e-03 0.000000e+00
 0.000000e+00 0.000000e+00 0.000000e+00 9.917018e-01 8.298231e-03
 0.000000e+00 0.000000e+00 0.000000e+00 0.000000e+00 0.000000e+00
<ENDHMM>
~h "co"
<BEGINHMM>
<NUMSTATES> 5
<STATE> 2
<MEAN> 13
 -5.749156e+00 -6.002532e+00 3.304051e-01 -9.143170e-01 -6.456382e+00 -5.972491e+00 -6.032145e+00 -5.768905e+00 -3.953074e+00 -4.710905e+00 -4.129562e+00 -8.616948e+00 6.480096e+01
<VARIANCE> 13
 1.681301e+01 1.484790e+01 2.616360e+01 2.492801e+01 4.720846e+01 4.590962e+01 5.959730e+01 6.021940e+01 4.372675e+01 4.091433e+01 3.991484e+01 3.800272e+01 6.775353e+01
<GCONST> 7.078935e+01
<STATE> 3
<MEAN> 13
 -2.622021e+00 -2.595079e+00 1.288313e+00 2.089840e-01 1.413225e+00 6.608750e-01 1.606278e-01 -2.396003e+00 -3.113024e+00 -1.512318e+00 -1.374007e+00 -5.418221e+00 5.092550e+01
<VARIANCE> 13
 7.596146e+00 1.933450e+01 2.908582e+01 2.544784e+01 1.759486e+01 2.487281e+01 3.172782e+01 3.037855e+01 2.574100e+01 2.740201e+01 2.268999e+01 2.151347e+01 2.119044e+01
<GCONST> 6.424399e+01
<STATE> 4
<MEAN> 13
 -5.255572e+00 8.454617e-01 -1.912438e-01 -1.385648e+00 7.888872e-01 2.030420e+00 3.367563e+00 2.582400e+00 -1.569532e-01 1.084311e+00 9.326516e-01 -2.360528e+00 4.547036e+01
<VARIANCE> 13
 6.584023e+00 1.081350e+01 1.082830e+01 1.139424e+01 1.266200e+01 1.553031e+01 1.464554e+01 1.553957e+01 1.539728e+01 1.517138e+01 1.403927e+01 1.355359e+01 7.233665e+00
<GCONST> 5.636289e+01
<TRANSP> 5
 0.000000e+00 1.000000e+00 0.000000e+00 0.000000e+00 0.000000e+00
 0.000000e+00 9.895720e-01 1.042793e-02 0.000000e+00 0.000000e+00
 0.000000e+00 0.000000e+00 9.828907e-01 1.710931e-02 0.000000e+00
 0.000000e+00 0.000000e+00 0.000000e+00 9.907516e-01 9.248388e-03
 0.000000e+00 0.000000e+00 0.000000e+00 0.000000e+00 0.000000e+00
<ENDHMM>
~h "ds"
<BEGINHMM>
<NUMSTATES> 5
<STATE> 2
<MEAN> 13
 -1.021015e+01 2.153976e+00 2.866295e+00 2.050196e+00 3.474825e+00 1.157180e+00 4.401088e+00 -1.189200e+00 1.352649e+00 4.319980e-01 2.742980e+00 -6.896735e-01 5.894096e+01
<VARIANCE> 13
 2.224699e+01 1.450831e+01 2.005748e+01 1.953842e+01 2.582693e+01 2.506005e+01 2.504468e+01 2.289684e+01 2.267353e+01 2.282824e+01 1.856430e+01 1.668062e+01 8.773056e+01
<GCONST> 6.492363e+01
<STATE> 3
<MEAN> 13
 -6.953179e+00 1.844102e+00 6.587719e-01 -8.107812e-01 1.079305e+00 1.567062e+00 3.824781e+00 1.684520e+00 9.341919e-01 1.386947e+00 1.468502e+00 -2.326022e+00 4.809480e+01
<VARIANCE> 13
 1.176606e+01 6.314944e+00 9.247831e+00 1.151570e+01 1.921525e+01 1.698965e+01 1.745666e+01 1.925340e+01 1.850157e+01 1.823549e+01 1.581402e+01 1.343873e+01 1.095809e+01
<GCONST> 5.804870e+01
<STATE> 4
<MEAN> 13
 -8.864853e+00 -2.963405e+00 -2.370700e+00 -3.702775e+00 -2.240703e-02 2.018114e+00 3.485241e+00 4.449310e-01 -5.272092e-01 7.493219e-01 1.744037e+00 -2.028277e+00 5.541106e+01
<VARIANCE> 13
 4.889003e+01 1.345014e+01 1.292118e+01 1.427697e+01 1.708081e+01 2.857592e+01 2.341330e+01 2.087756e+01 1.859687e+01 1.789133e+01 1.612299e+01 1.463968e+01 3.112514e+01
<GCONST> 6.269029e+01
<TRANSP> 5
 0.000000e+00 1.000000e+00 0.000000e+00 0.000000e+00 0.000000e+00
 0.000000e+00 9.888600e-01 1.113996e-02 0.000000e+00 0.000000e+00
 0.000000e+00 0.000000e+00 9.881360e-01 1.186399e-02 0.000000e+00
 0.000000e+00 0.000000e+00 0.000000e+00 9.923496e-01 7.650433e-03
 0.000000e+00 0.000000e+00 0.000000e+00 0.000000e+00 0.000000e+00
<ENDHMM>
~h "kj"
<BEGINHMM>
<NUMSTATES> 5
<STATE> 2
<MEAN> 13
 -2.253029e+01 3.376210e+00 1.428324e+00 -5.412713e+00 -4.735950e+00 1.271144e+01 1.095224e+00 -3.198777e+00 8.348645e+00 -4.293344e+00 -3.957469e+00 5.689091e+00 5.937637e+01
<VARIANCE> 13
 3.737106e+01 7.843752e+00 1.885096e+01 1.328541e+01 1.707199e+01 3.438686e+01 2.331194e+01 2.069197e+01 2.463574e+01 2.033115e+01 1.938722e+01 2.027301e+01 2.291043e+01
<GCONST> 6.297192e+01
<STATE> 3
<MEAN> 13
 -9.002175e+00 -3.749788e+00 -3.923531e+00 -1.278638e+00 -1.289528e+00 4.650121e-02 2.541858e+00 -9.036415e-01 -5.299477e-01 7.429245e-01 1.740388e-01 -1.203786e+00 5.515028e+01
<VARIANCE> 13
 3.008263e+01 4.014491e+01 1.753333e+01 1.636436e+01 2.524917e+01 3.837538e+01 2.519918e+01 2.353249e+01 2.923337e+01 1.944160e+01 1.683351e+01 1.739710e+01 8.714706e+01
<GCONST> 6.639945e+01
<STATE> 4
<MEAN> 13
 -1.781267e+01 2.906099e+00 7.890484e-01 7.344754e-01 -1.778937e+00 7.394676e-01 4.465537e+00 1.073963e+00 -1.924315e+00 2.427373e+00 8.657402e-01 -2.230512e+00 5.343538e+01
<VARIANCE> 13
 6.405210e+01 2.496804e+01 1.662572e+01 2.174458e+01 1.714529e+01 2.387637e+01 3.279830e+01 2.264586e+01 2.182063e+01 2.604386e+01 1.697806e+01 1.795661e+01 3.098022e+01
<GCONST> 6.528084e+01
<TRANSP> 5
 0.000000e+00 1.000000e+00 0.000000e+00 0.000000e+00 0.000000e+00
 0.000000e+00 9.881564e-01 1.184356e-02 0.000000e+00 0.000000e+00
 0.000000e+00 0.000000e+00 9.936931e-01 6.306928e-03 0.000000e+00
 0.000000e+00 0.000000e+00 0.000000e+00 9.962230e-01 3.777042e-03
 0.000000e+00 0.000000e+00 0.000000e+00 0.000000e+00 0.000000e+00
<ENDHMM>
~h "kn"
<BEGINHMM>
<NUMSTATES> 5
<STATE> 2
<MEAN> 13
 -2.438781e+00 1.716953e+00 -1.227038e+00 -1.704918e+00 -1.824559e-01 -1.325098e+00 1.268220e+00 -3.139836e+00 8.936483e-01 1.744183e+00 1.440168e+00 -1.986938e+00 5.542773e+01
<VARIANCE> 13
 5.087094e+01 2.188511e+01 2.101302e+01 1.299140e+01 2.073511e+01 2.424625e+01 3.049222e+01 2.838098e+01 2.886086e+01 2.583927e+01 2.322807e+01 2.064082e+01 6.078471e+01
<GCONST> 6.639458e+01
<STATE> 3
<MEAN> 13
 5.549282e+00 -2.151738e-01 -1.973093e+00 1.559584e+00 5.236986e+00 9.782144e-02 2.028759e+00 -3.211661e+00 -1.313212e+00 -1.410945e+00 6.770314e-01 -2.246204e+00 5.842535e+01
<VARIANCE> 13
 9.957926e+00 2.229259e+01 1.572468e+01 1.260432e+01 1.812659e+01 2.310961e+01 2.022264e+01 2.375962e+01 2.202317e+01 1.975706e+01 1.664694e+01 1.740656e+01 4.277164e+01
<GCONST> 6.229726e+01
<STATE> 4
<MEAN> 13
 -3.580919e+00 -2.468438e-01 2.185386e-01 -2.381779e+00 -1.178793e+00 2.228788e+00 2.965484e+00 5.970552e-01 -4.311602e-01 1.951359e+00 1.017608e-01 -3.135974e+00 4.642393e+01
<VARIANCE> 13
 5.305769e+00 1.496023e+01 1.480496e+01 1.090515e+01 2.733472e+01 1.695315e+01 2.386945e+01 2.793313e+01 1.873915e+01 2.508999e+01 2.116333e+01 1.510084e+01 8.568535e+00
<GCONST> 6.006002e+01
<TRANSP> 5
 0.000000e+00 1.000000e+00 0.000000e+00 0.000000e+00 0.000000e+00
 0.000000e+00 9.640061e-01 3.599389e-02 0.000000e+00 0.000000e+00
 0.000000e+00 0.000000e+00 9.875715e-01 1.242853e-02 0.000000e+00
 0.000000e+00 0.000000e+00 0.000000e+00 9.927760e-01 7.224051e-03
 0.000000e+00 0.000000e+00 0.000000e+00 0.000000e+00 0.000000e+00
<ENDHMM>
~h "kt"
<BEGINHMM>
<NUMSTATES> 5
<STATE> 2
<MEAN> 13
 -1.217076e+01 2.498806e+00 -3.146935e+00 6.144454e-01 9.184721e-01 -1.826255e+00 2.490553e+00 1.055571e+00 1.648799e-01 -4.654768e-01 -4.269076e-02 -1.491616e+00 5.343234e+01
<VARIANCE> 13
 8.243827e+00 9.426165e+00 9.648733e+00 1.240794e+01 1.384067e+01 1.681618e+01 1.777220e+01 1.733183e+01 1.807347e+01 1.843052e+01 1.720299e+01 1.375806e+01 2.066053e+01
<GCONST> 5.851405e+01
<STATE> 3
<MEAN> 13
 -8.612106e+00 2.583089e+00 -1.801993e+00 -3.220171e-01 -4.033496e-02 4.023775e-01 3.441904e+00 1.817128e+00 5.529963e-01 5.045903e-01 4.615551e-01 -2.027903e+00 4.788690e+01
<VARIANCE> 13
 1.074056e+01 8.118631e+00 1.063268e+01 1.065195e+01 1.744515e+01 1.555425e+01 1.701435e+01 1.827817e+01 1.679776e+01 1.782271e+01 1.467666e+01 1.260544e+01 1.078654e+01
<GCONST> 5.773384e+01
<STATE> 4
<MEAN> 13
 -7.787384e+00 -2.368545e+00 -4.936806e+00 -2.394840e+00 1.542623e+00 2.604280e+00 4.741562e+00 6.645856e-01 -1.932619e-01 1.005442e+00 1.211170e+00 -1.682103e+00 5.302965e+01
<VARIANCE> 13
 1.934339e+01 1.050018e+01 8.750010e+00 9.414268e+00 1.139088e+01 1.631387e+01 1.483749e+01 1.569321e+01 1.571548e+01 1.414952e+01 1.371884e+01 1.264418e+01 1.508652e+01
<GCONST> 5.756674e+01
<TRANSP> 5
 0.000000e+00 1.000000e+00 0.000000e+00 0.000000e+00 0.000000e+00
 0.000000e+00 9.893907e-01 1.060935e-02 0.000000e+00 0.000000e+00
 0.000000e+00 0.000000e+00 9.951461e-01 4.853902e-03 0.000000e+00
 0.000000e+00 0.000000e+00 0.000000e+00 9.966413e-01 3.358647e-03
 0.000000e+00 0.000000e+00 0.000000e+00 0.000000e+00 0.000000e+00
<ENDHMM>
~h "pr"
<BEGINHMM>
<NUMSTATES> 5
<STATE> 2
<MEAN> 13
 -7.347880e+00 -6.577963e+00 9.371204e-01 -5.195677e+00 1.711526e+00 5.800711e+00 1.572225e+00 3.134004e-01 2.837519e-01 2.052474e+00 2.109538e+00 -2.271028e+00 5.079381e+01
<VARIANCE> 13
 1.395940e+01 5.707259e+01 3.410867e+01 3.567741e+01 6.722655e+01 8.145867e+01 2.907800e+01 4.321034e+01 5.191473e+01 3.741805e+01 5.668219e+01 3.669410e+01 2.563580e+01
<GCONST> 7.187700e+01
<STATE> 3
<MEAN> 13
 -1.510884e+01 -7.987682e+00 1.538198e+00 -4.967094e+00 2.775184e+00 -2.092383e+00 6.006598e+00 4.061149e+00 -7.858491e-02 -2.332137e+00 -1.563657e-01 1.740164e+00 5.849400e+01
<VARIANCE> 13
 3.555079e+01 3.641604e+01 4.285937e+01 3.932733e+01 9.323535e+01 8.169775e+01 6.776503e+01 7.530080e+01 5.105770e+01 3.891615e+01 6.066636e+01 7.437534e+01 2.265361e+01
<GCONST> 7.509311e+01
<STATE> 4
<MEAN> 13
 -1.601991e+01 3.114202e+00 1.372487e+01 -1.306530e+01 3.449164e+00 9.605534e+00 -4.102682e+00 -1.934215e+00 7.974144e+00 -3.733937e+00 -6.564997e+00 6.469220e+00 5.032273e+01
<VARIANCE> 13
 4.664837e+01 1.285259e+01 4.773757e+01 5.427332e+01 2.377286e+01 4.218069e+01 2.368854e+01 4.289298e+01 5.274992e+01 4.026879e+01 3.983148e+01 3.766994e+01 2.249862e+01
<GCONST> 7.007066e+01
<TRANSP> 5
 0.000000e+00 1.000000e+00 0.000000e+00 0.000000e+00 0.000000e+00
 0.000000e+00 9.786441e-01 2.135590e-02 0.000000e+00 0.000000e+00
 0.000000e+00 0.000000e+00 9.948435e-01 5.156515e-03 0.000000e+00
 0.000000e+00 0.000000e+00 0.000000e+00 9.922889e-01 7.711026e-03
 0.000000e+00 0.000000e+00 0.000000e+00 0.000000e+00 0.000000e+00
<ENDHMM>
~h "pw"
<BEGINHMM>
<NUMSTATES> 5
<STATE> 2
<MEAN> 13
 -1.303323e+01 -3.265698e+00 -1.767618e+00 -7.822139e-01 1.034829e+00 -1.262308e+00 2.690581e+00 -4.258726e-01 -9.108164e-01 6.531829e-01 3.811907e-01 -8.780210e-01 5.525962e+01
<VARIANCE> 13
 1.651960e+01 2.158945e+01 1.331857e+01 1.233599e+01 1.486636e+01 2.109835e+01 1.874723e+01 2.083752e+01 1.766887e+01 1.613631e+01 1.454325e+01 1.310149e+01 3.700309e+01
<GCONST> 6.110066e+01
<STATE> 3
<MEAN> 13
 -1.029618e+01 -8.813199e+00 -2.814369e+00 -2.704622e+00 -2.505455e+00 -6.565452e+00 -2.613443e+00 -7.393376e+00 -3.678888e+00 -2.252257e+00 -7.970466e-01 -2.478821e+00 6.760234e+01
<VARIANCE> 13
 2.112480e+01 1.442854e+01 1.595691e+01 1.412834e+01 2.623073e+01 2.800951e+01 2.111844e+01 2.364385e+01 2.605414e+01 2.033322e+01 1.937037e+01 2.853980e+01 4.337333e+01
<GCONST> 6.420018e+01
<STATE> 4
<MEAN> 13
 -7.125934e+00 -4.807274e+00 -1.273380e+00 -1.375443e+00 4.254918e-01 -4.053887e+00 -1.390474e+00 -4.909511e+00 -4.194654e+00 -1.353782e+00 -7.464564e-01 -1.625869e+00 5.819224e+01
<VARIANCE> 13
 1.785671e+01 3.300483e+01 1.591773e+01 1.247518e+01 2.768981e+01 2.422203e+01 2.127876e+01 2.701326e+01 2.225079e+01 1.775477e+01 1.743930e+01 1.953712e+01 7.760222e+01
<GCONST> 6.458665e+01
<TRANSP> 5
 0.000000e+00 1.000000e+00 0.000000e+00 0.000000e+00 0.000000e+00
 0.000000e+00 9.972871e-01 2.712950e-03 0.000000e+00 0.000000e+00
 0.000000e+00 0.000000e+00 9.538279e-01 4.617215e-02 0.000000e+00
 0.000000e+00 0.000000e+00 0.000000e+00 9.781300e-01 2.186996e-02
 0.000000e+00 0.000000e+00 0.000000e+00 0.000000e+00 0.000000e+00
<ENDHMM>
~h "si"
<BEGINHMM>
<NUMSTATES> 5
<STATE> 2
<MEAN> 13
 -1.106219e+01 -4.256831e-01 1.099920e+00 -8.634575e-01 1.103348e+00 -6.175854e-01 2.239065e+00 -3.942418e-01 -3.307441e-01 -1.040192e-01 1.184901e+00 -1.336454e+00 5.329377e+01
<VARIANCE> 13
 1.814168e+01 1.839710e+01 1.380036e+01 1.635068e+01 1.911738e+01 2.034765e+01 2.065522e+01 2.146125e+01 2.117250e+01 1.909702e+01 1.742199e+01 1.539029e+01 4.430727e+01
<GCONST> 6.256441e+01
<STATE> 3
<MEAN> 13
 -5.433705e+00 2.363536e+00 1.732285e+00 -2.452209e+00 3.210543e+00 2.258744e+00 1.823015e+00 4.294204e+00 -9.133681e-01 -4.741034e-02 1.113586e+00 -2.688561e+00 4.284069e+01
<VARIANCE> 13
 4.021804e+00 4.443802e+00 7.087128e+00 8.966963e+00 1.295741e+01 1.339572e+01 1.411716e+01 1.588942e+01 1.498417e+01 1.557372e+01 1.369538e+01 1.226854e+01 2.235982e+00
<GCONST> 5.287848e+01
<STATE> 4
<MEAN> 13
 -7.866698e+00 1.474037e+00 9.821488e-01 -1.782383e+00 1.655921e+00 6.019886e-01 2.315269e+00 2.703633e+00 3.746874e-03 3.765808e-01 5.983886e-01 -2.181093e+00 4.596785e+01
<VARIANCE> 13
 1.147212e+01 1.086315e+01 9.327764e+00 1.256867e+01 1.360441e+01 1.602600e+01 1.579634e+01 1.706707e+01 1.605209e+01 1.567037e+01 1.456338e+01 1.375020e+01 9.169751e+00
<GCONST> 5.750652e+01
<TRANSP> 5
 0.000000e+00 1.000000e+00 0.000000e+00 0.000000e+00 0.000000e+00
 0.000000e+00 9.918506e-01 8.149436e-03 0.000000e+00 0.000000e+00
 0.000000e+00 0.000000e+00 9.930151e-01 6.984878e-03 0.000000e+00
 0.000000e+00 0.000000e+00 0.000000e+00 9.884390e-01 1.156095e-02
 0.000000e+00 0.000000e+00 0.000000e+00 0.000000e+00 0.000000e+00
<ENDHMM>
~h "st"
<BEGINHMM>
<NUMSTATES> 5
<STATE> 2
<MEAN> 13
 -5.673941e+00 -4.323902e-01 -3.376700e+00 -5.378455e+00 -1.786646e+00 -2.402041e+00 -3.719438e+00 -2.481892e+00 -4.086473e+00 -2.488697e+00 -1.828023e+00 -2.834749e+00 7.074497e+01
<VARIANCE> 13
 8.113533e+00 8.037911e+00 7.953006e+00 1.194710e+01 1.290036e+01 1.214702e+01 1.527942e+01 1.717181e+01 1.624120e+01 1.439147e+01 1.428931e+01 1.281986e+01 4.343348e+01
<GCONST> 5.768418e+01
<STATE> 3
<MEAN> 13
 -9.530123e+00 1.111169e+00 1.105659e+00 -1.335034e+00 1.160968e-01 -8.093919e-01 2.031159e+00 -1.104113e+00 1.464303e-01 1.859021e-01 1.284603e+00 -2.138035e+00 5.594911e+01
<VARIANCE> 13
 2.009940e+01 9.149796e+00 1.117957e+01 1.780602e+01 1.751495e+01 1.745514e+01 1.691386e+01 2.113381e+01 2.055087e+01 1.935287e+01 1.742111e+01 1.542326e+01 7.901098e+01
<GCONST> 6.195103e+01
<STATE> 4
<MEAN> 13
 -4.993755e+00 -2.601789e+00 1.794906e-01 -8.576423e+00 -2.244634e+00 -3.423661e+00 -1.768848e+00 -2.380765e+00 -1.303612e+00 -2.328573e+00 -3.114726e+00 -2.640562e+00 5.992887e+01
<VARIANCE> 13
 3.269987e+01 3.311966e+01 3.415274e+01 5.882470e+01 3.145324e+01 4.846925e+01 3.998768e+01 3.457368e+01 3.076702e+01 2.875967e+01 4.228933e+01 2.334991e+01 6.307240e+01
<GCONST> 7.087123e+01
<TRANSP> 5
 0.000000e+00 1.000000e+00 0.000000e+00 0.000000e+00 0.000000e+00
 0.000000e+00 9.714899e-01 2.851008e-02 0.000000e+00 0.000000e+00
 0.000000e+00 0.000000e+00 9.794332e-01 2.056668e-02 0.000000e+00
 0.000000e+00 0.000000e+00 0.000000e+00 9.567619e-01 4.323809e-02
 0.000000e+00 0.000000e+00 0.000000e+00 0.000000e+00 0.000000e+00
<ENDHMM>
~h "spe"
<BEGINHMM>
<NUMSTATES> 5
<STATE> 2
<MEAN> 13
 -3.305752e+00 -4.474139e+00 -3.499366e+00 -3.488367e+00 1.818653e+00 3.964266e+00 4.616250e+00 1.042916e+00 -5.923507e-01 1.278866e+00 1.342435e+00 -2.639977e+00 5.001877e+01
<VARIANCE> 13
 6.766019e+00 8.920074e+00 8.053194e+00 1.077771e+01 1.456312e+01 1.652197e+01 1.484875e+01 1.655608e+01 1.564144e+01 1.543653e+01 1.479787e+01 1.333758e+01 5.980855e+00
<GCONST> 5.600431e+01
<STATE> 3
<MEAN> 13
 -1.115893e+00 -3.439923e+00 4.975264e-01 -4.814529e+00 -3.092936e+00 -3.830114e-01 -5.600289e-01 -9.881410e-01 -2.103737e+00 1.124277e-01 -1.001765e+00 -5.791229e+00 5.396243e+01
<VARIANCE> 13
 1.494638e+01 2.902890e+01 3.749027e+01 2.872011e+01 4.746785e+01 3.845223e+01 3.478143e+01 3.354251e+01 2.977294e+01 2.835242e+01 3.092006e+01 2.648544e+01 1.929171e+01
<GCONST> 6.792420e+01
<STATE> 4
<MEAN> 13
 -8.283836e+00 -3.438183e-02 -1.753217e+00 -1.283844e+00 -6.687146e-01 7.158408e-01 3.099397e+00 5.372619e-01 3.194973e-01 1.728421e+00 2.625210e-01 -1.756696e+00 5.064843e+01
<VARIANCE> 13
 2.610596e+01 1.697111e+01 1.045918e+01 1.068312e+01 1.630763e+01 2.184840e+01 1.885232e+01 1.969969e+01 1.789762e+01 1.743166e+01 1.565205e+01 1.484837e+01 3.642113e+01
<GCONST> 6.128182e+01
<TRANSP> 5
 0.000000e+00 1.000000e+00 0.000000e+00 0.000000e+00 0.000000e+00
 0.000000e+00 9.970163e-01 2.983663e-03 0.000000e+00 0.000000e+00
 0.000000e+00 0.000000e+00 9.970739e-01 2.926132e-03 0.000000e+00
 0.000000e+00 0.000000e+00 0.000000e+00 9.977893e-01 2.210781e-03
 0.000000e+00 0.000000e+00 0.000000e+00 0.000000e+00 0.000000e+00
<ENDHMM>
