~o
<STREAMINFO> 1 13
<VECSIZE> 13<NULLD><MFCC_0><DIAGC>
~h "ap"
<BEGINHMM>
<NUMSTATES> 5
<STATE> 2
<MEAN> 13
 -3.811446e+00 -4.074084e+00 -3.745000e+00 -3.026955e+00 1.800037e+00 4.243766e+00 4.342395e+00 7.247182e-01 -8.062682e-01 1.003060e+00 1.292883e+00 -2.343702e+00 5.030311e+01
<VARIANCE> 13
 5.857867e+00 5.535908e+00 6.219024e+00 8.497201e+00 1.178456e+01 1.574123e+01 1.669779e+01 1.557834e+01 1.485398e+01 1.459138e+01 1.309035e+01 1.373845e+01 3.327537e+00
<GCONST> 5.389603e+01
<STATE> 3
<MEAN> 13
 -6.828146e+00 1.099637e+00 -1.400355e+00 -8.615643e-01 4.129979e-01 2.243171e+00 4.103715e+00 1.964389e+00 1.108889e-01 1.532533e+00 7.041933e-01 -1.797767e+00 4.646392e+01
<VARIANCE> 13
 1.019508e+01 7.397235e+00 6.268105e+00 8.402117e+00 1.094733e+01 1.353975e+01 1.351795e+01 1.416756e+01 1.306162e+01 1.398915e+01 1.200979e+01 1.132154e+01 1.078963e+01
<GCONST> 5.493205e+01
<STATE> 4
<MEAN> 13
 -1.063459e+01 -1.153526e+01 -5.254134e+00 1.235996e+00 3.372822e-01 -5.078477e+00 1.842435e+00 -2.232504e+00 -3.800197e+00 -1.400465e+00 6.712500e-01 -1.517712e+00 6.168176e+01
<VARIANCE> 13
 2.417248e+01 5.819013e+01 3.441393e+01 2.453470e+01 3.507328e+01 3.743071e+01 2.591213e+01 2.992185e+01 2.403353e+01 2.219754e+01 1.798406e+01 1.535522e+01 1.415912e+02
<GCONST> 6.856644e+01
<TRANSP> 5
 0.000000e+00 1.000000e+00 0.000000e+00 0.000000e+00 0.000000e+00
 0.000000e+00 9.842471e-01 1.575286e-02 0.000000e+00 0.000000e+00
 0.000000e+00 0.000000e+00 9.865104e-01 1.348962e-02 0.000000e+00
 0.000000e+00 0.000000e+00 0.000000e+00 9.962873e-01 3.712672e-03
 0.000000e+00 0.000000e+00 0.000000e+00 0.000000e+00 0.000000e+00
<ENDHMM>
~h "cl"
<BEGINHMM>
<NUMSTATES> 5
<STATE> 2
<MEAN> 13
 -1.009927e+01 -6.180854e+00 2.734168e+00 -4.727275e+00 3.324985e+00 -1.528984e+00 8.012382e-01 3.942076e+00 -6.761919e-01 -3.245211e+00 -3.991972e-01 -1.025675e+00 5.418783e+01
<VARIANCE> 13
 6.385958e+01 3.024087e+01 4.612575e+01 5.096590e+01 8.379258e+01 5.500184e+01 4.681228e+01 7.153754e+01 4.811734e+01 7.431348e+01 7.098913e+01 9.024831e+01 5.306141e+01
<GCONST> 7.669137e+01
<STATE> 3
<MEAN> 13
 -1.571899e+01 1.954420e+00 -1.816740e+00 -5.082922e+00 -3.129356e+00 1.143081e+01 6.603554e-01 -3.654359e+00 6.611710e+00 -2.367599e+00 -2.594439e+00 4.658192e+00 5.733583e+01
<VARIANCE> 13
 4.869420e+01 1.311885e+01 1.107593e+01 1.188600e+01 1.763798e+01 3.021811e+01 2.730709e+01 2.464838e+01 2.656510e+01 1.988208e+01 1.885737e+01 2.192728e+01 1.825748e+01
<GCONST> 6.322113e+01
<STATE> 4
<MEAN> 13
 -2.074904e+01 1.099842e+00 6.210560e+00 -3.120420e+00 -6.171560e+00 9.810724e+00 1.594423e+00 -6.283097e+00 2.855840e+00 4.130540e+00 -1.073938e+01 4.497777e+00 5.650591e+01
<VARIANCE> 13
 5.517664e+01 9.220744e+00 1.707898e+01 1.695794e+01 2.831650e+01 3.518840e+01 2.821375e+01 4.927435e+01 3.420349e+01 2.895366e+01 3.530843e+01 3.070439e+01 4.277536e+01
<GCONST> 6.757687e+01
<TRANSP> 5
 0.000000e+00 1.000000e+00 0.000000e+00 0.000000e+00 0.000000e+00
 0.000000e+00 9.777710e-01 2.222898e-02 0.000000e+00 0.000000e+00
 0.000000e+00 0.000000e+00 9.839106e-01 1.608948e-02 0.000000e+00
 0.000000e+00 0.000000e+00 0.000000e+00 9.943726e-01 5.627406e-03
 0.000000e+00 0.000000e+00 0.000000e+00 0.000000e+00 0.000000e+00
<ENDHMM>
~h "cm"
<BEGINHMM>
<NUMSTATES> 5
<STATE> 2
<MEAN> 13
 -8.527183e+00 -4.664959e-01 -2.742543e+00 -3.980148e+00 -7.131186e-01 -1.162488e+00 -2.572794e+00 -2.252331e+00 -3.750418e+00 -1.681540e+00 -1.927743e-01 -1.995198e+00 6.401296e+01
<VARIANCE> 13
 2.334760e+01 1.255620e+01 1.144882e+01 1.399043e+01 1.423203e+01 1.586186e+01 1.673746e+01 1.909638e+01 1.852410e+01 1.720969e+01 1.907430e+01 1.493418e+01 5.732462e+01
<GCONST> 6.130120e+01
<STATE> 3
<MEAN> 13
 -8.632124e+00 1.771917e+00 5.507193e-02 -2.032154e+00 6.137361e-01 3.077828e-01 2.186173e+00 1.340263e+00 -4.625017e-02 1.889552e-01 6.625216e-01 -2.171247e+00 4.893876e+01
<VARIANCE> 13
 1.432036e+01 8.183869e+00 8.537864e+00 1.271362e+01 1.397124e+01 1.585448e+01 1.662093e+01 1.832893e+01 1.711526e+01 1.552119e+01 1.433993e+01 1.342422e+01 1.414241e+01
<GCONST> 5.795449e+01
<STATE> 4
<MEAN> 13
 -7.230317e+00 -2.497820e+00 -3.194386e+00 -4.392655e+00 -5.525653e-01 9.600313e-01 2.518845e+00 6.007265e-01 -3.882734e-01 8.100328e-01 8.870675e-01 -2.491399e+00 5.389687e+01
<VARIANCE> 13
 1.834759e+01 1.287090e+01 1.215371e+01 1.512593e+01 1.756424e+01 2.170034e+01 1.902881e+01 1.748029e+01 1.744960e+01 1.649284e+01 1.568960e+01 1.462675e+01 2.215871e+01
<GCONST> 6.051746e+01
<TRANSP> 5
 0.000000e+00 1.000000e+00 0.000000e+00 0.000000e+00 0.000000e+00
 0.000000e+00 9.892095e-01 1.079055e-02 0.000000e+00 0.000000e+00
 0.000000e+00 0.000000e+00 9.914070e-01 8.592991e-03 0.000000e+00
 0.000000e+00 0.000000e+00 0.000000e+00 9.933050e-01 6.695044e-03
 0.000000e+00 0.000000e+00 0.000000e+00 0.000000e+00 0.000000e+00
<ENDHMM>
~h "co"
<BEGINHMM>
<NUMSTATES> 5
<STATE> 2
<MEAN> 13
 -5.994056e+00 -6.315259e+00 -1.612698e-01 -1.066735e+00 -6.757712e+00 -6.397696e+00 -6.357741e+00 -5.489947e+00 -3.890882e+00 -5.017088e+00 -4.431587e+00 -8.745025e+00 6.564209e+01
<VARIANCE> 13
 1.649951e+01 1.411927e+01 2.475718e+01 2.462962e+01 4.711840e+01 4.600556e+01 6.283954e+01 5.965245e+01 4.362957e+01 4.263052e+01 4.191899e+01 3.987259e+01 6.364270e+01
<GCONST> 7.076991e+01
<STATE> 3
<MEAN> 13
 -2.871816e+00 -2.436023e+00 2.996947e+00 1.433160e+00 3.216106e-01 -1.463290e+00 -1.786130e+00 -4.498019e+00 -3.707448e+00 -2.566663e+00 -2.157886e+00 -6.404693e+00 5.306955e+01
<VARIANCE> 13
 1.050982e+01 1.954595e+01 2.520149e+01 2.635651e+01 2.640456e+01 2.786329e+01 3.293811e+01 4.125407e+01 2.887471e+01 2.938014e+01 2.423944e+01 2.159343e+01 3.993421e+01
<GCONST> 6.622221e+01
<STATE> 4
<MEAN> 13
 -5.451881e+00 1.457907e+00 8.223121e-01 -1.822034e+00 2.445635e+00 2.417467e+00 2.425374e+00 3.572298e+00 -5.029261e-01 3.817675e-01 7.513223e-01 -2.826059e+00 4.408964e+01
<VARIANCE> 13
 6.042662e+00 8.071623e+00 9.815661e+00 1.002751e+01 1.470054e+01 1.470729e+01 1.486973e+01 1.707507e+01 1.558326e+01 1.575931e+01 1.418303e+01 1.276095e+01 7.480750e+00
<GCONST> 5.599649e+01
<TRANSP> 5
 0.000000e+00 1.000000e+00 0.000000e+00 0.000000e+00 0.000000e+00
 0.000000e+00 9.874755e-01 1.252447e-02 0.000000e+00 0.000000e+00
 0.000000e+00 0.000000e+00 9.797919e-01 2.020808e-02 0.000000e+00
 0.000000e+00 0.000000e+00 0.000000e+00 9.959832e-01 4.016829e-03
 0.000000e+00 0.000000e+00 0.000000e+00 0.000000e+00 0.000000e+00
<ENDHMM>
~h "ds"
<BEGINHMM>
<NUMSTATES> 5
<STATE> 2
<MEAN> 13
 -1.054168e+01 2.087436e+00 2.844832e+00 2.405580e+00 3.543654e+00 1.040425e+00 4.687909e+00 -1.183742e+00 1.415318e+00 7.805073e-01 2.947015e+00 -5.598962e-01 5.944993e+01
<VARIANCE> 13
 1.945246e+01 1.261844e+01 1.613029e+01 1.742452e+01 2.381411e+01 2.295451e+01 2.174927e+01 2.257765e+01 2.034739e+01 1.924575e+01 1.844541e+01 1.621210e+01 7.880910e+01
<GCONST> 6.357228e+01
<STATE> 3
<MEAN> 13
 -6.983606e+00 1.614976e+00 6.406033e-01 -6.831255e-01 1.371647e+00 1.426222e+00 3.585418e+00 1.272154e+00 7.071534e-01 1.237241e+00 1.601305e+00 -2.332445e+00 4.861121e+01
<VARIANCE> 13
 1.124620e+01 7.130620e+00 9.162570e+00 1.128816e+01 1.803565e+01 1.738337e+01 1.781378e+01 1.851783e+01 1.808935e+01 1.777712e+01 1.563397e+01 1.365129e+01 1.203926e+01
<GCONST> 5.808697e+01
<STATE> 4
<MEAN> 13
 -9.259766e+00 -2.404418e+00 -1.622405e+00 -3.267157e+00 -2.984430e-01 1.136955e+00 3.274701e+00 -2.415014e-03 -4.578020e-01 5.444157e-01 1.627779e+00 -2.085108e+00 5.546342e+01
<VARIANCE> 13
 4.011592e+01 1.487568e+01 1.338280e+01 1.506185e+01 1.755292e+01 2.653134e+01 2.187518e+01 2.137779e+01 1.960906e+01 1.888838e+01 1.681543e+01 1.500514e+01 3.486360e+01
<GCONST> 6.287796e+01
<TRANSP> 5
 0.000000e+00 1.000000e+00 0.000000e+00 0.000000e+00 0.000000e+00
 0.000000e+00 9.856901e-01 1.430991e-02 0.000000e+00 0.000000e+00
 0.000000e+00 0.000000e+00 9.896882e-01 1.031181e-02 0.000000e+00
 0.000000e+00 0.000000e+00 0.000000e+00 9.948792e-01 5.120758e-03
 0.000000e+00 0.000000e+00 0.000000e+00 0.000000e+00 0.000000e+00
<ENDHMM>
~h "kj"
<BEGINHMM>
<NUMSTATES> 5
<STATE> 2
<MEAN> 13
 -2.213908e+01 3.282438e+00 1.389863e+00 -5.416696e+00 -4.712152e+00 1.249314e+01 1.116876e+00 -3.158085e+00 8.261550e+00 -4.117072e+00 -3.972994e+00 5.597807e+00 5.910060e+01
<VARIANCE> 13
 4.073402e+01 8.121314e+00 1.928069e+01 1.339564e+01 1.726681e+01 3.535881e+01 2.287551e+01 2.058181e+01 2.475068e+01 2.090560e+01 1.942562e+01 2.055991e+01 2.457423e+01
<GCONST> 6.325730e+01
<STATE> 3
<MEAN> 13
 -8.923784e+00 -4.086011e+00 -3.994362e+00 -1.253135e+00 -1.224290e+00 -2.346390e-02 2.569906e+00 -1.011109e+00 -5.498220e-01 7.490825e-01 1.611457e-01 -1.226365e+00 5.538765e+01
<VARIANCE> 13
 3.024114e+01 3.897908e+01 1.699868e+01 1.616810e+01 2.582725e+01 3.863826e+01 2.595598e+01 2.404227e+01 2.835363e+01 1.946601e+01 1.659821e+01 1.688685e+01 8.943584e+01
<GCONST> 6.636547e+01
<STATE> 4
<MEAN> 13
 -1.733543e+01 2.699262e+00 6.046351e-01 6.727848e-01 -1.722038e+00 6.601655e-01 4.238588e+00 1.046591e+00 -1.797412e+00 2.346391e+00 8.426013e-01 -2.188201e+00 5.333400e+01
<VARIANCE> 13
 6.430880e+01 2.521374e+01 1.734217e+01 2.172398e+01 1.766218e+01 2.353921e+01 3.226318e+01 2.231816e+01 2.194949e+01 2.564053e+01 1.699508e+01 1.783052e+01 3.085349e+01
<GCONST> 6.530047e+01
<TRANSP> 5
 0.000000e+00 1.000000e+00 0.000000e+00 0.000000e+00 0.000000e+00
 0.000000e+00 9.885936e-01 1.140636e-02 0.000000e+00 0.000000e+00
 0.000000e+00 0.000000e+00 9.932140e-01 6.786027e-03 0.000000e+00
 0.000000e+00 0.000000e+00 0.000000e+00 9.964913e-01 3.508722e-03
 0.000000e+00 0.000000e+00 0.000000e+00 0.000000e+00 0.000000e+00
<ENDHMM>
~h "kn"
<BEGINHMM>
<NUMSTATES> 5
<STATE> 2
<MEAN> 13
 -3.870719e+00 1.536015e+00 -8.626530e-01 -1.342303e+00 1.312928e+00 -2.093561e+00 1.723312e+00 -2.822942e+00 7.929128e-01 7.639484e-01 2.296824e+00 -1.472366e+00 5.774375e+01
<VARIANCE> 13
 5.123042e+01 1.650322e+01 1.954825e+01 1.590607e+01 1.886151e+01 2.498054e+01 3.096219e+01 2.675991e+01 2.726796e+01 2.222040e+01 2.196676e+01 2.156336e+01 7.480568e+01
<GCONST> 6.612891e+01
<STATE> 3
<MEAN> 13
 5.535645e+00 -1.903461e-01 -2.181991e+00 1.428813e+00 5.045920e+00 -5.978686e-03 1.900747e+00 -3.376701e+00 -1.134144e+00 -1.292550e+00 6.757005e-01 -2.229020e+00 5.863404e+01
<VARIANCE> 13
 1.018611e+01 2.250453e+01 1.559641e+01 1.294771e+01 1.878536e+01 2.323728e+01 2.050756e+01 2.357462e+01 2.214833e+01 1.946382e+01 1.624086e+01 1.740936e+01 3.917801e+01
<GCONST> 6.227388e+01
<STATE> 4
<MEAN> 13
 -3.610708e+00 7.725512e-01 2.249701e-01 -2.112392e+00 -1.422058e+00 2.196178e+00 2.881608e+00 9.734067e-01 1.433155e-01 2.025273e+00 2.658513e-01 -3.052057e+00 4.594116e+01
<VARIANCE> 13
 7.394847e+00 9.371243e+00 1.386103e+01 1.116155e+01 2.608336e+01 1.607070e+01 2.079557e+01 2.509657e+01 1.924080e+01 2.249301e+01 1.939712e+01 1.527672e+01 8.893063e+00
<GCONST> 5.941512e+01
<TRANSP> 5
 0.000000e+00 1.000000e+00 0.000000e+00 0.000000e+00 0.000000e+00
 0.000000e+00 9.460841e-01 5.391589e-02 0.000000e+00 0.000000e+00
 0.000000e+00 0.000000e+00 9.878649e-01 1.213515e-02 0.000000e+00
 0.000000e+00 0.000000e+00 0.000000e+00 9.910053e-01 8.994711e-03
 0.000000e+00 0.000000e+00 0.000000e+00 0.000000e+00 0.000000e+00
<ENDHMM>
~h "kt"
<BEGINHMM>
<NUMSTATES> 5
<STATE> 2
<MEAN> 13
 -1.238287e+01 2.470480e+00 -3.226585e+00 4.469826e-01 8.029063e-01 -2.242517e+00 2.316254e+00 7.980937e-01 -4.239179e-03 -5.822023e-01 -3.701117e-01 -1.479393e+00 5.434352e+01
<VARIANCE> 13
 8.773661e+00 9.500113e+00 8.534883e+00 1.262228e+01 1.421760e+01 1.658824e+01 1.872836e+01 1.762139e+01 1.909302e+01 1.925330e+01 1.788279e+01 1.416752e+01 2.077468e+01
<GCONST> 5.873294e+01
<STATE> 3
<MEAN> 13
 -8.848312e+00 2.714868e+00 -2.118740e+00 -1.677653e-01 -5.926402e-02 2.400106e-01 3.427792e+00 1.785976e+00 5.904889e-01 4.909373e-01 4.846072e-01 -2.023541e+00 4.822166e+01
<VARIANCE> 13
 1.095183e+01 8.078437e+00 9.850117e+00 1.087315e+01 1.727956e+01 1.552034e+01 1.713155e+01 1.798032e+01 1.680422e+01 1.772939e+01 1.473838e+01 1.268316e+01 1.084711e+01
<GCONST> 5.768225e+01
<STATE> 4
<MEAN> 13
 -8.164780e+00 -2.744835e+00 -4.677120e+00 -2.387928e+00 1.483701e+00 2.367826e+00 4.528508e+00 3.949367e-01 -3.502253e-01 8.985584e-01 1.197375e+00 -1.620501e+00 5.351832e+01
<VARIANCE> 13
 2.289039e+01 1.099181e+01 8.867593e+00 9.738808e+00 1.191077e+01 1.829058e+01 1.550200e+01 1.641584e+01 1.594359e+01 1.467661e+01 1.375704e+01 1.268797e+01 2.072287e+01
<GCONST> 5.845060e+01
<TRANSP> 5
 0.000000e+00 1.000000e+00 0.000000e+00 0.000000e+00 0.000000e+00
 0.000000e+00 9.855667e-01 1.443323e-02 0.000000e+00 0.000000e+00
 0.000000e+00 0.000000e+00 9.953212e-01 4.678846e-03 0.000000e+00
 0.000000e+00 0.000000e+00 0.000000e+00 9.975866e-01 2.413389e-03
 0.000000e+00 0.000000e+00 0.000000e+00 0.000000e+00 0.000000e+00
<ENDHMM>
~h "pr"
<BEGINHMM>
<NUMSTATES> 5
<STATE> 2
<MEAN> 13
 -7.691783e+00 -6.107011e+00 1.828686e+00 -4.018734e+00 -1.179583e-01 3.536285e+00 2.330251e+00 1.884459e-01 1.227165e+00 2.928871e+00 6.234608e-01 -3.522723e+00 5.069298e+01
<VARIANCE> 13
 1.780735e+01 5.185951e+01 3.484954e+01 3.704079e+01 7.013509e+01 4.925677e+01 3.078385e+01 4.634012e+01 6.218974e+01 3.841345e+01 4.566398e+01 4.844820e+01 2.760826e+01
<GCONST> 7.209259e+01
<STATE> 3
<MEAN> 13
 -1.558509e+01 -8.857501e+00 1.983621e+00 -5.478945e+00 3.744303e+00 -1.433112e+00 5.720045e+00 4.504921e+00 -3.272028e-01 -2.626513e+00 2.117660e-01 2.580034e+00 5.857950e+01
<VARIANCE> 13
 3.190589e+01 3.394250e+01 4.133494e+01 4.174546e+01 9.439091e+01 1.058860e+02 6.858531e+01 7.737675e+01 5.253598e+01 3.929115e+01 6.961726e+01 7.175930e+01 2.191524e+01
<GCONST> 7.535574e+01
<STATE> 4
<MEAN> 13
 -1.606963e+01 3.102868e+00 1.372872e+01 -1.310683e+01 3.453439e+00 9.611285e+00 -4.105917e+00 -1.921404e+00 8.011721e+00 -3.732433e+00 -6.570189e+00 6.509337e+00 5.035089e+01
<VARIANCE> 13
 4.631347e+01 1.292153e+01 4.798152e+01 5.413906e+01 2.387115e+01 4.280724e+01 2.365709e+01 4.320366e+01 5.255836e+01 4.042252e+01 4.003852e+01 3.757813e+01 2.254987e+01
<GCONST> 7.010137e+01
<TRANSP> 5
 0.000000e+00 1.000000e+00 0.000000e+00 0.000000e+00 0.000000e+00
 0.000000e+00 9.726160e-01 2.738405e-02 0.000000e+00 0.000000e+00
 0.000000e+00 0.000000e+00 9.941940e-01 5.806045e-03 0.000000e+00
 0.000000e+00 0.000000e+00 0.000000e+00 9.922546e-01 7.745424e-03
 0.000000e+00 0.000000e+00 0.000000e+00 0.000000e+00 0.000000e+00
<ENDHMM>
~h "pw"
<BEGINHMM>
<NUMSTATES> 5
<STATE> 2
<MEAN> 13
 -1.382578e+01 -4.752652e+00 -1.827376e+00 -8.611543e-01 6.148117e-01 -2.616573e+00 1.748329e+00 -1.483027e+00 -1.654290e+00 2.444883e-01 1.322793e-01 -9.028823e-01 5.750954e+01
<VARIANCE> 13
 1.560755e+01 2.157423e+01 1.255750e+01 1.248184e+01 1.607175e+01 2.249923e+01 1.987084e+01 2.342737e+01 1.822813e+01 1.669762e+01 1.458394e+01 1.288181e+01 4.542785e+01
<GCONST> 6.157004e+01
<STATE> 3
<MEAN> 13
 -9.388042e+00 -9.542243e+00 -3.061954e-01 -2.870261e+00 -1.726105e+00 -5.313766e+00 -2.540228e+00 -6.008810e+00 -1.487793e+00 -2.632284e+00 -3.204322e+00 -3.806962e+00 6.524635e+01
<VARIANCE> 13
 4.061567e+01 2.274949e+01 2.842701e+01 2.097684e+01 8.498805e+01 5.747370e+01 3.746934e+01 5.635316e+01 4.932265e+01 2.460271e+01 3.497734e+01 6.637576e+01 3.547099e+01
<GCONST> 7.168085e+01
<STATE> 4
<MEAN> 13
 -7.620383e+00 -4.126089e+00 -9.302076e-01 -1.693358e+00 -8.795826e-01 -2.985970e+00 1.398576e+00 -2.233074e+00 -2.380531e+00 -3.320174e-01 -7.024274e-01 -2.845416e+00 5.623069e+01
<VARIANCE> 13
 2.298033e+01 3.311138e+01 1.796564e+01 1.477899e+01 3.955459e+01 2.776943e+01 5.683437e+01 3.964596e+01 2.794598e+01 2.026414e+01 1.917581e+01 2.147659e+01 5.537559e+01
<GCONST> 6.720421e+01
<TRANSP> 5
 0.000000e+00 1.000000e+00 0.000000e+00 0.000000e+00 0.000000e+00
 0.000000e+00 9.949031e-01 5.096886e-03 0.000000e+00 0.000000e+00
 0.000000e+00 0.000000e+00 9.240564e-01 7.594360e-02 0.000000e+00
 0.000000e+00 0.000000e+00 0.000000e+00 9.739341e-01 2.606590e-02
 0.000000e+00 0.000000e+00 0.000000e+00 0.000000e+00 0.000000e+00
<ENDHMM>
~h "si"
<BEGINHMM>
<NUMSTATES> 5
<STATE> 2
<MEAN> 13
 -1.122700e+01 -7.973257e-01 1.479788e+00 -3.483636e-01 1.594012e+00 -8.737258e-01 1.920944e+00 -1.343917e+00 -2.507866e-01 -3.179371e-01 1.486819e+00 -1.008799e+00 5.544953e+01
<VARIANCE> 13
 1.996671e+01 2.402841e+01 1.795184e+01 1.873871e+01 2.222001e+01 2.446281e+01 2.523960e+01 2.261374e+01 2.622406e+01 2.349150e+01 1.920299e+01 1.750383e+01 5.679098e+01
<GCONST> 6.480929e+01
<STATE> 3
<MEAN> 13
 -5.488189e+00 2.810306e+00 4.069260e+00 -7.784611e-01 3.066317e+00 2.326013e+00 2.284324e+00 1.854904e+00 -1.382379e+00 -3.039865e-01 6.088986e-02 -2.358591e+00 4.479536e+01
<VARIANCE> 13
 9.255877e+00 9.177188e+00 1.123856e+01 1.311469e+01 2.288553e+01 2.037846e+01 2.142369e+01 2.611112e+01 1.778397e+01 2.242645e+01 1.869220e+01 1.462494e+01 7.686814e+00
<GCONST> 5.943818e+01
<STATE> 4
<MEAN> 13
 -7.555967e+00 1.563910e+00 1.191024e+00 -1.918867e+00 2.255169e+00 1.093022e+00 2.193708e+00 3.144179e+00 -3.965001e-01 2.459597e-01 9.511427e-01 -2.152076e+00 4.539411e+01
<VARIANCE> 13
 1.395893e+01 9.520531e+00 7.974049e+00 1.127170e+01 1.348142e+01 1.542989e+01 1.518426e+01 1.806227e+01 1.576280e+01 1.539844e+01 1.397775e+01 1.314963e+01 1.578006e+01
<GCONST> 5.769669e+01
<TRANSP> 5
 0.000000e+00 1.000000e+00 0.000000e+00 0.000000e+00 0.000000e+00
 0.000000e+00 9.845232e-01 1.547671e-02 0.000000e+00 0.000000e+00
 0.000000e+00 0.000000e+00 9.642196e-01 3.578044e-02 0.000000e+00
 0.000000e+00 0.000000e+00 0.000000e+00 9.958552e-01 4.144799e-03
 0.000000e+00 0.000000e+00 0.000000e+00 0.000000e+00 0.000000e+00
<ENDHMM>
~h "st"
<BEGINHMM>
<NUMSTATES> 5
<STATE> 2
<MEAN> 13
 -6.318846e+00 -6.462122e-01 -2.917434e+00 -5.672263e+00 -2.011086e+00 -2.695258e+00 -3.124454e+00 -2.264879e+00 -3.704522e+00 -2.282636e+00 -1.557461e+00 -2.860882e+00 6.904242e+01
<VARIANCE> 13
 1.153648e+01 1.011832e+01 1.042196e+01 1.286650e+01 1.374725e+01 1.336110e+01 1.742232e+01 1.752889e+01 1.654840e+01 1.589941e+01 1.593873e+01 1.371061e+01 5.964274e+01
<GCONST> 5.953346e+01
<STATE> 3
<MEAN> 13
 -1.266451e+01 1.176284e+00 1.094820e+00 6.328285e-01 2.915845e-01 -9.172439e-01 1.701771e+00 -2.078677e+00 5.098414e-01 6.350321e-01 1.772176e+00 -1.180538e+00 6.107391e+01
<VARIANCE> 13
 2.700138e+01 1.474726e+01 1.184962e+01 1.497912e+01 1.907246e+01 1.663327e+01 1.680143e+01 1.812061e+01 1.922347e+01 1.873069e+01 1.702260e+01 1.491887e+01 1.428402e+02
<GCONST> 6.292166e+01
<STATE> 4
<MEAN> 13
 -5.170274e+00 -3.961302e+00 -4.552125e-01 -8.187266e+00 -2.264533e+00 -4.108722e+00 -2.167784e+00 -3.082635e+00 -1.513174e+00 -2.205332e+00 -3.160931e+00 -2.164963e+00 6.072681e+01
<VARIANCE> 13
 3.308957e+01 3.966889e+01 3.681656e+01 6.432185e+01 3.100648e+01 4.995805e+01 3.821510e+01 3.633791e+01 3.237231e+01 2.853844e+01 4.239572e+01 2.426743e+01 7.288179e+01
<GCONST> 7.147708e+01
<TRANSP> 5
 0.000000e+00 1.000000e+00 0.000000e+00 0.000000e+00 0.000000e+00
 0.000000e+00 9.723637e-01 2.763632e-02 0.000000e+00 0.000000e+00
 0.000000e+00 0.000000e+00 9.326716e-01 6.732835e-02 0.000000e+00
 0.000000e+00 0.000000e+00 0.000000e+00 9.540443e-01 4.595565e-02
 0.000000e+00 0.000000e+00 0.000000e+00 0.000000e+00 0.000000e+00
<ENDHMM>
~h "spe"
<BEGINHMM>
<NUMSTATES> 5
<STATE> 2
<MEAN> 13
 -4.315910e+00 -4.239981e+00 -3.686625e+00 -3.629732e+00 1.252971e+00 3.346582e+00 4.846636e+00 8.616639e-01 -4.443687e-01 1.053637e+00 1.228756e+00 -2.868748e+00 5.108435e+01
<VARIANCE> 13
 1.700657e+01 1.182791e+01 1.022790e+01 1.273295e+01 1.748326e+01 1.915531e+01 1.784949e+01 1.893965e+01 1.709794e+01 1.643285e+01 1.640470e+01 1.472017e+01 1.562388e+01
<GCONST> 5.957666e+01
<STATE> 3
<MEAN> 13
 -9.867300e-01 -3.438991e+00 7.517130e-01 -4.827793e+00 -3.397135e+00 -4.971797e-01 -1.000759e+00 -1.166460e+00 -2.271939e+00 -7.813447e-02 -1.139616e+00 -5.945679e+00 5.418972e+01
<VARIANCE> 13
 1.522542e+01 3.017427e+01 3.881341e+01 2.898543e+01 4.839070e+01 3.874002e+01 3.415892e+01 3.458176e+01 3.100446e+01 3.014947e+01 3.164405e+01 2.699410e+01 1.935142e+01
<GCONST> 6.821169e+01
<STATE> 4
<MEAN> 13
 -8.205154e+00 1.433954e-02 -1.743309e+00 -1.301651e+00 -4.959044e-01 6.865166e-01 3.135980e+00 5.502880e-01 2.613288e-01 1.645940e+00 1.750703e-01 -1.771174e+00 5.065475e+01
<VARIANCE> 13
 2.527130e+01 1.602770e+01 9.868365e+00 1.077215e+01 1.608859e+01 2.230936e+01 1.916768e+01 1.982047e+01 1.781750e+01 1.720218e+01 1.529809e+01 1.482980e+01 3.429412e+01
<GCONST> 6.107030e+01
<TRANSP> 5
 0.000000e+00 1.000000e+00 0.000000e+00 0.000000e+00 0.000000e+00
 0.000000e+00 9.968947e-01 3.105330e-03 0.000000e+00 0.000000e+00
 0.000000e+00 0.000000e+00 9.969276e-01 3.072380e-03 0.000000e+00
 0.000000e+00 0.000000e+00 0.000000e+00 9.979794e-01 2.020580e-03
 0.000000e+00 0.000000e+00 0.000000e+00 0.000000e+00 0.000000e+00
<ENDHMM>
