~o
<STREAMINFO> 1 39
<VECSIZE> 39<NULLD><MFCC_D_A_Z_0><DIAGC>
~h "ap"
<BEGINHMM>
<NUMSTATES> 5
<STATE> 2
<NUMMIXES> 2
<MIXTURE> 1 5.954041e-01
<MEAN> 39
 -5.675538e+00 1.699994e+00 7.062474e-02 -2.142283e+00 -3.654166e+00 -7.048836e-01 -1.275953e+00 6.457528e-01 1.822229e+00 1.273147e+00 -1.359026e-01 1.945924e-01 7.909135e+00 3.860776e-01 -1.540133e-01 -4.325356e-01 -6.207474e-01 3.409750e-01 7.057847e-01 1.784506e-01 -6.608710e-03 1.315992e-01 1.620034e-01 4.344161e-02 -5.950449e-01 -3.674260e-01 9.397323e-02 2.145836e-01 2.033862e-01 2.517206e-01 2.775739e-01 1.874274e-01 1.601810e-01 7.582578e-02 3.880441e-02 -6.821958e-03 -1.458207e-01 8.197167e-03 -6.020175e-01
<VARIANCE> 39
 3.765606e+01 5.754040e+01 3.994834e+01 1.729012e+01 2.467854e+01 5.252057e+01 2.866822e+01 2.658544e+01 2.515447e+01 2.729645e+01 2.135889e+01 1.606120e+01 1.971597e+02 3.569732e-01 4.415360e-01 7.081750e-01 1.098184e+00 1.761459e+00 1.538700e+00 1.452802e+00 1.515438e+00 1.481353e+00 1.940147e+00 1.389503e+00 1.535425e+00 9.224278e-01 3.938393e-01 4.324744e-01 1.715585e-01 1.792533e-01 4.101378e-01 5.726207e-01 2.888401e-01 2.692677e-01 2.632470e-01 2.740225e-01 2.615740e-01 2.532902e-01 1.877577e+00
<GCONST> 1.048048e+02
<MIXTURE> 2 4.045956e-01
<MEAN> 39
 -3.836708e+00 4.609259e+00 2.037615e+00 4.300864e-01 -2.772412e+00 1.557509e-01 -1.018101e+00 1.815997e+00 2.640126e+00 -2.670596e-01 -1.975878e+00 5.647839e-01 2.177177e+00 -2.793864e+00 -3.211887e+00 -1.309648e+00 2.091402e-01 -1.941835e+00 -2.801872e+00 -1.287167e+00 -1.447425e+00 -7.957287e-01 -9.041158e-01 -5.938301e-01 8.554522e-02 7.003551e+00 4.033073e-01 1.705005e-01 -8.815996e-02 -4.442520e-01 2.822821e-01 5.138348e-01 1.997853e-01 1.085307e-01 9.270401e-02 3.257957e-01 2.539567e-01 -1.447306e-01 -6.622334e-01
<VARIANCE> 39
 5.590969e+01 6.460528e+01 2.315672e+01 2.070790e+01 4.269973e+01 6.965684e+01 3.588872e+01 2.918199e+01 2.687631e+01 2.907057e+01 2.274624e+01 1.680006e+01 2.400079e+02 4.495309e+00 3.862534e+00 2.258911e+00 2.945506e+00 3.931434e+00 3.924721e+00 2.682452e+00 2.293851e+00 2.607848e+00 2.449138e+00 3.156895e+00 2.028724e+00 7.402380e+00 1.064595e+00 1.007887e+00 3.086682e-01 3.075184e-01 8.569377e-01 1.072305e+00 4.582479e-01 4.737320e-01 4.162215e-01 4.401683e-01 3.440961e-01 3.416605e-01 4.194791e+00
<GCONST> 1.277967e+02
<STATE> 3
<NUMMIXES> 2
<MIXTURE> 1 5.309113e-01
<MEAN> 39
 1.583341e+00 4.404853e+00 2.762236e+00 6.261017e-01 2.972741e+00 3.683376e+00 1.287470e+00 1.645085e+00 1.706748e+00 7.322164e-01 2.989447e-01 1.703726e-01 -7.546811e+00 2.375485e-01 3.231785e-01 1.654671e-01 -4.510808e-03 7.993741e-02 2.399170e-01 1.296325e-01 2.386085e-01 1.927274e-01 1.760790e-01 9.020951e-02 -1.628068e-02 -4.594891e-01 -1.137877e-02 -3.033900e-03 -2.295810e-02 -4.176498e-02 -5.463022e-02 -5.115722e-02 -3.125115e-02 -2.342677e-02 -5.106219e-03 -6.704640e-03 -1.961721e-02 -1.225108e-02 2.026052e-02
<VARIANCE> 39
 1.198943e+01 2.717854e+01 1.182842e+01 1.562637e+01 1.937966e+01 1.895847e+01 1.556440e+01 1.809310e+01 1.822388e+01 1.696031e+01 1.337491e+01 1.100253e+01 3.174611e+01 1.603144e-01 2.709384e-01 4.385426e-01 6.873075e-01 8.633872e-01 9.712374e-01 1.032261e+00 1.152453e+00 1.252023e+00 1.330929e+00 1.245317e+00 1.150333e+00 1.314644e-01 2.100508e-02 4.714524e-02 8.090285e-02 1.293428e-01 1.572901e-01 1.913556e-01 1.951782e-01 2.372796e-01 2.567553e-01 2.943227e-01 2.605049e-01 2.345924e-01 5.754094e-03
<GCONST> 7.432737e+01
<MIXTURE> 2 4.690875e-01
<MEAN> 39
 -2.783509e+00 -2.581908e+00 -2.548284e+00 -1.142458e+00 -9.648049e-01 -1.533487e+00 -1.054160e+00 -1.985907e+00 -8.482455e-01 -9.477077e-01 -9.007778e-01 -4.424821e-01 6.291473e+00 2.275119e-01 6.416778e-02 1.389597e-01 1.238240e-01 2.512938e-01 1.205940e-01 7.192270e-02 -1.297143e-01 -1.586794e-01 -1.010820e-01 2.215522e-02 6.930299e-02 -7.513622e-01 1.895622e-03 2.245021e-02 3.935904e-02 5.635699e-02 2.413947e-02 1.962408e-02 1.947658e-02 4.387983e-02 1.624213e-02 9.136087e-03 2.789056e-02 3.194119e-02 4.138736e-03
<VARIANCE> 39
 1.261584e+01 1.979900e+01 1.814770e+01 1.315632e+01 2.061217e+01 2.098599e+01 1.830356e+01 2.091585e+01 1.775529e+01 1.907788e+01 1.508103e+01 1.422360e+01 5.354375e+01 1.244953e-01 2.155180e-01 3.759368e-01 5.806322e-01 8.858584e-01 1.085721e+00 1.100492e+00 1.146645e+00 1.275737e+00 1.389802e+00 1.219771e+00 1.210725e+00 1.967063e-01 2.114399e-02 4.263667e-02 7.505408e-02 1.130689e-01 1.755412e-01 2.354498e-01 2.203601e-01 2.381484e-01 2.726546e-01 2.914568e-01 2.489764e-01 2.649674e-01 1.112447e-02
<GCONST> 7.659082e+01
<STATE> 4
<NUMMIXES> 2
<MIXTURE> 1 8.177701e-01
<MEAN> 39
 4.801146e-01 -7.011717e-01 -7.874519e-02 8.880829e-02 2.698985e-01 -8.494806e-02 2.022548e-01 -3.347478e-01 -3.593922e-01 -2.532137e-02 2.545443e-01 -2.786819e-02 -3.853202e-01 2.874565e-01 2.291688e-01 2.013267e-01 1.359678e-01 2.645854e-01 2.340723e-01 1.292297e-01 1.018746e-01 4.425448e-02 5.629627e-02 5.780547e-02 1.078640e-02 -7.913736e-01 -1.855561e-02 1.840257e-02 1.478087e-03 1.153666e-02 -2.566906e-02 -2.174493e-02 -1.254614e-02 1.752831e-02 8.369891e-03 -2.889307e-04 -4.814396e-03 1.471126e-02 1.981954e-02
<VARIANCE> 39
 1.462923e+01 3.393090e+01 1.904540e+01 1.712463e+01 2.370291e+01 2.696215e+01 1.999872e+01 2.326820e+01 2.111728e+01 1.773648e+01 1.548279e+01 1.438473e+01 8.326198e+01 1.090247e-01 2.426879e-01 3.527011e-01 6.208543e-01 9.385908e-01 1.051007e+00 1.033205e+00 1.171072e+00 1.388589e+00 1.368787e+00 1.234595e+00 1.324944e+00 8.709459e-02 2.448172e-02 4.821154e-02 7.205490e-02 1.284126e-01 1.924529e-01 2.234566e-01 2.079040e-01 2.266594e-01 2.848052e-01 2.928110e-01 2.513847e-01 2.876414e-01 2.936910e-02
<GCONST> 7.948282e+01
<MIXTURE> 2 1.822317e-01
<MEAN> 39
 -1.030873e+00 1.620318e+00 -3.668213e-02 -4.622561e-02 -1.920916e+00 -8.289405e-01 -9.452808e-01 1.413667e+00 8.118373e-01 8.463242e-02 -7.578021e-01 1.987237e-01 2.064965e+00 -1.280526e+00 -1.107926e+00 -9.304406e-01 -5.471351e-01 -1.190017e+00 -1.121964e+00 -5.914741e-01 -4.552072e-01 -2.226972e-01 -2.689399e-01 -2.634495e-01 -5.837726e-02 3.575790e+00 8.228875e-02 -8.330083e-02 -7.096738e-03 -4.955029e-02 1.179477e-01 9.779695e-02 5.359177e-02 -7.623865e-02 -4.191606e-02 -1.155371e-03 1.723044e-02 -6.637034e-02 -8.766846e-02
<VARIANCE> 39
 3.436877e+01 4.786439e+01 2.494924e+01 2.260993e+01 4.013709e+01 5.021288e+01 2.724520e+01 2.348941e+01 2.392233e+01 2.116436e+01 2.027424e+01 1.369360e+01 2.091651e+02 3.047824e+00 4.212645e+00 1.824888e+00 2.224855e+00 3.643367e+00 4.998638e+00 2.713016e+00 2.406208e+00 2.431588e+00 2.268105e+00 2.000739e+00 1.540415e+00 1.621886e+01 7.714874e-01 8.183309e-01 4.087102e-01 4.231611e-01 8.905024e-01 1.155236e+00 5.386097e-01 4.509178e-01 4.605663e-01 4.369806e-01 3.819252e-01 2.902733e-01 4.733091e+00
<GCONST> 1.251860e+02
<TRANSP> 5
 0.000000e+00 1.000000e+00 0.000000e+00 0.000000e+00 0.000000e+00
 0.000000e+00 8.241951e-01 1.758049e-01 0.000000e+00 0.000000e+00
 0.000000e+00 0.000000e+00 9.771924e-01 2.280760e-02 0.000000e+00
 0.000000e+00 0.000000e+00 0.000000e+00 9.957732e-01 4.226848e-03
 0.000000e+00 0.000000e+00 0.000000e+00 0.000000e+00 0.000000e+00
<ENDHMM>
~h "cl"
<BEGINHMM>
<NUMSTATES> 5
<STATE> 2
<NUMMIXES> 2
<MIXTURE> 1 5.536534e-01
<MEAN> 39
 8.114636e+00 -1.400004e+00 -2.417895e+00 6.353453e-01 2.944554e+00 -3.990499e+00 1.605950e+00 3.365591e+00 -2.294152e+00 3.593423e-01 3.686150e+00 -3.875522e+00 -6.081936e+00 1.014248e-01 6.853598e-02 1.794750e-01 8.564900e-02 6.258797e-02 3.257419e-01 2.788905e-01 2.111629e-01 4.092255e-01 2.456972e-01 1.355669e-01 2.507428e-01 -7.057129e-02 -1.267634e-01 2.600767e-02 4.313368e-02 4.780029e-02 4.939643e-03 6.414127e-02 -5.461219e-04 2.204423e-02 6.657488e-02 1.274878e-01 -4.750725e-02 3.971370e-02 9.150426e-02
<VARIANCE> 39
 3.646018e+01 1.805356e+01 1.341065e+01 8.586806e+00 1.892470e+01 2.997177e+01 2.097523e+01 3.572914e+01 3.363143e+01 2.601266e+01 3.908922e+01 2.996396e+01 2.039615e+01 1.169624e+00 5.906411e-01 7.618713e-01 8.119372e-01 1.043432e+00 1.410723e+00 1.366473e+00 1.507740e+00 2.025753e+00 1.574537e+00 1.757231e+00 1.638850e+00 4.731289e-01 2.954528e-01 1.008312e-01 1.288660e-01 1.373664e-01 1.858967e-01 2.578773e-01 2.880029e-01 4.015909e-01 4.182594e-01 3.193685e-01 3.855291e-01 3.161059e-01 1.536333e-01
<GCONST> 9.572319e+01
<MIXTURE> 2 4.463470e-01
<MEAN> 39
 7.517028e+00 -1.370602e+00 -1.916208e+00 1.525058e+00 3.479223e+00 -3.242707e+00 2.429500e+00 4.506767e+00 -2.018380e+00 2.685977e+00 3.544149e+00 -3.735354e+00 -5.515054e+00 -6.857175e-01 3.118967e-02 -1.299160e-01 -1.208286e-01 -3.485690e-01 -1.021617e-01 -3.901911e-01 -6.625845e-01 -2.476884e-01 -2.146431e-01 -5.235175e-01 -1.422872e-01 5.159997e-01 -2.006781e-02 -1.827609e-02 -2.942755e-02 -9.887224e-02 -1.079647e-01 -3.542268e-02 -6.822089e-02 -1.488954e-01 -2.725058e-02 -2.049814e-01 -5.778953e-02 3.962638e-02 2.301034e-02
<VARIANCE> 39
 3.902631e+01 2.059859e+01 1.199211e+01 1.080127e+01 1.866513e+01 3.270905e+01 1.999912e+01 3.024295e+01 3.025959e+01 2.171598e+01 3.623777e+01 3.104615e+01 1.927265e+01 3.374441e+00 1.112998e+00 5.853528e-01 9.081884e-01 1.519018e+00 2.254908e+00 1.717693e+00 2.745467e+00 2.434134e+00 2.140148e+00 2.798061e+00 1.792134e+00 2.073072e+00 3.859514e-01 1.492485e-01 9.233959e-02 1.726411e-01 2.234776e-01 3.249727e-01 2.680665e-01 3.918465e-01 3.778532e-01 3.552868e-01 4.516160e-01 2.917682e-01 2.380661e-01
<GCONST> 1.026485e+02
<STATE> 3
<NUMMIXES> 2
<MIXTURE> 1 6.965098e-01
<MEAN> 39
 -1.899767e-01 -6.543886e-02 8.736216e-01 -1.968598e-01 -1.946450e-01 1.432061e+00 3.588472e-02 -6.756238e-01 9.097099e-01 -4.689926e-02 -4.682876e-01 4.494177e-01 -3.934091e-01 5.292340e-01 7.717983e-02 1.143641e-01 -5.029717e-02 6.488743e-02 9.829988e-02 6.378961e-02 2.628340e-03 2.262590e-01 7.398283e-02 6.452987e-02 7.981849e-03 -5.336794e-01 -5.069736e-02 1.900659e-02 -3.832761e-02 4.157970e-02 3.736760e-03 -1.189248e-01 1.263975e-02 8.300174e-02 -3.420836e-02 2.259735e-02 2.354539e-02 -1.313113e-02 4.253376e-02
<VARIANCE> 39
 3.181607e+01 7.447287e+00 1.154418e+01 1.153963e+01 1.711940e+01 2.400607e+01 2.110016e+01 2.624123e+01 2.526841e+01 1.967714e+01 2.015174e+01 1.793558e+01 2.312564e+01 2.919685e-01 3.317385e-01 6.219041e-01 7.793705e-01 1.021394e+00 1.379171e+00 1.378298e+00 1.561513e+00 1.650845e+00 1.451200e+00 1.395918e+00 1.361552e+00 1.844478e-01 1.350930e-01 7.387569e-02 1.302825e-01 1.636081e-01 2.259502e-01 3.065741e-01 3.003567e-01 3.461302e-01 3.736140e-01 3.161801e-01 2.980260e-01 2.911968e-01 1.004009e-01
<GCONST> 8.722017e+01
<MIXTURE> 2 3.034963e-01
<MEAN> 39
 -1.643645e+00 -3.337812e-02 -8.543071e-01 6.375427e-01 -3.355150e-01 -1.380990e+00 -1.505944e-01 7.655808e-01 -2.857028e-01 -9.652732e-02 5.174616e-02 -6.516270e-02 1.992824e+00 -1.300649e+00 -1.792358e-01 -2.577368e-01 8.684829e-02 -1.572753e-01 -2.176667e-01 -1.839929e-01 -1.999589e-02 -5.661858e-01 -2.080714e-01 -1.833286e-01 2.460186e-03 1.343765e+00 1.538678e-01 -4.566721e-02 8.020636e-02 -9.711150e-02 1.369721e-02 2.604540e-01 -2.616473e-02 -1.654078e-01 6.293030e-02 -4.352608e-02 -3.539728e-02 9.587093e-03 -1.296251e-01
<VARIANCE> 39
 5.179799e+01 1.297481e+01 1.830737e+01 1.509100e+01 1.984163e+01 3.596129e+01 2.585269e+01 3.483525e+01 3.287632e+01 2.318402e+01 2.056504e+01 2.058194e+01 3.736316e+01 3.478340e+00 1.053526e+00 1.573629e+00 1.496175e+00 2.195326e+00 4.255947e+00 2.716361e+00 4.157484e+00 3.528216e+00 2.595453e+00 2.180599e+00 2.407242e+00 2.399675e+00 8.121995e-01 1.723776e-01 2.794413e-01 2.610193e-01 3.552272e-01 6.409656e-01 4.567996e-01 6.113400e-01 6.547101e-01 4.615803e-01 3.810369e-01 4.100759e-01 6.881752e-01
<GCONST> 1.142827e+02
<STATE> 4
<NUMMIXES> 2
<MIXTURE> 1 6.193287e-01
<MEAN> 39
 -3.817235e-02 3.083723e-01 2.239801e-01 -4.071189e-01 -8.182012e-03 6.312003e-01 -1.208062e-01 -4.552642e-01 -7.087176e-03 4.112126e-03 -3.587974e-01 4.307138e-01 -1.789508e-01 4.753864e-01 -4.685027e-03 1.225324e-01 1.635419e-02 1.115530e-01 1.793141e-01 8.876970e-02 6.500820e-02 3.193651e-01 1.729426e-01 1.365565e-01 1.176044e-01 -4.248329e-01 -3.525869e-02 -1.833564e-04 -4.054624e-02 4.887113e-02 6.006391e-03 -8.492452e-02 2.996712e-02 7.025251e-02 -3.092938e-02 1.368181e-02 4.972708e-02 -4.416777e-02 2.864203e-02
<VARIANCE> 39
 2.973982e+01 6.278718e+00 1.056682e+01 9.558073e+00 1.374473e+01 2.078605e+01 1.819213e+01 2.168014e+01 2.258107e+01 1.890871e+01 1.840355e+01 1.809256e+01 1.797953e+01 3.209297e-01 3.443819e-01 6.138463e-01 7.483786e-01 9.407698e-01 1.312973e+00 1.351280e+00 1.496715e+00 1.633658e+00 1.418369e+00 1.371994e+00 1.421016e+00 1.869922e-01 1.009003e-01 6.951468e-02 1.340416e-01 1.501396e-01 1.982981e-01 2.801971e-01 2.883731e-01 3.213494e-01 3.672103e-01 3.126273e-01 2.954421e-01 3.077696e-01 6.713907e-02
<GCONST> 8.427690e+01
<MIXTURE> 2 3.806614e-01
<MEAN> 39
 4.830702e-02 -1.192260e-02 -8.639708e-01 2.543123e-01 -4.649998e-02 -1.848768e+00 -2.090741e-01 5.199777e-01 -1.069550e+00 -1.561753e-01 6.330585e-01 -6.550011e-01 7.034860e-01 -5.328895e-01 -1.378058e-02 -2.020056e-01 -2.839291e-02 -1.595689e-01 -3.331824e-01 -1.558322e-01 -1.098988e-01 -4.969397e-01 -2.864580e-01 -1.557832e-01 -2.136343e-01 4.728416e-01 6.155009e-02 -1.497895e-03 6.621985e-02 -7.541884e-02 -1.218010e-02 1.267249e-01 -4.876976e-02 -1.133868e-01 4.828723e-02 -1.948898e-02 -7.841671e-02 7.344944e-02 -4.849456e-02
<VARIANCE> 39
 5.527665e+01 1.004959e+01 1.593097e+01 1.320570e+01 1.791728e+01 3.060025e+01 2.638571e+01 2.889018e+01 2.921884e+01 2.242876e+01 2.029081e+01 2.169441e+01 2.996900e+01 1.801891e+00 6.695806e-01 1.159533e+00 1.119480e+00 1.535788e+00 2.525448e+00 2.226035e+00 2.728853e+00 2.490578e+00 2.210930e+00 1.949501e+00 2.370695e+00 1.194014e+00 3.663999e-01 1.114627e-01 2.059242e-01 2.150310e-01 2.645071e-01 4.342963e-01 3.927579e-01 4.406599e-01 4.987014e-01 4.155850e-01 3.547004e-01 4.218760e-01 2.629551e-01
<GCONST> 1.042415e+02
<TRANSP> 5
 0.000000e+00 1.000000e+00 0.000000e+00 0.000000e+00 0.000000e+00
 0.000000e+00 9.190448e-01 8.095524e-02 0.000000e+00 0.000000e+00
 0.000000e+00 0.000000e+00 9.934404e-01 6.559648e-03 0.000000e+00
 0.000000e+00 0.000000e+00 0.000000e+00 9.927238e-01 7.276187e-03
 0.000000e+00 0.000000e+00 0.000000e+00 0.000000e+00 0.000000e+00
<ENDHMM>
~h "cm"
<BEGINHMM>
<NUMSTATES> 5
<STATE> 2
<NUMMIXES> 2
<MIXTURE> 1 6.355888e-01
<MEAN> 39
 -2.586706e+00 2.037160e-02 -7.852913e-02 -5.241663e-01 1.352327e-01 1.122362e+00 1.172258e+00 1.564093e+00 1.164590e+00 1.397377e+00 1.551247e+00 8.468339e-01 -3.337543e+00 -1.011686e-02 2.616273e-02 4.511996e-02 1.061820e-01 1.971340e-01 2.259862e-01 1.780869e-01 1.712394e-01 1.441404e-01 1.273975e-01 1.026252e-01 6.060549e-02 7.739598e-02 6.235789e-03 1.418904e-03 5.531789e-03 -6.079749e-04 -1.935402e-02 -4.250640e-02 -3.758537e-02 -2.258015e-02 -1.505716e-02 -2.290300e-02 -2.760056e-02 -2.427859e-02 1.839582e-02
<VARIANCE> 39
 1.337668e+01 1.107999e+01 1.093804e+01 1.342354e+01 1.299442e+01 1.339690e+01 1.489682e+01 1.720695e+01 1.691756e+01 1.527283e+01 1.659620e+01 1.277050e+01 2.664417e+01 2.258061e-01 3.538704e-01 4.999259e-01 7.397292e-01 8.579968e-01 1.057475e+00 1.178424e+00 1.334287e+00 1.416911e+00 1.352204e+00 1.323057e+00 1.172211e+00 2.376792e-01 3.374297e-02 6.033885e-02 9.033959e-02 1.369876e-01 1.745090e-01 2.260358e-01 2.449753e-01 2.739009e-01 2.813198e-01 2.758569e-01 2.597800e-01 2.262917e-01 1.947667e-02
<GCONST> 7.719852e+01
<MIXTURE> 2 3.644125e-01
<MEAN> 39
 -1.843462e+00 -6.789488e-01 -4.565556e-02 -7.358112e-01 -6.809880e-01 -7.889767e-01 -2.260688e-01 6.056628e-01 6.325543e-01 3.721607e-01 3.407048e-01 2.577180e-01 -8.083578e-01 2.056810e-01 -1.298122e-01 -1.615078e-01 -3.099127e-01 -4.359770e-01 -5.393040e-01 -4.880655e-01 -4.567080e-01 -3.910140e-01 -3.400908e-01 -3.504793e-01 -1.587229e-01 8.014665e-01 1.912727e-02 -2.502269e-03 -1.395984e-02 1.532997e-02 4.091043e-02 8.062165e-02 6.638978e-02 2.459694e-02 -1.683818e-03 2.142119e-02 4.401674e-02 2.489657e-02 -2.863047e-02
<VARIANCE> 39
 1.552075e+01 1.555071e+01 1.315241e+01 1.662108e+01 1.734220e+01 1.853295e+01 1.872687e+01 2.054588e+01 1.863267e+01 1.754440e+01 1.724229e+01 1.482128e+01 5.249239e+01 8.119773e-01 9.774454e-01 1.042973e+00 1.259388e+00 1.408908e+00 1.621469e+00 1.706222e+00 1.785060e+00 1.698672e+00 1.658804e+00 1.555653e+00 1.489255e+00 1.449510e+00 1.076455e-01 1.531395e-01 1.903926e-01 2.396697e-01 2.968892e-01 3.392662e-01 3.499660e-01 3.606291e-01 3.562984e-01 3.420416e-01 3.041304e-01 2.962147e-01 2.274896e-01
<GCONST> 9.624856e+01
<STATE> 3
<NUMMIXES> 2
<MIXTURE> 1 5.257418e-01
<MEAN> 39
 2.196237e-01 -6.046878e-01 -5.943038e-01 -5.266778e-01 -3.644798e-01 -2.792217e-01 -4.172032e-01 -2.425585e-01 -1.247991e-01 -7.771955e-02 -1.828957e-01 -4.536301e-02 3.414012e+00 4.651944e-02 8.817657e-02 1.363369e-01 2.650056e-01 2.997615e-01 3.225330e-01 3.382760e-01 2.655804e-01 2.680053e-01 2.407496e-01 2.061778e-01 1.086781e-01 -1.183015e-01 3.257393e-03 1.350354e-02 1.389657e-02 1.437542e-02 1.605950e-02 3.834452e-03 6.394214e-03 -1.636594e-03 -2.842284e-02 -3.563142e-02 -3.527143e-02 -2.359154e-02 -1.908583e-02
<VARIANCE> 39
 6.225821e+00 5.550721e+00 6.137940e+00 8.436551e+00 1.007687e+01 1.169675e+01 1.288745e+01 1.364081e+01 1.384014e+01 1.248745e+01 1.283156e+01 1.130907e+01 1.532655e+01 1.680538e-01 2.788334e-01 4.235569e-01 6.099496e-01 7.721948e-01 9.653718e-01 1.093327e+00 1.146488e+00 1.233264e+00 1.201486e+00 1.187548e+00 1.155060e+00 1.938539e-01 3.137163e-02 5.299717e-02 8.566245e-02 1.268632e-01 1.674624e-01 2.172597e-01 2.449543e-01 2.441167e-01 2.641168e-01 2.637939e-01 2.579858e-01 2.330708e-01 2.405823e-02
<GCONST> 7.029759e+01
<MIXTURE> 2 4.742552e-01
<MEAN> 39
 5.038341e-01 -5.027201e-01 -5.945939e-01 -6.670093e-01 -6.134169e-01 -7.567588e-01 -8.196926e-01 -6.531274e-01 -7.952192e-01 -7.926571e-01 -9.293579e-01 -4.659233e-01 3.891595e+00 3.007816e-02 -7.892816e-02 -1.355088e-01 -2.132349e-01 -2.886041e-01 -3.304147e-01 -3.642153e-01 -3.325926e-01 -3.039585e-01 -2.692370e-01 -2.396470e-01 -1.252652e-01 8.337760e-02 -7.263687e-03 -5.591678e-03 -1.001114e-03 1.370003e-03 -1.429423e-03 9.408286e-03 9.872226e-03 1.475943e-02 4.373476e-02 4.715223e-02 4.418632e-02 3.103917e-02 -2.253465e-02
<VARIANCE> 39
 6.490868e+00 6.578779e+00 6.584443e+00 1.008164e+01 1.121142e+01 1.218594e+01 1.322692e+01 1.439842e+01 1.394382e+01 1.334956e+01 1.361651e+01 1.186468e+01 1.927508e+01 2.640415e-01 3.509862e-01 4.749624e-01 6.893029e-01 8.439465e-01 1.013508e+00 1.092952e+00 1.182143e+00 1.275532e+00 1.316962e+00 1.273604e+00 1.154691e+00 3.744213e-01 3.804741e-02 6.372578e-02 9.444164e-02 1.456425e-01 1.864320e-01 2.268630e-01 2.466645e-01 2.558740e-01 2.772325e-01 2.783718e-01 2.591105e-01 2.395858e-01 3.944999e-02
<GCONST> 7.478226e+01
<STATE> 4
<NUMMIXES> 2
<MIXTURE> 1 5.189766e-01
<MEAN> 39
 2.000819e+00 1.717365e+00 1.832728e+00 2.613232e+00 1.810945e+00 1.086418e+00 1.219791e+00 -1.556392e-01 2.265957e-01 1.800522e-01 4.112781e-01 2.056390e-02 -6.608520e+00 7.683481e-02 1.518335e-01 2.575801e-01 3.037558e-01 3.312476e-01 3.117542e-01 3.337393e-01 2.251021e-01 2.271921e-01 1.764479e-01 1.711951e-01 8.302486e-02 -5.036444e-01 1.157308e-02 1.534892e-02 4.819795e-03 -1.094901e-02 -1.664188e-02 -6.780514e-03 -3.380638e-02 -3.083463e-02 -3.360333e-02 -6.435098e-02 -5.881491e-02 -3.041999e-02 2.754428e-02
<VARIANCE> 39
 1.276720e+01 7.207112e+00 7.679746e+00 8.794875e+00 1.030215e+01 1.204099e+01 1.388022e+01 1.488607e+01 1.423263e+01 1.271007e+01 1.239471e+01 1.155961e+01 2.443671e+01 1.801153e-01 2.844190e-01 4.123783e-01 5.793212e-01 7.990667e-01 9.573723e-01 1.096375e+00 1.244573e+00 1.307464e+00 1.320463e+00 1.234647e+00 1.103769e+00 1.359939e-01 2.384148e-02 4.993075e-02 7.796679e-02 1.220374e-01 1.639732e-01 2.007736e-01 2.390734e-01 2.668862e-01 2.765765e-01 2.597118e-01 2.355570e-01 2.258119e-01 1.116026e-02
<GCONST> 7.080589e+01
<MIXTURE> 2 4.810250e-01
<MEAN> 39
 2.768649e+00 1.632455e+00 1.213338e+00 1.915575e+00 9.498869e-01 1.433402e-01 -1.709120e-01 -1.149228e+00 -8.262057e-01 -1.060790e+00 -9.548001e-01 -6.204642e-01 -4.224205e+00 4.761844e-02 -4.950301e-04 -5.449952e-02 -1.180572e-01 -1.563114e-01 -2.089502e-01 -1.952698e-01 -2.409417e-01 -2.273430e-01 -1.966211e-01 -1.355445e-01 -7.736501e-02 -4.976793e-01 -2.667761e-02 -3.284758e-02 -3.352237e-02 -2.727086e-02 -1.679230e-02 -7.653606e-03 1.999069e-02 2.477523e-02 3.347788e-02 6.210010e-02 6.321150e-02 4.016061e-02 -1.799717e-03
<VARIANCE> 39
 1.153099e+01 6.800606e+00 7.102469e+00 8.856692e+00 1.077267e+01 1.133480e+01 1.146896e+01 1.321114e+01 1.295271e+01 1.320327e+01 1.331865e+01 1.206469e+01 2.360379e+01 1.816299e-01 2.751880e-01 4.307289e-01 6.412128e-01 7.932606e-01 8.872123e-01 1.035005e+00 1.171177e+00 1.255231e+00 1.198181e+00 1.249912e+00 1.199299e+00 1.800818e-01 2.326413e-02 4.672856e-02 8.537838e-02 1.290946e-01 1.636330e-01 1.742758e-01 1.914190e-01 2.275331e-01 2.433320e-01 2.522435e-01 2.558581e-01 2.293696e-01 1.309353e-02
<GCONST> 7.006108e+01
<TRANSP> 5
 0.000000e+00 1.000000e+00 0.000000e+00 0.000000e+00 0.000000e+00
 0.000000e+00 9.711009e-01 2.889912e-02 0.000000e+00 0.000000e+00
 0.000000e+00 0.000000e+00 9.833846e-01 1.661540e-02 0.000000e+00
 0.000000e+00 0.000000e+00 0.000000e+00 9.596950e-01 4.030501e-02
 0.000000e+00 0.000000e+00 0.000000e+00 0.000000e+00 0.000000e+00
<ENDHMM>
~h "co"
<BEGINHMM>
<NUMSTATES> 5
<STATE> 2
<NUMMIXES> 2
<MIXTURE> 1 6.092701e-01
<MEAN> 39
 -2.396173e+00 6.824220e-01 1.204616e+00 -1.097656e+00 -4.083447e+00 1.168883e+00 4.017964e+00 6.338857e+00 2.263643e+00 -3.686116e-02 -5.911713e-01 2.124686e+00 4.006299e-01 -7.639089e-01 -2.290620e-01 2.504050e-01 -1.175851e-02 2.207559e-01 -4.702182e-02 3.398196e-01 -3.492582e-01 -6.398120e-01 -2.206566e-01 3.700544e-01 2.413048e-01 1.469335e+00 1.418245e-01 -1.510358e-01 -1.475306e-01 9.155839e-02 -2.245678e-02 1.287844e-02 -5.131131e-02 8.515220e-02 2.773626e-01 2.863902e-01 5.495612e-02 -9.336065e-03 -2.532790e-01
<VARIANCE> 39
 1.953225e+01 2.255649e+01 2.026530e+01 2.854707e+01 6.323807e+01 4.831978e+01 3.433274e+01 4.016866e+01 2.453121e+01 4.213737e+01 2.777986e+01 2.457557e+01 1.217078e+02 1.057284e+00 1.116637e+00 1.247090e+00 1.380152e+00 3.913763e+00 3.263770e+00 3.180726e+00 2.491804e+00 2.611456e+00 2.704614e+00 1.665819e+00 2.082923e+00 1.596414e+00 1.258245e-01 1.899620e-01 2.334925e-01 1.773895e-01 4.394318e-01 5.204086e-01 4.578523e-01 4.208742e-01 3.648786e-01 3.631943e-01 3.157797e-01 3.914714e-01 4.565668e-01
<GCONST> 1.117061e+02
<MIXTURE> 2 3.907298e-01
<MEAN> 39
 -4.909304e-01 -1.329350e+00 -1.816541e+00 -5.272614e-01 -1.158861e+01 -1.080066e+00 1.555120e-01 5.452557e+00 8.677934e+00 3.905200e+00 -2.828754e-01 8.718962e-01 -1.160995e+00 -5.508617e-01 -2.946805e-02 2.437174e-01 -8.347422e-01 -1.298498e+00 -1.623020e+00 -7.117002e-01 -1.162961e+00 -1.474472e+00 -1.754980e+00 -1.124497e+00 -1.052678e+00 3.900095e+00 -2.276935e-01 2.831758e-01 1.126742e-01 2.118339e-02 8.488837e-01 4.419359e-01 4.193798e-01 -2.396384e-02 -5.003153e-01 -1.645947e-01 3.062577e-01 1.322057e-01 -9.488551e-02
<VARIANCE> 39
 1.046269e+01 2.814885e+01 2.512559e+01 2.721278e+01 7.823463e+01 5.263953e+01 8.538528e+01 7.893734e+01 5.806095e+01 4.971019e+01 3.855048e+01 2.952990e+01 7.854948e+01 1.067887e+00 3.303276e+00 2.653979e+00 2.325995e+00 9.243654e+00 3.351883e+00 5.031487e+00 4.422208e+00 5.403251e+00 3.153814e+00 2.635785e+00 2.700780e+00 2.471898e+00 1.250986e-01 4.032963e-01 3.160990e-01 3.424246e-01 6.704816e-01 5.626109e-01 7.879715e-01 7.683182e-01 7.667661e-01 7.824244e-01 4.722145e-01 5.956370e-01 5.588738e-01
<GCONST> 1.266697e+02
<STATE> 3
<NUMMIXES> 2
<MIXTURE> 1 6.672274e-01
<MEAN> 39
 -9.874833e-01 -7.322387e-01 -6.549638e-01 -6.516427e-01 8.222632e-02 -6.092793e-01 1.718670e-01 -8.649709e-01 -7.256738e-01 8.224936e-03 4.624009e-01 4.599264e-01 2.126894e+00 1.196767e-01 3.178709e-02 1.746925e-02 1.447518e-01 4.407778e-01 2.037165e-01 1.668961e-01 5.152944e-02 4.928910e-02 1.777672e-01 1.714007e-01 1.378811e-01 -4.930532e-01 2.215158e-02 -1.057625e-03 -8.224082e-03 3.749895e-03 -8.941287e-02 -2.990383e-02 -1.355662e-02 2.977448e-02 5.368753e-02 -1.347745e-02 -6.281904e-02 -3.832006e-02 -2.052494e-02
<VARIANCE> 39
 1.360786e+01 9.937513e+00 1.432121e+01 1.514949e+01 2.199302e+01 2.104706e+01 3.874009e+01 3.309826e+01 2.339155e+01 2.348175e+01 2.232872e+01 2.295584e+01 5.445355e+01 2.170992e-01 3.690107e-01 6.159968e-01 8.140911e-01 1.098107e+00 1.177550e+00 1.393479e+00 1.556423e+00 1.693738e+00 1.644521e+00 1.501653e+00 1.330076e+00 1.830995e-01 4.424504e-02 7.738860e-02 1.197270e-01 1.752545e-01 2.423072e-01 2.563813e-01 2.978964e-01 3.166728e-01 3.568032e-01 3.397231e-01 3.129650e-01 2.783731e-01 4.559233e-02
<GCONST> 8.731910e+01
<MIXTURE> 2 3.327700e-01
<MEAN> 39
 -8.547264e-01 -1.430657e+00 -1.787749e+00 -9.417456e-01 -4.050837e+00 -2.157177e+00 -1.264642e+00 -8.274624e-01 9.617092e-01 -2.263321e-01 -1.759726e+00 -1.638346e+00 4.120638e+00 -3.252042e-02 -1.051209e-01 -1.443579e-02 -1.698944e-01 -5.807629e-01 -3.219866e-01 -5.334582e-01 -2.022519e-01 -1.059758e-01 -3.078580e-01 -3.230439e-01 -3.500159e-01 7.095510e-01 -1.103707e-02 2.376755e-02 3.719449e-02 7.902679e-03 1.682701e-01 6.220537e-02 2.407831e-02 -4.825091e-02 -8.555650e-02 2.702506e-02 1.092076e-01 7.232261e-02 -1.570066e-02
<VARIANCE> 39
 9.470963e+00 1.574077e+01 1.891101e+01 2.115929e+01 3.837746e+01 2.630113e+01 4.216090e+01 3.909212e+01 4.520746e+01 3.901028e+01 3.388503e+01 2.815656e+01 4.253110e+01 8.044841e-01 1.652876e+00 1.466852e+00 1.852902e+00 4.164683e+00 2.362670e+00 3.221555e+00 3.378392e+00 5.036893e+00 3.333419e+00 3.137677e+00 2.432838e+00 2.297205e+00 8.753306e-02 3.004338e-01 2.356245e-01 3.161958e-01 7.363620e-01 4.218079e-01 5.393605e-01 5.759591e-01 9.873551e-01 6.862887e-01 5.939761e-01 4.377063e-01 3.013928e-01
<GCONST> 1.152185e+02
<STATE> 4
<NUMMIXES> 2
<MIXTURE> 1 7.692655e-01
<MEAN> 39
 3.003176e+00 2.703735e+00 2.525487e+00 2.137077e+00 5.713380e+00 3.187239e+00 9.320227e-01 1.116772e+00 -6.979489e-01 -3.995320e-02 9.554258e-01 3.135366e-01 -8.058424e+00 9.386701e-02 2.392991e-01 3.048810e-02 7.033355e-02 2.349627e-01 2.190229e-01 2.534477e-01 2.068815e-01 3.586043e-02 5.291881e-02 2.864531e-02 8.634800e-02 -5.659336e-01 -1.217083e-02 -3.717458e-03 -2.483370e-02 -1.812094e-02 -3.669669e-02 -2.725572e-02 -1.955320e-02 2.224954e-03 4.388935e-03 -2.075949e-03 -2.468269e-03 -2.509175e-03 1.996735e-02
<VARIANCE> 39
 8.138254e+00 1.194726e+01 1.289123e+01 1.476242e+01 1.613947e+01 1.663971e+01 2.644839e+01 2.788368e+01 1.692546e+01 1.822298e+01 1.931944e+01 1.512444e+01 3.216140e+01 1.816633e-01 2.850065e-01 5.235021e-01 6.718612e-01 8.100930e-01 9.378347e-01 1.148841e+00 1.290340e+00 1.330295e+00 1.447569e+00 1.367825e+00 1.186589e+00 9.842186e-02 2.650044e-02 5.432515e-02 9.427628e-02 1.251050e-01 1.553105e-01 1.829460e-01 2.211399e-01 2.565611e-01 2.578647e-01 2.835920e-01 2.781780e-01 2.347297e-01 7.642716e-03
<GCONST> 7.588103e+01
<MIXTURE> 2 2.307332e-01
<MEAN> 39
 6.193265e-01 5.071120e-01 1.650303e+00 9.367543e-01 -4.242346e-01 1.213747e-01 -2.251504e+00 -4.938988e-01 -1.326234e-01 -4.651521e-01 -7.498941e-02 -1.084220e-01 -2.407288e-01 4.190084e-02 -1.525151e-02 5.122926e-02 -7.049246e-02 -7.717966e-02 -2.355276e-01 -3.013248e-01 -3.174660e-01 -1.675956e-01 -7.721196e-02 -2.278586e-02 -2.983083e-02 5.470229e-02 -2.753676e-03 -1.025530e-02 9.427341e-03 1.820217e-02 5.481047e-02 4.208517e-02 4.835336e-02 6.362312e-03 -2.671586e-02 5.437661e-03 2.826377e-03 7.327834e-04 -1.315855e-02
<VARIANCE> 39
 1.007460e+01 9.250760e+00 1.330309e+01 1.371702e+01 3.369485e+01 2.472441e+01 4.209744e+01 3.059557e+01 1.969043e+01 2.507549e+01 2.533842e+01 1.983387e+01 4.913063e+01 5.106996e-01 5.646405e-01 8.305946e-01 9.233850e-01 2.845020e+00 1.639698e+00 2.791328e+00 1.809868e+00 1.702466e+00 1.994008e+00 1.763505e+00 1.761797e+00 1.770703e+00 7.762551e-02 1.051981e-01 1.578523e-01 1.760976e-01 4.979618e-01 3.256781e-01 5.849910e-01 3.684582e-01 3.307782e-01 4.249122e-01 3.452933e-01 3.706577e-01 1.839383e-01
<GCONST> 9.874360e+01
<TRANSP> 5
 0.000000e+00 1.000000e+00 0.000000e+00 0.000000e+00 0.000000e+00
 0.000000e+00 8.579881e-01 1.420119e-01 0.000000e+00 0.000000e+00
 0.000000e+00 0.000000e+00 9.876239e-01 1.237612e-02 0.000000e+00
 0.000000e+00 0.000000e+00 0.000000e+00 9.720759e-01 2.792402e-02
 0.000000e+00 0.000000e+00 0.000000e+00 0.000000e+00 0.000000e+00
<ENDHMM>
~h "ds"
<BEGINHMM>
<NUMSTATES> 5
<STATE> 2
<NUMMIXES> 2
<MIXTURE> 1 6.422893e-01
<MEAN> 39
 -9.526322e-01 -8.675635e-01 2.346514e-01 -3.099566e-01 -1.194385e-01 -7.955948e-01 1.928650e+00 1.482580e-01 7.224832e-01 7.167241e-01 1.044222e+00 7.926299e-01 1.045984e+00 2.615850e-01 6.579254e-02 1.996592e-01 2.361194e-01 3.041252e-01 2.882820e-01 1.889271e-01 1.752969e-01 3.439687e-02 9.937405e-03 -6.970404e-02 7.990108e-02 -2.690214e-01 1.219908e-03 1.670961e-02 -2.763775e-02 -4.904286e-03 -7.327205e-02 -2.212712e-02 -3.277913e-02 -1.503579e-02 -2.136505e-02 4.118923e-02 2.274607e-02 7.655637e-04 -3.653146e-02
<VARIANCE> 39
 1.608684e+01 9.173370e+00 1.109569e+01 1.284317e+01 1.637845e+01 2.190787e+01 2.424605e+01 3.215154e+01 2.770547e+01 2.260721e+01 1.834278e+01 1.544882e+01 5.083712e+01 3.716126e-01 4.228319e-01 5.553375e-01 7.398870e-01 1.136505e+00 1.279390e+00 1.439777e+00 1.740683e+00 1.529460e+00 1.671034e+00 1.492534e+00 1.403331e+00 5.851894e-01 8.172358e-02 7.595147e-02 1.279642e-01 1.664041e-01 2.511406e-01 2.828528e-01 2.808103e-01 3.735172e-01 3.072277e-01 3.470440e-01 3.082451e-01 2.732236e-01 1.389548e-01
<GCONST> 8.936530e+01
<MIXTURE> 2 3.577166e-01
<MEAN> 39
 -1.307991e+00 -1.098132e+00 -6.834737e-01 -1.294250e+00 -1.869924e+00 -1.185512e+00 1.209546e+00 8.871116e-02 6.158829e-01 1.333899e+00 1.899381e+00 1.693262e+00 1.205645e+00 -8.777935e-01 -2.119233e-02 -6.220411e-01 -6.361851e-01 -9.655821e-01 -9.185852e-01 -4.029948e-01 -4.799841e-01 6.359594e-02 3.515608e-01 1.099000e-01 -4.297147e-02 1.791457e+00 -9.545474e-02 1.929296e-02 -7.840964e-02 -1.074527e-01 -1.991513e-02 -4.681177e-02 -3.580533e-03 -9.805229e-03 8.553866e-03 -5.879087e-02 -6.785607e-02 -6.330837e-02 2.709019e-01
<VARIANCE> 39
 2.635851e+01 1.420839e+01 1.816983e+01 1.976260e+01 2.087174e+01 2.420241e+01 3.276780e+01 3.569912e+01 2.973804e+01 2.670017e+01 2.466117e+01 2.158703e+01 4.828251e+01 1.961469e+00 1.031105e+00 1.588326e+00 1.681788e+00 2.508733e+00 2.189500e+00 2.882022e+00 2.931024e+00 2.512269e+00 2.812002e+00 2.397995e+00 1.877100e+00 3.342683e+00 3.493055e-01 1.674322e-01 2.361330e-01 2.976100e-01 4.590052e-01 4.303404e-01 4.808957e-01 5.034800e-01 3.911439e-01 4.356565e-01 4.049632e-01 3.607816e-01 5.648744e-01
<GCONST> 1.109990e+02
<STATE> 3
<NUMMIXES> 2
<MIXTURE> 1 6.023346e-01
<MEAN> 39
 -5.053159e+00 -1.480500e-01 -3.316631e+00 -3.366476e+00 -5.936985e+00 -4.058466e+00 -1.063100e+00 -1.521539e+00 8.961120e-01 1.458506e+00 1.650729e+00 1.184822e+00 1.502475e+01 7.325203e-01 4.035950e-01 8.508858e-01 1.088713e+00 1.228137e+00 1.169375e+00 6.564703e-01 4.351828e-01 -8.569521e-02 -6.475138e-01 -1.606678e-02 1.420730e-01 7.753130e-01 1.588480e-01 -5.032688e-02 1.015567e-01 1.490278e-01 9.804481e-02 9.552123e-02 -2.312536e-02 7.258104e-02 6.330098e-02 8.225175e-02 -9.854721e-02 8.807502e-03 -9.740177e-01
<VARIANCE> 39
 1.669626e+01 1.137766e+01 1.267886e+01 1.424809e+01 2.334697e+01 1.781770e+01 1.826078e+01 1.522579e+01 1.529931e+01 1.905529e+01 1.708747e+01 1.857272e+01 3.190893e+01 2.213866e+00 2.238569e+00 1.192571e+00 1.055171e+00 1.187834e+00 1.648964e+00 2.143602e+00 2.277508e+00 2.200818e+00 1.831711e+00 1.833308e+00 1.524876e+00 9.233569e+00 5.410293e-01 3.380772e-01 3.033729e-01 3.664014e-01 3.910742e-01 4.389689e-01 5.601073e-01 3.603882e-01 4.586970e-01 3.465416e-01 3.518443e-01 3.830320e-01 1.268100e+00
<GCONST> 1.065465e+02
<MIXTURE> 2 3.976659e-01
<MEAN> 39
 -6.486806e+00 -1.676100e+00 -5.832944e+00 -5.000678e+00 -7.843728e+00 -5.529548e+00 -2.936749e+00 -1.808027e+00 3.900271e-01 2.826571e+00 -3.955014e-01 7.658092e-01 3.207650e+00 -1.314814e+00 -5.040641e-01 -8.039595e-01 -8.586779e-01 -8.699046e-01 -5.600142e-01 -5.027151e-01 6.220913e-02 1.408068e-01 1.872575e-01 1.630055e-01 -2.419053e-01 1.249072e+00 4.616159e-01 5.430060e-02 4.515236e-01 4.677572e-01 6.534150e-01 5.563898e-01 3.082086e-01 1.493979e-01 -3.109708e-02 -3.351924e-01 1.169718e-01 1.751028e-01 -3.292234e-02
<VARIANCE> 39
 3.181614e+01 2.534750e+01 1.478291e+01 1.189479e+01 1.882988e+01 2.187759e+01 2.538447e+01 2.256458e+01 1.689924e+01 2.761651e+01 1.214477e+01 1.163952e+01 5.536545e+02 5.408872e+00 2.264728e+00 2.098703e+00 1.753944e+00 2.814088e+00 2.149544e+00 3.047146e+00 1.662844e+00 2.598859e+00 2.051178e+00 1.865828e+00 1.945617e+00 5.998991e+01 1.072260e+00 5.155931e-01 3.507060e-01 3.450564e-01 5.221651e-01 5.453272e-01 4.752359e-01 4.464306e-01 4.550316e-01 5.056021e-01 3.731987e-01 3.323319e-01 1.030712e+01
<GCONST> 1.208777e+02
<STATE> 4
<NUMMIXES> 2
<MIXTURE> 1 5.103617e-01
<MEAN> 39
 1.929452e-01 5.930871e-01 8.942791e-01 9.301512e-01 7.843326e-01 7.249401e-01 5.110895e-01 6.628392e-02 4.061027e-01 -5.778800e-01 -9.196146e-03 3.693409e-01 1.285136e+00 1.818591e-01 8.982062e-02 2.137558e-01 2.660676e-01 4.093669e-01 3.930464e-01 3.376026e-01 3.222291e-01 2.127819e-01 1.372355e-01 5.326337e-02 4.579194e-02 -3.666594e-01 -2.513193e-03 -6.344222e-03 -1.382152e-02 -1.871290e-02 -1.949022e-02 -1.702539e-02 -3.412350e-02 -1.049753e-02 4.316916e-04 4.992563e-02 2.085777e-02 -2.012903e-02 -3.448402e-02
<VARIANCE> 39
 1.385890e+01 1.140901e+01 1.692564e+01 1.729446e+01 1.996532e+01 2.196248e+01 2.333340e+01 1.745571e+01 2.546809e+01 2.371477e+01 1.804219e+01 1.537174e+01 7.000365e+01 3.451477e-01 3.939995e-01 5.169449e-01 7.469566e-01 9.680427e-01 1.150907e+00 1.321634e+00 1.302634e+00 1.557494e+00 1.664630e+00 1.529285e+00 1.293992e+00 2.596402e-01 7.717064e-02 7.824710e-02 1.135256e-01 1.719195e-01 2.256615e-01 2.643037e-01 2.826077e-01 2.823275e-01 3.389612e-01 3.492430e-01 3.227992e-01 2.577817e-01 6.054956e-02
<GCONST> 8.696294e+01
<MIXTURE> 2 4.896385e-01
<MEAN> 39
 4.611885e-01 -3.647779e-01 -5.738010e-01 -5.187689e-01 -1.392546e-01 -1.998432e-01 -7.320412e-01 3.346598e-02 -6.176508e-01 2.535328e-01 -3.319239e-01 -6.926485e-01 -2.376004e+00 -7.951289e-02 -8.997658e-02 -1.621829e-01 -2.339997e-01 -3.320091e-01 -3.529599e-01 -3.224403e-01 -3.186749e-01 -2.332031e-01 -1.756289e-01 -8.870393e-02 -8.487920e-02 1.176246e-01 1.455803e-04 6.610328e-03 7.491096e-03 8.996670e-03 9.458285e-03 7.755776e-03 3.025306e-02 6.112180e-03 -3.180877e-03 -4.878580e-02 -1.944411e-02 2.201118e-02 3.806018e-02
<VARIANCE> 39
 1.231939e+01 7.958248e+00 1.059759e+01 1.109690e+01 1.606649e+01 1.738307e+01 1.901859e+01 1.866092e+01 1.945807e+01 1.866206e+01 1.668147e+01 1.681400e+01 2.578934e+01 7.553645e-01 5.339234e-01 7.338668e-01 9.377065e-01 1.330812e+00 1.403290e+00 1.594419e+00 1.557183e+00 1.810721e+00 1.764557e+00 1.620698e+00 1.413770e+00 1.256594e+00 1.126470e-01 8.924065e-02 1.320822e-01 1.744415e-01 2.790875e-01 2.905454e-01 3.307416e-01 3.284762e-01 3.487760e-01 3.469419e-01 3.169258e-01 2.852683e-01 1.362285e-01
<GCONST> 9.017545e+01
<TRANSP> 5
 0.000000e+00 1.000000e+00 0.000000e+00 0.000000e+00 0.000000e+00
 0.000000e+00 9.364502e-01 6.354984e-02 0.000000e+00 0.000000e+00
 0.000000e+00 0.000000e+00 8.347837e-01 1.652163e-01 0.000000e+00
 0.000000e+00 0.000000e+00 0.000000e+00 9.936447e-01 6.355292e-03
 0.000000e+00 0.000000e+00 0.000000e+00 0.000000e+00 0.000000e+00
<ENDHMM>
~h "kj"
<BEGINHMM>
<NUMSTATES> 5
<STATE> 2
<NUMMIXES> 2
<MIXTURE> 1 6.033998e-01
<MEAN> 39
 7.365520e+00 5.954972e-01 -2.758704e+00 -3.279919e-01 1.242453e+00 -8.095061e-01 -1.641421e+00 -6.153095e-01 -4.566558e-01 -1.913476e-01 -1.298110e+00 -5.168843e-01 -4.681335e+00 -1.576859e-01 7.782092e-02 -1.021113e-02 6.555507e-02 1.218985e-01 1.766005e-01 1.786707e-01 1.884685e-01 2.393733e-01 1.714648e-01 1.978547e-01 1.389649e-01 9.137204e-02 -6.174668e-02 -8.378983e-03 2.997320e-02 -1.549440e-02 -4.918792e-02 -3.152226e-02 4.965580e-02 2.856287e-02 1.306089e-02 4.589000e-02 -1.286855e-02 3.069262e-03 3.777589e-02
<VARIANCE> 39
 1.462849e+01 1.671403e+01 9.959493e+00 1.748322e+01 1.940240e+01 2.244400e+01 1.978642e+01 1.979010e+01 1.855827e+01 1.693837e+01 1.628349e+01 1.717797e+01 1.186926e+01 6.372756e-01 6.324540e-01 5.652909e-01 9.053271e-01 1.179740e+00 1.359571e+00 1.937564e+00 1.703303e+00 1.586433e+00 1.807471e+00 1.404929e+00 1.292472e+00 3.623826e-01 9.039302e-02 1.207285e-01 1.074044e-01 1.888502e-01 2.272072e-01 2.669201e-01 3.981720e-01 3.522624e-01 3.146067e-01 3.586628e-01 2.895982e-01 2.409180e-01 5.402286e-02
<GCONST> 8.801838e+01
<MIXTURE> 2 3.966001e-01
<MEAN> 39
 5.312896e+00 -9.182678e-01 -1.959892e+00 -3.432028e-02 4.223299e-01 -2.022541e+00 -1.027377e+00 -1.045174e+00 1.716004e-03 9.811014e-01 -1.021670e+00 2.860323e-01 -2.686632e+00 -6.146493e-01 -6.178187e-01 -1.431209e-01 -3.608619e-02 -4.966769e-01 -4.518397e-01 -4.090689e-01 -7.189447e-01 -3.146687e-01 -2.835846e-01 -1.712577e-01 -1.090202e-01 1.066849e+00 9.975532e-02 -2.213640e-02 -3.700702e-02 2.108881e-03 8.291706e-02 7.654601e-02 -4.722350e-02 1.088529e-02 -1.455196e-02 -6.075066e-02 -1.318793e-03 -2.314950e-02 -5.337633e-02
<VARIANCE> 39
 2.045545e+01 2.943568e+01 1.602443e+01 1.680254e+01 1.874923e+01 2.893921e+01 2.415805e+01 2.376145e+01 2.087293e+01 1.905519e+01 1.346852e+01 1.716882e+01 2.678026e+01 1.378209e+00 1.906179e+00 1.762047e+00 1.328750e+00 1.894954e+00 2.259564e+00 2.335047e+00 1.713467e+00 1.922115e+00 1.987890e+00 1.367960e+00 1.426405e+00 1.403769e+00 2.246958e-01 3.182443e-01 2.556202e-01 2.078717e-01 3.059162e-01 4.147791e-01 4.189135e-01 3.476356e-01 3.557991e-01 3.726307e-01 2.308521e-01 2.574103e-01 2.484512e-01
<GCONST> 1.022448e+02
<STATE> 3
<NUMMIXES> 2
<MIXTURE> 1 5.559551e-01
<MEAN> 39
 3.710765e+00 -4.022194e+00 -4.528084e+00 -2.332431e-01 1.319999e+00 -2.783689e+00 -4.129223e+00 -3.244565e+00 -9.606912e-01 -3.553222e-01 -6.599876e-02 6.942881e-01 2.076896e+00 -9.878141e-02 4.205723e-01 2.211805e-01 1.730561e-01 2.798321e-01 3.768781e-01 3.701824e-01 4.646886e-01 2.367574e-01 2.921386e-01 2.487077e-01 1.509201e-01 -2.913442e-01 -2.400947e-02 7.929074e-03 6.012353e-02 2.647960e-03 -1.346048e-02 4.870782e-02 4.348602e-02 6.546737e-02 4.392967e-02 1.675322e-02 3.454185e-02 3.037198e-02 1.049393e-02
<VARIANCE> 39
 1.339295e+01 1.610490e+01 9.903537e+00 1.467471e+01 1.321265e+01 1.937103e+01 2.527955e+01 1.639114e+01 1.772428e+01 1.626382e+01 1.616450e+01 1.651566e+01 1.387737e+01 4.449248e-01 4.219315e-01 5.770230e-01 7.459271e-01 8.519314e-01 1.100714e+00 1.301906e+00 1.307589e+00 1.330617e+00 1.465413e+00 1.519227e+00 1.338441e+00 2.568669e-01 7.689390e-02 7.759594e-02 1.125050e-01 1.436856e-01 1.916570e-01 2.244469e-01 2.875182e-01 3.075172e-01 2.803534e-01 3.121354e-01 3.350799e-01 2.799029e-01 4.092866e-02
<GCONST> 8.263631e+01
<MIXTURE> 2 4.440440e-01
<MEAN> 39
 3.752849e+00 -5.047698e+00 -4.198325e+00 -3.951611e-01 7.096863e-01 -3.144652e+00 -4.644175e+00 -2.647344e+00 -3.247276e-01 -2.387728e-01 -7.914780e-02 7.216226e-01 3.477598e+00 -1.584656e-01 -1.593548e-01 -2.291406e-01 -1.874523e-01 -2.004325e-01 -2.978085e-01 -4.010478e-01 -4.310946e-01 -3.446564e-01 -3.007200e-01 -2.748633e-01 -1.563064e-01 1.844625e-01 7.951686e-03 8.023386e-02 7.151631e-03 -8.688586e-03 1.353782e-02 -2.165123e-02 -9.513738e-03 -1.894681e-02 -4.611414e-02 -1.447208e-02 -2.594289e-02 -3.187172e-02 -7.505409e-02
<VARIANCE> 39
 1.111534e+01 1.689492e+01 1.144602e+01 1.610019e+01 1.523258e+01 2.111471e+01 2.231425e+01 1.752746e+01 1.873933e+01 1.907098e+01 1.611320e+01 1.301583e+01 1.884239e+01 5.958154e-01 9.490532e-01 7.187551e-01 9.268841e-01 1.340150e+00 1.365205e+00 1.602373e+00 1.636804e+00 1.634196e+00 1.639983e+00 1.483709e+00 1.147324e+00 8.595331e-01 1.101156e-01 1.777370e-01 1.564441e-01 1.896563e-01 2.788218e-01 2.784756e-01 3.609572e-01 3.583232e-01 3.477559e-01 3.564165e-01 3.109942e-01 2.231603e-01 1.596179e-01
<GCONST> 9.134768e+01
<STATE> 4
<NUMMIXES> 2
<MIXTURE> 1 7.013888e-01
<MEAN> 39
 -1.561194e+00 2.113471e+00 1.304266e+00 3.024542e-01 -2.897586e-02 1.319240e+00 1.561995e+00 1.023501e+00 2.683711e-01 2.942291e-01 1.363304e-01 -3.265477e-01 -1.337658e+00 1.341614e-01 8.138769e-02 1.990305e-02 1.960348e-04 7.129586e-02 1.097740e-01 8.998196e-02 8.951558e-02 8.143845e-02 6.612153e-02 4.485127e-02 6.043034e-03 -1.396305e-01 -5.831174e-03 -1.101984e-02 -1.283923e-02 -1.332945e-03 -8.781128e-03 -2.400963e-02 -1.586797e-02 -5.702388e-03 -2.272622e-03 1.381963e-03 -1.217878e-03 8.317671e-03 8.704003e-03
<VARIANCE> 39
 1.994497e+01 1.079009e+01 1.003322e+01 1.168693e+01 1.371960e+01 1.573411e+01 1.870503e+01 1.670315e+01 1.651639e+01 1.806657e+01 1.548555e+01 1.376533e+01 1.080880e+01 3.851276e-01 3.692254e-01 5.632831e-01 8.354182e-01 1.043610e+00 1.247688e+00 1.471622e+00 1.479641e+00 1.539986e+00 1.617219e+00 1.444530e+00 1.280895e+00 1.876336e-01 7.107741e-02 7.196116e-02 1.087361e-01 1.654363e-01 2.082630e-01 2.523495e-01 2.898806e-01 3.010316e-01 3.226219e-01 3.262880e-01 2.970976e-01 2.622300e-01 3.215325e-02
<GCONST> 8.164640e+01
<MIXTURE> 2 2.986112e-01
<MEAN> 39
 1.574674e+00 -3.767611e+00 -1.484715e+00 -5.935330e-01 -3.655674e-01 -2.096489e+00 -2.271137e+00 -1.476872e+00 -4.032212e-01 -6.558161e-01 -1.021537e-01 6.115618e-01 3.072184e+00 -1.949750e-01 -2.323204e-01 -4.577499e-02 -1.850169e-02 -1.549602e-01 -2.693474e-01 -2.056893e-01 -2.146985e-01 -1.722365e-01 -1.726156e-01 -1.037008e-01 -1.495963e-02 2.599061e-01 2.150099e-02 2.100082e-02 2.417129e-02 3.077712e-03 2.201235e-02 5.430818e-02 3.924866e-02 1.138376e-02 8.444807e-03 -3.362474e-03 8.901064e-04 -1.857767e-02 -2.404081e-02
<VARIANCE> 39
 3.633946e+01 5.260369e+01 1.955834e+01 1.752020e+01 1.840436e+01 3.121829e+01 3.334634e+01 2.562600e+01 1.865428e+01 2.173507e+01 1.625790e+01 1.497034e+01 5.744750e+01 9.237815e-01 1.573333e+00 1.035068e+00 1.183636e+00 1.466522e+00 1.828825e+00 1.958474e+00 1.832863e+00 1.778883e+00 1.758258e+00 1.512395e+00 1.415770e+00 1.581562e+00 1.454848e-01 2.587706e-01 1.826991e-01 2.242199e-01 2.792806e-01 3.589214e-01 3.825920e-01 3.685070e-01 3.493675e-01 3.532651e-01 2.938225e-01 2.831202e-01 2.273119e-01
<GCONST> 1.021320e+02
<TRANSP> 5
 0.000000e+00 1.000000e+00 0.000000e+00 0.000000e+00 0.000000e+00
 0.000000e+00 9.282116e-01 7.178842e-02 0.000000e+00 0.000000e+00
 0.000000e+00 0.000000e+00 9.550164e-01 4.498361e-02 0.000000e+00
 0.000000e+00 0.000000e+00 0.000000e+00 9.964127e-01 3.587293e-03
 0.000000e+00 0.000000e+00 0.000000e+00 0.000000e+00 0.000000e+00
<ENDHMM>
~h "kn"
<BEGINHMM>
<NUMSTATES> 5
<STATE> 2
<NUMMIXES> 2
<MIXTURE> 1 5.739855e-01
<MEAN> 39
 -1.968987e+00 -9.343151e-01 -3.641186e+00 -2.541627e+00 -3.634975e+00 -2.348306e+00 6.576593e-02 -3.160101e+00 1.882161e+00 -1.077300e+00 1.866556e-01 -2.706315e+00 7.366178e+00 -4.504390e-01 7.367861e-01 4.109008e-01 4.288299e-03 6.687940e-01 -1.696634e-01 1.305595e+00 1.211836e+00 2.154865e+00 7.478589e-01 4.376934e-01 9.087216e-01 2.280368e+00 -2.084899e-01 1.998043e-01 2.988862e-01 1.572768e-01 3.622484e-01 4.371748e-01 -1.503603e-01 -4.480574e-03 -5.623128e-01 -9.640507e-02 -4.097927e-02 1.736218e-01 -1.106053e+00
<VARIANCE> 39
 1.296799e+01 1.660274e+01 1.215339e+01 1.013623e+01 1.473509e+01 2.501513e+01 2.694857e+01 3.811337e+01 4.027776e+01 2.216426e+01 2.031435e+01 1.845124e+01 2.390920e+01 2.107458e+00 1.243362e+00 1.447952e+00 1.079145e+00 1.213843e+00 1.850881e+00 2.339913e+00 3.503261e+00 2.346557e+00 1.848940e+00 1.562124e+00 1.551013e+00 5.114852e+00 3.730519e-01 2.271560e-01 2.446283e-01 1.622594e-01 1.780408e-01 3.327505e-01 5.029640e-01 9.365914e-01 5.264887e-01 3.791280e-01 2.862578e-01 3.378436e-01 5.856615e-01
<GCONST> 1.051537e+02
<MIXTURE> 2 4.260147e-01
<MEAN> 39
 -7.073633e+00 5.567954e-01 1.254161e+00 -3.195385e+00 -1.876205e+00 1.405347e+00 -3.311605e-01 6.510667e-01 -1.206855e+00 3.037426e-01 -7.557898e-01 -9.869753e-01 -6.455426e+00 1.103643e+00 -4.397048e-01 -7.549040e-01 4.450839e-01 -2.340495e-01 -9.087874e-01 -3.488680e-01 -1.982903e+00 -1.959916e-01 -2.831324e-01 -1.910944e-01 -3.854690e-01 2.622948e+00 1.470765e-01 -1.663001e-02 -1.219632e-01 2.481465e-02 5.595579e-02 -3.958891e-03 1.162732e-01 2.261525e-01 2.820543e-01 6.729948e-03 6.966178e-02 8.429096e-02 2.909530e-01
<VARIANCE> 39
 1.645082e+01 1.310441e+01 1.237223e+01 8.858843e+00 1.815763e+01 1.710545e+01 2.177770e+01 5.626882e+01 1.551541e+01 1.993242e+01 2.226485e+01 1.798276e+01 7.167992e+01 2.350336e+00 1.467210e+00 2.113493e+00 8.344489e-01 1.743045e+00 2.222754e+00 2.309547e+00 4.314344e+00 1.841426e+00 1.899850e+00 2.322068e+00 2.595670e+00 9.387404e+00 3.740682e-01 1.511162e-01 2.748248e-01 1.065458e-01 2.235135e-01 2.135464e-01 4.301470e-01 7.476294e-01 4.312123e-01 2.961750e-01 3.166608e-01 3.572483e-01 8.884897e-01
<GCONST> 1.064065e+02
<STATE> 3
<NUMMIXES> 2
<MIXTURE> 1 4.749227e-01
<MEAN> 39
 6.625186e-01 -1.268979e+00 -1.698510e+00 -9.599468e-01 -1.161811e+00 -2.126256e+00 1.786728e-01 -5.952839e-01 1.467359e+00 -5.108178e-02 7.591717e-01 4.595664e-01 3.843686e+00 1.183904e-01 2.757080e-01 1.938895e-01 2.325311e-01 3.557127e-01 2.652733e-01 1.979377e-01 5.308619e-01 3.438682e-01 3.883977e-01 2.487829e-01 3.709490e-01 -1.196037e-01 -2.776030e-02 1.211219e-01 1.507545e-01 1.973527e-01 2.039812e-01 2.325156e-01 -4.892004e-02 -4.858368e-02 -1.754409e-01 2.981214e-02 -7.508265e-02 -4.833240e-02 -3.274145e-01
<VARIANCE> 39
 9.939699e+00 1.293883e+01 1.016752e+01 9.792178e+00 1.222268e+01 1.394665e+01 1.752440e+01 2.333062e+01 1.891063e+01 1.735878e+01 1.498007e+01 1.592645e+01 2.005206e+01 4.337661e-01 6.651033e-01 6.827314e-01 9.564587e-01 1.181906e+00 1.233056e+00 1.455034e+00 1.648805e+00 1.802164e+00 1.297219e+00 1.243605e+00 1.203907e+00 1.609842e+00 8.835045e-02 1.872844e-01 1.421105e-01 1.901712e-01 2.735009e-01 2.388942e-01 3.364525e-01 4.367667e-01 3.780271e-01 3.319093e-01 2.748655e-01 2.877207e-01 2.840439e-01
<GCONST> 8.963500e+01
<MIXTURE> 2 5.250768e-01
<MEAN> 39
 2.480420e-01 6.046182e-01 5.504442e-01 7.860612e-01 9.022243e-01 8.037128e-01 -2.766525e-01 -1.817275e-01 -5.158331e-01 2.836375e-01 -1.675169e-01 7.631452e-02 -8.861862e-01 -6.883791e-03 -2.946985e-01 -1.376212e-01 -1.186377e-01 -2.604611e-01 -2.095139e-01 -1.768729e-01 -4.514529e-01 -3.616852e-01 -3.403361e-01 -2.206269e-01 -2.894790e-01 9.274692e-03 2.726751e-02 -1.195919e-01 -1.400794e-01 -1.811702e-01 -1.996716e-01 -2.111763e-01 3.099857e-02 3.197902e-02 1.315371e-01 -3.194864e-02 5.437921e-02 1.908217e-02 2.729193e-01
<VARIANCE> 39
 7.296456e+00 7.454025e+00 8.414783e+00 7.682789e+00 1.118374e+01 1.145245e+01 1.449781e+01 1.846455e+01 1.587863e+01 1.402035e+01 1.410449e+01 1.354998e+01 1.453509e+01 4.073900e-01 8.368929e-01 8.459960e-01 9.047889e-01 1.303129e+00 1.394681e+00 1.433769e+00 1.819786e+00 1.556891e+00 1.497104e+00 1.409894e+00 1.435247e+00 2.336166e+00 5.808415e-02 1.102349e-01 1.084647e-01 1.414386e-01 2.138583e-01 2.138956e-01 2.707781e-01 3.945483e-01 3.342498e-01 3.114825e-01 2.727419e-01 2.866901e-01 2.220618e-01
<GCONST> 8.536740e+01
<STATE> 4
<NUMMIXES> 2
<MIXTURE> 1 5.099542e-01
<MEAN> 39
 -4.387025e-01 9.276553e-01 1.749051e+00 3.815396e-01 1.728303e-01 9.954087e-01 -7.205450e-01 8.587258e-01 -1.786607e+00 -4.162679e-01 -7.742677e-01 -2.405821e-01 -4.456542e+00 -9.401216e-02 2.817943e-01 3.892537e-01 1.934120e-01 2.300681e-01 4.047661e-01 1.867903e-01 4.653987e-01 2.332971e-01 1.982695e-01 9.779988e-02 8.657593e-03 -4.926598e-01 -3.950711e-03 1.101753e-02 2.345308e-02 6.005436e-02 1.270054e-01 1.440338e-01 1.655435e-01 1.358457e-01 1.079486e-01 4.711392e-02 4.203665e-02 -2.873568e-02 3.112988e-02
<VARIANCE> 39
 1.022512e+01 9.822856e+00 8.730033e+00 7.217266e+00 1.117279e+01 1.522552e+01 1.208644e+01 1.555930e+01 1.484350e+01 1.502272e+01 1.273308e+01 1.311778e+01 2.109247e+01 1.628759e-01 2.965059e-01 4.067022e-01 5.747122e-01 9.482438e-01 1.010326e+00 1.141818e+00 1.170586e+00 1.390315e+00 1.313699e+00 1.150998e+00 1.255608e+00 1.029718e-01 2.432415e-02 5.508356e-02 8.949414e-02 1.177752e-01 1.831592e-01 1.985796e-01 2.395645e-01 2.504877e-01 3.167786e-01 2.757427e-01 2.370287e-01 2.358042e-01 8.410140e-03
<GCONST> 7.144251e+01
<MIXTURE> 2 4.900456e-01
<MEAN> 39
 -4.312794e-01 7.620265e-01 1.712023e+00 9.518521e-01 1.391639e+00 2.576344e+00 1.131352e+00 1.843425e+00 -7.679954e-01 -7.905126e-02 -6.490556e-01 -4.345490e-01 -3.620676e+00 -2.014312e-01 -5.212282e-02 -5.032484e-02 -2.959522e-01 -2.370783e-01 -3.011848e-02 -2.633664e-01 -1.398414e-01 -5.248201e-01 -2.636911e-01 -2.457215e-01 -1.685751e-01 -5.534204e-01 -2.330800e-02 -2.504138e-02 -4.477809e-02 -1.117214e-01 -1.751001e-01 -1.805154e-01 -1.373462e-01 -1.272470e-01 -6.820995e-02 -5.068369e-02 -1.704463e-02 2.741594e-02 1.918658e-02
<VARIANCE> 39
 9.725425e+00 1.011332e+01 9.689328e+00 9.029234e+00 1.160258e+01 1.425672e+01 1.295067e+01 1.521090e+01 1.564891e+01 1.539564e+01 1.296124e+01 1.235868e+01 2.391772e+01 1.652873e-01 3.101671e-01 4.770158e-01 5.920968e-01 9.266919e-01 1.057152e+00 1.290357e+00 1.275640e+00 1.342451e+00 1.354104e+00 1.264709e+00 1.063575e+00 1.347543e-01 1.835240e-02 5.301471e-02 9.244274e-02 1.279640e-01 1.653299e-01 1.669796e-01 2.372067e-01 2.391100e-01 2.816639e-01 2.810676e-01 2.559435e-01 2.335352e-01 7.288402e-03
<GCONST> 7.189037e+01
<TRANSP> 5
 0.000000e+00 1.000000e+00 0.000000e+00 0.000000e+00 0.000000e+00
 0.000000e+00 7.886511e-01 2.113489e-01 0.000000e+00 0.000000e+00
 0.000000e+00 0.000000e+00 9.853291e-01 1.467092e-02 0.000000e+00
 0.000000e+00 0.000000e+00 0.000000e+00 9.594103e-01 4.058976e-02
 0.000000e+00 0.000000e+00 0.000000e+00 0.000000e+00 0.000000e+00
<ENDHMM>
~h "kt"
<BEGINHMM>
<NUMSTATES> 5
<STATE> 2
<NUMMIXES> 2
<MIXTURE> 1 5.925010e-01
<MEAN> 39
 2.076003e-01 -4.066238e-01 -1.681277e-02 -3.847492e-01 -4.161861e-01 -6.801359e-02 -4.026154e-02 4.781121e-02 1.151491e-01 -1.057096e-02 3.172181e-01 1.398752e-01 1.490431e-01 3.556817e-01 -3.264476e-03 1.941207e-01 1.656076e-01 3.059058e-01 3.876510e-01 3.958566e-01 2.141776e-01 1.599085e-01 1.788860e-01 2.572347e-01 8.303230e-02 -3.887088e-01 1.852780e-02 1.980697e-02 2.784694e-02 2.727567e-02 5.010154e-02 3.787872e-02 1.064327e-02 2.040436e-02 2.178376e-02 3.583290e-02 -1.871869e-02 1.359541e-02 -5.928543e-02
<VARIANCE> 39
 9.287536e+00 6.481398e+00 7.772735e+00 9.502996e+00 1.170433e+01 1.271029e+01 1.445059e+01 1.571387e+01 1.596731e+01 1.540820e+01 1.453854e+01 1.264440e+01 1.503798e+01 2.679476e-01 3.355783e-01 5.172852e-01 6.887951e-01 8.764942e-01 1.040223e+00 1.277246e+00 1.417729e+00 1.427387e+00 1.592345e+00 1.320624e+00 1.207429e+00 2.878029e-01 1.034354e-01 7.834788e-02 1.251131e-01 1.571841e-01 2.092469e-01 2.510319e-01 2.918070e-01 3.126040e-01 3.187976e-01 3.537154e-01 2.928633e-01 2.519540e-01 1.346534e-01
<GCONST> 8.015823e+01
<MIXTURE> 2 4.074805e-01
<MEAN> 39
 3.285011e-01 -1.174934e-01 3.748063e-01 -1.033685e-01 2.001085e-01 5.228557e-01 8.343692e-02 5.721588e-01 3.901731e-01 4.978268e-01 5.828898e-03 1.341969e-01 -5.416721e-01 -6.138225e-01 4.594526e-02 -3.359544e-01 -2.259072e-01 -4.587381e-01 -6.364298e-01 -5.816628e-01 -3.108343e-01 -2.125636e-01 -2.630293e-01 -3.822148e-01 -1.278047e-01 6.796395e-01 -3.200482e-02 -2.865993e-02 -3.790502e-02 -3.106044e-02 -6.789831e-02 -5.710614e-02 -2.258699e-02 -3.058379e-02 -3.416295e-02 -5.680763e-02 2.509176e-02 -2.255862e-02 9.338935e-02
<VARIANCE> 39
 1.532708e+01 8.274956e+00 9.279460e+00 1.208913e+01 1.348916e+01 1.831285e+01 1.785269e+01 1.690793e+01 1.672079e+01 1.554390e+01 1.477278e+01 1.345191e+01 1.849469e+01 1.471966e+00 7.853122e-01 9.008257e-01 1.177777e+00 1.224948e+00 1.553779e+00 1.515298e+00 1.807923e+00 1.901029e+00 1.829674e+00 1.533447e+00 1.388186e+00 2.075028e+00 2.840604e-01 1.264503e-01 1.724391e-01 2.150509e-01 2.581370e-01 3.757923e-01 3.818325e-01 3.602806e-01 3.544980e-01 3.613656e-01 3.159714e-01 2.712668e-01 3.247685e-01
<GCONST> 9.424279e+01
<STATE> 3
<NUMMIXES> 2
<MIXTURE> 1 5.507314e-01
<MEAN> 39
 -1.723251e+00 -5.188749e-02 -6.459906e-01 5.210447e-01 -1.518897e-01 -1.093596e+00 -2.871801e-01 -9.369774e-01 -2.349393e-01 -5.426310e-01 -1.620028e-01 -9.896339e-02 2.349343e+00 3.811165e-01 -1.895050e-02 2.225546e-01 2.325712e-01 3.701462e-01 5.315659e-01 4.673492e-01 2.333984e-01 2.570916e-01 1.429781e-01 3.647075e-01 2.523731e-02 -4.735313e-01 7.128022e-02 4.696644e-02 4.517974e-02 2.429483e-02 4.662602e-02 1.218114e-02 1.568705e-02 5.151790e-02 2.730361e-02 6.414366e-02 -1.797568e-02 3.273024e-02 -1.586091e-01
<VARIANCE> 39
 7.397136e+00 4.814167e+00 7.671993e+00 1.090363e+01 1.245405e+01 1.389285e+01 1.548519e+01 1.576350e+01 1.808780e+01 1.856744e+01 1.603933e+01 1.321217e+01 1.270880e+01 2.988966e-01 3.449333e-01 5.383826e-01 7.010730e-01 9.442061e-01 1.160045e+00 1.253863e+00 1.384505e+00 1.455477e+00 1.869461e+00 1.345343e+00 1.259857e+00 5.063989e-01 1.217221e-01 7.481454e-02 1.341161e-01 1.757122e-01 2.365080e-01 2.836456e-01 3.081294e-01 3.203139e-01 3.532338e-01 4.250772e-01 3.039030e-01 2.652561e-01 2.272354e-01
<GCONST> 8.292690e+01
<MIXTURE> 2 4.492672e-01
<MEAN> 39
 -9.595850e-01 6.736162e-01 -1.215041e-01 9.233947e-01 2.972690e-01 -9.682955e-01 -2.192803e-01 -2.039415e-01 3.443686e-02 1.246718e-01 -5.012312e-01 1.299624e-01 6.059430e-01 -4.120941e-01 1.334866e-02 -2.615271e-01 -2.679926e-01 -4.331529e-01 -6.115712e-01 -5.272205e-01 -3.070930e-01 -3.215452e-01 -1.933144e-01 -4.200814e-01 -3.240286e-02 5.185748e-01 -5.947245e-02 -5.991358e-02 -4.637263e-02 -4.088302e-02 -5.485484e-02 1.886451e-03 -6.899971e-03 -5.380001e-02 -2.491274e-02 -6.965341e-02 2.412079e-02 -3.885284e-02 1.507091e-01
<VARIANCE> 39
 9.240159e+00 5.193525e+00 7.119325e+00 1.063269e+01 1.357308e+01 2.038950e+01 1.797210e+01 1.567183e+01 1.719119e+01 1.745341e+01 1.659550e+01 1.289565e+01 1.450290e+01 9.313279e-01 5.319716e-01 7.515568e-01 9.951544e-01 1.325461e+00 1.551083e+00 1.651078e+00 1.684256e+00 1.848219e+00 2.102447e+00 1.638722e+00 1.392540e+00 1.954211e+00 1.787328e-01 9.227842e-02 1.439732e-01 1.847571e-01 2.849146e-01 4.354125e-01 3.977831e-01 3.371757e-01 3.422837e-01 4.176028e-01 3.434693e-01 2.724723e-01 2.940968e-01
<GCONST> 9.112033e+01
<STATE> 4
<NUMMIXES> 2
<MIXTURE> 1 5.166826e-01
<MEAN> 39
 3.678874e-01 -4.357651e-03 -1.433558e-01 -5.205123e-01 -1.948760e-01 1.900970e-01 2.636741e-02 9.246917e-02 -1.804322e-01 -5.005348e-02 -1.349667e-01 -3.490942e-01 -5.885269e-01 2.494427e-01 2.092641e-02 2.115690e-01 2.226933e-01 3.527264e-01 4.472942e-01 4.439365e-01 3.445607e-01 3.538155e-01 3.575704e-01 2.943015e-01 8.307697e-02 -2.042247e-01 6.064638e-02 9.745180e-03 5.009386e-02 4.680933e-02 5.862293e-02 6.178306e-02 3.472503e-02 1.895129e-02 2.132285e-02 9.675587e-03 3.395486e-02 4.390033e-02 -5.781569e-02
<VARIANCE> 39
 9.220594e+00 7.064208e+00 8.494267e+00 9.952119e+00 1.273402e+01 1.520302e+01 1.472327e+01 1.583530e+01 1.631864e+01 1.517853e+01 1.331123e+01 1.217629e+01 1.027528e+01 3.453564e-01 3.526674e-01 5.167475e-01 6.732566e-01 8.889295e-01 1.032305e+00 1.216167e+00 1.349578e+00 1.395996e+00 1.366065e+00 1.301413e+00 1.213183e+00 2.802538e-01 1.002475e-01 8.449844e-02 1.181980e-01 1.565950e-01 2.117720e-01 2.518178e-01 2.998110e-01 3.087792e-01 3.195233e-01 3.049260e-01 2.766683e-01 2.388564e-01 9.056485e-02
<GCONST> 7.949805e+01
<MIXTURE> 2 4.833248e-01
<MEAN> 39
 1.097583e+00 1.347869e-01 4.775327e-01 4.829405e-02 4.335737e-01 9.536527e-01 3.165064e-01 2.916181e-01 -5.325618e-02 4.449458e-02 2.476817e-01 1.211721e-01 -1.347596e+00 -1.952308e-01 -4.809629e-02 -1.940656e-01 -2.741351e-01 -3.611315e-01 -4.369799e-01 -4.718709e-01 -3.589738e-01 -3.914772e-01 -3.741380e-01 -3.098880e-01 -9.577571e-02 1.365043e-01 -6.963535e-02 -1.219716e-02 -5.544734e-02 -4.789647e-02 -6.104324e-02 -6.850863e-02 -4.233932e-02 -2.058453e-02 -2.570141e-02 -1.147673e-02 -3.613577e-02 -4.376816e-02 6.952199e-02
<VARIANCE> 39
 8.643032e+00 7.325478e+00 8.295626e+00 9.816273e+00 1.308463e+01 1.565053e+01 1.489248e+01 1.543023e+01 1.617657e+01 1.598421e+01 1.426971e+01 1.318045e+01 8.050327e+00 8.175572e-01 6.234233e-01 6.523587e-01 8.245739e-01 1.099795e+00 1.189754e+00 1.332278e+00 1.432825e+00 1.473772e+00 1.460075e+00 1.373161e+00 1.294695e+00 8.195598e-01 1.224662e-01 1.015617e-01 1.212078e-01 1.606445e-01 2.319424e-01 2.689299e-01 3.118632e-01 3.049542e-01 3.222376e-01 3.287929e-01 3.028562e-01 2.629091e-01 1.035220e-01
<GCONST> 8.412971e+01
<TRANSP> 5
 0.000000e+00 1.000000e+00 0.000000e+00 0.000000e+00 0.000000e+00
 0.000000e+00 9.910762e-01 8.923747e-03 0.000000e+00 0.000000e+00
 0.000000e+00 0.000000e+00 9.886878e-01 1.131221e-02 0.000000e+00
 0.000000e+00 0.000000e+00 0.000000e+00 9.922704e-01 7.729570e-03
 0.000000e+00 0.000000e+00 0.000000e+00 0.000000e+00 0.000000e+00
<ENDHMM>
~h "pr"
<BEGINHMM>
<NUMSTATES> 5
<STATE> 2
<NUMMIXES> 2
<MIXTURE> 1 4.517557e-01
<MEAN> 39
 -1.189934e+00 -1.626196e-01 -5.033423e-02 -4.040210e-02 2.725758e+00 -1.120628e+00 -2.892892e+00 -1.364653e+00 -3.458671e-01 -7.504955e-01 -9.710295e-01 1.238393e+00 9.180607e-01 -2.649649e-01 3.154193e-02 1.989845e-01 6.951206e-02 2.864349e-01 2.505948e-01 1.708559e-01 4.560604e-02 2.320111e-01 1.376807e-01 1.868136e-01 2.331001e-01 2.360737e-01 2.619006e-02 1.984107e-02 4.988420e-02 7.099692e-02 7.766625e-02 1.064050e-01 1.018160e-01 7.187378e-02 6.664228e-02 4.358345e-02 9.513471e-02 3.955823e-02 -1.549831e-02
<VARIANCE> 39
 2.128616e+01 1.854183e+01 2.498541e+01 2.739701e+01 7.350725e+01 4.700098e+01 5.254409e+01 5.049282e+01 3.537022e+01 3.263419e+01 4.639814e+01 4.320624e+01 1.243079e+01 1.416697e+00 9.331404e-01 1.308653e+00 1.599434e+00 1.725254e+00 2.164074e+00 2.295855e+00 2.727990e+00 2.445063e+00 2.102763e+00 2.585865e+00 2.316543e+00 9.440939e-01 1.932392e-01 1.520094e-01 2.223676e-01 2.739748e-01 3.252575e-01 3.871221e-01 4.059170e-01 4.582386e-01 4.315397e-01 3.940505e-01 4.654182e-01 3.772675e-01 1.262511e-01
<GCONST> 1.092688e+02
<MIXTURE> 2 5.482440e-01
<MEAN> 39
 -1.508761e+00 -5.320943e-01 8.285676e-01 5.176364e-01 3.663897e+00 3.278076e-01 -1.804167e+00 -3.802052e-01 7.482732e-01 -4.000745e-01 9.208796e-02 1.667265e+00 1.034250e+00 1.248549e-01 -9.969401e-02 -1.328309e-01 -8.772839e-02 -2.628945e-01 -1.354202e-01 -1.169408e-01 -1.258540e-01 -1.702950e-01 -1.831992e-01 -1.483615e-01 -1.159640e-01 -8.980315e-02 9.635972e-03 -9.575226e-03 -5.155830e-02 -4.931065e-02 -6.715599e-02 -8.767525e-02 -8.918139e-02 -5.115362e-02 -6.051217e-02 -2.985325e-02 -8.075624e-02 -5.009315e-02 -1.258547e-02
<VARIANCE> 39
 1.416771e+01 1.609750e+01 1.983696e+01 2.479871e+01 6.440455e+01 4.521843e+01 4.949365e+01 4.241533e+01 3.495951e+01 3.039541e+01 4.461133e+01 4.100249e+01 7.768283e+00 3.632247e-01 6.503541e-01 8.399960e-01 1.374406e+00 1.517220e+00 1.865869e+00 2.283121e+00 2.269972e+00 2.084968e+00 1.979921e+00 2.442843e+00 1.841182e+00 2.886076e-01 8.414589e-02 1.099359e-01 1.511151e-01 2.434734e-01 2.759273e-01 3.340480e-01 4.263468e-01 4.214310e-01 4.246384e-01 3.626589e-01 4.575692e-01 3.711873e-01 5.718230e-02
<GCONST> 9.993529e+01
<STATE> 3
<NUMMIXES> 2
<MIXTURE> 1 4.926555e-01
<MEAN> 39
 -4.941979e+00 -6.867617e-01 1.483862e+00 -5.426537e-01 -1.288910e+00 2.568881e+00 -1.313266e+00 -4.156118e+00 2.389399e+00 -4.228181e+00 1.472059e+00 -3.512458e-01 4.164573e+00 -3.219489e-03 1.483946e-01 2.258979e-01 2.007188e-01 3.557825e-01 1.340172e-01 3.172294e-01 3.594570e-01 1.861535e-01 1.884845e-01 1.923523e-01 1.013101e-01 1.579427e-02 -1.011103e-02 4.912008e-02 6.703838e-02 6.172698e-02 9.239777e-02 6.669783e-02 1.087978e-01 8.510039e-02 3.173235e-02 5.263927e-02 6.737720e-02 5.577470e-02 1.989131e-02
<VARIANCE> 39
 8.974203e+00 1.973597e+01 1.125657e+01 1.482544e+01 1.519713e+01 2.006027e+01 1.734141e+01 1.795847e+01 2.411630e+01 2.341927e+01 2.185114e+01 1.914033e+01 4.835151e+00 5.767164e-01 3.500728e-01 4.570270e-01 7.201406e-01 1.125186e+00 1.609916e+00 1.346183e+00 1.259856e+00 1.690226e+00 1.840806e+00 1.843655e+00 1.284533e+00 2.219048e-01 1.264393e-01 6.954471e-02 9.582409e-02 1.536309e-01 2.529051e-01 3.510879e-01 2.911570e-01 2.803134e-01 3.548380e-01 3.586101e-01 3.781434e-01 2.567273e-01 4.922694e-02
<GCONST> 8.499889e+01
<MIXTURE> 2 5.073436e-01
<MEAN> 39
 -4.876974e+00 -3.566410e-01 1.986319e+00 4.533842e-01 -1.792056e-01 3.324466e+00 3.294593e-02 -3.133374e+00 2.605708e+00 -3.714003e+00 2.306500e+00 7.240111e-02 4.304827e+00 6.419875e-02 -1.760810e-01 -2.140183e-01 -2.554117e-01 -3.102507e-01 -1.732216e-01 -3.154887e-01 -3.100552e-01 -1.297094e-01 -1.521820e-01 -2.622772e-01 -3.904366e-02 -9.969403e-02 1.438730e-02 -4.015186e-02 -5.965257e-02 -6.960439e-02 -8.131606e-02 -8.413728e-02 -1.022178e-01 -5.458475e-02 -3.792372e-02 -3.051017e-02 -7.014738e-02 -6.735393e-02 -2.635504e-02
<VARIANCE> 39
 8.657815e+00 2.054506e+01 1.120121e+01 1.477116e+01 1.458051e+01 1.993318e+01 1.723854e+01 1.720988e+01 2.188029e+01 2.222562e+01 2.011964e+01 1.686558e+01 4.707930e+00 4.872456e-01 4.137763e-01 4.935940e-01 8.039219e-01 1.121750e+00 1.671661e+00 1.494705e+00 1.345961e+00 1.565104e+00 1.756820e+00 1.827984e+00 1.266631e+00 2.149116e-01 1.186723e-01 8.395532e-02 9.533632e-02 1.639914e-01 2.480712e-01 3.417661e-01 3.104692e-01 2.861380e-01 3.360362e-01 3.435837e-01 3.803233e-01 2.632819e-01 4.974246e-02
<GCONST> 8.489349e+01
<STATE> 4
<NUMMIXES> 2
<MIXTURE> 1 4.807678e-01
<MEAN> 39
 1.372154e+00 -7.059661e-02 -7.913119e-01 -6.396775e-01 -1.422243e+00 -1.131073e+00 5.582666e-02 3.608435e-01 -1.161994e+00 5.465473e-01 -8.017163e-01 -4.182938e-01 -1.227340e+00 4.957346e-02 1.638544e-01 1.919627e-01 2.379438e-01 2.635901e-01 2.573516e-01 2.748299e-01 2.751027e-01 2.677071e-01 2.081787e-01 1.847884e-01 1.098605e-01 4.696052e-03 2.055838e-02 5.013479e-02 6.668194e-02 8.248625e-02 9.489464e-02 1.083317e-01 1.299319e-01 1.156606e-01 1.092931e-01 9.947819e-02 6.543530e-02 4.364350e-02 1.666347e-03
<VARIANCE> 39
 2.664008e+01 2.038873e+01 3.065243e+01 4.289002e+01 3.234929e+01 3.864919e+01 3.145753e+01 3.802044e+01 4.471444e+01 4.381780e+01 3.829316e+01 4.075510e+01 1.801983e+01 4.737724e-01 4.636051e-01 6.902568e-01 1.039602e+00 1.096268e+00 1.464305e+00 1.388726e+00 1.621599e+00 1.673553e+00 1.679181e+00 1.599215e+00 1.441683e+00 2.592396e-01 7.898091e-02 8.804394e-02 1.329121e-01 1.855506e-01 2.205097e-01 2.863757e-01 2.854435e-01 3.082283e-01 3.208826e-01 3.324066e-01 3.211814e-01 2.743500e-01 4.311343e-02
<GCONST> 9.547961e+01
<MIXTURE> 2 5.192337e-01
<MEAN> 39
 2.439095e+00 6.008025e-01 -5.476604e-01 4.417714e-01 -3.640465e-01 -4.404978e-01 1.798324e+00 2.293817e+00 -5.271041e-01 2.139207e+00 -9.722095e-02 -4.887071e-01 -1.937583e+00 3.699213e-02 -1.047379e-01 -2.195578e-01 -1.761358e-01 -2.573691e-01 -2.611786e-01 -2.596961e-01 -2.334252e-01 -2.814180e-01 -1.692250e-01 -1.510024e-01 -1.453483e-01 -7.586560e-02 -2.091860e-02 -4.692445e-02 -6.182637e-02 -7.223535e-02 -8.924589e-02 -9.875589e-02 -1.209844e-01 -1.117385e-01 -1.003261e-01 -9.461312e-02 -5.693360e-02 -4.307744e-02 1.666079e-04
<VARIANCE> 39
 2.389928e+01 1.914064e+01 3.138176e+01 4.396935e+01 3.234970e+01 3.724328e+01 2.785292e+01 3.634064e+01 4.356412e+01 4.023776e+01 3.688460e+01 4.182882e+01 1.605882e+01 2.112986e-01 4.257439e-01 5.213633e-01 7.995728e-01 9.898259e-01 1.309651e+00 1.404951e+00 1.489201e+00 1.606944e+00 1.643552e+00 1.467639e+00 1.299536e+00 1.360832e-01 3.980143e-02 6.844705e-02 1.001116e-01 1.497416e-01 1.922575e-01 2.528151e-01 2.558246e-01 2.764502e-01 3.081571e-01 3.082723e-01 2.793508e-01 2.508993e-01 1.943449e-02
<GCONST> 8.923850e+01
<TRANSP> 5
 0.000000e+00 1.000000e+00 0.000000e+00 0.000000e+00 0.000000e+00
 0.000000e+00 9.868602e-01 1.313977e-02 0.000000e+00 0.000000e+00
 0.000000e+00 0.000000e+00 9.852131e-01 1.478687e-02 0.000000e+00
 0.000000e+00 0.000000e+00 0.000000e+00 9.955807e-01 4.419327e-03
 0.000000e+00 0.000000e+00 0.000000e+00 0.000000e+00 0.000000e+00
<ENDHMM>
~h "pw"
<BEGINHMM>
<NUMSTATES> 5
<STATE> 2
<NUMMIXES> 2
<MIXTURE> 1 5.777623e-01
<MEAN> 39
 -2.177296e-01 1.634090e+00 1.156363e-01 1.082069e-01 6.318610e-01 1.357107e+00 9.622185e-01 1.002659e+00 5.075180e-01 2.260138e-01 7.237728e-02 -3.152387e-01 -2.071384e+00 1.183058e-01 2.071125e-01 9.851000e-02 1.298519e-01 2.100342e-01 2.736672e-01 2.743863e-01 2.762572e-01 2.028762e-01 2.083587e-01 1.564448e-01 1.038946e-01 -2.025317e-01 -3.132471e-02 -9.670371e-03 2.401880e-02 2.203692e-02 -1.072621e-02 -3.208303e-02 -1.019016e-02 8.427619e-03 -2.849037e-03 1.351097e-02 2.337598e-03 2.325077e-02 2.907447e-02
<VARIANCE> 39
 1.206218e+01 1.575339e+01 9.273296e+00 9.645137e+00 1.218663e+01 1.267063e+01 1.471101e+01 1.666331e+01 1.517403e+01 1.387574e+01 1.380022e+01 1.162746e+01 1.473423e+01 3.130125e-01 4.054631e-01 5.022042e-01 7.168153e-01 9.063239e-01 1.051945e+00 1.192517e+00 1.294658e+00 1.389902e+00 1.277788e+00 1.310715e+00 1.186378e+00 1.868889e-01 5.127575e-02 8.047441e-02 1.081507e-01 1.505168e-01 1.928189e-01 2.285397e-01 2.601176e-01 2.902860e-01 3.039987e-01 2.739802e-01 2.866647e-01 2.403490e-01 2.816246e-02
<GCONST> 7.767248e+01
<MIXTURE> 2 4.222312e-01
<MEAN> 39
 -1.855695e+00 1.121543e-01 3.835282e-01 4.752950e-01 2.586159e-01 2.683815e-01 4.111911e-01 6.656218e-01 1.841097e-01 1.949583e-01 -1.281725e-01 7.234079e-02 3.393874e-01 -1.772828e-01 -3.029997e-01 -1.274504e-01 -1.793608e-01 -2.901188e-01 -3.952822e-01 -3.788192e-01 -3.950738e-01 -2.821354e-01 -2.857624e-01 -2.105419e-01 -1.405752e-01 3.089855e-01 4.266388e-02 7.845211e-03 -3.943350e-02 -3.104622e-02 1.009324e-02 3.670782e-02 9.623265e-03 -1.327022e-02 -7.352729e-04 -1.714473e-02 -5.692591e-03 -2.989597e-02 -3.059153e-02
<VARIANCE> 39
 1.606352e+01 2.336925e+01 1.174387e+01 1.254748e+01 1.622536e+01 1.982889e+01 1.846539e+01 1.921611e+01 1.670850e+01 1.643326e+01 1.479031e+01 1.347555e+01 2.392002e+01 8.361668e-01 1.109605e+00 9.548042e-01 1.076609e+00 1.321984e+00 1.606312e+00 1.561645e+00 1.615715e+00 1.675570e+00 1.564369e+00 1.568551e+00 1.301140e+00 8.712040e-01 1.417154e-01 2.016654e-01 1.715740e-01 2.104215e-01 2.715328e-01 3.569631e-01 3.437775e-01 3.353960e-01 3.467829e-01 3.161241e-01 3.168796e-01 2.724901e-01 1.504730e-01
<GCONST> 9.357405e+01
<STATE> 3
<NUMMIXES> 2
<MIXTURE> 1 7.549473e-01
<MEAN> 39
 1.138304e+00 -2.844740e+00 -9.946366e-01 -4.310877e-01 -4.399106e-01 -2.202031e+00 -2.268888e+00 -3.168615e+00 -1.703349e+00 -1.190988e+00 6.023785e-02 2.147898e-01 4.487922e+00 1.472750e-01 2.348334e-01 7.165726e-02 1.035614e-01 1.604242e-01 2.146253e-01 1.416096e-01 1.490320e-01 2.801088e-02 6.934149e-02 3.583587e-02 4.314337e-02 -6.763530e-01 -3.008597e-02 1.646016e-02 1.624216e-02 -3.682325e-04 -3.849437e-02 -4.298638e-02 -4.768527e-03 3.530525e-02 2.788808e-02 2.392132e-02 -2.878987e-02 4.734516e-03 1.559096e-02
<VARIANCE> 39
 1.477886e+01 2.443049e+01 1.134131e+01 1.107699e+01 1.316777e+01 2.039877e+01 2.098409e+01 2.450125e+01 1.749261e+01 1.487466e+01 1.312671e+01 1.192118e+01 6.364293e+01 2.271273e-01 3.385210e-01 4.642723e-01 6.441180e-01 8.909060e-01 1.032933e+00 1.197593e+00 1.400128e+00 1.431964e+00 1.289383e+00 1.220695e+00 1.112211e+00 1.588545e-01 4.224448e-02 6.869495e-02 9.449201e-02 1.287062e-01 1.903438e-01 2.241049e-01 2.566490e-01 3.016208e-01 3.003523e-01 2.664151e-01 2.528389e-01 2.344483e-01 4.941704e-02
<GCONST> 8.041988e+01
<MIXTURE> 2 2.450541e-01
<MEAN> 39
 -1.115842e+00 -1.828875e+00 -1.655511e-01 -9.113673e-01 -2.563778e+00 -3.775131e+00 -2.465561e+00 -1.756009e+00 -5.295050e-01 -3.730017e-01 -1.034992e+00 1.238706e-01 6.785248e+00 -4.112856e-01 -8.841181e-01 -2.459803e-01 -2.839991e-01 -5.058660e-01 -7.809915e-01 -5.864556e-01 -6.389087e-01 -2.003069e-01 -2.744128e-01 -1.052616e-01 -8.126537e-02 2.244137e+00 1.139063e-01 -9.174187e-03 -3.963390e-02 7.608917e-03 1.506284e-01 1.857209e-01 5.120249e-02 -7.339220e-02 -6.237167e-02 -5.636319e-02 9.759372e-02 -2.822571e-02 -1.255329e-01
<VARIANCE> 39
 1.995347e+01 3.040063e+01 1.577496e+01 1.488278e+01 2.184118e+01 3.311366e+01 2.630908e+01 2.892339e+01 1.842098e+01 1.857860e+01 1.705846e+01 1.564888e+01 1.044029e+02 1.528559e+00 2.201584e+00 1.393893e+00 1.369558e+00 2.625109e+00 3.494631e+00 2.715819e+00 2.483110e+00 1.857140e+00 1.940064e+00 1.831962e+00 1.821718e+00 7.614638e+00 2.632298e-01 4.217695e-01 2.470489e-01 2.699071e-01 5.063376e-01 6.857138e-01 5.218955e-01 4.629712e-01 3.459949e-01 3.881675e-01 3.526570e-01 3.657769e-01 1.792311e+00
<GCONST> 1.124786e+02
<STATE> 4
<NUMMIXES> 2
<MIXTURE> 1 6.630184e-01
<MEAN> 39
 8.621668e-01 1.192504e+00 1.819996e-01 9.569269e-02 5.339485e-01 1.273487e+00 8.640099e-01 8.804676e-01 3.624147e-01 3.614064e-01 2.579290e-01 -6.860790e-02 -2.582216e+00 1.237937e-01 1.987184e-01 4.052366e-02 5.098645e-02 1.233509e-01 2.125655e-01 1.920401e-01 1.883671e-01 1.317240e-01 1.235413e-01 6.515357e-02 2.005134e-02 -2.592586e-01 -2.867470e-02 -1.269272e-02 6.608201e-03 4.619484e-03 -2.922505e-02 -4.573131e-02 -2.176758e-02 -5.194320e-03 -3.060260e-03 -6.652896e-03 -1.868918e-02 1.112474e-02 3.121890e-02
<VARIANCE> 39
 1.167500e+01 1.416096e+01 8.846000e+00 9.494344e+00 1.148870e+01 1.442177e+01 1.457584e+01 1.759031e+01 1.590193e+01 1.442832e+01 1.319755e+01 1.215596e+01 1.522770e+01 2.922751e-01 3.860647e-01 5.080782e-01 7.123746e-01 9.230536e-01 1.129572e+00 1.228192e+00 1.365484e+00 1.396729e+00 1.364786e+00 1.299993e+00 1.200206e+00 1.723466e-01 4.832059e-02 7.356501e-02 9.976734e-02 1.425507e-01 1.878009e-01 2.349659e-01 2.540838e-01 2.832268e-01 2.924589e-01 2.884704e-01 2.659284e-01 2.448747e-01 2.529629e-02
<GCONST> 7.727572e+01
<MIXTURE> 2 3.369805e-01
<MEAN> 39
 -1.137795e+00 -1.475524e+00 -1.157793e-02 -6.322058e-02 -8.467429e-01 -1.537508e+00 -7.514687e-01 -5.457835e-01 -5.118261e-02 -1.965799e-01 -3.365396e-01 1.563856e-01 2.421696e+00 -2.231728e-01 -3.761052e-01 -7.551993e-02 -1.086036e-01 -2.380141e-01 -3.881449e-01 -3.520261e-01 -3.397026e-01 -2.375270e-01 -2.329700e-01 -1.248675e-01 -5.324772e-02 4.619903e-01 5.836574e-02 2.178173e-02 -1.401042e-02 -1.127547e-02 5.532788e-02 8.826873e-02 3.954298e-02 4.535147e-03 1.915732e-03 1.123888e-02 3.747611e-02 -2.185968e-02 -5.880955e-02
<VARIANCE> 39
 1.787364e+01 2.456494e+01 1.440408e+01 1.383820e+01 1.700467e+01 2.325937e+01 2.180351e+01 2.604538e+01 1.987788e+01 1.782980e+01 1.584790e+01 1.460250e+01 4.349009e+01 9.591139e-01 1.307057e+00 9.678059e-01 1.140682e+00 1.502050e+00 1.899499e+00 1.730728e+00 1.797127e+00 1.698407e+00 1.697873e+00 1.635340e+00 1.463009e+00 1.968923e+00 1.637714e-01 2.338773e-01 1.744110e-01 2.198770e-01 2.985377e-01 4.011699e-01 3.628811e-01 3.728910e-01 3.430435e-01 3.487714e-01 3.341559e-01 3.054827e-01 3.266681e-01
<GCONST> 9.941344e+01
<TRANSP> 5
 0.000000e+00 1.000000e+00 0.000000e+00 0.000000e+00 0.000000e+00
 0.000000e+00 9.927956e-01 7.204423e-03 0.000000e+00 0.000000e+00
 0.000000e+00 0.000000e+00 9.895056e-01 1.049434e-02 0.000000e+00
 0.000000e+00 0.000000e+00 0.000000e+00 9.973260e-01 2.673997e-03
 0.000000e+00 0.000000e+00 0.000000e+00 0.000000e+00 0.000000e+00
<ENDHMM>
~h "si"
<BEGINHMM>
<NUMSTATES> 5
<STATE> 2
<NUMMIXES> 2
<MIXTURE> 1 6.448095e-01
<MEAN> 39
 2.831747e-01 5.796740e-01 2.878154e-01 4.163246e-01 3.502703e-01 2.543009e-01 1.265341e-01 -1.478758e-01 -1.248438e-01 -2.902065e-01 -3.090496e-01 -3.753150e-02 -4.444516e-01 4.900337e-02 9.803414e-02 7.247259e-02 1.167769e-01 1.636761e-01 2.203476e-01 2.147717e-01 2.307971e-01 1.676968e-01 1.508542e-01 1.103907e-01 4.167932e-02 -1.143947e-01 -9.312240e-03 -5.096635e-03 3.371604e-03 4.438723e-03 -2.462416e-03 -9.855075e-03 -7.544629e-03 1.539182e-03 1.136320e-02 1.143089e-02 8.445718e-03 8.232401e-03 1.103955e-02
<VARIANCE> 39
 1.100272e+01 8.073218e+00 8.471413e+00 1.060021e+01 1.323166e+01 1.427819e+01 1.507162e+01 1.728876e+01 1.562393e+01 1.482016e+01 1.414013e+01 1.300188e+01 1.157575e+01 1.731114e-01 2.824144e-01 4.388641e-01 6.392549e-01 8.393661e-01 1.006242e+00 1.173816e+00 1.250112e+00 1.298059e+00 1.312609e+00 1.280191e+00 1.137558e+00 8.738230e-02 2.787980e-02 5.235647e-02 8.771503e-02 1.308481e-01 1.762432e-01 2.089782e-01 2.457212e-01 2.612743e-01 2.675799e-01 2.706954e-01 2.622454e-01 2.320060e-01 1.092913e-02
<GCONST> 7.198525e+01
<MIXTURE> 2 3.551655e-01
<MEAN> 39
 -1.110515e+00 -7.296609e-01 2.645749e-01 1.597969e-01 -4.471542e-01 -1.069611e+00 -6.567777e-01 -1.168245e+00 8.250494e-02 -1.983649e-01 -3.050727e-01 4.049745e-01 2.332834e+00 -9.832695e-02 -1.861159e-01 -1.572859e-01 -2.502615e-01 -3.203688e-01 -3.847472e-01 -3.552968e-01 -3.597383e-01 -2.731075e-01 -2.251083e-01 -1.709944e-01 -7.657798e-02 1.361051e-01 1.988883e-02 1.131450e-02 -6.871133e-03 -7.748739e-03 6.327369e-03 2.256925e-02 1.554625e-02 -1.732088e-04 -1.941940e-02 -1.764554e-02 -1.120687e-02 -1.420019e-02 -2.360709e-02
<VARIANCE> 39
 1.773883e+01 1.840429e+01 1.537334e+01 1.604350e+01 2.169069e+01 2.238479e+01 2.136872e+01 2.372040e+01 1.917469e+01 1.897533e+01 1.762993e+01 1.544187e+01 2.386605e+01 6.007463e-01 8.078242e-01 7.842163e-01 9.988797e-01 1.232504e+00 1.465219e+00 1.524392e+00 1.595039e+00 1.568474e+00 1.578138e+00 1.506920e+00 1.339118e+00 6.571760e-01 9.630046e-02 1.444907e-01 1.457053e-01 1.969762e-01 2.495819e-01 3.137039e-01 3.237233e-01 3.329076e-01 3.216792e-01 3.221324e-01 3.033378e-01 2.623484e-01 1.024825e-01
<GCONST> 9.208712e+01
<STATE> 3
<NUMMIXES> 2
<MIXTURE> 1 4.969848e-01
<MEAN> 39
 6.043087e-01 1.933915e-02 -2.869306e-01 -4.036233e-01 -1.054802e-01 2.309861e-01 -1.473073e-01 2.832174e-01 -2.491534e-01 -5.909894e-02 5.855637e-02 -2.825155e-01 -1.073765e+00 7.426497e-02 1.560034e-01 2.146749e-01 2.780845e-01 3.305450e-01 3.550794e-01 3.601341e-01 3.632306e-01 3.375202e-01 2.922656e-01 2.193903e-01 1.199334e-01 1.345883e-02 1.332235e-02 2.470105e-02 3.411506e-02 3.821783e-02 3.848843e-02 3.849173e-02 3.773587e-02 3.796839e-02 3.787883e-02 2.938741e-02 1.872804e-02 9.007784e-03 9.276641e-03
<VARIANCE> 39
 3.640979e+00 4.175271e+00 6.184713e+00 7.911496e+00 1.137125e+01 1.235095e+01 1.333592e+01 1.481405e+01 1.428804e+01 1.436666e+01 1.354004e+01 1.213710e+01 2.412194e+00 1.304840e-01 2.432892e-01 4.083589e-01 5.864834e-01 8.055770e-01 9.600643e-01 1.100325e+00 1.234735e+00 1.271086e+00 1.324876e+00 1.260679e+00 1.129477e+00 4.598132e-02 2.481648e-02 5.169234e-02 9.051462e-02 1.337498e-01 1.847092e-01 2.207201e-01 2.513698e-01 2.787170e-01 2.818556e-01 2.913704e-01 2.704780e-01 2.349830e-01 7.724313e-03
<GCONST> 6.574240e+01
<MIXTURE> 2 5.029981e-01
<MEAN> 39
 7.700702e-01 3.090245e-01 1.160399e-01 3.559600e-02 2.920170e-01 6.521379e-01 2.846695e-01 7.144811e-01 2.028411e-01 2.867278e-01 2.552636e-01 -2.050442e-01 -9.478477e-01 -7.735931e-02 -1.493672e-01 -2.283540e-01 -2.869233e-01 -3.357110e-01 -3.520313e-01 -3.582109e-01 -3.486221e-01 -3.356641e-01 -2.888722e-01 -2.131908e-01 -1.182577e-01 -3.113720e-02 -1.709007e-02 -2.552485e-02 -3.349024e-02 -3.747578e-02 -3.979968e-02 -4.257777e-02 -4.043744e-02 -4.199988e-02 -3.862024e-02 -3.093455e-02 -2.072533e-02 -7.783936e-03 -4.218306e-03
<VARIANCE> 39
 3.902920e+00 4.390089e+00 6.216871e+00 7.975505e+00 1.136719e+01 1.253428e+01 1.327319e+01 1.472546e+01 1.448973e+01 1.444640e+01 1.363179e+01 1.201986e+01 2.620262e+00 1.377201e-01 2.582292e-01 4.167803e-01 5.957578e-01 8.165022e-01 9.817259e-01 1.130973e+00 1.240962e+00 1.286796e+00 1.343015e+00 1.284413e+00 1.127310e+00 5.226461e-02 2.554102e-02 5.331131e-02 9.007055e-02 1.321652e-01 1.835858e-01 2.204676e-01 2.507114e-01 2.763660e-01 2.848146e-01 2.909530e-01 2.712754e-01 2.314432e-01 8.692019e-03
<GCONST> 6.650618e+01
<STATE> 4
<NUMMIXES> 2
<MIXTURE> 1 6.967148e-01
<MEAN> 39
 -7.509617e-01 5.770949e-02 -3.707703e-02 1.100422e-01 -5.008289e-02 -2.467587e-01 2.046144e-01 -2.120048e-01 1.403738e-01 4.198900e-02 -2.521885e-02 2.515988e-01 4.462325e-01 8.754281e-02 1.200513e-01 5.633904e-02 8.750232e-02 1.239002e-01 1.773375e-01 1.313883e-01 1.586843e-01 9.695662e-02 8.804541e-02 6.693068e-02 1.051810e-02 -1.462734e-01 -1.456499e-02 -5.814581e-03 3.246307e-03 2.640949e-03 -6.322839e-03 -8.575576e-03 -3.034747e-03 -6.002588e-04 4.777876e-03 1.065251e-02 3.241306e-03 2.493541e-03 1.655757e-02
<VARIANCE> 39
 1.204205e+01 1.094608e+01 8.639082e+00 1.128999e+01 1.382813e+01 1.540194e+01 1.656117e+01 1.913733e+01 1.686041e+01 1.562806e+01 1.474890e+01 1.377138e+01 1.474970e+01 2.230347e-01 3.257757e-01 4.845856e-01 6.938516e-01 8.897921e-01 1.087493e+00 1.250533e+00 1.333759e+00 1.391096e+00 1.403499e+00 1.307124e+00 1.178666e+00 1.415943e-01 3.472492e-02 6.118753e-02 9.471697e-02 1.392586e-01 1.823646e-01 2.252895e-01 2.593282e-01 2.793836e-01 2.883659e-01 2.868856e-01 2.668268e-01 2.380842e-01 1.780470e-02
<GCONST> 7.617485e+01
<MIXTURE> 2 3.033032e-01
<MEAN> 39
 -2.689229e+00 -1.814822e+00 -3.286743e-01 -9.227993e-02 -8.531671e-01 -1.976391e+00 -4.294721e-01 -1.382695e+00 3.543777e-02 2.622874e-03 2.219873e-02 8.174630e-01 4.592482e+00 -2.538807e-01 -2.821646e-01 -1.099419e-01 -1.842112e-01 -2.892890e-01 -4.399897e-01 -3.143998e-01 -4.115123e-01 -2.064603e-01 -1.927207e-01 -1.402865e-01 5.740650e-03 4.732379e-01 4.134065e-02 1.415450e-02 -4.150574e-03 -4.869281e-03 1.826325e-02 2.727036e-02 1.133300e-02 5.739417e-03 -8.879992e-03 -2.331135e-02 -6.068959e-03 -1.035020e-02 -3.874656e-02
<VARIANCE> 39
 2.541882e+01 2.815877e+01 1.676320e+01 1.806008e+01 2.310912e+01 2.467413e+01 2.406792e+01 2.840207e+01 2.336232e+01 2.059479e+01 1.971012e+01 1.846575e+01 4.534297e+01 1.135318e+00 1.247897e+00 1.018489e+00 1.252580e+00 1.579230e+00 1.805297e+00 1.873850e+00 2.029063e+00 1.940592e+00 1.803210e+00 1.702869e+00 1.502371e+00 1.757639e+00 1.867506e-01 2.153602e-01 1.803357e-01 2.368858e-01 3.014162e-01 3.723837e-01 3.654906e-01 4.049549e-01 3.752162e-01 3.577253e-01 3.340085e-01 2.941884e-01 2.939594e-01
<GCONST> 1.024385e+02
<TRANSP> 5
 0.000000e+00 1.000000e+00 0.000000e+00 0.000000e+00 0.000000e+00
 0.000000e+00 9.859217e-01 1.407825e-02 0.000000e+00 0.000000e+00
 0.000000e+00 0.000000e+00 9.930080e-01 6.991965e-03 0.000000e+00
 0.000000e+00 0.000000e+00 0.000000e+00 9.839287e-01 1.607131e-02
 0.000000e+00 0.000000e+00 0.000000e+00 0.000000e+00 0.000000e+00
<ENDHMM>
~h "st"
<BEGINHMM>
<NUMSTATES> 5
<STATE> 2
<NUMMIXES> 2
<MIXTURE> 1 6.179212e-01
<MEAN> 39
 -1.159891e+00 -3.179792e+00 9.499787e-01 -2.879607e+00 -1.531804e+00 -4.602526e+00 -2.545820e+00 3.485103e-02 3.005745e-01 -4.547822e-01 8.694454e-02 -6.486119e-02 8.080997e+00 2.077749e-01 7.883580e-03 2.881643e-01 1.094391e-01 2.254606e-01 3.210993e-01 4.700370e-01 2.015595e-01 1.843071e-01 7.769676e-02 7.118966e-02 1.250282e-01 -4.554207e-01 3.309599e-02 1.639635e-01 -4.009424e-02 1.385670e-01 1.261890e-01 1.554724e-01 6.733140e-02 -2.418376e-02 -1.839687e-02 -4.792693e-02 -3.921754e-02 -2.281596e-02 -2.851741e-01
<VARIANCE> 39
 1.688482e+01 1.843538e+01 1.348649e+01 2.140430e+01 2.304934e+01 2.840773e+01 2.094532e+01 2.354390e+01 1.871645e+01 2.059189e+01 1.921529e+01 1.424985e+01 6.984415e+01 3.477572e-01 5.280452e-01 8.368397e-01 1.036632e+00 1.336072e+00 1.536010e+00 1.539699e+00 1.822729e+00 1.543444e+00 1.945860e+00 1.701791e+00 1.550163e+00 6.708358e-01 9.693605e-02 1.639028e-01 1.321738e-01 2.203005e-01 2.865171e-01 3.771179e-01 3.325267e-01 3.780259e-01 3.018784e-01 3.554094e-01 3.115830e-01 2.679678e-01 3.817520e-01
<GCONST> 9.550995e+01
<MIXTURE> 2 3.820775e-01
<MEAN> 39
 -1.090762e+00 -6.061786e-01 -3.660856e-01 -1.128465e+00 -6.951528e-01 -2.007852e+00 -1.400069e+00 5.252730e-01 6.932824e-01 -3.137378e-01 1.451881e-01 -2.090185e-01 3.533625e+00 -5.711048e-01 -1.160807e+00 1.232934e-01 -1.194924e+00 -9.769747e-01 -1.723623e+00 -1.083152e+00 -3.047940e-01 -9.876195e-02 -2.912420e-01 -1.052798e-01 -1.263883e-01 3.088523e+00 1.426598e-01 -7.510072e-03 5.892964e-02 6.246938e-02 7.432116e-02 1.628836e-01 1.670880e-01 5.125995e-02 1.428992e-02 1.283541e-01 7.847077e-03 5.932498e-02 -1.861789e-01
<VARIANCE> 39
 1.956085e+01 1.994523e+01 1.455416e+01 2.398771e+01 2.382693e+01 3.541888e+01 2.947131e+01 2.528196e+01 1.858895e+01 1.817055e+01 1.970193e+01 1.567539e+01 7.939603e+01 2.239925e+00 1.883483e+00 1.620129e+00 2.178529e+00 2.787887e+00 3.016831e+00 2.659254e+00 3.000678e+00 2.107699e+00 2.325170e+00 2.548956e+00 1.749702e+00 4.358247e+00 2.594953e-01 2.968239e-01 2.918139e-01 4.183070e-01 4.952945e-01 6.463704e-01 5.714759e-01 5.546218e-01 3.312375e-01 3.995034e-01 4.293010e-01 3.066910e-01 1.193988e+00
<GCONST> 1.134166e+02
<STATE> 3
<NUMMIXES> 2
<MIXTURE> 1 7.157108e-01
<MEAN> 39
 5.835584e-01 5.530278e-02 1.291339e-01 4.172727e-01 4.075910e-01 2.573501e-01 1.338585e-01 -1.427356e-01 -1.767157e-01 -3.627894e-02 -3.560152e-02 7.547891e-02 -9.212862e-01 1.134762e-01 1.289087e-01 -1.955064e-03 2.127147e-01 1.919134e-01 2.553965e-01 1.748526e-01 1.198942e-01 8.091291e-02 1.014832e-01 5.797818e-02 3.827368e-02 -4.637301e-01 -8.048648e-03 -9.315545e-03 -7.062824e-03 -8.323417e-03 -1.897347e-02 -1.545025e-02 -1.280608e-02 1.498732e-03 -5.162869e-03 -5.410606e-03 -2.106757e-03 -8.164530e-03 2.268344e-02
<VARIANCE> 39
 1.259489e+01 1.305219e+01 1.093223e+01 1.653200e+01 1.526337e+01 1.946090e+01 1.640817e+01 1.733577e+01 1.727578e+01 1.665786e+01 1.450440e+01 1.338884e+01 3.134590e+01 2.211082e-01 3.216356e-01 5.005060e-01 6.815022e-01 8.598281e-01 1.053132e+00 1.218011e+00 1.338939e+00 1.330809e+00 1.382083e+00 1.373182e+00 1.227500e+00 1.888774e-01 3.929540e-02 6.301591e-02 1.004662e-01 1.426302e-01 1.816517e-01 2.258612e-01 2.575884e-01 2.837017e-01 2.815288e-01 2.927273e-01 2.908593e-01 2.553972e-01 3.023468e-02
<GCONST> 7.918185e+01
<MIXTURE> 2 2.842914e-01
<MEAN> 39
 -1.078927e+00 -1.392120e-01 -1.380941e-01 -1.204562e+00 -1.079455e+00 -7.884237e-01 -5.433685e-01 1.421351e-01 2.923758e-01 3.185248e-02 5.981312e-02 -2.217248e-01 2.400021e+00 -3.001364e-01 -2.949948e-01 1.790729e-02 -5.211309e-01 -4.781085e-01 -6.021006e-01 -4.168629e-01 -2.960955e-01 -2.025064e-01 -2.546122e-01 -1.537374e-01 -8.753787e-02 1.097801e+00 2.019431e-02 2.292840e-02 1.123011e-02 2.430695e-02 4.392714e-02 3.673625e-02 2.612510e-02 -5.370989e-03 7.761937e-03 1.526246e-02 8.816226e-03 2.244297e-02 -6.005550e-02
<VARIANCE> 39
 1.736718e+01 1.917292e+01 1.536758e+01 2.522689e+01 2.515100e+01 2.715389e+01 2.264371e+01 2.162210e+01 2.063073e+01 2.021313e+01 1.758987e+01 1.565746e+01 6.339062e+01 1.443112e+00 1.462407e+00 1.298542e+00 2.100878e+00 2.230507e+00 2.319807e+00 2.129385e+00 2.105637e+00 2.155958e+00 2.049593e+00 1.891938e+00 1.612363e+00 3.950180e+00 2.321585e-01 2.376837e-01 2.306558e-01 4.140352e-01 4.471463e-01 4.962633e-01 4.489895e-01 4.281797e-01 4.227247e-01 4.124964e-01 3.834095e-01 3.243672e-01 7.765722e-01
<GCONST> 1.083516e+02
<STATE> 4
<NUMMIXES> 2
<MIXTURE> 1 6.603473e-01
<MEAN> 39
 -2.765857e-02 3.771735e-01 -3.750769e-02 8.677805e-01 6.905456e-01 9.358987e-01 6.369904e-01 1.241549e-01 -1.743765e-02 1.069569e-01 1.018424e-01 1.475788e-01 -1.260202e+00 4.563089e-02 1.167928e-01 4.309538e-02 1.799915e-01 2.039872e-01 2.836581e-01 2.126083e-01 1.488633e-01 1.112189e-01 1.304413e-01 9.242117e-02 3.884195e-02 -2.108956e-01 -4.443917e-03 -8.733414e-03 -3.454589e-03 -2.214204e-02 -2.525014e-02 -2.883314e-02 -1.742234e-02 7.211953e-03 8.970303e-03 2.668467e-04 -7.503595e-03 -8.465135e-03 2.060398e-02
<VARIANCE> 39
 5.424188e+00 5.368980e+00 6.953456e+00 9.838865e+00 1.199653e+01 1.421679e+01 1.393313e+01 1.485951e+01 1.461126e+01 1.453171e+01 1.315975e+01 1.192244e+01 7.286500e+00 1.866566e-01 2.866713e-01 4.633456e-01 6.640914e-01 8.644629e-01 1.037445e+00 1.166886e+00 1.309902e+00 1.370904e+00 1.409870e+00 1.322948e+00 1.156291e+00 1.062420e-01 2.984350e-02 5.229503e-02 8.969361e-02 1.280226e-01 1.798508e-01 2.189703e-01 2.443029e-01 2.722421e-01 2.894218e-01 3.025947e-01 2.752280e-01 2.388014e-01 1.259232e-02
<GCONST> 7.079030e+01
<MIXTURE> 2 3.396541e-01
<MEAN> 39
 -1.300113e-01 -3.572932e-01 -1.846932e-01 -1.159518e+00 -1.083388e+00 -1.065290e+00 -6.777148e-01 -6.910981e-02 1.044378e-01 -8.172153e-02 -1.878209e-01 -2.356887e-01 1.286002e+00 -7.358404e-02 -1.784075e-01 -1.266397e-01 -2.967673e-01 -3.506568e-01 -4.608628e-01 -3.789312e-01 -3.047117e-01 -2.329220e-01 -2.480007e-01 -1.796471e-01 -7.084888e-02 2.824693e-01 7.781174e-03 1.301639e-02 6.538828e-03 3.180407e-02 4.218986e-02 5.218621e-02 3.222515e-02 -8.423785e-03 -9.107361e-03 3.710662e-03 1.687580e-02 1.678710e-02 -2.918476e-02
<VARIANCE> 39
 1.071082e+01 1.191592e+01 1.156851e+01 1.811798e+01 1.882823e+01 2.283778e+01 2.011797e+01 2.002675e+01 1.742883e+01 1.569776e+01 1.474212e+01 1.331444e+01 1.927559e+01 6.653641e-01 8.454042e-01 8.836423e-01 1.394502e+00 1.496340e+00 1.736236e+00 1.700872e+00 1.765253e+00 1.741621e+00 1.550404e+00 1.467912e+00 1.398167e+00 1.004935e+00 1.128090e-01 1.555098e-01 1.706355e-01 2.752283e-01 3.065058e-01 3.729278e-01 3.559306e-01 3.637796e-01 3.490925e-01 3.109559e-01 2.974752e-01 2.801958e-01 1.655529e-01
<GCONST> 9.337064e+01
<TRANSP> 5
 0.000000e+00 1.000000e+00 0.000000e+00 0.000000e+00 0.000000e+00
 0.000000e+00 8.413316e-01 1.586684e-01 0.000000e+00 0.000000e+00
 0.000000e+00 0.000000e+00 9.920251e-01 7.974870e-03 0.000000e+00
 0.000000e+00 0.000000e+00 0.000000e+00 9.907744e-01 9.225628e-03
 0.000000e+00 0.000000e+00 0.000000e+00 0.000000e+00 0.000000e+00
<ENDHMM>
~h "spe"
<BEGINHMM>
<NUMSTATES> 5
<STATE> 2
<NUMMIXES> 2
<MIXTURE> 1 5.058922e-01
<MEAN> 39
 -2.093099e+00 2.511809e+00 7.908356e-01 1.622396e+00 1.404116e+00 1.418407e+00 2.854127e+00 6.987354e-01 -3.833687e-01 7.814817e-01 1.751767e+00 1.056927e+00 -4.147010e-01 -7.659116e-02 5.162138e-02 1.356940e-01 8.581992e-02 2.789431e-02 1.624261e-01 4.404645e-02 -1.810197e-02 1.142269e-01 1.423950e-01 1.448414e-01 5.753582e-02 -1.017069e-01 3.650154e-02 -4.044936e-02 -2.533238e-02 -4.309259e-03 -3.724335e-02 -3.588506e-02 -7.278265e-02 1.857840e-03 1.989157e-02 -7.312974e-04 -4.198096e-02 -3.319934e-02 7.551159e-03
<VARIANCE> 39
 3.596945e+01 1.951245e+01 6.432017e+01 8.049255e+01 3.985161e+01 5.330721e+01 3.452660e+01 3.528705e+01 2.942718e+01 2.584498e+01 2.690058e+01 2.221501e+01 4.584891e+01 4.586478e-01 6.135997e-01 1.005981e+00 1.394426e+00 1.523410e+00 1.666664e+00 1.572508e+00 1.652118e+00 1.661357e+00 1.403878e+00 1.602559e+00 1.325663e+00 3.292392e-01 8.076907e-02 1.017820e-01 1.774001e-01 2.212611e-01 3.013845e-01 3.275019e-01 3.161605e-01 3.096682e-01 2.947138e-01 2.597768e-01 2.994828e-01 2.523707e-01 4.527981e-02
<GCONST> 9.892290e+01
<MIXTURE> 2 4.941082e-01
<MEAN> 39
 1.431396e+00 -1.952367e+00 -3.421758e-01 -3.476117e+00 -1.801464e+00 -1.481658e+00 -2.535106e+00 -1.893323e-02 3.663110e-01 -1.538583e-01 -1.562044e+00 -1.044909e+00 1.722937e+00 1.608780e-01 -3.415242e-01 3.252746e-02 -2.895715e-01 -1.944242e-01 -2.942120e-01 -2.199882e-01 4.187353e-02 -5.604094e-02 -1.164795e-02 -1.983032e-01 -1.411797e-01 5.127697e-01 -4.798150e-02 2.241672e-02 2.782835e-02 3.862914e-02 4.179545e-02 3.228901e-02 7.354124e-02 -2.121084e-02 -3.098148e-02 -1.152057e-02 2.373517e-02 4.787138e-02 -2.007992e-02
<VARIANCE> 39
 1.947604e+01 3.625700e+01 6.266439e+01 4.213079e+01 4.362675e+01 4.748279e+01 4.588497e+01 6.735700e+01 4.446977e+01 4.123689e+01 3.325838e+01 3.284787e+01 1.344974e+01 1.187104e+00 1.933134e+00 2.215661e+00 2.569835e+00 3.086450e+00 2.767228e+00 3.085056e+00 3.926175e+00 3.756130e+00 3.006917e+00 2.767600e+00 2.479289e+00 8.017846e-01 1.355833e-01 2.635552e-01 2.665000e-01 4.047239e-01 4.176901e-01 4.942922e-01 4.713995e-01 6.518798e-01 6.386772e-01 5.461981e-01 5.079909e-01 4.693452e-01 9.563458e-02
<GCONST> 1.170853e+02
<STATE> 3
<NUMMIXES> 2
<MIXTURE> 1 5.028356e-01
<MEAN> 39
 -6.591688e-01 4.974346e-01 7.028760e-01 -9.399515e-01 -1.109619e+00 -2.135845e+00 -1.878468e+00 -1.303313e+00 -1.233434e+00 -4.612401e-01 5.258331e-01 3.609245e-01 2.192868e+00 -9.496701e-02 2.681519e-02 -1.627613e-02 -1.351799e-03 6.873484e-02 1.579289e-01 3.249264e-01 3.533372e-01 3.500846e-01 2.978216e-01 2.189749e-01 1.041495e-01 4.340237e-02 3.684234e-02 9.184528e-03 2.567056e-02 5.691267e-02 1.024392e-01 1.158090e-01 7.175501e-02 5.976511e-02 1.677744e-02 -3.144809e-02 -5.983201e-02 -4.748586e-02 2.232858e-03
<VARIANCE> 39
 2.392655e+01 3.337389e+01 4.371326e+01 3.051199e+01 5.271753e+01 4.048290e+01 2.520684e+01 3.692310e+01 2.592954e+01 3.021117e+01 2.799282e+01 2.635280e+01 1.001722e+01 8.099560e-01 1.128863e+00 1.268345e+00 1.390968e+00 1.913967e+00 1.890056e+00 1.526577e+00 2.045539e+00 1.816523e+00 1.884059e+00 1.699437e+00 1.838086e+00 2.628517e-01 1.011666e-01 1.553807e-01 1.812476e-01 2.126932e-01 3.371060e-01 3.208135e-01 3.129549e-01 3.952970e-01 3.679992e-01 3.994068e-01 3.193017e-01 3.211021e-01 3.443951e-02
<GCONST> 1.002784e+02
<MIXTURE> 2 4.971647e-01
<MEAN> 39
 1.701879e+00 -1.972704e+00 1.684559e+00 -1.348303e+00 -6.027089e-01 6.498417e-01 -2.434654e+00 -7.411960e-01 -1.728264e+00 -1.153713e+00 -1.497292e+00 -2.162382e+00 3.306334e+00 3.459194e-02 8.350509e-02 -2.711978e-02 1.108151e-01 -8.609870e-03 -1.906244e-01 -3.057513e-01 -4.132267e-01 -4.130924e-01 -3.642375e-01 -2.369113e-01 -1.015806e-01 -1.303638e-01 -3.990988e-02 6.695641e-03 -3.963970e-02 -5.341463e-02 -9.504731e-02 -1.082837e-01 -4.766310e-02 -4.592233e-02 -2.487710e-03 4.160394e-02 6.537213e-02 4.756755e-02 -1.990715e-02
<VARIANCE> 39
 1.092639e+01 2.814483e+01 5.836393e+01 2.768895e+01 5.751534e+01 4.009099e+01 2.456820e+01 4.134301e+01 3.002406e+01 2.819699e+01 3.416125e+01 2.797760e+01 1.223583e+01 3.667640e-01 7.557082e-01 9.456422e-01 1.004923e+00 1.897109e+00 1.554019e+00 1.428101e+00 1.740122e+00 1.566273e+00 1.644746e+00 1.572703e+00 1.463769e+00 2.034336e-01 4.499444e-02 9.629256e-02 1.357055e-01 1.828356e-01 2.726794e-01 2.806147e-01 2.810846e-01 3.413270e-01 3.438032e-01 3.264915e-01 3.077868e-01 2.675928e-01 2.141622e-02
<GCONST> 9.383363e+01
<STATE> 4
<NUMMIXES> 2
<MIXTURE> 1 5.400231e-01
<MEAN> 39
 -1.244747e+00 1.453120e+00 -1.669804e+00 1.637050e+00 1.855609e+00 1.024975e+00 2.507124e+00 2.880270e-01 4.678884e-01 5.080289e-01 9.295909e-01 1.649855e+00 -2.958779e+00 -3.143397e-02 6.123868e-02 6.339536e-03 1.062650e-01 1.070775e-01 1.844880e-01 2.542313e-01 1.892040e-01 2.133005e-01 2.021521e-01 1.905190e-01 1.631278e-01 -8.276175e-02 2.395158e-02 -7.565439e-03 3.387043e-02 1.655315e-03 -1.405655e-03 8.150719e-03 -1.449628e-02 1.736853e-02 1.356492e-02 -8.418227e-03 -2.159133e-02 -4.469325e-02 2.677553e-02
<VARIANCE> 39
 1.118080e+01 1.161796e+01 1.772972e+01 1.426756e+01 2.278532e+01 2.425990e+01 2.236941e+01 2.263993e+01 2.102872e+01 1.967212e+01 1.825233e+01 1.661087e+01 6.683737e+00 2.894490e-01 3.994985e-01 6.201222e-01 7.653494e-01 1.033250e+00 1.255543e+00 1.278474e+00 1.425600e+00 1.460530e+00 1.453783e+00 1.455181e+00 1.340843e+00 9.914041e-02 4.392217e-02 6.771195e-02 1.101897e-01 1.444128e-01 1.992431e-01 2.440723e-01 2.574656e-01 2.938028e-01 2.978536e-01 2.935632e-01 2.938941e-01 2.670319e-01 1.363664e-02
<GCONST> 8.048637e+01
<MIXTURE> 2 4.599757e-01
<MEAN> 39
 1.219221e+00 -1.305477e+00 1.093053e+00 -8.911226e-01 -1.550007e+00 -6.950089e-01 -1.553037e+00 2.480109e-01 4.476207e-01 -1.495521e-01 -8.027717e-01 -1.342538e+00 1.441508e+00 3.751149e-02 -7.262187e-02 -3.322479e-02 -1.012320e-01 -9.527915e-02 -1.756892e-01 -2.655312e-01 -1.991238e-01 -2.300797e-01 -2.202311e-01 -2.085760e-01 -1.763514e-01 5.081812e-02 -2.842941e-02 8.339372e-03 -3.814511e-02 -1.679083e-03 1.882296e-03 -7.412673e-03 1.521108e-02 -2.310624e-02 -1.998014e-02 9.440138e-03 2.465589e-02 5.333724e-02 -3.074681e-02
<VARIANCE> 39
 9.569265e+00 2.529985e+01 3.941701e+01 2.610158e+01 5.171350e+01 3.650257e+01 3.551522e+01 3.350546e+01 3.174575e+01 2.961696e+01 3.447020e+01 2.708074e+01 1.293423e+01 3.348559e-01 8.273876e-01 1.018344e+00 1.188182e+00 1.745616e+00 1.613532e+00 1.702027e+00 1.849389e+00 1.875230e+00 1.737723e+00 1.776321e+00 1.578987e+00 3.268697e-01 4.205939e-02 1.104902e-01 1.386281e-01 1.836749e-01 2.579904e-01 2.767887e-01 3.092251e-01 3.392317e-01 3.558270e-01 3.366311e-01 3.273872e-01 2.941038e-01 2.898265e-02
<GCONST> 9.521641e+01
<TRANSP> 5
 0.000000e+00 1.000000e+00 0.000000e+00 0.000000e+00 0.000000e+00
 0.000000e+00 9.724538e-01 2.754624e-02 0.000000e+00 0.000000e+00
 0.000000e+00 0.000000e+00 9.879405e-01 1.205952e-02 0.000000e+00
 0.000000e+00 0.000000e+00 0.000000e+00 9.962763e-01 3.723692e-03
 0.000000e+00 0.000000e+00 0.000000e+00 0.000000e+00 0.000000e+00
<ENDHMM>
