~o
<STREAMINFO> 1 39
<VECSIZE> 39<NULLD><MFCC_D_A_Z_0><DIAGC>
~h "ap"
<BEGINHMM>
<NUMSTATES> 5
<STATE> 2
<NUMMIXES> 2
<MIXTURE> 1 5.917552e-01
<MEAN> 39
 -6.167187e+00 8.114024e-01 -6.700875e-01 -2.005990e+00 -3.906153e+00 -1.384069e+00 -1.721821e+00 2.391748e-01 1.584621e+00 9.538803e-01 -4.388792e-01 2.171968e-01 9.809894e+00 4.067387e-01 -1.576097e-01 -4.434722e-01 -6.574779e-01 3.282411e-01 7.439236e-01 1.938791e-01 1.182697e-03 9.636950e-02 1.520650e-01 -4.838084e-03 -6.541414e-01 -4.374384e-01 1.181079e-01 2.350791e-01 2.158344e-01 2.568841e-01 2.886540e-01 1.908965e-01 1.700549e-01 9.215073e-02 1.388721e-02 2.544950e-03 -1.304915e-01 1.690571e-02 -6.573000e-01
<VARIANCE> 39
 3.607510e+01 5.330605e+01 3.815272e+01 1.806433e+01 2.469234e+01 5.065927e+01 2.529010e+01 2.539621e+01 2.271923e+01 2.774655e+01 2.198591e+01 1.691309e+01 1.820870e+02 3.133785e-01 4.295244e-01 7.062677e-01 1.078904e+00 1.800117e+00 1.443981e+00 1.445864e+00 1.431822e+00 1.520427e+00 1.995103e+00 1.507339e+00 1.471079e+00 8.289227e-01 3.598083e-01 3.810144e-01 1.632829e-01 1.716455e-01 4.087778e-01 5.308022e-01 2.647257e-01 2.589941e-01 2.733520e-01 2.705057e-01 2.840773e-01 2.716571e-01 1.657680e+00
<GCONST> 1.036339e+02
<MIXTURE> 2 4.082450e-01
<MEAN> 39
 -3.613840e+00 4.861209e+00 2.030839e+00 3.515738e-01 -2.686004e+00 2.108465e-01 -1.098040e+00 1.941932e+00 2.658008e+00 -9.518376e-02 -1.859715e+00 6.288956e-01 1.647221e+00 -2.800465e+00 -3.078695e+00 -1.250198e+00 2.234876e-01 -1.908255e+00 -2.740392e+00 -1.229579e+00 -1.421824e+00 -7.536456e-01 -8.371565e-01 -5.821357e-01 7.235400e-02 6.860974e+00 3.741466e-01 1.491801e-01 -8.498557e-02 -4.269968e-01 2.757770e-01 4.887973e-01 1.823343e-01 9.158539e-02 9.432572e-02 3.029617e-01 2.296867e-01 -1.432355e-01 -5.967486e-01
<VARIANCE> 39
 5.833645e+01 6.354810e+01 2.279549e+01 2.099853e+01 4.292458e+01 6.831493e+01 3.468942e+01 3.015877e+01 2.617360e+01 2.857352e+01 2.375408e+01 1.725522e+01 2.417023e+02 4.422531e+00 4.046525e+00 2.302409e+00 2.882806e+00 3.986218e+00 3.979592e+00 2.705196e+00 2.506533e+00 2.502669e+00 2.379599e+00 3.150239e+00 2.089029e+00 8.156785e+00 1.129064e+00 1.001032e+00 3.013950e-01 3.147612e-01 8.431392e-01 1.078874e+00 4.552168e-01 4.861600e-01 4.029962e-01 4.336739e-01 3.577685e-01 3.418374e-01 4.315413e+00
<GCONST> 1.281270e+02
<STATE> 3
<NUMMIXES> 2
<MIXTURE> 1 5.483085e-01
<MEAN> 39
 1.721888e+00 5.192235e+00 2.969433e+00 3.921642e-01 2.802587e+00 3.780931e+00 1.389741e+00 1.968271e+00 1.916734e+00 9.844764e-01 3.907661e-01 2.110712e-02 -7.993987e+00 2.015548e-01 2.753954e-01 9.477912e-02 -7.843724e-02 2.013194e-03 1.553585e-01 5.510018e-02 1.570469e-01 1.162490e-01 7.886530e-02 1.964206e-02 -2.830070e-02 -4.099534e-01 -2.399725e-02 -2.087866e-02 -3.746691e-02 -4.262363e-02 -5.600683e-02 -5.585453e-02 -3.417252e-02 -3.686731e-02 -3.141056e-02 -3.452012e-02 -3.388554e-02 3.570355e-03 2.113997e-02
<VARIANCE> 39
 1.142134e+01 2.552604e+01 1.084324e+01 1.480308e+01 1.847744e+01 1.791113e+01 1.523664e+01 1.718358e+01 1.743982e+01 1.600456e+01 1.303947e+01 1.088738e+01 3.096562e+01 1.748288e-01 2.819933e-01 4.485959e-01 6.599500e-01 8.381041e-01 1.026335e+00 1.034698e+00 1.171393e+00 1.224452e+00 1.342890e+00 1.270297e+00 1.132983e+00 1.410287e-01 2.219538e-02 4.622016e-02 7.898252e-02 1.247269e-01 1.528746e-01 1.907738e-01 1.963245e-01 2.400779e-01 2.469592e-01 2.811241e-01 2.554859e-01 2.287955e-01 7.388464e-03
<GCONST> 7.403098e+01
<MIXTURE> 2 4.516913e-01
<MEAN> 39
 -2.915711e+00 -2.587705e+00 -2.857122e+00 -1.150932e+00 -9.749924e-01 -1.883043e+00 -1.298092e+00 -2.099025e+00 -1.137534e+00 -1.078226e+00 -1.135652e+00 -3.775865e-01 6.540318e+00 2.503323e-01 1.021036e-01 2.020883e-01 1.973978e-01 3.312885e-01 2.117176e-01 1.539918e-01 -4.788483e-02 -1.004053e-01 -1.328758e-02 1.042180e-01 9.324434e-02 -7.564210e-01 1.494797e-02 4.415243e-02 5.947982e-02 6.258464e-02 2.867608e-02 3.042192e-02 2.887394e-02 6.146457e-02 4.940462e-02 4.417529e-02 5.089592e-02 1.669724e-02 4.777536e-03
<VARIANCE> 39
 1.174229e+01 1.858280e+01 1.704726e+01 1.349396e+01 2.158800e+01 1.806920e+01 1.798038e+01 2.080094e+01 1.700015e+01 1.911273e+01 1.415242e+01 1.418983e+01 5.244563e+01 1.206700e-01 2.279715e-01 3.694876e-01 5.651144e-01 8.558665e-01 1.049471e+00 1.112606e+00 1.183324e+00 1.301765e+00 1.376210e+00 1.146616e+00 1.183491e+00 1.991228e-01 2.154223e-02 4.364959e-02 7.762805e-02 1.154729e-01 1.771537e-01 2.377518e-01 2.249410e-01 2.346693e-01 2.650153e-01 2.925955e-01 2.415974e-01 2.571710e-01 1.274083e-02
<GCONST> 7.622889e+01
<STATE> 4
<NUMMIXES> 2
<MIXTURE> 1 7.934748e-01
<MEAN> 39
 4.398144e-01 -8.525104e-01 -9.814451e-02 1.120002e-01 2.987490e-01 -7.009769e-02 2.452694e-01 -4.169556e-01 -4.022536e-01 -6.093138e-02 2.900646e-01 9.736457e-03 -3.272505e-01 2.880051e-01 2.285672e-01 2.059629e-01 1.423351e-01 2.609102e-01 2.216966e-01 1.263102e-01 1.052177e-01 4.614127e-02 5.667130e-02 6.776946e-02 2.695565e-02 -7.951213e-01 -1.172454e-02 1.542354e-02 1.131804e-03 5.423293e-03 -2.462507e-02 -1.682553e-02 -1.146877e-02 1.847063e-02 1.229725e-02 3.405427e-03 -2.755806e-03 9.867622e-03 1.622480e-02
<VARIANCE> 39
 1.436848e+01 3.311919e+01 1.889407e+01 1.718271e+01 2.361107e+01 2.680139e+01 1.972912e+01 2.321980e+01 2.115816e+01 1.780741e+01 1.546704e+01 1.440375e+01 7.936728e+01 1.075979e-01 2.414934e-01 3.516250e-01 6.215960e-01 9.341936e-01 1.041496e+00 1.029483e+00 1.166541e+00 1.396770e+00 1.381916e+00 1.233143e+00 1.326072e+00 8.196436e-02 2.027552e-02 4.519092e-02 6.950673e-02 1.254910e-01 1.882449e-01 2.200605e-01 2.048442e-01 2.258192e-01 2.844973e-01 2.942140e-01 2.509553e-01 2.889622e-01 7.475863e-03
<GCONST> 7.755206e+01
<MIXTURE> 2 2.065263e-01
<MEAN> 39
 -7.872268e-01 1.578491e+00 4.294210e-02 -5.365435e-02 -1.680182e+00 -6.765954e-01 -9.218855e-01 1.384202e+00 8.606492e-01 1.292869e-01 -7.457734e-01 5.230369e-02 1.717589e+00 -1.079921e+00 -9.398919e-01 -8.016406e-01 -4.798386e-01 -9.893319e-01 -9.075156e-01 -4.916275e-01 -3.997705e-01 -1.883577e-01 -2.245681e-01 -2.579485e-01 -1.092881e-01 3.033106e+00 4.471184e-02 -5.939499e-02 -5.336096e-03 -2.011646e-02 9.595244e-02 6.405756e-02 4.008416e-02 -6.825546e-02 -4.935842e-02 -1.508905e-02 5.357988e-03 -3.931179e-02 -6.111525e-02
<VARIANCE> 39
 3.335646e+01 4.612566e+01 2.479332e+01 2.190130e+01 3.910445e+01 4.887717e+01 2.729891e+01 2.306963e+01 2.336712e+01 2.069304e+01 1.981982e+01 1.372706e+01 2.048009e+02 2.957161e+00 3.940867e+00 1.758116e+00 2.053023e+00 3.599425e+00 4.847945e+00 2.585389e+00 2.283771e+00 2.296835e+00 2.138285e+00 1.907537e+00 1.505435e+00 1.629109e+01 6.970226e-01 7.384424e-01 3.756783e-01 4.005452e-01 8.227047e-01 1.058533e+00 5.093679e-01 4.257872e-01 4.437945e-01 4.186808e-01 3.701778e-01 2.910410e-01 4.234086e+00
<GCONST> 1.235416e+02
<TRANSP> 5
 0.000000e+00 1.000000e+00 0.000000e+00 0.000000e+00 0.000000e+00
 0.000000e+00 8.234538e-01 1.765462e-01 0.000000e+00 0.000000e+00
 0.000000e+00 0.000000e+00 9.759427e-01 2.405732e-02 0.000000e+00
 0.000000e+00 0.000000e+00 0.000000e+00 9.958138e-01 4.186131e-03
 0.000000e+00 0.000000e+00 0.000000e+00 0.000000e+00 0.000000e+00
<ENDHMM>
~h "cl"
<BEGINHMM>
<NUMSTATES> 5
<STATE> 2
<NUMMIXES> 2
<MIXTURE> 1 7.320507e-01
<MEAN> 39
 7.001392e+00 -1.424780e+00 -8.321675e-01 2.005800e-01 1.196375e+00 -1.449248e+00 1.258038e+00 1.608986e+00 -3.726065e-01 1.009353e+00 1.519569e+00 -2.026551e+00 -5.195981e+00 3.904472e-01 -1.046778e-01 -2.603671e-02 1.970499e-02 9.171891e-02 -1.227220e-02 1.685518e-02 5.142924e-02 -9.928077e-03 4.930784e-02 1.020074e-01 -8.372932e-02 -2.683919e-01 -2.150739e-02 1.010765e-02 -8.599833e-03 1.076196e-02 5.345018e-03 -2.747161e-02 1.013068e-02 2.320582e-02 -1.621207e-02 3.123438e-03 9.805784e-03 1.045135e-03 1.354686e-02
<VARIANCE> 39
 3.436912e+01 1.423310e+01 1.451126e+01 8.772944e+00 1.861922e+01 2.573429e+01 1.887682e+01 2.799199e+01 3.251243e+01 2.115853e+01 2.650331e+01 2.695480e+01 1.223476e+01 3.452205e-01 3.346879e-01 5.399792e-01 6.983289e-01 9.744828e-01 1.205572e+00 1.301984e+00 1.505885e+00 1.712547e+00 1.397321e+00 1.643758e+00 1.459924e+00 1.313471e-01 7.048443e-02 6.412224e-02 9.255005e-02 1.411940e-01 1.859005e-01 2.328079e-01 2.426231e-01 2.813129e-01 3.098851e-01 2.829903e-01 3.317026e-01 2.868720e-01 2.565193e-02
<GCONST> 8.417587e+01
<MIXTURE> 2 2.679480e-01
<MEAN> 39
 6.241325e+00 -3.934730e-01 -1.897171e+00 1.421005e+00 3.237786e+00 -4.082448e+00 2.135635e+00 4.465492e+00 -1.693631e+00 7.374336e-01 4.477081e+00 -3.504660e+00 -5.295671e+00 -2.177227e+00 4.766135e-01 2.132948e-01 -6.617308e-02 -6.761736e-01 5.152147e-01 -2.070083e-01 -6.756082e-01 4.312285e-01 -2.116444e-01 -8.317142e-01 6.021230e-01 1.595316e+00 -1.518497e-01 -1.599503e-02 5.722091e-02 -7.633428e-02 -9.623594e-02 1.408918e-01 -8.545303e-02 -1.874139e-01 7.934339e-02 -9.566249e-02 -1.426807e-01 7.591072e-02 1.253690e-01
<VARIANCE> 39
 5.491674e+01 1.701102e+01 1.819149e+01 1.333634e+01 2.479664e+01 3.548929e+01 2.415024e+01 4.211323e+01 3.342327e+01 2.553170e+01 4.761854e+01 3.407632e+01 3.363393e+01 4.767992e+00 1.501579e+00 1.318617e+00 1.443836e+00 1.874444e+00 3.543430e+00 2.683492e+00 3.706635e+00 3.585498e+00 3.002063e+00 3.301063e+00 2.839724e+00 2.727133e+00 1.144265e+00 2.339158e-01 1.928075e-01 2.269341e-01 3.135210e-01 4.923666e-01 3.978143e-01 5.925063e-01 5.726374e-01 5.283670e-01 5.852535e-01 4.319119e-01 6.364302e-01
<GCONST> 1.170065e+02
<STATE> 3
<NUMMIXES> 2
<MIXTURE> 1 6.487173e-01
<MEAN> 39
 -2.109488e+00 -2.795846e-03 7.429379e-01 -2.582115e-01 -1.686071e-01 1.394251e+00 -1.461786e-01 -4.777492e-01 5.362256e-01 5.747033e-02 -5.615132e-01 5.577335e-01 1.221621e+00 5.990376e-01 8.549107e-02 1.876161e-01 -1.490599e-01 -1.061407e-02 1.840522e-01 1.257483e-03 -1.397413e-01 3.353839e-01 6.144437e-02 -5.856692e-03 9.099618e-02 -6.305506e-01 -4.131398e-02 2.084251e-02 -5.136198e-02 5.659178e-02 5.971757e-03 -1.239278e-01 3.050022e-02 1.005846e-01 -2.162736e-02 1.832271e-02 3.761885e-02 -2.963994e-02 2.670333e-02
<VARIANCE> 39
 1.676653e+01 5.933554e+00 1.058924e+01 1.000959e+01 1.551344e+01 2.196840e+01 1.963146e+01 2.500845e+01 2.512103e+01 1.998954e+01 1.900283e+01 1.859964e+01 1.508372e+01 2.131395e-01 3.373532e-01 6.449366e-01 7.760454e-01 1.002105e+00 1.346459e+00 1.362018e+00 1.531624e+00 1.716694e+00 1.492285e+00 1.368822e+00 1.398625e+00 1.329313e-01 1.174287e-01 7.813433e-02 1.473216e-01 1.704654e-01 2.254529e-01 3.183157e-01 3.080536e-01 3.566805e-01 4.127243e-01 3.410648e-01 2.999413e-01 3.171873e-01 1.002469e-01
<GCONST> 8.521946e+01
<MIXTURE> 2 3.512859e-01
<MEAN> 39
 -2.923204e+00 2.314549e-01 -5.435224e-01 6.895639e-01 -2.145432e-01 -6.577168e-01 1.844259e-01 9.090983e-01 5.432041e-02 -1.197060e-01 -5.218291e-02 -5.820328e-03 2.231817e+00 -1.112213e+00 -1.547633e-01 -3.270837e-01 2.305854e-01 9.031235e-03 -3.263361e-01 -9.914204e-03 2.382205e-01 -6.551588e-01 -1.309598e-01 -1.706093e-02 -1.602229e-01 1.189321e+00 1.171461e-01 -3.952889e-02 8.704230e-02 -1.033628e-01 1.337943e-03 2.116145e-01 -5.195417e-02 -1.709582e-01 2.759285e-02 -2.293814e-02 -5.331716e-02 4.142479e-02 -7.619069e-02
<VARIANCE> 39
 2.952693e+01 8.289855e+00 1.448407e+01 1.246866e+01 1.802578e+01 3.010921e+01 2.242555e+01 3.143542e+01 3.008187e+01 2.208194e+01 1.913390e+01 1.964638e+01 2.513445e+01 2.239786e+00 8.327749e-01 1.432033e+00 1.359295e+00 1.997598e+00 3.821063e+00 2.523474e+00 3.973663e+00 3.369628e+00 2.667668e+00 2.152632e+00 2.560985e+00 1.617544e+00 6.384947e-01 1.389217e-01 2.614921e-01 2.528019e-01 3.231871e-01 6.043919e-01 4.110158e-01 5.961229e-01 6.601958e-01 4.534571e-01 3.770191e-01 4.351873e-01 5.794340e-01
<GCONST> 1.091544e+02
<STATE> 4
<NUMMIXES> 2
<MIXTURE> 1 7.460654e-01
<MEAN> 39
 3.548917e+00 3.042095e-01 4.410343e-03 -3.217164e-01 9.224258e-03 -2.499489e-01 -1.460125e-01 -6.758431e-01 -2.203071e-01 -1.087912e-01 7.275616e-02 -3.135299e-02 -2.749193e+00 4.794011e-01 -1.057663e-01 -4.979559e-02 3.198814e-02 1.161633e-01 -4.444216e-02 8.064602e-04 1.229988e-01 1.440082e-02 7.591335e-02 1.356452e-01 -7.792258e-02 -3.805304e-01 -1.303923e-02 -3.527478e-03 -1.473940e-02 6.259582e-03 2.895411e-04 -4.144106e-02 5.473728e-03 1.159485e-02 -1.855371e-02 -4.784837e-03 1.016764e-02 -3.959122e-03 1.072781e-02
<VARIANCE> 39
 4.411190e+01 9.492079e+00 1.322498e+01 1.309937e+01 1.617381e+01 2.705838e+01 2.202310e+01 2.578432e+01 2.439820e+01 1.959540e+01 2.055634e+01 1.800597e+01 2.547465e+01 2.489423e-01 3.193130e-01 5.608810e-01 6.904252e-01 9.474799e-01 1.273626e+00 1.377556e+00 1.482444e+00 1.489344e+00 1.424846e+00 1.363899e+00 1.326567e+00 1.043626e-01 4.853484e-02 5.853480e-02 1.079666e-01 1.339740e-01 1.865640e-01 2.481314e-01 2.748118e-01 3.015902e-01 2.913265e-01 2.886642e-01 2.802495e-01 2.678275e-01 1.880998e-02
<GCONST> 8.241881e+01
<MIXTURE> 2 2.539395e-01
<MEAN> 39
 2.586286e+00 -4.706157e-01 -1.323740e+00 -1.460894e-01 -1.529360e-01 -2.698281e+00 -7.122414e-01 -2.902858e-01 -1.637800e+00 -5.095769e-01 7.285824e-01 -5.637646e-01 2.063314e-01 -8.799269e-01 2.299435e-01 8.140658e-02 -2.837727e-02 -2.370730e-01 -3.322673e-02 -5.126366e-02 -3.037087e-01 -2.206828e-02 -2.202739e-01 -1.872532e-01 1.451243e-01 6.813695e-01 1.669176e-02 5.651631e-03 4.793656e-02 -1.349158e-02 -9.337320e-04 1.143427e-01 -2.476716e-02 -2.215357e-02 5.844536e-02 1.647162e-02 -3.191995e-02 1.362987e-02 -3.110038e-02
<VARIANCE> 39
 6.496999e+01 1.802682e+01 2.240306e+01 1.610699e+01 2.049877e+01 3.977755e+01 3.277754e+01 2.526681e+01 2.959450e+01 2.228935e+01 2.138038e+01 2.257541e+01 3.875936e+01 3.021565e+00 9.547898e-01 1.195684e+00 1.174988e+00 1.683227e+00 2.742240e+00 2.686243e+00 2.045568e+00 2.219668e+00 1.848300e+00 1.996778e+00 2.092379e+00 1.649402e+00 7.101266e-01 1.672927e-01 2.108228e-01 2.169944e-01 3.045604e-01 4.503253e-01 4.948489e-01 3.615746e-01 4.324215e-01 3.716678e-01 3.731377e-01 3.893501e-01 3.824597e-01
<GCONST> 1.087167e+02
<TRANSP> 5
 0.000000e+00 1.000000e+00 0.000000e+00 0.000000e+00 0.000000e+00
 0.000000e+00 9.538375e-01 4.616248e-02 0.000000e+00 0.000000e+00
 0.000000e+00 0.000000e+00 9.946949e-01 5.305117e-03 0.000000e+00
 0.000000e+00 0.000000e+00 0.000000e+00 9.891393e-01 1.086076e-02
 0.000000e+00 0.000000e+00 0.000000e+00 0.000000e+00 0.000000e+00
<ENDHMM>
~h "cm"
<BEGINHMM>
<NUMSTATES> 5
<STATE> 2
<NUMMIXES> 2
<MIXTURE> 1 7.165570e-01
<MEAN> 39
 -2.282510e+00 3.365644e-02 -2.207788e-02 -3.253234e-01 3.140803e-01 1.204932e+00 1.023272e+00 1.347939e+00 1.030199e+00 1.300374e+00 1.420906e+00 7.612259e-01 -2.521666e+00 -1.201622e-02 8.548639e-03 6.087908e-03 2.969873e-02 7.916908e-02 9.505283e-02 4.540094e-02 3.462494e-02 1.663496e-02 2.494232e-02 1.941131e-02 9.491442e-03 5.505292e-02 5.968349e-03 -6.312067e-03 -1.195661e-02 -2.233641e-02 -4.076123e-02 -5.734745e-02 -4.664640e-02 -3.199144e-02 -3.380771e-02 -3.851596e-02 -3.380156e-02 -2.069539e-02 1.952740e-02
<VARIANCE> 39
 1.323287e+01 9.951926e+00 1.015629e+01 1.259209e+01 1.252450e+01 1.277512e+01 1.452702e+01 1.691664e+01 1.655567e+01 1.482598e+01 1.560664e+01 1.256232e+01 2.732876e+01 2.154080e-01 3.499445e-01 4.955842e-01 7.642998e-01 9.283061e-01 1.142422e+00 1.250613e+00 1.370505e+00 1.433040e+00 1.375967e+00 1.299485e+00 1.166049e+00 2.244157e-01 2.980041e-02 5.749642e-02 8.638877e-02 1.348458e-01 1.755531e-01 2.289397e-01 2.462228e-01 2.718033e-01 2.763326e-01 2.748143e-01 2.526313e-01 2.266847e-01 1.512120e-02
<GCONST> 7.635004e+01
<MIXTURE> 2 2.834465e-01
<MEAN> 39
 -1.450716e+00 -1.011801e+00 -3.245502e-01 -1.170089e+00 -1.140411e+00 -1.558925e+00 -6.826029e-01 1.204596e-01 1.732546e-01 -1.652392e-01 -1.266735e-01 8.109010e-02 7.147136e-02 2.233873e-01 -1.101103e-01 -9.412875e-02 -1.702135e-01 -2.727088e-01 -3.789279e-01 -2.841350e-01 -2.540740e-01 -1.907547e-01 -1.912255e-01 -2.414732e-01 -7.316334e-02 8.442919e-01 2.124605e-02 1.847776e-02 2.666614e-02 7.339028e-02 1.024925e-01 1.422745e-01 1.123801e-01 6.399420e-02 5.138160e-02 7.092340e-02 7.022512e-02 3.306077e-02 -4.665748e-02
<VARIANCE> 39
 1.656009e+01 1.663107e+01 1.424103e+01 1.790626e+01 1.798867e+01 1.869123e+01 2.028287e+01 2.120373e+01 2.007245e+01 1.727897e+01 1.856329e+01 1.538694e+01 5.668478e+01 9.032047e-01 1.080090e+00 1.142571e+00 1.383245e+00 1.598376e+00 1.829075e+00 1.915605e+00 1.960413e+00 1.890524e+00 1.764455e+00 1.664341e+00 1.561333e+00 1.578655e+00 1.274102e-01 1.764508e-01 2.118534e-01 2.595585e-01 3.169007e-01 3.482451e-01 3.680995e-01 3.715326e-01 3.851769e-01 3.493164e-01 3.081396e-01 3.032654e-01 2.642134e-01
<GCONST> 9.910832e+01
<STATE> 3
<NUMMIXES> 2
<MIXTURE> 1 5.705412e-01
<MEAN> 39
 4.390745e-01 -5.167801e-01 -5.339676e-01 -3.790123e-01 -2.037935e-01 -7.659939e-02 -1.691581e-01 -8.910456e-02 2.287070e-01 3.038411e-01 1.585764e-01 1.931387e-01 3.506075e+00 3.715733e-02 7.108111e-02 9.896938e-02 2.256268e-01 2.610463e-01 2.888867e-01 2.665878e-01 1.710836e-01 1.390892e-01 1.054713e-01 9.067815e-02 2.851197e-02 -1.530027e-01 -2.196435e-03 8.071857e-03 6.402233e-03 -7.172793e-03 -1.809581e-02 -3.969196e-02 -4.286249e-02 -4.087623e-02 -9.248614e-02 -1.059476e-01 -9.805181e-02 -6.718301e-02 -1.392245e-02
<VARIANCE> 39
 5.302218e+00 5.186923e+00 5.465880e+00 7.605575e+00 9.194240e+00 1.059488e+01 1.218459e+01 1.282733e+01 1.229225e+01 1.153976e+01 1.188184e+01 1.065543e+01 1.355767e+01 1.481928e-01 2.545168e-01 3.962755e-01 5.872092e-01 7.320602e-01 9.234723e-01 1.099742e+00 1.145766e+00 1.250835e+00 1.231775e+00 1.201306e+00 1.124191e+00 1.717975e-01 2.633716e-02 4.700154e-02 7.829436e-02 1.174041e-01 1.546846e-01 1.998030e-01 2.352780e-01 2.304152e-01 2.404248e-01 2.429953e-01 2.401976e-01 2.226710e-01 1.658671e-02
<GCONST> 6.718472e+01
<MIXTURE> 2 4.294550e-01
<MEAN> 39
 5.709482e-01 -5.028576e-01 -6.639071e-01 -8.321475e-01 -9.896675e-01 -1.246377e+00 -1.295848e+00 -1.006038e+00 -1.402785e+00 -1.477841e+00 -1.632010e+00 -9.038807e-01 4.062867e+00 5.593182e-02 -6.574923e-02 -1.160657e-01 -2.192897e-01 -3.038501e-01 -3.485957e-01 -3.462480e-01 -2.724853e-01 -1.885345e-01 -1.427407e-01 -1.337552e-01 -5.336215e-02 1.392815e-01 -3.472395e-03 -2.008365e-04 8.132737e-03 2.902095e-02 4.561841e-02 7.088386e-02 7.469983e-02 6.540489e-02 1.345708e-01 1.503093e-01 1.379619e-01 9.086894e-02 -3.378295e-02
<VARIANCE> 39
 6.396216e+00 6.769018e+00 6.819343e+00 1.041025e+01 1.140855e+01 1.188620e+01 1.269907e+01 1.474364e+01 1.367446e+01 1.305918e+01 1.262832e+01 1.184429e+01 2.008858e+01 2.790699e-01 3.670094e-01 5.066996e-01 7.111716e-01 8.624433e-01 1.022628e+00 1.113227e+00 1.266797e+00 1.336350e+00 1.377341e+00 1.348030e+00 1.217571e+00 3.961681e-01 4.204577e-02 6.690840e-02 1.012530e-01 1.528988e-01 1.906102e-01 2.265362e-01 2.406850e-01 2.644359e-01 2.706611e-01 2.684364e-01 2.556950e-01 2.431229e-01 4.660925e-02
<GCONST> 7.573708e+01
<STATE> 4
<NUMMIXES> 2
<MIXTURE> 1 5.117851e-01
<MEAN> 39
 1.942570e+00 1.758501e+00 2.046257e+00 2.927031e+00 2.234792e+00 1.518846e+00 1.869374e+00 5.003577e-01 1.055634e+00 8.402274e-01 1.017302e+00 3.633312e-01 -7.170446e+00 6.262900e-02 1.065374e-01 1.956818e-01 2.242450e-01 2.459914e-01 2.446948e-01 2.738627e-01 1.583791e-01 1.204078e-01 1.159943e-02 1.579600e-02 -4.915526e-03 -5.134144e-01 9.621615e-03 8.604048e-03 -1.432053e-02 -4.238131e-02 -6.170157e-02 -6.118518e-02 -1.023667e-01 -1.147341e-01 -1.437959e-01 -1.597490e-01 -1.417332e-01 -8.184090e-02 2.824014e-02
<VARIANCE> 39
 1.273750e+01 7.116132e+00 7.203697e+00 8.148687e+00 9.743664e+00 1.161453e+01 1.226307e+01 1.341500e+01 1.233821e+01 1.154478e+01 1.135754e+01 1.136981e+01 2.225269e+01 1.873376e-01 2.945881e-01 4.330699e-01 6.205353e-01 8.467544e-01 1.024361e+00 1.092036e+00 1.257685e+00 1.382355e+00 1.344905e+00 1.222579e+00 1.082668e+00 1.335826e-01 2.478721e-02 4.944327e-02 7.702070e-02 1.156989e-01 1.586542e-01 1.967030e-01 2.190756e-01 2.436692e-01 2.485690e-01 2.405459e-01 2.228110e-01 2.215592e-01 1.166464e-02
<GCONST> 6.976339e+01
<MIXTURE> 2 4.882128e-01
<MEAN> 39
 3.079303e+00 1.712451e+00 1.233030e+00 1.928905e+00 7.548821e-01 -2.387697e-01 -6.724398e-01 -1.809121e+00 -1.654734e+00 -1.846037e+00 -1.641295e+00 -1.093464e+00 -4.737217e+00 6.862417e-02 4.838070e-02 3.157090e-02 -1.710809e-02 -4.965345e-02 -1.445307e-01 -1.222437e-01 -1.691130e-01 -1.189689e-01 -1.854395e-02 4.407244e-02 3.093421e-02 -5.396533e-01 -2.509438e-02 -2.789148e-02 -1.560148e-02 3.087306e-03 3.141348e-02 5.414129e-02 1.016156e-01 1.214118e-01 1.580284e-01 1.653683e-01 1.561188e-01 1.032472e-01 2.138777e-03
<VARIANCE> 39
 1.105867e+01 7.189158e+00 7.392909e+00 8.831181e+00 1.026687e+01 1.076137e+01 1.062541e+01 1.242180e+01 1.221226e+01 1.148753e+01 1.206747e+01 1.149794e+01 2.283968e+01 1.820614e-01 2.757957e-01 4.540170e-01 6.553894e-01 8.252071e-01 8.890586e-01 1.080898e+00 1.183849e+00 1.266602e+00 1.256285e+00 1.353300e+00 1.238230e+00 1.710474e-01 2.417785e-02 4.831920e-02 8.945632e-02 1.330876e-01 1.645759e-01 1.744233e-01 1.876326e-01 2.172108e-01 2.333153e-01 2.272977e-01 2.411418e-01 2.170823e-01 1.361365e-02
<GCONST> 6.965519e+01
<TRANSP> 5
 0.000000e+00 1.000000e+00 0.000000e+00 0.000000e+00 0.000000e+00
 0.000000e+00 9.756981e-01 2.430192e-02 0.000000e+00 0.000000e+00
 0.000000e+00 0.000000e+00 9.820803e-01 1.791974e-02 0.000000e+00
 0.000000e+00 0.000000e+00 0.000000e+00 9.558417e-01 4.415833e-02
 0.000000e+00 0.000000e+00 0.000000e+00 0.000000e+00 0.000000e+00
<ENDHMM>
~h "co"
<BEGINHMM>
<NUMSTATES> 5
<STATE> 2
<NUMMIXES> 2
<MIXTURE> 1 6.561040e-01
<MEAN> 39
 -3.958194e+00 5.392497e-01 7.692132e-01 -2.039091e+00 -5.670687e+00 -2.166936e-01 3.678375e+00 4.331152e+00 6.521040e-01 -1.635648e+00 -8.197567e-01 1.399674e+00 5.477357e+00 -6.352641e-01 -1.220443e-01 4.371329e-02 5.155114e-02 7.713426e-01 2.614096e-01 4.854172e-01 -4.851157e-01 -7.021668e-01 -8.463822e-02 5.112205e-01 2.106959e-01 1.106522e+00 1.943651e-01 -1.224597e-01 -1.512592e-01 6.459282e-02 -2.143252e-02 5.309887e-03 -7.898506e-02 1.090398e-01 2.891780e-01 2.412970e-01 1.942037e-02 5.702493e-03 -3.988054e-01
<VARIANCE> 39
 1.232562e+01 1.415155e+01 1.734005e+01 1.629699e+01 4.564901e+01 4.539186e+01 3.223985e+01 4.156577e+01 2.217622e+01 3.058519e+01 2.319070e+01 2.316269e+01 7.978771e+01 6.502891e-01 9.670248e-01 1.086718e+00 1.265112e+00 1.919562e+00 2.166099e+00 2.221317e+00 2.393070e+00 2.258211e+00 2.302979e+00 1.462974e+00 1.875043e+00 1.107264e+00 9.617840e-02 1.771142e-01 1.991790e-01 1.876740e-01 3.453555e-01 4.517434e-01 4.247832e-01 4.024997e-01 3.547232e-01 3.368590e-01 3.002645e-01 3.317611e-01 2.074817e-01
<GCONST> 1.032278e+02
<MIXTURE> 2 3.438958e-01
<MEAN> 39
 -3.899988e-01 -5.660006e-01 -1.301998e+00 -8.408235e-01 -8.557242e+00 9.549876e-01 2.168065e+00 6.876072e+00 8.507169e+00 4.324003e+00 1.758194e-01 1.819075e+00 -4.162123e+00 -5.115422e-01 -2.947157e-01 4.183362e-01 -7.067878e-01 -1.823889e+00 -1.828645e+00 -9.550876e-01 -9.244512e-01 -1.141504e+00 -1.555675e+00 -1.196057e+00 -8.907762e-01 3.820723e+00 -1.989438e-01 2.309262e-01 9.375901e-02 3.636013e-02 6.967092e-01 3.262825e-01 3.218439e-01 -9.498943e-02 -4.780318e-01 -1.396612e-01 2.647513e-01 5.651589e-02 7.251146e-02
<VARIANCE> 39
 1.364744e+01 2.875303e+01 2.651345e+01 2.718589e+01 1.143270e+02 5.307180e+01 8.384174e+01 7.035087e+01 5.402670e+01 4.499499e+01 3.585313e+01 3.065345e+01 9.005988e+01 1.463571e+00 3.022429e+00 2.679643e+00 2.383126e+00 8.609216e+00 3.457708e+00 4.734802e+00 4.719862e+00 5.557805e+00 3.245306e+00 2.389425e+00 2.694837e+00 2.577472e+00 1.496792e-01 4.014617e-01 3.277405e-01 3.309525e-01 8.916612e-01 6.485624e-01 8.142353e-01 7.516481e-01 6.820676e-01 6.612756e-01 4.839519e-01 5.837226e-01 6.568075e-01
<GCONST> 1.279119e+02
<STATE> 3
<NUMMIXES> 2
<MIXTURE> 1 7.823873e-01
<MEAN> 39
 -7.116362e-01 -9.009496e-01 -7.810658e-01 -6.092707e-01 -5.403970e-02 -7.166156e-01 -3.730274e-01 -9.781873e-01 -5.206309e-01 -1.094398e-01 1.697040e-01 -7.625534e-03 2.232253e+00 1.979602e-01 5.890925e-02 2.355068e-02 1.057287e-01 3.597970e-01 8.801706e-02 -2.657785e-02 -1.028892e-01 -3.452234e-02 8.849701e-02 7.074586e-02 3.656562e-02 -5.251774e-01 1.851259e-02 1.866399e-02 1.077216e-02 1.051982e-02 -5.244269e-02 -1.272569e-02 -1.449402e-02 1.004966e-02 9.179442e-03 -1.771730e-02 -4.088070e-02 -1.938430e-02 -1.857061e-02
<VARIANCE> 39
 1.215560e+01 9.972790e+00 1.479802e+01 1.606154e+01 2.196420e+01 2.089894e+01 3.940114e+01 3.261068e+01 2.440489e+01 2.539478e+01 2.360708e+01 2.348263e+01 4.825145e+01 2.124861e-01 3.967641e-01 6.170290e-01 8.044927e-01 1.105603e+00 1.226403e+00 1.510641e+00 1.593995e+00 1.809248e+00 1.775128e+00 1.568205e+00 1.424846e+00 1.490190e-01 4.042478e-02 7.724097e-02 1.209895e-01 1.701729e-01 2.186884e-01 2.509767e-01 3.005073e-01 3.173913e-01 3.788205e-01 3.708988e-01 3.217415e-01 2.862346e-01 2.319390e-02
<GCONST> 8.691766e+01
<MIXTURE> 2 2.176158e-01
<MEAN> 39
 -2.961583e-01 -9.919575e-01 -9.555750e-01 -1.846252e-01 -4.501719e+00 -1.830051e+00 -1.247863e+00 -4.082504e-01 1.383185e+00 2.174585e-01 -1.670557e+00 -1.223275e+00 2.192674e+00 -3.032660e-01 -1.777731e-01 1.193148e-02 -2.245175e-01 -8.757473e-01 -2.111475e-01 -2.306948e-01 2.142291e-01 1.507216e-01 -2.496148e-01 -2.538425e-01 -2.412880e-01 1.277834e+00 -5.148783e-02 -3.379597e-02 -4.083673e-04 -1.537617e-02 1.842617e-01 7.039961e-02 7.285146e-02 -1.692769e-02 -1.930698e-02 5.658798e-02 1.319613e-01 7.410294e-02 1.918891e-02
<VARIANCE> 39
 1.011951e+01 1.827125e+01 2.117984e+01 2.218842e+01 4.669093e+01 2.935469e+01 4.261871e+01 4.178642e+01 4.949529e+01 3.876925e+01 3.759410e+01 2.908567e+01 5.940380e+01 9.149404e-01 2.064082e+00 1.795922e+00 2.268626e+00 5.300426e+00 2.891241e+00 4.197426e+00 3.824216e+00 5.954294e+00 3.803374e+00 3.749867e+00 2.836827e+00 2.421058e+00 1.075996e-01 3.851884e-01 2.744794e-01 3.732679e-01 1.047738e+00 5.069698e-01 6.474404e-01 6.643959e-01 1.161296e+00 7.446042e-01 6.928606e-01 5.126829e-01 4.858728e-01
<GCONST> 1.214727e+02
<STATE> 4
<NUMMIXES> 2
<MIXTURE> 1 8.960958e-01
<MEAN> 39
 3.328703e+00 3.220516e+00 2.757363e+00 2.342136e+00 6.206928e+00 3.514797e+00 1.036569e+00 1.242442e+00 -7.653025e-01 -5.011136e-03 1.022089e+00 3.093861e-01 -8.941437e+00 5.911614e-02 2.274915e-01 -1.074979e-02 3.240727e-02 1.833165e-01 1.687704e-01 2.233275e-01 1.982591e-01 -1.344517e-02 1.525882e-02 8.795707e-03 7.741340e-02 -5.520094e-01 -1.609295e-02 -7.050503e-03 -2.766342e-02 -2.264309e-02 -3.257647e-02 -3.039501e-02 -1.558915e-02 -3.119439e-03 -7.152254e-03 -4.908713e-03 -3.925250e-04 1.230630e-03 2.366730e-02
<VARIANCE> 39
 7.760869e+00 1.138780e+01 1.336375e+01 1.473324e+01 1.553669e+01 1.603737e+01 2.575102e+01 2.724870e+01 1.670430e+01 1.846654e+01 1.926688e+01 1.492990e+01 2.660442e+01 1.815849e-01 2.891347e-01 5.209802e-01 6.861984e-01 8.446389e-01 9.475948e-01 1.173912e+00 1.344019e+00 1.321150e+00 1.425589e+00 1.344298e+00 1.180103e+00 9.985825e-02 2.707213e-02 5.413048e-02 9.454717e-02 1.234289e-01 1.622428e-01 1.816613e-01 2.198720e-01 2.630646e-01 2.552646e-01 2.791644e-01 2.716019e-01 2.301061e-01 7.874614e-03
<GCONST> 7.562708e+01
<MIXTURE> 2 1.039038e-01
<MEAN> 39
 -3.719182e-01 1.002117e+00 2.083636e+00 1.348527e+00 -9.567087e-02 -4.075907e-01 -9.528964e-01 8.253170e-02 -5.574864e-01 -3.944756e-02 2.307285e-02 1.133857e+00 -3.867822e-01 -1.338946e-01 -8.121911e-02 1.656322e-01 1.100283e-01 1.823089e-03 -1.176919e-01 -1.251283e-01 -1.764563e-01 -5.023710e-02 -6.529440e-02 3.274792e-02 5.542003e-03 5.520570e-01 3.668272e-02 2.285251e-02 4.974264e-02 5.378942e-02 1.010160e-01 6.261317e-02 6.224749e-02 3.173436e-02 -1.878237e-03 2.013632e-02 -8.637421e-03 -6.377353e-02 -8.540280e-03
<VARIANCE> 39
 1.248346e+01 9.239079e+00 1.280093e+01 1.377454e+01 3.866085e+01 2.997625e+01 4.006217e+01 3.090531e+01 1.918500e+01 2.325497e+01 2.389281e+01 1.905495e+01 7.056361e+01 7.362858e-01 6.879464e-01 9.511232e-01 1.067860e+00 4.414292e+00 1.998920e+00 4.055501e+00 2.016251e+00 1.548574e+00 2.288737e+00 1.849780e+00 1.696460e+00 2.415358e+00 1.205713e-01 1.230015e-01 1.992577e-01 2.207784e-01 7.664038e-01 3.628495e-01 8.590967e-01 3.987354e-01 3.120492e-01 4.658490e-01 3.515572e-01 3.543482e-01 3.190653e-01
<GCONST> 1.043173e+02
<TRANSP> 5
 0.000000e+00 1.000000e+00 0.000000e+00 0.000000e+00 0.000000e+00
 0.000000e+00 8.853239e-01 1.146761e-01 0.000000e+00 0.000000e+00
 0.000000e+00 0.000000e+00 9.886658e-01 1.133419e-02 0.000000e+00
 0.000000e+00 0.000000e+00 0.000000e+00 9.625540e-01 3.744597e-02
 0.000000e+00 0.000000e+00 0.000000e+00 0.000000e+00 0.000000e+00
<ENDHMM>
~h "ds"
<BEGINHMM>
<NUMSTATES> 5
<STATE> 2
<NUMMIXES> 2
<MIXTURE> 1 7.927760e-01
<MEAN> 39
 2.031687e-01 -2.973233e-01 -2.471867e-01 -2.648551e-01 9.718822e-03 1.184044e-01 -2.809188e-01 3.179149e-01 -4.295684e-01 -6.462292e-02 -3.567284e-01 -3.408581e-01 -2.111198e+00 1.189943e-01 3.736880e-02 6.563940e-02 5.700161e-02 1.053431e-01 7.433172e-02 2.687172e-02 1.830100e-02 -7.397696e-03 2.601414e-02 -7.054714e-03 -2.340822e-02 -2.548431e-01 -1.879762e-02 1.875717e-03 -1.036813e-02 -1.833756e-02 -3.357974e-02 -2.153097e-02 -3.318724e-02 -2.165385e-02 4.381696e-04 1.152000e-02 1.955872e-02 -4.736552e-03 2.079094e-02
<VARIANCE> 39
 1.177321e+01 8.114068e+00 1.064242e+01 1.116428e+01 1.486228e+01 1.854284e+01 1.894387e+01 1.897933e+01 2.206045e+01 2.055562e+01 1.661752e+01 1.540099e+01 3.073364e+01 2.559019e-01 3.209090e-01 5.271483e-01 7.598773e-01 1.018034e+00 1.196826e+00 1.341786e+00 1.402732e+00 1.535063e+00 1.549929e+00 1.433740e+00 1.251675e+00 1.804465e-01 4.374522e-02 6.201382e-02 1.038579e-01 1.514020e-01 2.019087e-01 2.417468e-01 2.705702e-01 2.823019e-01 3.130301e-01 3.175994e-01 2.939217e-01 2.550284e-01 2.383422e-02
<GCONST> 8.046989e+01
<MIXTURE> 2 2.072399e-01
<MEAN> 39
 -1.258395e+00 -7.878610e-01 -1.724007e+00 -1.967151e+00 -2.112646e+00 -1.211686e+00 -1.375969e+00 -9.910066e-01 1.845026e-01 2.791767e-01 8.747120e-01 1.755344e-01 1.851637e+00 -5.010628e-01 -1.462499e-01 -3.108959e-01 -2.314724e-01 -4.357762e-01 -3.197036e-01 -1.654704e-01 -7.316554e-02 -5.615004e-03 -5.611021e-02 3.534017e-02 1.064946e-01 1.087504e+00 4.581349e-02 3.651621e-04 3.993379e-02 6.843379e-02 1.000528e-01 6.844734e-02 1.277112e-01 7.009203e-02 4.655105e-03 -3.780663e-02 -5.533783e-02 2.523713e-02 -3.337605e-02
<VARIANCE> 39
 2.317215e+01 1.313852e+01 1.940103e+01 1.860599e+01 2.801797e+01 3.146727e+01 3.217421e+01 2.615013e+01 3.319926e+01 3.562931e+01 2.370856e+01 2.384217e+01 5.824319e+01 1.765971e+00 1.103866e+00 1.434142e+00 1.762077e+00 2.585068e+00 2.566992e+00 2.885774e+00 2.545333e+00 2.675757e+00 2.749368e+00 2.223115e+00 1.989684e+00 2.320244e+00 3.053530e-01 1.796766e-01 2.565337e-01 3.217860e-01 4.856356e-01 4.846818e-01 4.913684e-01 4.750742e-01 4.809252e-01 4.940511e-01 4.198698e-01 3.796098e-01 5.569713e-01
<GCONST> 1.119267e+02
<STATE> 3
<NUMMIXES> 2
<MIXTURE> 1 6.391833e-01
<MEAN> 39
 -2.839882e+00 2.557639e+00 -1.105405e+00 -5.522895e-01 -2.492445e+00 -3.321383e+00 5.129566e-01 -2.524220e+00 1.125210e+00 -6.402319e-01 9.496260e-01 4.084660e-01 1.711864e+01 1.146890e+00 9.187495e-01 8.187436e-01 9.623368e-01 1.346080e+00 1.234004e+00 6.269572e-01 3.370879e-01 9.732112e-03 -5.456553e-01 -4.925278e-01 -8.976565e-02 6.703772e-01 -7.788541e-03 -2.374758e-01 -8.210718e-02 -5.998026e-02 -1.399705e-01 8.641387e-02 -2.295426e-01 1.959504e-01 -3.739674e-02 2.605892e-01 4.301487e-02 1.370106e-01 -9.974221e-01
<VARIANCE> 39
 2.444303e+01 1.741371e+01 1.357780e+01 1.730930e+01 1.801463e+01 2.024946e+01 2.257419e+01 1.833602e+01 1.943357e+01 2.104086e+01 2.331076e+01 1.642067e+01 5.232336e+01 2.434196e+00 2.360440e+00 1.361786e+00 1.810294e+00 2.027570e+00 1.639265e+00 2.680568e+00 1.944667e+00 2.998887e+00 3.030784e+00 2.443346e+00 1.725647e+00 4.048374e+00 7.429223e-01 4.215266e-01 2.964039e-01 4.265788e-01 4.520465e-01 4.465131e-01 5.214019e-01 3.591958e-01 5.953938e-01 5.331087e-01 5.369971e-01 3.289122e-01 1.206994e+00
<GCONST> 1.123836e+02
<MIXTURE> 2 3.608164e-01
<MEAN> 39
 -6.700109e+00 -2.971873e+00 -5.357168e+00 -4.173573e+00 -8.175049e+00 -5.489678e+00 -4.853608e+00 -1.416162e+00 -6.892987e-01 3.137861e+00 2.215759e+00 2.372005e+00 7.552006e-01 -1.514387e+00 -2.602324e-01 5.401637e-02 -2.480928e-01 -5.296172e-01 -7.965718e-01 5.676204e-01 -3.051527e-01 8.690163e-01 1.557059e-02 5.378005e-01 -1.017687e-01 2.897192e+00 7.738805e-01 3.967672e-01 4.113862e-01 4.345837e-01 9.371176e-01 5.012550e-01 5.227177e-01 5.757692e-02 7.425521e-03 -5.406717e-01 -3.450954e-01 -1.604120e-01 2.280099e-01
<VARIANCE> 39
 3.283430e+01 1.750401e+01 1.187609e+01 9.324800e+00 1.640577e+01 2.312041e+01 2.107882e+01 2.208788e+01 2.291029e+01 2.655645e+01 2.421930e+01 2.050574e+01 4.721392e+02 6.363214e+00 2.216731e+00 2.395739e+00 1.841113e+00 4.631865e+00 3.204693e+00 3.166040e+00 2.161783e+00 2.521417e+00 2.532584e+00 2.026400e+00 1.706124e+00 6.759248e+01 1.124627e+00 3.205670e-01 2.204873e-01 2.724747e-01 6.994702e-01 6.004887e-01 5.459714e-01 4.498394e-01 6.504138e-01 5.824163e-01 4.647501e-01 3.584429e-01 9.559570e+00
<GCONST> 1.230464e+02
<STATE> 4
<NUMMIXES> 2
<MIXTURE> 1 8.699515e-01
<MEAN> 39
 1.410179e+00 1.720050e+00 3.076960e+00 3.250657e+00 2.980416e+00 1.779281e+00 2.620768e+00 4.502703e-01 1.174186e+00 -1.844159e-01 4.754912e-02 8.054572e-01 3.270687e+00 2.170552e-01 -3.114207e-02 1.236981e-01 7.985047e-02 1.678590e-01 1.362478e-01 4.788921e-02 8.656541e-02 -6.078373e-02 -4.342357e-02 -9.467579e-02 -9.415948e-02 -6.753786e-01 -1.193082e-02 4.927320e-04 -3.249230e-02 -4.183860e-02 -4.987919e-02 -5.539322e-02 -4.348801e-02 -4.508796e-02 -1.965305e-02 -2.458255e-03 5.329630e-03 -1.787989e-02 7.229423e-03
<VARIANCE> 39
 9.753862e+00 9.215240e+00 1.280220e+01 1.297932e+01 1.349277e+01 1.223360e+01 1.616538e+01 1.237970e+01 1.593118e+01 1.366342e+01 1.335551e+01 1.259144e+01 8.050900e+01 2.198161e-01 2.886626e-01 4.581176e-01 6.443575e-01 8.281021e-01 1.034932e+00 1.199628e+00 1.311253e+00 1.426360e+00 1.446654e+00 1.416049e+00 1.215720e+00 1.074740e-01 3.958236e-02 5.600377e-02 9.042486e-02 1.202733e-01 1.644160e-01 2.146319e-01 2.325680e-01 2.538760e-01 2.836964e-01 2.926027e-01 2.827546e-01 2.438727e-01 1.833162e-02
<GCONST> 7.597967e+01
<MIXTURE> 2 1.300487e-01
<MEAN> 39
 2.728774e-01 3.148828e-02 7.498711e-01 3.739865e-01 5.336739e-01 -6.075541e-01 4.920724e-01 -1.149639e+00 8.183359e-01 -1.004619e-01 6.469474e-01 1.459838e-01 7.654947e-01 -1.658143e-01 -2.955820e-01 -3.074693e-01 -3.557799e-01 -3.065794e-01 -3.323732e-01 -1.637591e-01 -2.429399e-01 9.322494e-02 1.834315e-02 2.475389e-01 1.353564e-01 -1.267414e-01 3.986325e-02 1.213570e-02 1.117759e-01 1.523457e-01 1.832110e-01 1.890036e-01 1.973609e-01 1.660999e-01 7.366393e-02 -1.795739e-02 -2.183315e-02 6.890944e-02 -6.615327e-04
<VARIANCE> 39
 1.222602e+01 8.865714e+00 9.958858e+00 1.127933e+01 1.457149e+01 1.513121e+01 1.674246e+01 1.758330e+01 1.990802e+01 1.480981e+01 1.985755e+01 1.496106e+01 5.430127e+01 5.721343e-01 5.924717e-01 6.827764e-01 8.649247e-01 1.184805e+00 1.566402e+00 1.590908e+00 1.959722e+00 1.760654e+00 1.706567e+00 1.708214e+00 1.373081e+00 7.734173e-01 1.064887e-01 1.052800e-01 1.353852e-01 1.668054e-01 2.346232e-01 3.039046e-01 2.981391e-01 3.967816e-01 3.228590e-01 3.233774e-01 3.417913e-01 2.844235e-01 1.224338e-01
<GCONST> 8.963551e+01
<TRANSP> 5
 0.000000e+00 1.000000e+00 0.000000e+00 0.000000e+00 0.000000e+00
 0.000000e+00 9.927584e-01 7.241589e-03 0.000000e+00 0.000000e+00
 0.000000e+00 0.000000e+00 8.555514e-01 1.444486e-01 0.000000e+00
 0.000000e+00 0.000000e+00 0.000000e+00 9.706952e-01 2.930484e-02
 0.000000e+00 0.000000e+00 0.000000e+00 0.000000e+00 0.000000e+00
<ENDHMM>
~h "kj"
<BEGINHMM>
<NUMSTATES> 5
<STATE> 2
<NUMMIXES> 2
<MIXTURE> 1 7.426366e-01
<MEAN> 39
 6.917800e+00 -1.947132e-01 -2.584541e+00 1.012717e-01 1.130579e+00 -8.977147e-01 -7.673926e-01 -5.942217e-01 -1.551387e-01 4.216449e-01 -1.039346e+00 -3.036152e-01 -4.180994e+00 -7.814027e-02 1.055924e-01 -4.172619e-02 -5.802492e-02 5.493027e-03 1.131187e-01 -1.735040e-02 4.499878e-02 5.913474e-02 -2.322929e-02 6.116129e-02 3.163263e-02 -1.034646e-02 -4.864829e-02 -5.817704e-03 1.276417e-02 -1.210119e-02 -5.164739e-02 -4.222139e-02 -5.488188e-03 -8.347112e-03 -1.967567e-02 8.577630e-03 -2.093282e-02 2.360739e-02 3.376855e-02
<VARIANCE> 39
 1.299304e+01 1.497012e+01 9.167270e+00 1.636202e+01 1.640350e+01 2.084254e+01 1.904458e+01 1.835378e+01 1.907364e+01 1.683944e+01 1.453872e+01 1.668470e+01 1.052314e+01 4.809797e-01 5.510527e-01 4.883241e-01 8.468914e-01 9.809164e-01 1.237448e+00 1.848727e+00 1.814277e+00 1.459311e+00 1.788709e+00 1.382439e+00 1.254151e+00 2.458551e-01 8.142259e-02 1.017095e-01 8.961929e-02 1.627167e-01 1.831342e-01 2.310271e-01 3.454207e-01 3.508019e-01 2.768028e-01 3.444703e-01 2.687265e-01 2.357131e-01 4.492331e-02
<GCONST> 8.405907e+01
<MIXTURE> 2 2.573627e-01
<MEAN> 39
 4.892309e+00 -9.842667e-01 -1.924901e+00 -4.567335e-02 3.860418e-01 -2.699170e+00 -1.425020e+00 -1.748811e+00 -4.684721e-01 5.596320e-01 -1.448285e+00 7.037578e-01 -2.333318e+00 -8.557709e-01 -8.195970e-01 2.182339e-02 1.792745e-01 -4.483395e-01 -5.464820e-01 -1.601345e-01 -6.136639e-01 -1.973371e-02 3.114725e-03 -6.075492e-02 1.780141e-02 1.398875e+00 1.311594e-01 -6.137291e-02 -1.937600e-02 4.425517e-03 1.402021e-01 1.612397e-01 1.703570e-02 9.114149e-02 6.299821e-02 -3.595612e-02 2.846500e-02 -7.366523e-02 -5.940771e-02
<VARIANCE> 39
 2.445801e+01 3.474514e+01 1.731498e+01 1.658634e+01 2.160951e+01 3.165181e+01 2.757030e+01 2.800249e+01 2.305513e+01 2.079513e+01 1.434848e+01 1.764094e+01 3.109185e+01 1.551569e+00 2.084831e+00 2.012197e+00 1.443833e+00 2.405999e+00 2.607233e+00 2.722142e+00 1.712500e+00 2.181931e+00 2.091623e+00 1.448669e+00 1.537867e+00 1.279324e+00 2.637837e-01 3.507473e-01 3.073787e-01 2.445826e-01 3.854031e-01 4.982309e-01 5.157005e-01 3.337665e-01 3.791917e-01 4.379466e-01 2.744817e-01 2.771350e-01 3.044863e-01
<GCONST> 1.066459e+02
<STATE> 3
<NUMMIXES> 2
<MIXTURE> 1 6.195202e-01
<MEAN> 39
 3.464466e+00 -4.375538e+00 -4.384449e+00 -5.632228e-02 1.526571e+00 -2.745626e+00 -4.316752e+00 -3.291166e+00 -1.077668e+00 -6.396334e-01 3.919666e-02 6.644018e-01 2.642325e+00 4.304023e-03 3.980793e-01 1.230553e-01 1.253020e-01 1.775367e-01 2.437166e-01 2.153748e-01 2.797018e-01 9.848195e-02 1.201187e-01 1.031489e-01 5.916144e-02 -4.165415e-01 -5.189193e-02 2.378248e-02 4.936207e-02 -1.915091e-02 -4.735327e-02 1.509439e-02 4.140284e-02 5.810625e-02 3.049538e-02 5.494707e-02 2.305155e-02 1.440870e-02 1.664580e-02
<VARIANCE> 39
 1.145234e+01 1.573230e+01 1.123502e+01 1.442642e+01 1.365015e+01 1.984837e+01 2.508698e+01 1.662000e+01 1.685982e+01 1.756486e+01 1.509623e+01 1.493049e+01 1.171411e+01 3.099163e-01 3.902592e-01 5.753371e-01 7.364187e-01 9.013768e-01 1.171173e+00 1.261498e+00 1.372626e+00 1.319939e+00 1.576865e+00 1.512036e+00 1.286258e+00 1.698507e-01 6.257585e-02 6.601500e-02 1.135650e-01 1.452311e-01 1.894804e-01 2.241270e-01 2.765062e-01 2.974485e-01 2.821219e-01 3.198664e-01 3.113329e-01 2.562101e-01 3.294269e-02
<GCONST> 8.082296e+01
<MIXTURE> 2 3.804783e-01
<MEAN> 39
 3.097486e+00 -4.785997e+00 -3.925080e+00 -9.127928e-01 3.360054e-01 -3.136940e+00 -4.952646e+00 -2.298141e+00 -4.388990e-02 1.377784e-01 -5.081169e-02 7.198774e-01 3.740330e+00 -3.264095e-01 -2.369094e-01 -1.802061e-01 -1.875556e-01 -1.122647e-01 -1.494527e-01 -2.940556e-01 -3.091164e-01 -2.504978e-01 -1.488185e-01 -8.712313e-02 -7.367139e-02 5.030944e-01 6.097687e-02 9.180033e-02 1.664359e-02 2.980844e-02 7.582856e-02 1.966403e-02 1.522489e-02 -2.747771e-02 -3.988218e-02 -6.570489e-02 -2.522229e-02 -3.543935e-02 -1.160787e-01
<VARIANCE> 39
 1.123721e+01 2.007451e+01 1.300470e+01 1.663290e+01 1.660621e+01 2.109714e+01 2.122758e+01 1.770239e+01 1.932256e+01 1.829937e+01 1.703252e+01 1.356491e+01 1.862900e+01 8.107712e-01 1.168543e+00 9.452073e-01 1.037191e+00 1.589978e+00 1.580244e+00 1.864874e+00 1.900643e+00 2.045314e+00 1.774068e+00 1.568801e+00 1.217737e+00 8.437856e-01 1.352037e-01 2.432963e-01 1.739420e-01 2.036001e-01 3.106993e-01 2.999049e-01 3.885205e-01 3.803498e-01 4.001981e-01 3.584936e-01 3.237401e-01 2.426356e-01 1.987639e-01
<GCONST> 9.523341e+01
<STATE> 4
<NUMMIXES> 2
<MIXTURE> 1 7.682763e-01
<MEAN> 39
 -1.551952e+00 2.121996e+00 1.287797e+00 2.989120e-01 1.556794e-02 1.349170e+00 1.567402e+00 1.052661e+00 3.075545e-01 3.097530e-01 1.561629e-01 -3.066775e-01 -1.336567e+00 1.094795e-01 5.738024e-02 -7.940796e-03 -3.206043e-02 1.307544e-02 3.647266e-02 2.550689e-02 1.733438e-02 8.945578e-03 1.151007e-02 1.907687e-03 -2.038259e-02 -1.199299e-01 -3.994180e-03 -1.402089e-02 -1.587065e-02 -4.896008e-03 -1.599039e-02 -3.210971e-02 -2.318337e-02 -1.218557e-02 -9.764707e-03 -7.181808e-03 -5.194285e-03 6.070722e-03 8.684258e-03
<VARIANCE> 39
 2.071190e+01 1.109146e+01 1.020708e+01 1.177727e+01 1.367869e+01 1.588495e+01 1.883165e+01 1.673564e+01 1.649185e+01 1.819451e+01 1.553507e+01 1.380785e+01 1.158557e+01 4.030917e-01 4.012474e-01 5.821849e-01 8.550104e-01 1.080450e+00 1.299893e+00 1.511003e+00 1.515218e+00 1.580040e+00 1.642710e+00 1.451822e+00 1.295737e+00 2.054127e-01 7.358684e-02 7.673589e-02 1.108208e-01 1.677879e-01 2.087098e-01 2.561413e-01 2.919838e-01 3.046017e-01 3.229430e-01 3.290572e-01 2.957863e-01 2.637655e-01 3.539193e-02
<GCONST> 8.256719e+01
<MIXTURE> 2 2.317374e-01
<MEAN> 39
 2.286256e+00 -5.405800e+00 -2.198702e+00 -8.800167e-01 -6.677440e-01 -3.130544e+00 -3.411353e+00 -2.269309e+00 -7.257357e-01 -1.036104e+00 -2.074641e-01 7.987736e-01 4.413969e+00 -2.073291e-01 -2.466428e-01 2.560447e-02 8.988272e-02 -2.306183e-02 -1.409972e-01 -7.189613e-02 -6.206382e-02 -7.106773e-03 -5.409170e-02 -5.772721e-03 6.991696e-02 3.116885e-01 2.413730e-02 3.984648e-02 4.467726e-02 1.579375e-02 5.578599e-02 1.038636e-01 7.817879e-02 3.892751e-02 3.656303e-02 2.319715e-02 1.618981e-02 -1.760613e-02 -3.397950e-02
<VARIANCE> 39
 3.620211e+01 5.199527e+01 1.976221e+01 1.855571e+01 1.941141e+01 3.041800e+01 3.162753e+01 2.531595e+01 1.874552e+01 2.169878e+01 1.653244e+01 1.513757e+01 6.111807e+01 1.046796e+00 1.834570e+00 1.121998e+00 1.212150e+00 1.516864e+00 1.933854e+00 2.047019e+00 1.890338e+00 1.776754e+00 1.751808e+00 1.546814e+00 1.410273e+00 1.937362e+00 1.593395e-01 2.964069e-01 1.980526e-01 2.342435e-01 2.960381e-01 3.701809e-01 3.978959e-01 3.739511e-01 3.561295e-01 3.467834e-01 3.005793e-01 2.864653e-01 2.738325e-01
<GCONST> 1.037195e+02
<TRANSP> 5
 0.000000e+00 1.000000e+00 0.000000e+00 0.000000e+00 0.000000e+00
 0.000000e+00 9.426327e-01 5.736730e-02 0.000000e+00 0.000000e+00
 0.000000e+00 0.000000e+00 9.534104e-01 4.658953e-02 0.000000e+00
 0.000000e+00 0.000000e+00 0.000000e+00 9.963772e-01 3.622848e-03
 0.000000e+00 0.000000e+00 0.000000e+00 0.000000e+00 0.000000e+00
<ENDHMM>
~h "kn"
<BEGINHMM>
<NUMSTATES> 5
<STATE> 2
<NUMMIXES> 2
<MIXTURE> 1 6.254396e-01
<MEAN> 39
 -2.451868e+00 -4.535953e-01 -3.299948e+00 -2.545310e+00 -3.347601e+00 -2.094763e+00 4.149783e-01 -3.128333e+00 1.818256e+00 -1.231704e+00 1.705842e-02 -2.772521e+00 7.515671e+00 -4.890358e-01 7.433524e-01 4.530783e-01 5.570175e-02 6.963786e-01 -1.093523e-01 1.198221e+00 1.038656e+00 1.944982e+00 6.947575e-01 4.353511e-01 9.205632e-01 2.060688e+00 -1.216925e-01 1.386769e-01 2.480468e-01 1.592792e-01 3.216203e-01 3.783491e-01 -1.977804e-01 -4.892060e-02 -5.684662e-01 -1.098905e-01 -4.550232e-02 1.673684e-01 -1.080828e+00
<VARIANCE> 39
 1.429261e+01 1.762430e+01 1.298127e+01 9.842557e+00 1.554690e+01 2.529851e+01 2.727468e+01 3.708594e+01 3.819927e+01 2.104281e+01 1.948162e+01 1.742283e+01 2.329614e+01 1.979150e+00 1.143692e+00 1.400863e+00 1.062799e+00 1.191240e+00 1.865674e+00 2.410221e+00 3.846061e+00 2.809042e+00 1.791858e+00 1.513841e+00 1.485881e+00 5.039188e+00 4.186197e-01 2.454270e-01 2.554172e-01 1.580897e-01 1.917893e-01 3.529750e-01 5.023304e-01 8.941849e-01 5.032811e-01 3.609795e-01 2.678879e-01 3.224933e-01 5.551781e-01
<GCONST> 1.051786e+02
<MIXTURE> 2 3.745607e-01
<MEAN> 39
 -6.957125e+00 1.285595e-01 1.469977e+00 -3.162637e+00 -2.254836e+00 1.775474e+00 -9.420924e-01 1.317672e+00 -1.603197e+00 6.985039e-01 -6.998929e-01 -8.754112e-01 -8.841615e+00 1.334401e+00 -5.706138e-01 -9.413973e-01 4.198444e-01 -4.070747e-01 -1.057357e+00 -3.176913e-01 -2.089425e+00 -1.124443e-01 -3.195166e-01 -2.533738e-01 -5.744686e-01 3.105950e+00 3.638167e-02 4.654520e-02 -9.930465e-02 -7.017677e-03 1.039935e-01 1.912461e-02 2.339439e-01 2.895745e-01 4.083692e-01 6.928956e-02 9.729496e-02 9.571582e-02 4.537435e-01
<VARIANCE> 39
 1.909734e+01 1.291671e+01 1.276536e+01 9.191984e+00 1.959428e+01 1.551215e+01 1.978259e+01 5.701588e+01 1.534158e+01 2.016067e+01 2.349845e+01 1.832634e+01 3.729144e+01 2.187688e+00 1.527546e+00 2.036952e+00 8.713892e-01 1.655061e+00 2.189136e+00 2.518869e+00 4.395871e+00 1.884484e+00 2.061417e+00 2.518420e+00 2.575858e+00 9.392015e+00 3.485667e-01 1.341646e-01 2.968841e-01 9.907184e-02 2.220825e-01 2.208338e-01 3.580646e-01 7.705234e-01 3.445052e-01 2.851593e-01 3.348354e-01 3.808694e-01 7.976860e-01
<GCONST> 1.055550e+02
<STATE> 3
<NUMMIXES> 2
<MIXTURE> 1 3.840346e-01
<MEAN> 39
 6.191150e-01 -1.937897e+00 -2.134038e+00 -1.238548e+00 -1.679174e+00 -2.727831e+00 1.655236e-01 -1.212620e+00 1.287772e+00 -4.471956e-01 6.037564e-01 -2.893801e-02 4.440587e+00 1.315751e-01 1.909753e-01 7.021318e-02 1.325862e-01 2.967760e-01 1.096869e-01 1.835553e-01 4.938881e-01 4.463677e-01 3.406334e-01 2.850637e-01 4.091416e-01 2.158671e-01 -1.952955e-02 2.019490e-01 2.088159e-01 2.529659e-01 2.846197e-01 3.151250e-01 -4.774816e-02 1.569971e-02 -1.766024e-01 7.590403e-02 -5.720824e-02 1.831431e-02 -4.157482e-01
<VARIANCE> 39
 1.033236e+01 1.238293e+01 1.027697e+01 1.021704e+01 1.210580e+01 1.356174e+01 1.838091e+01 2.779983e+01 2.173977e+01 1.847691e+01 1.594021e+01 1.747007e+01 1.954013e+01 5.602980e-01 9.746054e-01 8.640506e-01 1.129037e+00 1.425979e+00 1.495241e+00 1.617412e+00 1.897886e+00 2.022235e+00 1.373783e+00 1.302633e+00 1.227060e+00 2.456238e+00 1.057497e-01 1.976202e-01 1.497028e-01 1.923704e-01 2.741909e-01 2.319253e-01 3.689541e-01 5.354595e-01 4.315052e-01 3.598708e-01 2.939173e-01 3.055263e-01 3.096593e-01
<GCONST> 9.351842e+01
<MIXTURE> 2 6.159655e-01
<MEAN> 39
 3.259071e-01 7.583709e-01 5.044423e-01 6.901052e-01 9.428436e-01 7.663636e-01 -2.269925e-01 1.330086e-01 -1.227156e-01 4.781172e-01 7.532970e-02 4.495882e-01 -5.877762e-01 2.395271e-03 -1.604064e-01 -1.695173e-02 -3.828109e-03 -1.333856e-01 -4.589795e-02 -1.158026e-01 -2.856883e-01 -3.246841e-01 -2.092511e-01 -1.761674e-01 -2.162297e-01 -2.126727e-01 1.488611e-02 -1.345830e-01 -1.351839e-01 -1.626234e-01 -1.934078e-01 -1.984768e-01 1.896518e-02 -1.751818e-02 8.727274e-02 -5.228339e-02 2.241171e-02 -3.434999e-02 2.384844e-01
<VARIANCE> 39
 7.506351e+00 7.163099e+00 7.995401e+00 7.585471e+00 1.045051e+01 1.083652e+01 1.431725e+01 1.590411e+01 1.540319e+01 1.349897e+01 1.388532e+01 1.295464e+01 1.488614e+01 3.327025e-01 7.057223e-01 7.490162e-01 8.511896e-01 1.215191e+00 1.288117e+00 1.354326e+00 1.812451e+00 1.435311e+00 1.511515e+00 1.348234e+00 1.414795e+00 1.647755e+00 5.361580e-02 9.650851e-02 9.846115e-02 1.404261e-01 2.013721e-01 2.003955e-01 2.597272e-01 3.441693e-01 3.196136e-01 2.920865e-01 2.645888e-01 2.767625e-01 2.003379e-01
<GCONST> 8.275785e+01
<STATE> 4
<NUMMIXES> 2
<MIXTURE> 1 4.916345e-01
<MEAN> 39
 -1.990884e-01 5.154719e-01 1.325612e+00 1.252705e-01 -4.929298e-01 1.539629e-01 -1.039067e+00 2.535223e-01 -1.800878e+00 -4.091898e-01 -6.449527e-01 -4.592419e-02 -3.692904e+00 -7.048416e-02 2.292865e-01 3.377844e-01 1.256702e-01 1.251424e-01 2.845619e-01 4.942237e-02 3.484802e-01 1.201874e-01 1.362063e-01 1.730274e-02 -2.012387e-02 -5.314511e-01 -1.645411e-03 2.895557e-02 4.652871e-02 1.071715e-01 1.972696e-01 2.202172e-01 2.242042e-01 1.835100e-01 1.400300e-01 4.411009e-02 2.074188e-02 -5.120155e-02 3.041543e-02
<VARIANCE> 39
 9.162420e+00 9.495104e+00 8.664839e+00 7.371805e+00 9.482791e+00 1.311460e+01 1.209052e+01 1.451130e+01 1.445188e+01 1.462176e+01 1.285937e+01 1.314871e+01 2.180150e+01 1.635088e-01 2.965410e-01 4.263371e-01 6.172193e-01 9.963834e-01 1.027693e+00 1.225714e+00 1.256711e+00 1.446451e+00 1.340589e+00 1.208936e+00 1.319373e+00 1.068488e-01 2.351891e-02 5.658998e-02 9.200890e-02 1.146422e-01 1.609581e-01 1.679340e-01 2.235615e-01 2.311312e-01 3.012284e-01 2.756319e-01 2.452701e-01 2.375993e-01 8.412350e-03
<GCONST> 7.098674e+01
<MIXTURE> 2 5.083639e-01
<MEAN> 39
 -6.230856e-01 1.070608e+00 1.998846e+00 1.175454e+00 1.905493e+00 3.167855e+00 1.447210e+00 2.348156e+00 -6.976480e-01 -7.288307e-02 -7.716796e-01 -6.153173e-01 -4.126769e+00 -2.048919e-01 1.101838e-02 2.252460e-02 -2.121537e-01 -1.148041e-01 9.956572e-02 -1.118523e-01 -8.070916e-03 -3.786011e-01 -1.669586e-01 -1.486704e-01 -1.305405e-01 -5.236025e-01 -2.549881e-02 -3.903351e-02 -5.742753e-02 -1.400798e-01 -2.241750e-01 -2.351260e-01 -1.857494e-01 -1.661310e-01 -9.544550e-02 -4.570257e-02 1.019580e-02 5.183524e-02 1.896810e-02
<VARIANCE> 39
 1.071849e+01 1.064604e+01 9.910127e+00 8.407801e+00 1.120032e+01 1.376040e+01 1.196170e+01 1.456484e+01 1.610955e+01 1.595241e+01 1.293842e+01 1.212773e+01 2.599626e+01 1.687755e-01 3.384850e-01 5.052054e-01 6.085353e-01 9.678857e-01 1.116815e+00 1.304088e+00 1.287397e+00 1.440788e+00 1.414674e+00 1.273684e+00 1.018130e+00 1.336590e-01 1.991382e-02 4.883676e-02 8.643861e-02 1.126459e-01 1.450000e-01 1.490680e-01 2.205465e-01 2.277258e-01 2.835979e-01 2.862117e-01 2.543364e-01 2.292598e-01 7.449246e-03
<GCONST> 7.176539e+01
<TRANSP> 5
 0.000000e+00 1.000000e+00 0.000000e+00 0.000000e+00 0.000000e+00
 0.000000e+00 7.867846e-01 2.132154e-01 0.000000e+00 0.000000e+00
 0.000000e+00 0.000000e+00 9.852675e-01 1.473252e-02 0.000000e+00
 0.000000e+00 0.000000e+00 0.000000e+00 9.599411e-01 4.005895e-02
 0.000000e+00 0.000000e+00 0.000000e+00 0.000000e+00 0.000000e+00
<ENDHMM>
~h "kt"
<BEGINHMM>
<NUMSTATES> 5
<STATE> 2
<NUMMIXES> 2
<MIXTURE> 1 6.906834e-01
<MEAN> 39
 5.238432e-01 -1.714841e-01 1.049830e-01 8.103774e-02 2.257539e-01 4.854119e-01 5.019469e-01 5.666731e-02 1.956208e-01 2.687190e-02 4.460007e-01 3.916375e-02 -4.188461e-01 3.679233e-01 -6.132329e-02 1.197851e-01 2.940727e-02 1.469852e-01 1.816149e-01 1.221529e-01 -1.102797e-02 -1.295125e-02 1.617218e-02 7.563191e-02 -2.105975e-02 -4.971388e-01 -4.231525e-02 1.659150e-02 -1.693117e-02 -2.498696e-02 -4.375198e-02 -6.085937e-02 -7.764730e-02 -2.224780e-04 -2.065532e-02 9.589927e-03 -6.092889e-02 1.214503e-02 1.739921e-02
<VARIANCE> 39
 7.470581e+00 5.321362e+00 6.788554e+00 8.772055e+00 1.116311e+01 1.242692e+01 1.347257e+01 1.496317e+01 1.549729e+01 1.520515e+01 1.376630e+01 1.271115e+01 1.059914e+01 2.049012e-01 3.089843e-01 5.098796e-01 6.894848e-01 9.320413e-01 1.122368e+00 1.350212e+00 1.439519e+00 1.477762e+00 1.551915e+00 1.377766e+00 1.208345e+00 1.667045e-01 7.432373e-02 6.852621e-02 1.123008e-01 1.461771e-01 2.042566e-01 2.414097e-01 2.840863e-01 3.085784e-01 3.101130e-01 3.412389e-01 2.836648e-01 2.499996e-01 8.457566e-02
<GCONST> 7.693032e+01
<MIXTURE> 2 3.093248e-01
<MEAN> 39
 -7.890997e-01 1.133991e-01 -2.590289e-01 -5.000300e-01 -8.506547e-01 -7.758467e-01 -1.008006e+00 1.818016e-01 -4.472644e-02 1.208717e-01 -7.091960e-01 6.341586e-02 7.545628e-01 -8.952731e-01 1.613199e-01 -3.081787e-01 -6.497759e-02 -3.436219e-01 -4.611272e-01 -2.730222e-01 2.746380e-02 4.826887e-02 -3.365394e-02 -1.712583e-01 4.218221e-02 1.204217e+00 9.104025e-02 -3.799924e-02 4.074401e-02 6.172697e-02 1.020746e-01 1.366293e-01 1.710052e-01 8.702850e-04 4.732966e-02 -2.425764e-02 1.332049e-01 -2.761976e-02 -3.401315e-02
<VARIANCE> 39
 1.554067e+01 8.339047e+00 9.704699e+00 1.327098e+01 1.532217e+01 2.027883e+01 1.915012e+01 1.792493e+01 1.890420e+01 1.841681e+01 1.591051e+01 1.365387e+01 2.292126e+01 1.206476e+00 8.040745e-01 9.695120e-01 1.334620e+00 1.593439e+00 2.041244e+00 2.110961e+00 2.039446e+00 2.072462e+00 2.272181e+00 1.803541e+00 1.489547e+00 1.553344e+00 3.364677e-01 1.376074e-01 1.913968e-01 2.362497e-01 3.084559e-01 4.259398e-01 4.106690e-01 3.848679e-01 3.936749e-01 4.315561e-01 3.313580e-01 2.843415e-01 5.129634e-01
<GCONST> 9.834203e+01
<STATE> 3
<NUMMIXES> 2
<MIXTURE> 1 6.773471e-01
<MEAN> 39
 -2.525459e+00 1.284551e-01 -7.317332e-01 1.227673e+00 1.934560e-01 -1.684127e+00 -3.481550e-01 -9.191452e-01 -7.030777e-02 -6.627316e-02 -1.763964e-01 -6.595193e-03 3.040598e+00 5.405338e-01 -1.314055e-02 1.324309e-01 2.524598e-02 1.600254e-01 3.014621e-01 2.441337e-01 -3.640511e-02 -2.322077e-02 -6.703246e-02 1.635419e-01 1.834292e-02 -7.073777e-01 4.426765e-03 6.893472e-02 1.871217e-02 -8.830365e-03 -1.448294e-03 -7.777931e-02 -3.896996e-02 -1.008123e-02 -2.107253e-02 -1.215512e-02 -6.292267e-02 4.096070e-02 -5.530023e-02
<VARIANCE> 39
 5.699222e+00 5.870605e+00 8.073816e+00 1.203691e+01 1.210932e+01 1.398387e+01 1.496765e+01 1.641632e+01 1.703488e+01 1.785665e+01 1.470008e+01 1.338646e+01 9.099029e+00 1.513822e-01 3.390199e-01 5.447697e-01 7.729451e-01 9.842820e-01 1.268329e+00 1.284474e+00 1.363736e+00 1.508371e+00 1.735964e+00 1.310112e+00 1.190672e+00 1.088635e-01 9.380432e-02 7.524887e-02 1.278222e-01 1.726267e-01 2.220504e-01 2.718614e-01 2.786435e-01 3.147735e-01 3.281970e-01 3.968537e-01 2.709417e-01 2.562916e-01 1.419755e-01
<GCONST> 7.907946e+01
<MIXTURE> 2 3.226527e-01
<MEAN> 39
 -2.443453e+00 1.282989e+00 -4.692566e-01 1.482047e+00 1.116030e-01 -2.572118e+00 -1.136445e+00 -8.398800e-01 -4.641390e-01 -3.777577e-01 -1.310759e+00 1.823287e-01 2.227643e+00 -8.710439e-01 5.099547e-02 -1.781733e-01 4.983593e-02 -1.918361e-01 -4.757471e-01 -3.878751e-01 -1.197054e-02 -8.370003e-03 5.049955e-02 -3.120908e-01 -6.456503e-02 1.135395e+00 7.869642e-02 -1.417008e-01 -1.780287e-02 -2.747398e-02 -7.647526e-03 1.929134e-01 1.037420e-01 3.970616e-02 4.483589e-02 4.124860e-02 1.383096e-01 -8.856391e-02 -1.493545e-02
<VARIANCE> 39
 1.125266e+01 6.031972e+00 9.325849e+00 1.077780e+01 1.560091e+01 2.394591e+01 1.997049e+01 1.543318e+01 1.733492e+01 1.611205e+01 1.695909e+01 1.339332e+01 1.570693e+01 7.611906e-01 7.231623e-01 9.827644e-01 1.150389e+00 1.685319e+00 2.174418e+00 1.983658e+00 1.879507e+00 1.860612e+00 2.012211e+00 1.937278e+00 1.516960e+00 1.148690e+00 3.046604e-01 1.116948e-01 1.728148e-01 2.051582e-01 3.122739e-01 4.935486e-01 4.129084e-01 3.263769e-01 3.388635e-01 3.815132e-01 3.693018e-01 2.906319e-01 4.470910e-01
<GCONST> 9.497128e+01
<STATE> 4
<NUMMIXES> 2
<MIXTURE> 1 6.177388e-01
<MEAN> 39
 1.100697e+00 -8.838930e-02 7.159913e-02 -7.476218e-01 2.586107e-02 6.044054e-01 2.333561e-01 6.602199e-02 -2.349176e-01 -1.721141e-01 -1.637384e-01 -4.932750e-01 -1.520469e+00 3.194043e-01 -9.110158e-02 2.112410e-01 6.409479e-02 2.046437e-01 3.240059e-01 2.447313e-01 1.596427e-01 1.359515e-01 1.722803e-01 1.866957e-01 1.440386e-02 -2.806673e-01 1.069321e-02 9.350387e-03 3.656347e-02 4.692609e-02 3.668715e-02 4.209026e-02 1.178042e-02 2.635145e-02 1.275362e-02 2.377249e-02 3.111466e-02 4.451445e-02 -1.651153e-03
<VARIANCE> 39
 7.002896e+00 6.576306e+00 8.513800e+00 8.863983e+00 1.206225e+01 1.457641e+01 1.400227e+01 1.605830e+01 1.659109e+01 1.534069e+01 1.377040e+01 1.167710e+01 6.475536e+00 2.117625e-01 3.202847e-01 4.767239e-01 6.409218e-01 8.669626e-01 9.854322e-01 1.215167e+00 1.349834e+00 1.445914e+00 1.431513e+00 1.336833e+00 1.225048e+00 1.284589e-01 5.727345e-02 7.164588e-02 1.044144e-01 1.390175e-01 1.893776e-01 2.295942e-01 2.621651e-01 2.871162e-01 3.141976e-01 2.977861e-01 2.644570e-01 2.321658e-01 3.725678e-02
<GCONST> 7.463274e+01
<MIXTURE> 2 3.822627e-01
<MEAN> 39
 9.193155e-01 7.438206e-02 8.839980e-01 8.659830e-02 5.630727e-01 1.131523e+00 2.220020e-01 4.368765e-01 -2.924062e-01 7.803181e-02 3.512652e-01 3.493315e-01 -1.135276e+00 -3.779820e-01 7.225700e-02 -2.884232e-01 -1.859508e-01 -3.177259e-01 -4.306164e-01 -3.912635e-01 -2.315133e-01 -2.464466e-01 -2.545806e-01 -2.744160e-01 -2.887206e-02 3.017880e-01 -2.914908e-02 -2.137114e-02 -6.336270e-02 -6.567067e-02 -4.977776e-02 -6.840868e-02 -2.937149e-02 -4.095390e-02 -2.223130e-02 -3.625655e-02 -4.639667e-02 -6.511911e-02 1.861833e-02
<VARIANCE> 39
 1.022091e+01 1.055378e+01 1.043088e+01 1.109101e+01 1.438078e+01 1.695066e+01 1.587456e+01 1.586143e+01 1.671496e+01 1.683662e+01 1.528131e+01 1.297645e+01 9.778499e+00 7.527696e-01 8.214160e-01 7.485355e-01 1.011188e+00 1.299233e+00 1.336924e+00 1.537429e+00 1.550960e+00 1.689113e+00 1.628949e+00 1.463322e+00 1.300349e+00 6.721134e-01 1.606219e-01 1.387410e-01 1.490501e-01 1.868062e-01 2.591340e-01 2.814301e-01 3.397775e-01 3.015077e-01 3.332989e-01 3.404709e-01 3.235699e-01 2.701286e-01 1.290691e-01
<GCONST> 8.832126e+01
<TRANSP> 5
 0.000000e+00 1.000000e+00 0.000000e+00 0.000000e+00 0.000000e+00
 0.000000e+00 9.954079e-01 4.592143e-03 0.000000e+00 0.000000e+00
 0.000000e+00 0.000000e+00 9.750007e-01 2.499925e-02 0.000000e+00
 0.000000e+00 0.000000e+00 0.000000e+00 9.861243e-01 1.387575e-02
 0.000000e+00 0.000000e+00 0.000000e+00 0.000000e+00 0.000000e+00
<ENDHMM>
~h "pr"
<BEGINHMM>
<NUMSTATES> 5
<STATE> 2
<NUMMIXES> 2
<MIXTURE> 1 2.425637e-01
<MEAN> 39
 -1.375178e+00 6.113217e-02 -3.497700e-01 6.904777e-01 1.534485e+00 -1.098955e+00 -7.486780e-01 -5.793414e-01 -1.167464e-01 8.895546e-02 3.628891e-02 5.621610e-01 1.212391e+00 -6.774581e-01 -2.737792e-01 -3.104240e-02 -1.537861e-01 2.770682e-02 -8.909520e-02 1.456245e-01 -1.402244e-01 -6.063965e-04 -2.889769e-02 -2.692357e-02 1.465163e-01 7.603065e-01 5.880035e-02 1.279006e-02 -1.974926e-02 -1.466912e-02 1.039157e-02 7.116112e-02 5.105190e-03 -4.951493e-02 -2.341805e-02 -4.663425e-02 1.344056e-02 1.187560e-02 -4.301525e-02
<VARIANCE> 39
 2.055605e+01 2.157853e+01 2.231431e+01 3.389840e+01 5.663147e+01 4.117001e+01 5.758500e+01 4.956675e+01 3.754169e+01 3.485643e+01 4.760616e+01 4.716360e+01 1.473434e+01 1.553769e+00 1.531723e+00 1.967770e+00 2.486987e+00 2.708689e+00 3.224252e+00 3.769836e+00 4.105042e+00 3.457560e+00 3.189848e+00 3.961537e+00 3.404880e+00 9.160521e-01 2.994327e-01 2.461948e-01 3.103288e-01 3.929164e-01 4.332582e-01 5.159998e-01 6.031404e-01 6.255412e-01 5.583171e-01 5.153801e-01 6.262726e-01 4.987809e-01 2.166234e-01
<GCONST> 1.188477e+02
<MIXTURE> 2 7.574391e-01
<MEAN> 39
 -7.060362e-01 -7.245156e-01 6.503291e-01 1.904489e-01 1.525474e+00 5.786849e-01 -1.162728e+00 -1.168207e+00 -1.179036e-01 -6.040507e-01 -1.322887e-01 9.225513e-01 4.844528e-01 1.806571e-01 6.500629e-02 2.719748e-02 3.529141e-02 -2.322452e-02 5.273905e-02 -2.989601e-02 1.669546e-02 8.558431e-03 -1.864190e-02 2.569520e-03 -1.631586e-02 -2.051668e-01 -4.159355e-03 -6.389280e-04 2.570500e-03 7.522384e-03 -5.463324e-03 -2.275909e-02 -3.708048e-03 1.994484e-02 6.565521e-03 1.924491e-02 -6.716612e-03 -1.030531e-02 1.770062e-03
<VARIANCE> 39
 1.353474e+01 1.563293e+01 1.937336e+01 2.528210e+01 6.287919e+01 3.953097e+01 4.907766e+01 4.373981e+01 3.835421e+01 3.228006e+01 3.800655e+01 4.521979e+01 6.608819e+00 2.108084e-01 3.973235e-01 5.846865e-01 9.487538e-01 1.127277e+00 1.374897e+00 1.573248e+00 1.636144e+00 1.724121e+00 1.568656e+00 1.702705e+00 1.472936e+00 9.467968e-02 3.880785e-02 7.280395e-02 1.137969e-01 1.842227e-01 2.236804e-01 2.723823e-01 3.265648e-01 3.304827e-01 3.442095e-01 3.125262e-01 3.529755e-01 3.085326e-01 1.873806e-02
<GCONST> 8.986400e+01
<STATE> 3
<NUMMIXES> 2
<MIXTURE> 1 4.513081e-01
<MEAN> 39
 -4.544343e+00 2.502887e-01 1.521838e+00 -6.123240e-01 -2.336582e+00 2.230464e+00 -2.136107e+00 -5.001313e+00 2.737917e+00 -4.386336e+00 4.728543e-01 -3.784133e-01 3.863144e+00 -1.312486e-01 1.106322e-01 6.730312e-02 9.609166e-02 3.890151e-01 -1.481518e-01 1.984964e-01 3.413724e-01 -6.556284e-02 2.026825e-02 2.340488e-01 -9.262071e-02 7.812802e-02 -1.000589e-01 7.374797e-02 8.281515e-02 7.339799e-02 1.903742e-01 5.208830e-02 2.339055e-01 1.609345e-01 5.134169e-04 2.829307e-02 1.942116e-01 5.703097e-02 8.209658e-02
<VARIANCE> 39
 1.012414e+01 1.738196e+01 1.099236e+01 1.650460e+01 1.354495e+01 2.008961e+01 1.491186e+01 1.679319e+01 2.494389e+01 2.329489e+01 2.119211e+01 1.832860e+01 4.770975e+00 6.936075e-01 4.270667e-01 5.368648e-01 8.377868e-01 1.208028e+00 1.812812e+00 1.341361e+00 1.355443e+00 1.780854e+00 1.951844e+00 2.045012e+00 1.301161e+00 2.734065e-01 1.423548e-01 7.124837e-02 9.762102e-02 1.671044e-01 2.516911e-01 3.941905e-01 2.589991e-01 3.014973e-01 3.636295e-01 3.912966e-01 3.765787e-01 2.595112e-01 5.193058e-02
<GCONST> 8.656045e+01
<MIXTURE> 2 5.486930e-01
<MEAN> 39
 -5.501004e+00 -8.216430e-01 2.091216e+00 3.486024e-01 3.449285e-01 3.641959e+00 6.182340e-01 -2.696464e+00 2.514032e+00 -3.842798e+00 3.153749e+00 -5.852661e-02 4.806822e+00 1.704473e-01 -1.202940e-01 -5.314353e-02 -1.483855e-01 -2.924351e-01 9.458750e-02 -1.868784e-01 -2.428987e-01 1.112980e-01 1.092899e-02 -2.512916e-01 1.406231e-01 -1.425812e-01 8.555961e-02 -5.497855e-02 -6.514396e-02 -6.495050e-02 -1.461631e-01 -6.152963e-02 -1.871626e-01 -1.035868e-01 -4.673786e-03 -4.178715e-03 -1.562785e-01 -6.115207e-02 -7.257077e-02
<VARIANCE> 39
 7.512601e+00 2.133632e+01 1.163844e+01 1.323001e+01 1.291203e+01 1.808477e+01 1.515014e+01 1.631955e+01 2.155639e+01 2.100872e+01 1.806098e+01 1.715096e+01 3.972662e+00 4.041412e-01 3.377890e-01 5.087013e-01 7.622613e-01 1.068004e+00 1.521426e+00 1.623171e+00 1.367363e+00 1.538001e+00 1.734566e+00 1.714435e+00 1.252825e+00 1.599288e-01 1.021271e-01 7.222354e-02 9.466947e-02 1.515762e-01 2.204330e-01 3.192190e-01 2.808882e-01 2.579913e-01 3.413019e-01 3.244605e-01 3.455756e-01 2.629942e-01 3.987167e-02
<GCONST> 8.198911e+01
<STATE> 4
<NUMMIXES> 2
<MIXTURE> 1 3.136901e-01
<MEAN> 39
 -2.234334e+00 -5.317724e-01 7.862387e-01 -1.601868e+00 -1.591450e+00 1.229199e+00 -4.919251e-01 -1.588679e+00 2.041403e+00 -1.802594e+00 -4.958121e-01 1.231730e+00 1.713607e+00 -1.767346e-02 -4.759201e-02 7.757598e-02 1.380720e-02 3.368108e-02 7.027929e-02 3.770645e-02 -3.343127e-02 5.411394e-02 3.239585e-02 2.224735e-02 4.196672e-02 7.037241e-02 2.149659e-02 3.459003e-02 3.758550e-02 3.687530e-02 6.787261e-02 3.589753e-02 7.132141e-02 9.063701e-02 4.879906e-02 6.801930e-02 2.301043e-02 4.466377e-03 -4.491547e-03
<VARIANCE> 39
 2.576107e+01 2.183815e+01 2.724553e+01 3.733198e+01 2.819176e+01 4.531407e+01 2.784178e+01 3.236369e+01 5.074316e+01 5.398480e+01 3.766396e+01 2.770164e+01 1.815565e+01 7.401099e-01 7.562472e-01 9.848879e-01 1.400100e+00 1.431002e+00 1.977053e+00 1.633231e+00 1.964570e+00 2.182719e+00 2.034990e+00 2.103724e+00 1.634660e+00 4.553241e-01 1.382569e-01 1.336513e-01 1.832684e-01 2.557722e-01 2.870972e-01 3.914237e-01 3.324179e-01 3.664744e-01 4.263518e-01 3.960658e-01 4.160956e-01 3.151222e-01 7.951808e-02
<GCONST> 1.028570e+02
<MIXTURE> 2 6.863128e-01
<MEAN> 39
 4.456048e+00 9.427240e-01 -1.694702e+00 4.671512e-01 -3.434067e-01 -2.258763e+00 1.592762e+00 3.638984e+00 -2.145726e+00 3.332556e+00 -6.708691e-01 -1.285645e+00 -3.663241e+00 8.118168e-02 5.765518e-02 -7.638992e-02 3.820523e-02 -2.410609e-02 -5.224861e-02 -2.218592e-02 2.709785e-02 -5.751890e-02 5.677219e-03 1.078366e-02 -5.938813e-02 -9.433226e-02 -1.183861e-02 -1.613219e-02 -1.726630e-02 -1.339540e-02 -3.237456e-02 -1.507022e-02 -3.396102e-02 -4.650133e-02 -2.341609e-02 -3.432868e-02 -8.329750e-03 -5.144427e-03 3.679943e-03
<VARIANCE> 39
 1.485229e+01 1.918007e+01 3.497576e+01 4.977243e+01 3.181252e+01 3.270264e+01 2.468280e+01 2.637628e+01 3.583367e+01 3.068534e+01 3.924333e+01 4.169821e+01 1.025707e+01 1.415116e-01 2.976830e-01 4.682169e-01 7.041671e-01 9.110574e-01 1.196546e+00 1.262775e+00 1.347993e+00 1.414935e+00 1.501852e+00 1.212149e+00 1.129871e+00 5.772578e-02 2.348691e-02 5.190236e-02 8.749519e-02 1.260244e-01 1.714767e-01 2.283487e-01 2.389902e-01 2.526032e-01 2.700439e-01 2.919291e-01 2.365566e-01 2.184333e-01 7.665909e-03
<GCONST> 8.186707e+01
<TRANSP> 5
 0.000000e+00 1.000000e+00 0.000000e+00 0.000000e+00 0.000000e+00
 0.000000e+00 9.919258e-01 8.074171e-03 0.000000e+00 0.000000e+00
 0.000000e+00 0.000000e+00 9.842902e-01 1.570974e-02 0.000000e+00
 0.000000e+00 0.000000e+00 0.000000e+00 9.945207e-01 5.479297e-03
 0.000000e+00 0.000000e+00 0.000000e+00 0.000000e+00 0.000000e+00
<ENDHMM>
~h "pw"
<BEGINHMM>
<NUMSTATES> 5
<STATE> 2
<NUMMIXES> 2
<MIXTURE> 1 6.640847e-01
<MEAN> 39
 -1.505150e-01 1.455281e+00 2.602416e-01 2.494983e-01 7.380432e-01 1.418314e+00 1.024010e+00 1.085156e+00 5.691102e-01 3.416186e-01 1.429473e-01 -2.606488e-01 -1.954010e+00 1.370898e-01 1.987527e-01 1.850114e-02 2.366232e-03 4.929775e-02 9.985066e-02 8.175528e-02 8.415332e-02 2.068866e-02 4.343616e-02 2.162172e-02 1.462361e-02 -2.398713e-01 -3.407317e-02 -1.344507e-02 4.310290e-03 -1.746143e-03 -3.732553e-02 -5.802918e-02 -2.808807e-02 -1.515554e-02 -2.032575e-02 -3.964595e-03 -1.683171e-02 1.886307e-02 3.170311e-02
<VARIANCE> 39
 1.183722e+01 1.564051e+01 8.846231e+00 9.550027e+00 1.167361e+01 1.251724e+01 1.425941e+01 1.655003e+01 1.506552e+01 1.392265e+01 1.362284e+01 1.159514e+01 1.507475e+01 2.904196e-01 3.892263e-01 5.083081e-01 7.338032e-01 9.352911e-01 1.112352e+00 1.252701e+00 1.389454e+00 1.442902e+00 1.337386e+00 1.358362e+00 1.196014e+00 1.665787e-01 4.657841e-02 7.070124e-02 1.007692e-01 1.463135e-01 1.832283e-01 2.253923e-01 2.552836e-01 2.858963e-01 2.979187e-01 2.697406e-01 2.853426e-01 2.440243e-01 2.274515e-02
<GCONST> 7.697585e+01
<MIXTURE> 2 3.359137e-01
<MEAN> 39
 -2.327234e+00 -6.321559e-01 1.792877e-01 1.206207e-01 -3.515566e-01 -6.635901e-01 -4.196464e-02 1.861428e-01 -7.247437e-02 -6.969079e-02 -4.293064e-01 2.200610e-01 1.496200e+00 -2.939845e-01 -4.183680e-01 -2.615050e-02 -4.451446e-03 -1.047525e-01 -2.237106e-01 -1.626025e-01 -1.832849e-01 -4.539174e-02 -8.766124e-02 -4.536818e-02 -2.429159e-02 5.186768e-01 6.620330e-02 2.139137e-02 -1.519798e-02 1.888385e-03 6.541198e-02 1.066700e-01 4.807455e-02 2.568634e-02 3.629624e-02 1.111777e-02 2.935991e-02 -3.645718e-02 -5.250077e-02
<VARIANCE> 39
 1.687866e+01 2.459943e+01 1.387042e+01 1.426406e+01 1.770978e+01 2.191005e+01 2.056589e+01 2.070905e+01 1.817447e+01 1.705004e+01 1.530949e+01 1.384108e+01 2.795972e+01 1.011046e+00 1.262204e+00 1.127953e+00 1.259168e+00 1.552422e+00 1.942457e+00 1.829706e+00 1.773485e+00 1.820147e+00 1.682947e+00 1.677644e+00 1.375367e+00 1.080003e+00 1.815213e-01 2.493447e-01 2.118302e-01 2.486158e-01 3.055476e-01 3.931096e-01 3.744139e-01 3.499982e-01 3.654784e-01 3.352251e-01 3.364837e-01 2.820674e-01 2.168723e-01
<GCONST> 9.816649e+01
<STATE> 3
<NUMMIXES> 2
<MIXTURE> 1 7.523856e-01
<MEAN> 39
 1.433251e+00 -3.010451e+00 -1.137885e+00 -4.532484e-01 -5.553152e-01 -2.468431e+00 -2.509425e+00 -3.531705e+00 -1.921765e+00 -1.334966e+00 -1.211492e-03 2.133831e-01 4.768044e+00 1.464556e-01 2.347827e-01 6.900580e-02 9.117799e-02 1.548470e-01 2.013311e-01 1.154600e-01 1.331690e-01 9.350998e-03 4.711387e-02 2.110471e-02 3.828704e-02 -7.123327e-01 -2.563646e-02 2.145048e-02 1.436777e-02 5.088411e-03 -1.864969e-02 -1.689275e-02 1.275101e-02 4.056623e-02 3.016685e-02 2.161188e-02 -2.002710e-02 -4.984380e-04 1.084326e-02
<VARIANCE> 39
 1.355021e+01 2.345390e+01 1.156112e+01 1.118142e+01 1.343354e+01 1.998212e+01 2.032680e+01 2.372491e+01 1.712475e+01 1.459334e+01 1.322379e+01 1.210544e+01 6.164914e+01 2.108669e-01 3.358813e-01 4.573486e-01 6.375241e-01 8.971898e-01 1.045528e+00 1.197922e+00 1.429835e+00 1.419692e+00 1.292229e+00 1.212029e+00 1.118972e+00 1.304843e-01 3.677469e-02 6.175751e-02 9.167214e-02 1.254117e-01 1.849382e-01 2.187000e-01 2.457195e-01 2.992651e-01 2.968479e-01 2.662235e-01 2.508178e-01 2.345060e-01 2.364919e-02
<GCONST> 7.877238e+01
<MIXTURE> 2 2.476158e-01
<MEAN> 39
 -7.709154e-01 -1.148368e+00 2.856533e-02 -6.536578e-01 -2.213588e+00 -3.080105e+00 -2.060396e+00 -1.202597e+00 -2.969356e-01 -2.981871e-01 -8.982157e-01 5.333002e-02 6.005624e+00 -3.681539e-01 -8.572215e-01 -2.397147e-01 -2.452064e-01 -4.699143e-01 -7.215184e-01 -5.193565e-01 -5.935032e-01 -1.527652e-01 -2.060928e-01 -4.976581e-02 -7.624673e-02 2.268574e+00 1.031336e-01 -2.213321e-02 -3.474569e-02 -7.008669e-03 1.023132e-01 1.126110e-01 1.310864e-02 -7.787048e-02 -6.740474e-02 -5.203579e-02 7.208987e-02 -1.532779e-02 -1.136308e-01
<VARIANCE> 39
 1.845592e+01 3.266737e+01 1.396319e+01 1.473140e+01 2.278547e+01 3.498828e+01 2.732294e+01 3.061714e+01 1.809936e+01 1.872385e+01 1.657647e+01 1.531207e+01 1.221103e+02 1.493346e+00 2.260033e+00 1.346414e+00 1.407903e+00 2.672673e+00 3.554306e+00 2.783445e+00 2.595253e+00 1.775051e+00 1.953521e+00 1.817083e+00 1.834091e+00 7.850967e+00 2.620453e-01 4.395156e-01 2.399578e-01 2.708414e-01 5.397395e-01 7.188163e-01 5.401625e-01 4.885313e-01 3.274478e-01 3.844373e-01 3.488708e-01 3.737617e-01 1.915633e+00
<GCONST> 1.129420e+02
<STATE> 4
<NUMMIXES> 2
<MIXTURE> 1 7.096072e-01
<MEAN> 39
 8.479155e-01 1.221946e+00 2.131714e-01 1.466818e-01 5.793636e-01 1.293844e+00 8.559654e-01 8.671023e-01 3.771521e-01 3.522188e-01 2.798210e-01 -5.839740e-02 -2.601425e+00 1.180604e-01 1.784914e-01 7.709295e-03 -3.974853e-03 4.310809e-02 1.176083e-01 9.616801e-02 9.825753e-02 4.365582e-02 4.525760e-02 5.315033e-03 -8.229496e-03 -2.536905e-01 -2.781636e-02 -1.866204e-02 -1.816420e-03 -7.309838e-03 -4.032273e-02 -5.497102e-02 -2.883098e-02 -8.721489e-03 -8.257332e-03 -7.729068e-03 -1.877399e-02 9.908712e-03 3.349023e-02
<VARIANCE> 39
 1.171476e+01 1.425665e+01 8.840961e+00 9.459592e+00 1.144402e+01 1.443847e+01 1.458678e+01 1.742234e+01 1.571896e+01 1.439538e+01 1.326546e+01 1.222718e+01 1.512705e+01 2.958387e-01 3.980601e-01 5.128687e-01 7.186816e-01 9.634613e-01 1.182611e+00 1.277798e+00 1.403861e+00 1.440279e+00 1.402259e+00 1.312827e+00 1.209304e+00 1.779428e-01 4.732658e-02 7.249594e-02 9.858783e-02 1.410512e-01 1.882416e-01 2.351606e-01 2.549319e-01 2.821108e-01 2.898108e-01 2.896704e-01 2.659613e-01 2.456378e-01 2.407980e-02
<GCONST> 7.747830e+01
<MIXTURE> 2 2.904066e-01
<MEAN> 39
 -1.436269e+00 -1.928392e+00 -1.394059e-01 -2.429716e-01 -1.154907e+00 -1.984109e+00 -1.026429e+00 -7.458444e-01 -1.360429e-01 -2.262584e-01 -4.041595e-01 1.480644e-01 3.107569e+00 -2.669317e-01 -4.200703e-01 -1.421529e-02 -6.390807e-04 -9.993599e-02 -2.509490e-01 -2.015511e-01 -2.018150e-01 -7.865618e-02 -9.748898e-02 -7.433976e-03 4.410770e-03 5.682020e-01 7.015465e-02 4.136251e-02 3.463714e-03 1.510955e-02 9.499438e-02 1.310842e-01 6.484059e-02 1.366436e-02 1.457822e-02 1.653286e-02 4.699028e-02 -2.291998e-02 -7.873128e-02
<VARIANCE> 39
 1.867953e+01 2.510966e+01 1.515766e+01 1.428006e+01 1.730520e+01 2.358742e+01 2.260954e+01 2.720912e+01 2.063250e+01 1.850237e+01 1.605940e+01 1.499774e+01 4.466162e+01 1.036877e+00 1.428047e+00 1.027023e+00 1.176016e+00 1.574685e+00 2.071333e+00 1.855454e+00 1.916581e+00 1.750265e+00 1.758060e+00 1.662502e+00 1.477281e+00 2.142954e+00 1.823495e-01 2.615508e-01 1.866126e-01 2.284074e-01 3.078535e-01 4.163240e-01 3.765147e-01 3.897227e-01 3.614429e-01 3.604604e-01 3.388588e-01 3.096673e-01 3.740719e-01
<GCONST> 1.012363e+02
<TRANSP> 5
 0.000000e+00 1.000000e+00 0.000000e+00 0.000000e+00 0.000000e+00
 0.000000e+00 9.939542e-01 6.045813e-03 0.000000e+00 0.000000e+00
 0.000000e+00 0.000000e+00 9.890410e-01 1.095896e-02 0.000000e+00
 0.000000e+00 0.000000e+00 0.000000e+00 9.971543e-01 2.845678e-03
 0.000000e+00 0.000000e+00 0.000000e+00 0.000000e+00 0.000000e+00
<ENDHMM>
~h "si"
<BEGINHMM>
<NUMSTATES> 5
<STATE> 2
<NUMMIXES> 2
<MIXTURE> 1 7.671873e-01
<MEAN> 39
 6.110498e-01 7.733943e-01 3.044685e-01 4.648761e-01 5.040095e-01 5.965552e-01 3.166802e-01 2.366165e-01 -2.555533e-02 -1.507842e-01 -1.660008e-01 -1.360663e-01 -9.160510e-01 2.577247e-02 4.072260e-02 -5.308440e-03 -3.643547e-03 1.796847e-02 5.071689e-02 3.553832e-02 6.257556e-02 1.793418e-02 1.959808e-02 1.384905e-02 -9.456068e-03 -8.854970e-02 -1.288642e-02 -1.348052e-02 -1.099695e-02 -1.576525e-02 -2.519259e-02 -3.071628e-02 -2.670055e-02 -2.175409e-02 -6.811625e-03 -4.644814e-04 -1.977233e-03 2.718605e-03 1.169681e-02
<VARIANCE> 39
 9.633860e+00 6.695312e+00 7.695160e+00 9.653705e+00 1.231969e+01 1.320956e+01 1.428492e+01 1.624973e+01 1.531458e+01 1.466759e+01 1.389873e+01 1.286140e+01 9.391802e+00 1.664346e-01 2.834464e-01 4.503092e-01 6.673274e-01 8.904954e-01 1.070934e+00 1.229866e+00 1.327731e+00 1.361374e+00 1.364104e+00 1.301980e+00 1.153887e+00 7.685100e-02 2.640072e-02 5.061361e-02 8.542664e-02 1.283951e-01 1.740359e-01 2.084110e-01 2.422489e-01 2.618313e-01 2.717544e-01 2.744887e-01 2.621307e-01 2.324437e-01 9.547773e-03
<GCONST> 7.092802e+01
<MIXTURE> 2 2.328569e-01
<MEAN> 39
 -1.560918e+00 -1.507449e+00 3.820186e-02 -2.858477e-01 -1.443528e+00 -2.092150e+00 -1.405905e+00 -2.241653e+00 -2.563106e-01 -3.137314e-01 -5.001701e-01 3.959705e-01 3.558231e+00 -8.692225e-02 -1.419954e-01 -2.760613e-02 -4.835680e-02 -1.007661e-01 -1.520317e-01 -8.246279e-02 -1.310757e-01 -2.387366e-02 -7.069687e-03 -1.126670e-02 2.139087e-02 1.877446e-01 4.363478e-02 4.345836e-02 3.241576e-02 4.854070e-02 8.100997e-02 1.013154e-01 8.543305e-02 7.102663e-02 2.366289e-02 6.030184e-03 1.147574e-02 -8.058641e-03 -4.027423e-02
<VARIANCE> 39
 2.105980e+01 2.164865e+01 1.834443e+01 1.889858e+01 2.562222e+01 2.445224e+01 2.391453e+01 2.580411e+01 2.177737e+01 2.149161e+01 2.004941e+01 1.701289e+01 2.340850e+01 7.299268e-01 9.947382e-01 8.860154e-01 1.125617e+00 1.436361e+00 1.737024e+00 1.728480e+00 1.807022e+00 1.699199e+00 1.696525e+00 1.597214e+00 1.367160e+00 7.789344e-01 1.172913e-01 1.749066e-01 1.672559e-01 2.218120e-01 2.786709e-01 3.473205e-01 3.473079e-01 3.622253e-01 3.448417e-01 3.462822e-01 3.231298e-01 2.745832e-01 1.242957e-01
<GCONST> 9.674580e+01
<STATE> 3
<NUMMIXES> 2
<MIXTURE> 1 4.850904e-01
<MEAN> 39
 6.127981e-01 -2.900505e-01 -6.066365e-01 -9.444364e-01 -7.241369e-01 -4.110091e-01 -7.986396e-01 -2.321566e-01 -6.475996e-01 -3.137971e-01 -9.473966e-02 -3.767006e-01 -1.000104e+00 6.364501e-02 1.349528e-01 1.990892e-01 2.683724e-01 3.256849e-01 3.427257e-01 3.282443e-01 3.053525e-01 2.528261e-01 1.915323e-01 1.207250e-01 5.653604e-02 9.764024e-03 2.056772e-02 4.839562e-02 7.419939e-02 9.599154e-02 1.105356e-01 1.156705e-01 1.154710e-01 1.106082e-01 9.495434e-02 6.944330e-02 4.258130e-02 1.952047e-02 9.751446e-03
<VARIANCE> 39
 3.057288e+00 3.956036e+00 6.182411e+00 7.680332e+00 1.098249e+01 1.202676e+01 1.278921e+01 1.444909e+01 1.407120e+01 1.436768e+01 1.388529e+01 1.236857e+01 1.850991e+00 1.225541e-01 2.474363e-01 4.235201e-01 5.988871e-01 8.219396e-01 9.773384e-01 1.131002e+00 1.283776e+00 1.320152e+00 1.385611e+00 1.305206e+00 1.140487e+00 3.966512e-02 2.406528e-02 5.122813e-02 9.081768e-02 1.308170e-01 1.785603e-01 2.124357e-01 2.411875e-01 2.724191e-01 2.752078e-01 2.919298e-01 2.751543e-01 2.370444e-01 7.141015e-03
<GCONST> 6.494537e+01
<MIXTURE> 2 5.148897e-01
<MEAN> 39
 8.389545e-01 4.043680e-01 3.698234e-01 3.931145e-01 8.683767e-01 1.214688e+00 8.110651e-01 1.292705e+00 5.506286e-01 5.356924e-01 4.618150e-01 -1.300788e-01 -9.986855e-01 -6.496555e-02 -1.230462e-01 -2.023305e-01 -2.602511e-01 -3.099498e-01 -3.192630e-01 -3.071165e-01 -2.753763e-01 -2.382943e-01 -1.781061e-01 -1.092025e-01 -5.073043e-02 -2.483895e-02 -2.344205e-02 -4.509426e-02 -6.820335e-02 -8.807315e-02 -1.039625e-01 -1.115287e-01 -1.100838e-01 -1.076600e-01 -9.019510e-02 -6.770469e-02 -4.264098e-02 -1.710157e-02 -4.348356e-03
<VARIANCE> 39
 2.995608e+00 3.622842e+00 5.345887e+00 6.866475e+00 9.895468e+00 1.112399e+01 1.201968e+01 1.345860e+01 1.359600e+01 1.369814e+01 1.289708e+01 1.133459e+01 1.835674e+00 1.290541e-01 2.502165e-01 4.169738e-01 5.951573e-01 8.159825e-01 9.864909e-01 1.144063e+00 1.267901e+00 1.325801e+00 1.383762e+00 1.308260e+00 1.123447e+00 4.365253e-02 2.346275e-02 4.829828e-02 8.272025e-02 1.204888e-01 1.700135e-01 2.050146e-01 2.365036e-01 2.617190e-01 2.742986e-01 2.836399e-01 2.648854e-01 2.250996e-01 7.381264e-03
<GCONST> 6.364795e+01
<STATE> 4
<NUMMIXES> 2
<MIXTURE> 1 7.626967e-01
<MEAN> 39
 -8.181692e-01 1.713127e-01 -4.419759e-02 1.613816e-01 4.828166e-03 -1.212213e-01 2.979687e-01 -6.131572e-02 2.456727e-01 1.120039e-01 -4.245490e-03 2.287228e-01 2.895265e-01 5.820379e-02 8.222415e-02 2.555140e-03 9.083590e-03 1.903641e-02 5.193470e-02 1.318677e-02 4.009755e-02 3.226180e-03 1.252979e-02 6.352831e-03 -1.740455e-02 -1.132010e-01 -1.496474e-02 -1.312505e-02 -6.025615e-03 -1.047937e-02 -1.897934e-02 -2.354875e-02 -1.800123e-02 -1.578803e-02 -6.532867e-03 6.802542e-04 -1.919201e-03 3.205149e-03 1.944852e-02
<VARIANCE> 39
 9.801442e+00 9.615909e+00 8.194904e+00 1.060885e+01 1.291098e+01 1.443743e+01 1.576069e+01 1.742241e+01 1.618507e+01 1.529577e+01 1.417021e+01 1.312986e+01 1.163746e+01 2.272410e-01 3.392711e-01 4.989347e-01 7.176140e-01 9.324681e-01 1.142694e+00 1.308713e+00 1.394539e+00 1.435195e+00 1.423608e+00 1.323562e+00 1.189421e+00 1.403246e-01 3.321704e-02 5.998449e-02 9.366113e-02 1.373078e-01 1.806535e-01 2.237807e-01 2.587669e-01 2.761197e-01 2.858764e-01 2.852942e-01 2.651478e-01 2.387012e-01 1.554149e-02
<GCONST> 7.515357e+01
<MIXTURE> 2 2.373335e-01
<MEAN> 39
 -3.355127e+00 -2.476776e+00 -5.254788e-01 -3.500920e-01 -1.018251e+00 -2.569046e+00 -6.808342e-01 -1.859555e+00 -9.609068e-02 -1.548120e-01 4.220781e-02 1.173283e+00 5.675648e+00 -2.613359e-01 -2.678280e-01 1.798721e-02 -1.448205e-02 -7.633011e-02 -2.212748e-01 -6.864998e-02 -1.934451e-01 1.091271e-03 -3.946993e-02 -5.566629e-03 9.506530e-02 5.342696e-01 5.814308e-02 4.072684e-02 2.188718e-02 3.260203e-02 6.239813e-02 8.096070e-02 6.002076e-02 5.365244e-02 2.109252e-02 -2.035898e-03 7.022911e-03 -1.566170e-02 -6.244465e-02
<VARIANCE> 39
 2.557251e+01 2.950346e+01 1.851359e+01 1.971456e+01 2.429367e+01 2.496147e+01 2.568805e+01 3.046901e+01 2.473702e+01 2.162629e+01 2.092616e+01 1.981992e+01 4.645745e+01 1.275278e+00 1.363416e+00 1.071422e+00 1.328494e+00 1.653229e+00 1.955472e+00 1.973688e+00 2.153189e+00 1.971733e+00 1.837098e+00 1.723992e+00 1.521256e+00 2.040693e+00 2.125308e-01 2.383747e-01 1.936272e-01 2.547242e-01 3.141116e-01 3.838103e-01 3.868868e-01 4.274611e-01 3.950651e-01 3.686429e-01 3.458005e-01 3.065968e-01 3.474904e-01
<GCONST> 1.047779e+02
<TRANSP> 5
 0.000000e+00 1.000000e+00 0.000000e+00 0.000000e+00 0.000000e+00
 0.000000e+00 9.892880e-01 1.071203e-02 0.000000e+00 0.000000e+00
 0.000000e+00 0.000000e+00 9.914013e-01 8.598664e-03 0.000000e+00
 0.000000e+00 0.000000e+00 0.000000e+00 9.849907e-01 1.500927e-02
 0.000000e+00 0.000000e+00 0.000000e+00 0.000000e+00 0.000000e+00
<ENDHMM>
~h "st"
<BEGINHMM>
<NUMSTATES> 5
<STATE> 2
<NUMMIXES> 2
<MIXTURE> 1 6.966263e-01
<MEAN> 39
 -7.173373e-01 -3.206985e+00 1.375828e+00 -3.163879e+00 -1.590122e+00 -4.786379e+00 -2.586685e+00 -4.860304e-01 8.799680e-02 -7.424559e-01 1.239061e-01 1.424128e-01 7.803274e+00 2.246655e-01 1.254019e-01 1.624308e-01 2.184787e-01 2.348307e-01 3.084091e-01 2.952351e-01 2.496535e-02 7.155758e-02 -2.413920e-02 -4.506212e-02 7.519273e-02 -6.921178e-01 -1.982460e-03 7.695466e-02 -4.558316e-02 7.805767e-02 6.131488e-02 6.661718e-02 -2.988642e-03 -2.281950e-02 -4.588248e-02 -2.856847e-02 -2.990253e-02 -2.120661e-02 -1.118734e-01
<VARIANCE> 39
 1.455723e+01 1.468222e+01 1.245628e+01 1.661599e+01 1.929562e+01 2.244414e+01 1.907125e+01 2.259288e+01 1.781570e+01 1.861587e+01 1.657468e+01 1.311366e+01 4.504571e+01 2.704884e-01 4.185792e-01 6.319506e-01 8.337068e-01 1.110183e+00 1.436983e+00 1.490179e+00 1.822208e+00 1.361712e+00 1.662135e+00 1.464520e+00 1.265504e+00 2.781202e-01 4.565432e-02 1.049995e-01 1.082086e-01 1.652864e-01 2.100021e-01 2.867156e-01 2.751397e-01 3.586657e-01 2.623348e-01 3.158850e-01 2.799344e-01 2.274658e-01 1.379030e-01
<GCONST> 8.658984e+01
<MIXTURE> 2 3.033737e-01
<MEAN> 39
 -1.315570e+00 -1.283141e+00 -4.597377e-01 -1.756581e+00 -1.049190e+00 -2.676184e+00 -2.015230e+00 5.069198e-01 5.765125e-01 -2.811230e-01 2.151483e-01 -1.907690e-01 4.733617e+00 -6.568810e-01 -1.140730e+00 2.219159e-01 -1.055599e+00 -7.894049e-01 -1.475250e+00 -8.625631e-01 -2.323052e-01 -1.251463e-01 -1.436445e-01 1.110566e-02 -2.637820e-02 2.948113e+00 1.698738e-01 8.309754e-02 5.586806e-02 1.222570e-01 1.150745e-01 2.468258e-01 2.347949e-01 5.976503e-02 6.026271e-02 1.276771e-01 1.808671e-02 5.513951e-02 -3.667320e-01
<VARIANCE> 39
 1.947865e+01 2.202475e+01 1.375183e+01 2.624719e+01 2.339494e+01 3.786642e+01 3.172983e+01 2.608073e+01 1.720386e+01 1.824882e+01 2.078909e+01 1.598627e+01 8.778969e+01 1.858595e+00 1.821355e+00 1.601242e+00 2.151260e+00 2.657974e+00 3.340539e+00 3.144483e+00 2.925210e+00 1.835912e+00 2.365607e+00 2.609495e+00 1.715809e+00 4.395937e+00 2.639067e-01 3.476453e-01 2.747550e-01 4.108056e-01 4.379552e-01 6.451688e-01 6.042778e-01 5.337442e-01 2.984397e-01 3.777633e-01 4.390507e-01 2.878559e-01 1.321447e+00
<GCONST> 1.135320e+02
<STATE> 3
<NUMMIXES> 2
<MIXTURE> 1 7.475330e-01
<MEAN> 39
 5.796717e-01 9.825210e-03 2.612704e-01 4.411483e-01 3.794567e-01 2.764459e-01 1.965840e-01 -1.131727e-01 -1.802573e-01 -8.488286e-02 -1.064150e-01 3.343461e-02 -8.100532e-01 1.194712e-01 1.226654e-01 -2.615105e-02 1.825179e-01 1.316678e-01 1.740677e-01 8.266797e-02 2.339584e-02 -2.029979e-02 1.783718e-02 -7.479834e-03 1.914858e-03 -4.831769e-01 -9.529697e-03 -1.234831e-02 -1.376146e-02 -2.007015e-02 -2.590512e-02 -2.607347e-02 -2.213055e-02 -1.445856e-03 -6.954675e-04 2.684609e-03 6.716433e-03 -3.705872e-03 2.877231e-02
<VARIANCE> 39
 1.283082e+01 1.299751e+01 1.098412e+01 1.609472e+01 1.500174e+01 1.930129e+01 1.618991e+01 1.745387e+01 1.756749e+01 1.697977e+01 1.472493e+01 1.361079e+01 3.158054e+01 2.217929e-01 3.307969e-01 5.020055e-01 6.990383e-01 8.919865e-01 1.101528e+00 1.241676e+00 1.373903e+00 1.387162e+00 1.447006e+00 1.406134e+00 1.242288e+00 1.851359e-01 3.461208e-02 5.953082e-02 9.807149e-02 1.386035e-01 1.776226e-01 2.231678e-01 2.567090e-01 2.828345e-01 2.858413e-01 2.979387e-01 2.938418e-01 2.555520e-01 1.698653e-02
<GCONST> 7.869581e+01
<MIXTURE> 2 2.524743e-01
<MEAN> 39
 -1.320385e+00 5.387453e-02 -4.948274e-01 -1.320096e+00 -1.177300e+00 -8.366788e-01 -6.745407e-01 2.236864e-01 4.326202e-01 2.645643e-01 2.381320e-01 -9.792130e-02 2.223531e+00 -3.575359e-01 -3.181575e-01 7.161392e-02 -5.153996e-01 -3.911962e-01 -4.648331e-01 -2.196633e-01 -6.118197e-02 5.301537e-02 -4.709796e-02 1.993341e-02 -3.386368e-04 1.339675e+00 2.879340e-02 3.491888e-02 3.498512e-02 5.638534e-02 7.175344e-02 7.141785e-02 5.964531e-02 5.139924e-03 6.149625e-04 -4.216878e-03 -1.179684e-02 1.139574e-02 -8.252489e-02
<VARIANCE> 39
 1.765318e+01 1.951256e+01 1.495058e+01 2.628214e+01 2.598736e+01 2.709465e+01 2.246816e+01 2.160715e+01 2.044445e+01 1.969386e+01 1.708329e+01 1.532587e+01 6.687999e+01 1.581603e+00 1.561996e+00 1.364876e+00 2.311009e+00 2.436690e+00 2.590378e+00 2.323067e+00 2.194829e+00 2.170849e+00 2.043687e+00 1.893190e+00 1.618545e+00 3.994069e+00 2.705012e-01 2.643985e-01 2.462088e-01 4.569309e-01 4.878144e-01 5.268296e-01 4.611702e-01 4.424442e-01 4.257940e-01 4.143047e-01 3.869681e-01 3.272965e-01 9.141101e-01
<GCONST> 1.098608e+02
<STATE> 4
<NUMMIXES> 2
<MIXTURE> 1 7.238164e-01
<MEAN> 39
 -2.568850e-03 5.215223e-01 -4.256122e-02 1.101737e+00 9.246032e-01 1.236326e+00 8.250272e-01 1.999596e-01 6.748408e-03 1.285910e-01 1.059496e-01 9.783154e-02 -1.517001e+00 2.589924e-02 7.316630e-02 -7.371230e-03 8.715094e-02 8.438217e-02 1.494352e-01 8.502092e-02 3.534780e-02 1.407022e-03 1.751728e-02 7.008462e-03 -6.921112e-03 -1.797682e-01 -7.904300e-03 -1.767868e-02 -1.445690e-02 -4.284531e-02 -4.784978e-02 -5.089506e-02 -3.777992e-02 -9.869110e-03 -4.529534e-03 -7.108926e-03 -9.750626e-03 -3.259560e-03 2.533324e-02
<VARIANCE> 39
 5.147858e+00 5.116493e+00 6.851275e+00 9.143050e+00 1.160525e+01 1.328308e+01 1.366494e+01 1.476348e+01 1.444549e+01 1.437983e+01 1.315683e+01 1.175585e+01 6.538749e+00 1.917158e-01 3.009363e-01 4.777384e-01 6.920600e-01 9.327964e-01 1.115817e+00 1.233274e+00 1.372326e+00 1.432791e+00 1.454079e+00 1.348321e+00 1.162466e+00 1.035155e-01 3.040795e-02 5.277487e-02 9.067996e-02 1.284831e-01 1.804312e-01 2.203460e-01 2.466589e-01 2.740696e-01 2.895332e-01 3.000982e-01 2.711715e-01 2.371421e-01 1.223585e-02
<GCONST> 7.081122e+01
<MIXTURE> 2 2.761924e-01
<MEAN> 39
 -1.552135e-01 -7.475442e-01 -3.918770e-01 -2.138945e+00 -1.985788e+00 -2.109364e+00 -1.420635e+00 -3.610689e-01 2.186443e-02 -1.888745e-01 -2.399894e-01 -2.685628e-01 2.310287e+00 -6.982473e-02 -1.655593e-01 -1.313474e-02 -2.081409e-01 -1.863361e-01 -3.182020e-01 -1.897547e-01 -9.677766e-02 -2.701306e-03 -4.085616e-02 -1.691938e-02 2.286742e-02 4.030905e-01 2.113585e-02 4.190016e-02 3.933104e-02 1.038935e-01 1.188322e-01 1.324035e-01 9.917878e-02 3.027421e-02 1.974406e-02 2.088616e-02 2.392759e-02 1.198933e-02 -6.004844e-02
<VARIANCE> 39
 1.243675e+01 1.383642e+01 1.333345e+01 1.860789e+01 1.939377e+01 2.264126e+01 2.089853e+01 2.132704e+01 1.855988e+01 1.648324e+01 1.549905e+01 1.435417e+01 2.014566e+01 8.033959e-01 1.022098e+00 1.029499e+00 1.671034e+00 1.769172e+00 2.071411e+00 1.963619e+00 1.901156e+00 1.806200e+00 1.615881e+00 1.531310e+00 1.507572e+00 1.269944e+00 1.390374e-01 1.871093e-01 1.978150e-01 3.071139e-01 3.375101e-01 4.051923e-01 3.807788e-01 3.882897e-01 3.755741e-01 3.254004e-01 3.187049e-01 3.108414e-01 2.234656e-01
<GCONST> 9.749915e+01
<TRANSP> 5
 0.000000e+00 1.000000e+00 0.000000e+00 0.000000e+00 0.000000e+00
 0.000000e+00 8.769983e-01 1.230017e-01 0.000000e+00 0.000000e+00
 0.000000e+00 0.000000e+00 9.918178e-01 8.182231e-03 0.000000e+00
 0.000000e+00 0.000000e+00 0.000000e+00 9.908879e-01 9.112056e-03
 0.000000e+00 0.000000e+00 0.000000e+00 0.000000e+00 0.000000e+00
<ENDHMM>
~h "spe"
<BEGINHMM>
<NUMSTATES> 5
<STATE> 2
<NUMMIXES> 2
<MIXTURE> 1 4.820281e-01
<MEAN> 39
 -1.505662e+00 2.513472e+00 3.671671e-01 2.028733e+00 1.055001e+00 1.807451e+00 2.214712e+00 6.105025e-01 -2.000330e-01 7.284985e-01 1.601359e+00 8.668173e-01 -3.986554e-01 -6.936447e-02 1.463432e-01 6.285405e-02 1.092560e-01 6.095437e-02 1.961772e-01 1.038372e-02 -5.950622e-02 4.513057e-03 1.145865e-01 1.542931e-01 6.594849e-02 -2.104659e-01 6.120833e-03 -4.413474e-02 -2.629724e-02 -3.134468e-02 -4.598698e-02 -6.244078e-02 -4.281518e-02 5.717398e-03 -6.466229e-03 -1.980043e-02 -3.198680e-02 -3.369908e-02 7.121014e-03
<VARIANCE> 39
 3.515361e+01 1.937974e+01 6.126133e+01 7.447765e+01 3.860549e+01 4.834715e+01 3.848048e+01 3.604803e+01 2.999472e+01 2.958517e+01 2.929205e+01 2.281210e+01 4.410115e+01 3.717321e-01 4.758671e-01 7.945878e-01 1.089360e+00 1.270526e+00 1.390288e+00 1.412191e+00 1.485794e+00 1.578996e+00 1.403125e+00 1.573359e+00 1.292422e+00 2.295556e-01 5.780759e-02 8.211835e-02 1.501537e-01 1.880652e-01 2.503178e-01 2.854789e-01 2.881640e-01 2.878640e-01 2.889196e-01 2.798702e-01 3.013085e-01 2.528379e-01 2.959652e-02
<GCONST> 9.528498e+01
<MIXTURE> 2 5.179710e-01
<MEAN> 39
 8.884555e-01 -2.027967e+00 3.808599e-01 -3.704428e+00 -1.738554e+00 -1.786640e+00 -1.788633e+00 1.972092e-01 3.516522e-01 -5.184874e-02 -1.196742e+00 -7.076936e-01 1.856963e+00 1.407073e-01 -4.144115e-01 5.930530e-02 -3.089949e-01 -1.655633e-01 -2.973473e-01 -1.707364e-01 1.367121e-01 6.589198e-02 4.049611e-02 -2.043130e-01 -1.450776e-01 5.736443e-01 -1.215302e-02 3.387873e-02 1.936819e-02 6.409193e-02 5.422112e-02 5.888441e-02 4.083607e-02 -3.046321e-02 -1.138315e-02 5.686118e-03 1.237522e-02 4.309060e-02 -2.213862e-02
<VARIANCE> 39
 2.168000e+01 3.599617e+01 6.761765e+01 4.577075e+01 4.825864e+01 5.066948e+01 4.673831e+01 6.788927e+01 4.291704e+01 3.856395e+01 3.377515e+01 3.334774e+01 1.724522e+01 1.184328e+00 1.901004e+00 2.285102e+00 2.723837e+00 3.058042e+00 2.943155e+00 3.136430e+00 3.954923e+00 3.677422e+00 2.967213e+00 2.690369e+00 2.438742e+00 7.361054e-01 1.506926e-01 2.717298e-01 2.887604e-01 4.198566e-01 4.425917e-01 5.173706e-01 4.941327e-01 6.555733e-01 6.210878e-01 5.225732e-01 4.831683e-01 4.594631e-01 1.066591e-01
<GCONST> 1.180694e+02
<STATE> 3
<NUMMIXES> 2
<MIXTURE> 1 4.316627e-01
<MEAN> 39
 -2.353521e+00 2.753727e+00 1.070890e+00 1.036357e+00 -4.488140e-01 -2.594030e+00 1.052387e-02 -1.118509e+00 -1.027875e+00 -6.560072e-01 6.703945e-01 1.541397e+00 9.465753e-01 -1.114475e-01 -5.317310e-02 5.387700e-04 -1.464984e-01 -2.318131e-01 -1.103516e-01 7.391220e-02 1.027550e-01 1.733385e-01 1.359061e-01 7.593362e-02 -2.110572e-02 1.409579e-01 5.238386e-02 -6.834948e-02 1.488674e-03 -3.454592e-02 1.457856e-02 7.148661e-02 -3.742739e-03 3.554071e-02 5.376390e-03 1.151137e-02 -3.701443e-02 -8.964656e-02 2.320200e-02
<VARIANCE> 39
 2.336602e+01 2.505179e+01 3.954366e+01 2.385511e+01 4.644764e+01 3.497401e+01 2.745407e+01 3.175953e+01 2.610855e+01 2.732154e+01 2.390698e+01 2.359772e+01 8.422378e+00 1.060947e+00 1.348933e+00 1.526790e+00 1.375549e+00 2.340173e+00 2.062923e+00 1.834985e+00 2.197905e+00 2.019006e+00 2.152294e+00 1.897467e+00 1.971201e+00 2.750465e-01 1.210027e-01 1.675193e-01 2.052230e-01 2.191104e-01 3.645878e-01 3.514861e-01 3.439988e-01 3.997607e-01 3.795574e-01 4.255402e-01 3.504907e-01 3.393300e-01 3.792192e-02
<GCONST> 1.014019e+02
<MIXTURE> 2 5.683384e-01
<MEAN> 39
 2.402668e+00 -2.975392e+00 6.352150e-01 -1.815209e+00 -1.075698e+00 9.243245e-01 -1.935839e+00 -1.169984e-01 -7.930822e-01 -2.575379e-01 -1.190481e+00 -2.537638e+00 2.511976e+00 3.372069e-02 1.216195e-01 -3.613465e-02 1.951825e-01 2.124578e-01 7.870527e-02 -1.170533e-02 -1.253623e-01 -1.463244e-01 -1.343338e-01 -5.856095e-02 2.658585e-02 -1.798451e-01 -4.079840e-02 5.671064e-02 -5.890046e-03 2.902217e-02 -8.277684e-03 -5.088058e-02 1.833508e-02 -1.919703e-02 1.811580e-03 -4.647950e-03 3.056508e-02 7.089489e-02 -2.814612e-02
<VARIANCE> 39
 5.743355e+00 2.038188e+01 4.538906e+01 2.590790e+01 4.780811e+01 3.421933e+01 2.626410e+01 3.862870e+01 3.067119e+01 2.832362e+01 3.446367e+01 2.603008e+01 1.262939e+01 1.835305e-01 4.720722e-01 6.727027e-01 8.600160e-01 1.287320e+00 1.368736e+00 1.389681e+00 1.700195e+00 1.562617e+00 1.567127e+00 1.579665e+00 1.515627e+00 1.295539e-01 3.075423e-02 7.183336e-02 1.118819e-01 1.548890e-01 2.423640e-01 2.448229e-01 2.677647e-01 3.236655e-01 3.197873e-01 3.054854e-01 3.076446e-01 2.824355e-01 1.487773e-02
<GCONST> 8.767445e+01
<STATE> 4
<NUMMIXES> 2
<MIXTURE> 1 5.511138e-01
<MEAN> 39
 -1.164824e+00 1.308006e+00 -2.126411e+00 2.030768e+00 2.826227e+00 2.082885e+00 3.227997e+00 6.819714e-01 7.580404e-01 5.753813e-01 9.581093e-01 1.716508e+00 -3.717782e+00 -1.477509e-02 2.579983e-02 -4.030941e-02 7.243926e-02 6.750785e-02 1.183274e-01 1.229593e-01 5.036219e-02 2.805421e-02 3.430573e-02 6.155474e-02 7.958050e-02 -1.061923e-01 1.062156e-02 -6.406480e-03 1.559775e-02 -2.665591e-02 -4.180802e-02 -3.887675e-02 -4.968359e-02 -1.919253e-02 -1.517890e-02 -1.207241e-02 -1.299535e-02 -2.864845e-02 2.342755e-02
<VARIANCE> 39
 8.434853e+00 8.484068e+00 1.336752e+01 1.162307e+01 1.656216e+01 2.038092e+01 1.848246e+01 1.947459e+01 1.874072e+01 1.846609e+01 1.681727e+01 1.540842e+01 4.213920e+00 1.823230e-01 3.108947e-01 5.301860e-01 6.968008e-01 9.292235e-01 1.194492e+00 1.258741e+00 1.451648e+00 1.430318e+00 1.402066e+00 1.427485e+00 1.288103e+00 6.957261e-02 3.007882e-02 5.534440e-02 9.891062e-02 1.337932e-01 1.811051e-01 2.336698e-01 2.424550e-01 2.841972e-01 2.759607e-01 2.707084e-01 2.812902e-01 2.481937e-01 9.391142e-03
<GCONST> 7.453941e+01
<MIXTURE> 2 4.488895e-01
<MEAN> 39
 1.104860e+00 -1.059471e+00 1.486250e+00 -1.453047e+00 -2.360955e+00 -1.822864e+00 -2.695920e+00 -3.187854e-01 1.143409e-01 -3.060993e-01 -7.651078e-01 -1.191421e+00 2.079880e+00 2.923122e-02 -4.242657e-02 3.340396e-02 -7.064905e-02 -5.534036e-02 -1.059484e-01 -1.330807e-01 -3.523431e-02 -2.597700e-02 -2.941464e-02 -6.044195e-02 -8.396934e-02 9.079851e-02 -1.444857e-02 8.376830e-03 -1.817026e-02 3.232343e-02 5.166736e-02 5.063845e-02 5.790562e-02 2.209406e-02 1.691758e-02 1.565056e-02 1.525658e-02 3.436781e-02 -2.713035e-02
<VARIANCE> 39
 1.112770e+01 2.785171e+01 4.361800e+01 2.658923e+01 5.370714e+01 3.559065e+01 3.290716e+01 3.650395e+01 3.386300e+01 3.093150e+01 3.571216e+01 2.634339e+01 1.075806e+01 3.980726e-01 9.238749e-01 1.109156e+00 1.320019e+00 1.868880e+00 1.714885e+00 1.833050e+00 1.888361e+00 2.049427e+00 1.845855e+00 1.846774e+00 1.567336e+00 3.755670e-01 5.253264e-02 1.224826e-01 1.501654e-01 2.015924e-01 2.680277e-01 2.875397e-01 3.155231e-01 3.463597e-01 3.855355e-01 3.521167e-01 3.320404e-01 2.949173e-01 3.560454e-02
<GCONST> 9.751779e+01
<TRANSP> 5
 0.000000e+00 1.000000e+00 0.000000e+00 0.000000e+00 0.000000e+00
 0.000000e+00 9.727544e-01 2.724558e-02 0.000000e+00 0.000000e+00
 0.000000e+00 0.000000e+00 9.918756e-01 8.124405e-03 0.000000e+00
 0.000000e+00 0.000000e+00 0.000000e+00 9.956138e-01 4.386258e-03
 0.000000e+00 0.000000e+00 0.000000e+00 0.000000e+00 0.000000e+00
<ENDHMM>
