~o
<STREAMINFO> 1 39
<VECSIZE> 39<NULLD><MFCC_D_A_0><DIAGC>
~h "ap"
<BEGINHMM>
<NUMSTATES> 5
<STATE> 2
<NUMMIXES> 2
<MIXTURE> 1 7.849678e-01
<MEAN> 39
 -1.267969e+01 -9.931239e+00 -4.886761e+00 -1.775246e-01 1.181716e+00 -3.823028e+00 2.172817e+00 -3.511389e+00 -3.117137e+00 -1.035671e+00 7.255996e-01 -1.034496e+00 6.187862e+01 3.313876e-01 2.132693e-01 1.972986e-01 1.098223e-01 2.575029e-01 2.256299e-01 1.475144e-01 1.034817e-01 2.684406e-02 5.392129e-02 9.056644e-02 2.915227e-02 -7.916597e-01 -1.185070e-02 1.297721e-02 1.036508e-04 2.758390e-03 -2.463849e-02 -2.012569e-02 -1.107670e-02 2.253775e-02 1.325555e-02 -1.373425e-03 -8.092962e-03 3.134778e-03 1.625758e-02
<VARIANCE> 39
 2.075616e+01 3.121344e+01 2.701303e+01 2.198482e+01 2.981073e+01 3.152710e+01 2.452809e+01 2.483366e+01 2.128467e+01 1.954921e+01 1.740344e+01 1.528307e+01 7.775683e+01 1.124862e-01 2.394833e-01 3.718503e-01 6.263117e-01 8.951035e-01 1.042498e+00 1.060065e+00 1.194530e+00 1.325438e+00 1.325512e+00 1.269164e+00 1.246606e+00 7.563622e-02 2.073087e-02 4.554714e-02 7.197799e-02 1.223196e-01 1.752614e-01 2.172999e-01 2.060472e-01 2.373048e-01 2.640813e-01 2.797268e-01 2.615094e-01 2.660966e-01 6.888540e-03
<GCONST> 7.906707e+01
<MIXTURE> 2 2.150322e-01
<MEAN> 39
 -1.371840e+01 -7.548805e+00 -4.382471e+00 -9.924576e-02 -1.068670e+00 -4.992196e+00 1.218153e+00 -1.183518e+00 -1.823880e+00 -8.412118e-01 -1.905494e-01 -1.127565e+00 6.325677e+01 -1.268561e+00 -9.977984e-01 -8.472663e-01 -3.599484e-01 -9.779117e-01 -1.019967e+00 -6.234469e-01 -4.351060e-01 -2.089599e-01 -2.846853e-01 -3.628597e-01 -1.269156e-01 3.229817e+00 4.342926e-02 -8.721069e-02 -3.358840e-02 -1.817901e-02 8.596627e-02 3.584657e-02 2.418501e-02 -7.986557e-02 -6.882296e-02 -3.770420e-03 3.293263e-02 -1.343075e-02 2.090231e-02
<VARIANCE> 39
 4.434299e+01 4.163826e+01 2.974233e+01 2.445235e+01 4.556769e+01 5.908300e+01 3.065912e+01 2.455711e+01 2.303944e+01 2.295627e+01 2.138653e+01 1.423664e+01 2.018346e+02 3.734335e+00 3.502014e+00 2.004083e+00 2.062772e+00 3.721613e+00 5.883568e+00 2.781012e+00 2.428509e+00 2.262740e+00 2.468031e+00 2.002177e+00 1.535968e+00 1.651946e+01 8.506517e-01 6.308446e-01 4.018224e-01 3.897855e-01 7.828920e-01 1.207774e+00 5.382243e-01 4.257858e-01 4.213512e-01 4.737726e-01 3.820504e-01 2.937987e-01 4.046488e+00
<GCONST> 1.258347e+02
<STATE> 3
<NUMMIXES> 2
<MIXTURE> 1 7.786809e-01
<MEAN> 39
 -1.046444e+01 -1.682999e+01 -1.020197e+01 1.945402e+00 7.719834e-01 -9.064165e+00 6.444569e-01 -2.561889e+00 -6.324069e+00 -3.581230e+00 6.318224e-01 -1.642897e+00 6.862713e+01 2.823224e-01 1.728598e-01 2.448094e-01 2.351799e-01 3.390151e-01 2.317885e-01 1.452591e-01 4.339636e-02 3.102579e-02 3.951051e-02 7.835211e-02 7.284144e-02 -9.046809e-01 -5.276229e-03 2.391230e-02 1.079207e-02 1.687603e-02 -2.367117e-02 -1.445240e-02 -1.052238e-02 2.215702e-02 1.813053e-02 1.106891e-02 8.766161e-03 2.184953e-02 9.960090e-03
<VARIANCE> 39
 1.040367e+01 1.901776e+01 1.708100e+01 2.216569e+01 3.135512e+01 1.901446e+01 2.619828e+01 2.015409e+01 2.344292e+01 2.203912e+01 1.558276e+01 1.627979e+01 5.751568e+01 8.680423e-02 2.007855e-01 3.004200e-01 5.798825e-01 9.376184e-01 1.036223e+00 9.179370e-01 1.036443e+00 1.460178e+00 1.420482e+00 1.152708e+00 1.576682e+00 3.577371e-02 1.745278e-02 3.935445e-02 6.085198e-02 1.243392e-01 1.952596e-01 2.266232e-01 1.871656e-01 1.941561e-01 3.023959e-01 3.045534e-01 2.318606e-01 3.645618e-01 6.359283e-03
<GCONST> 7.500351e+01
<MIXTURE> 2 2.213195e-01
<MEAN> 39
 -1.142268e+01 -1.527197e+01 -1.001239e+01 2.414288e+00 -1.199552e+00 -1.007096e+01 -9.126604e-01 -1.324621e+00 -4.993165e+00 -3.499745e+00 -1.276585e-01 -1.221785e+00 7.136878e+01 -6.458613e-01 -6.263098e-01 -7.603667e-01 -7.037256e-01 -8.390101e-01 -6.167549e-01 -3.667244e-01 -1.982321e-01 -1.657234e-01 -1.581080e-01 -1.256186e-01 -2.593371e-01 2.363466e+00 8.848396e-02 7.521836e-02 7.688405e-02 -2.715664e-02 1.644985e-01 2.000810e-01 1.158566e-01 -2.008166e-02 1.270067e-02 2.936483e-02 -2.047446e-02 -6.554110e-02 -3.626469e-01
<VARIANCE> 39
 2.278539e+01 2.703702e+01 2.177392e+01 2.695180e+01 4.538498e+01 3.402340e+01 3.668681e+01 1.943866e+01 2.680674e+01 2.267141e+01 2.110624e+01 1.519574e+01 1.578876e+02 1.786063e+00 2.429696e+00 1.445865e+00 1.617443e+00 3.499959e+00 3.539903e+00 2.570669e+00 1.656970e+00 2.252766e+00 1.823254e+00 1.735084e+00 1.582804e+00 1.303497e+01 4.249361e-01 4.756577e-01 3.353966e-01 3.443299e-01 8.207420e-01 8.088393e-01 5.046732e-01 3.315789e-01 4.359562e-01 3.564435e-01 3.199989e-01 3.104845e-01 3.570809e+00
<GCONST> 1.180505e+02
<STATE> 4
<NUMMIXES> 2
<MIXTURE> 1 8.709952e-01
<MEAN> 39
 -8.039857e+00 -1.025999e+01 -2.897263e+00 2.222912e+00 -2.449403e-01 -2.536377e+00 4.117588e+00 -1.932765e+00 -3.206707e+00 3.688538e-01 1.243420e+00 -1.812618e+00 5.581388e+01 1.931309e-01 2.853512e-01 1.443907e-01 4.327810e-02 1.237290e-01 1.881840e-01 6.810679e-02 1.473570e-01 7.067309e-02 6.902268e-02 2.747243e-02 -1.115180e-02 -5.710555e-01 -1.307674e-02 5.453913e-03 -2.415029e-03 -2.046673e-03 -2.299786e-02 -1.433289e-02 -9.666944e-03 2.180220e-03 -9.677224e-04 -1.486379e-03 -2.321557e-03 7.454107e-03 1.987058e-02
<VARIANCE> 39
 1.678257e+01 7.083493e+01 1.723206e+01 2.267323e+01 2.974101e+01 3.107798e+01 1.804241e+01 3.170453e+01 2.398841e+01 1.835181e+01 1.558709e+01 1.336271e+01 1.072198e+02 1.305229e-01 2.837587e-01 3.981021e-01 6.552101e-01 9.389995e-01 1.034476e+00 1.098214e+00 1.251036e+00 1.367096e+00 1.414748e+00 1.245509e+00 1.123690e+00 1.550189e-01 2.181303e-02 4.894539e-02 7.839390e-02 1.275704e-01 1.867972e-01 2.127960e-01 2.186029e-01 2.437213e-01 2.819618e-01 2.996641e-01 2.517182e-01 2.273570e-01 6.669118e-03
<GCONST> 8.083890e+01
<MIXTURE> 2 1.290051e-01
<MEAN> 39
 -1.110905e+01 -9.919080e+00 -3.705766e+00 1.961116e+00 -4.096804e+00 -4.282693e+00 2.877841e+00 -1.455194e+00 -2.859951e+00 2.309007e-01 -2.228713e-01 -1.480736e+00 6.244793e+01 -1.186401e+00 -1.536922e+00 -6.892323e-01 -2.652864e-01 -9.732475e-01 -9.731463e-01 -3.071747e-01 -7.972945e-01 -1.936962e-01 -2.123584e-01 -2.353158e-01 1.846712e-02 3.292959e+00 6.621756e-02 -5.005921e-02 -1.289939e-02 -7.092400e-03 1.211341e-01 5.110596e-02 3.207166e-02 -2.363541e-02 -2.953777e-02 -1.670214e-02 -9.329932e-03 -5.893183e-02 -9.352724e-02
<VARIANCE> 39
 3.698802e+01 8.909113e+01 2.129835e+01 2.612513e+01 4.461090e+01 4.763420e+01 2.156254e+01 3.189438e+01 2.334460e+01 1.782961e+01 2.052910e+01 1.432395e+01 2.652040e+02 3.162905e+00 7.197280e+00 1.500377e+00 2.560816e+00 3.711482e+00 4.255286e+00 1.849818e+00 2.662189e+00 2.355468e+00 1.873503e+00 1.964788e+00 1.420243e+00 2.035176e+01 7.360784e-01 1.420514e+00 2.925228e-01 5.009167e-01 8.027097e-01 9.022838e-01 3.586511e-01 5.555299e-01 4.510180e-01 3.644056e-01 4.030711e-01 2.587047e-01 4.972065e+00
<GCONST> 1.256640e+02
<TRANSP> 5
 0.000000e+00 1.000000e+00 0.000000e+00 0.000000e+00 0.000000e+00
 0.000000e+00 9.923187e-01 7.681299e-03 0.000000e+00 0.000000e+00
 0.000000e+00 0.000000e+00 9.870750e-01 1.292503e-02 0.000000e+00
 0.000000e+00 0.000000e+00 0.000000e+00 9.872710e-01 1.272904e-02
 0.000000e+00 0.000000e+00 0.000000e+00 0.000000e+00 0.000000e+00
<ENDHMM>
~h "cl"
<BEGINHMM>
<NUMSTATES> 5
<STATE> 2
<NUMMIXES> 2
<MIXTURE> 1 7.395800e-01
<MEAN> 39
 -1.101475e+01 -2.091813e+00 -1.463674e+00 -2.518463e+00 -6.617463e-01 5.012848e+00 3.447553e+00 -3.733762e-01 2.175304e+00 3.308603e-01 -2.160422e+00 4.148903e-01 5.396460e+01 2.902298e-01 -3.783405e-03 9.120761e-03 2.382128e-02 1.083371e-01 4.749553e-02 6.808438e-02 9.222078e-03 -3.089764e-02 3.108106e-02 6.906279e-02 -1.009770e-01 -3.148156e-01 -8.572423e-03 1.322557e-02 3.677595e-03 -2.212291e-03 -8.226676e-03 -9.383867e-03 -4.636315e-04 1.753889e-02 -1.568550e-02 -2.952450e-03 -2.330879e-04 7.259146e-03 1.073688e-02
<VARIANCE> 39
 3.361133e+01 2.819340e+01 2.569044e+01 1.452079e+01 1.857790e+01 3.835024e+01 2.005231e+01 2.404677e+01 3.243660e+01 2.314512e+01 2.744681e+01 2.334894e+01 4.476796e+01 2.874304e-01 3.845387e-01 5.256796e-01 6.956152e-01 9.663663e-01 1.189340e+00 1.350339e+00 1.529235e+00 1.631185e+00 1.316139e+00 1.394922e+00 1.349306e+00 1.672288e-01 4.346861e-02 6.370879e-02 9.249979e-02 1.309791e-01 1.808774e-01 2.138848e-01 2.578512e-01 2.885001e-01 3.038031e-01 2.628055e-01 2.754942e-01 2.578884e-01 1.717529e-02
<GCONST> 8.595963e+01
<MIXTURE> 2 2.604195e-01
<MEAN> 39
 -1.329088e+01 9.854314e-02 1.637087e-01 -2.381109e+00 -1.750000e+00 4.384988e+00 2.713399e+00 -1.407225e-01 1.794322e+00 1.155326e+00 -2.337870e+00 9.298451e-01 5.438008e+01 -2.029792e+00 1.842420e-01 9.196486e-02 -1.039611e-01 -7.559147e-01 4.044017e-01 -4.726688e-01 -6.883716e-01 5.359989e-01 -1.620263e-01 -7.879503e-01 6.387507e-01 1.796597e+00 -7.393053e-02 -4.693265e-02 4.330117e-02 -3.671164e-02 -1.877271e-02 1.462850e-01 -3.017986e-02 -1.672538e-01 8.123007e-02 -3.413574e-02 -9.889223e-02 6.675219e-02 2.887309e-02
<VARIANCE> 39
 5.587094e+01 2.773512e+01 2.961582e+01 1.661069e+01 2.115205e+01 5.417442e+01 2.733732e+01 2.931531e+01 3.429886e+01 3.273986e+01 3.391132e+01 2.477492e+01 7.421812e+01 4.792287e+00 2.120293e+00 1.319908e+00 1.361838e+00 2.041825e+00 4.963036e+00 2.982352e+00 3.652112e+00 3.609782e+00 3.469931e+00 3.160743e+00 2.700772e+00 4.537989e+00 1.052441e+00 3.008788e-01 1.823474e-01 2.046807e-01 3.797222e-01 7.539512e-01 4.918838e-01 5.524305e-01 5.810888e-01 6.317945e-01 5.245216e-01 4.278664e-01 1.028297e+00
<GCONST> 1.213492e+02
<STATE> 3
<NUMMIXES> 2
<MIXTURE> 1 6.681908e-01
<MEAN> 39
 -1.904312e+01 2.984234e+00 -3.260388e-01 -5.528514e+00 -4.032677e+00 1.269679e+01 5.800977e-01 -3.831013e+00 7.677814e+00 -3.379099e+00 -3.513262e+00 5.393057e+00 5.821683e+01 5.966814e-01 -8.027984e-02 -3.702473e-02 -4.387559e-02 6.089791e-02 1.116231e-02 -4.339653e-02 5.645441e-02 1.492195e-02 8.875191e-02 1.135299e-01 -6.709870e-02 -4.617124e-01 -1.412007e-02 -1.025020e-03 -1.803420e-02 3.959660e-02 -8.441213e-03 -7.523102e-02 2.755825e-02 2.545366e-02 -2.615340e-02 -2.799945e-03 1.750595e-02 8.914952e-03 1.308740e-02
<VARIANCE> 39
 4.426969e+01 9.287107e+00 1.901270e+01 1.158197e+01 1.650463e+01 3.022661e+01 2.373469e+01 2.206145e+01 2.503843e+01 1.921011e+01 1.856113e+01 1.909411e+01 1.715501e+01 2.379490e-01 3.128106e-01 5.495594e-01 7.299804e-01 9.592070e-01 1.323733e+00 1.367289e+00 1.445684e+00 1.441245e+00 1.432006e+00 1.373141e+00 1.306410e+00 1.141928e-01 7.492793e-02 6.201065e-02 1.162696e-01 1.500689e-01 2.023152e-01 2.892577e-01 2.971211e-01 3.089766e-01 3.052734e-01 2.968419e-01 2.857645e-01 2.788128e-01 3.885934e-02
<GCONST> 8.417513e+01
<MIXTURE> 2 3.318112e-01
<MEAN> 39
 -2.052234e+01 2.469471e+00 -5.595122e-02 -4.962348e+00 -4.404802e+00 1.092906e+01 7.783543e-01 -3.187342e+00 7.325790e+00 -3.920962e+00 -3.192263e+00 5.296246e+00 5.977927e+01 -1.121946e+00 1.472217e-01 4.929294e-02 1.014061e-01 -1.073494e-01 -3.783945e-02 9.467293e-02 -1.275210e-01 -6.402507e-02 -1.872938e-01 -2.129662e-01 1.254719e-01 8.876731e-01 6.024145e-02 -3.334124e-03 3.390827e-02 -7.931385e-02 2.547103e-02 1.321025e-01 -5.416749e-02 -3.703048e-02 4.128894e-02 1.631316e-02 -2.322878e-02 -2.954478e-02 -4.800294e-02
<VARIANCE> 39
 6.356200e+01 1.087696e+01 2.144477e+01 1.407389e+01 2.006828e+01 3.968014e+01 2.917094e+01 2.255452e+01 2.870117e+01 2.163904e+01 2.080569e+01 2.142726e+01 2.659570e+01 2.980305e+00 8.321117e-01 1.190164e+00 1.280151e+00 1.812336e+00 3.434763e+00 2.784997e+00 2.335760e+00 2.493249e+00 1.981265e+00 1.910664e+00 2.212235e+00 1.436334e+00 8.363551e-01 1.405608e-01 1.953768e-01 2.323650e-01 3.138613e-01 5.556910e-01 4.835524e-01 4.183383e-01 4.491761e-01 3.944949e-01 3.720178e-01 3.792573e-01 4.490747e-01
<GCONST> 1.082713e+02
<STATE> 4
<NUMMIXES> 2
<MIXTURE> 1 6.496831e-01
<MEAN> 39
 -2.111477e+01 9.160196e-01 7.023334e+00 -3.361685e+00 -6.757635e+00 1.101741e+01 1.472298e+00 -7.399728e+00 3.000845e+00 4.382800e+00 -1.166573e+01 5.016984e+00 5.676285e+01 5.417410e-01 7.528096e-02 2.101481e-01 -1.125276e-01 1.060063e-02 1.461154e-01 3.633602e-02 -1.123544e-01 3.842359e-01 6.219449e-02 2.756638e-03 1.068994e-01 -6.154330e-01 -4.927805e-02 1.785091e-02 -5.895114e-02 4.328276e-02 2.218045e-02 -1.021328e-01 2.353747e-02 1.005443e-01 -9.215923e-03 2.153107e-02 3.216276e-02 -3.936712e-02 3.174972e-02
<VARIANCE> 39
 4.156570e+01 7.605057e+00 1.401746e+01 1.625722e+01 2.782559e+01 2.812857e+01 2.789740e+01 4.566215e+01 3.341272e+01 2.889322e+01 3.101919e+01 3.213891e+01 3.348310e+01 2.104977e-01 3.381104e-01 6.483309e-01 7.511927e-01 9.989224e-01 1.278914e+00 1.335023e+00 1.548532e+00 1.771610e+00 1.479638e+00 1.391941e+00 1.424875e+00 1.317610e-01 7.755029e-02 7.562083e-02 1.377832e-01 1.600969e-01 2.120182e-01 2.835886e-01 2.840275e-01 3.481723e-01 4.069791e-01 3.367260e-01 3.037099e-01 3.139540e-01 6.797100e-02
<GCONST> 9.008942e+01
<MIXTURE> 2 3.503205e-01
<MEAN> 39
 -2.407207e+01 1.294220e+00 5.202044e+00 -2.324597e+00 -6.246910e+00 9.614035e+00 1.893107e+00 -5.584281e+00 2.596010e+00 4.497950e+00 -1.140533e+01 4.477760e+00 5.923332e+01 -8.560273e-01 -1.547638e-01 -3.702785e-01 1.747148e-01 -4.174255e-03 -3.105005e-01 -9.471459e-02 2.228844e-01 -7.189773e-01 -1.301835e-01 3.433012e-02 -2.094888e-01 1.027105e+00 9.374882e-02 -3.016011e-02 1.024282e-01 -7.820124e-02 -3.755326e-02 1.764301e-01 -4.635718e-02 -1.769214e-01 1.296532e-02 -3.928912e-02 -5.348084e-02 6.709448e-02 -6.276720e-02
<VARIANCE> 39
 3.257797e+01 1.100391e+01 1.656782e+01 1.710439e+01 2.498569e+01 3.266989e+01 3.209330e+01 4.595726e+01 3.596020e+01 2.984427e+01 2.521409e+01 2.551117e+01 3.337366e+01 2.108588e+00 8.273805e-01 1.452933e+00 1.339800e+00 1.899260e+00 3.385906e+00 2.242552e+00 4.239154e+00 3.385090e+00 2.715489e+00 2.228450e+00 2.525408e+00 1.691115e+00 5.377097e-01 1.438539e-01 2.897084e-01 2.556922e-01 3.148112e-01 5.643892e-01 3.840047e-01 6.311902e-01 7.173146e-01 4.560541e-01 3.873084e-01 4.509313e-01 5.598158e-01
<GCONST> 1.122172e+02
<TRANSP> 5
 0.000000e+00 1.000000e+00 0.000000e+00 0.000000e+00 0.000000e+00
 0.000000e+00 9.475386e-01 5.246141e-02 0.000000e+00 0.000000e+00
 0.000000e+00 0.000000e+00 9.920975e-01 7.902496e-03 0.000000e+00
 0.000000e+00 0.000000e+00 0.000000e+00 9.936156e-01 6.384443e-03
 0.000000e+00 0.000000e+00 0.000000e+00 0.000000e+00 0.000000e+00
<ENDHMM>
~h "cm"
<BEGINHMM>
<NUMSTATES> 5
<STATE> 2
<NUMMIXES> 2
<MIXTURE> 1 7.394260e-01
<MEAN> 39
 -9.266003e+00 -2.100354e-01 -2.246408e+00 -3.350050e+00 -9.742512e-02 2.970374e-01 -1.066666e+00 -6.611370e-01 -2.799363e+00 -7.887852e-01 1.917898e-01 -2.145033e+00 6.025265e+01 -3.422432e-02 6.713364e-02 2.321451e-02 3.719015e-02 6.432340e-02 1.096263e-01 6.497171e-02 4.986950e-02 9.663474e-03 5.095618e-02 5.251476e-02 1.745990e-02 -1.073328e-01 -1.043253e-02 -1.089941e-02 -1.821302e-02 -2.976048e-02 -3.802695e-02 -4.651840e-02 -4.172389e-02 -2.228065e-02 -1.872449e-02 -1.185756e-02 -9.183126e-03 -1.324803e-02 2.281569e-02
<VARIANCE> 39
 1.822567e+01 1.615577e+01 1.380031e+01 1.447629e+01 1.443965e+01 1.520513e+01 1.784425e+01 2.028001e+01 2.024481e+01 1.829576e+01 1.698479e+01 1.372986e+01 6.002516e+01 2.317184e-01 3.598502e-01 5.117345e-01 7.695518e-01 9.035277e-01 1.142108e+00 1.235695e+00 1.361863e+00 1.458224e+00 1.409339e+00 1.316396e+00 1.180504e+00 2.474562e-01 3.157531e-02 6.168735e-02 8.996958e-02 1.338225e-01 1.727678e-01 2.215452e-01 2.357707e-01 2.667817e-01 2.798828e-01 2.830498e-01 2.643684e-01 2.264820e-01 1.786407e-02
<GCONST> 8.023833e+01
<MIXTURE> 2 2.605738e-01
<MEAN> 39
 -9.581804e+00 -1.945176e+00 -3.394210e+00 -5.181467e+00 -2.152121e+00 -2.651805e+00 -3.267951e+00 -1.950185e+00 -3.613809e+00 -1.810307e+00 -7.369404e-01 -2.100138e+00 6.471758e+01 1.212243e-01 -2.194467e-01 -1.402841e-01 -2.118340e-01 -2.845954e-01 -3.857369e-01 -3.029768e-01 -2.650611e-01 -1.795247e-01 -1.795422e-01 -2.169038e-01 9.665077e-03 9.610301e-01 4.149660e-02 3.799852e-02 4.851190e-02 9.673899e-02 1.280079e-01 1.564280e-01 1.416525e-01 6.575176e-02 4.908438e-02 6.757313e-02 6.319058e-02 3.595563e-02 -8.050188e-02
<VARIANCE> 39
 1.808109e+01 2.214499e+01 2.019463e+01 2.131669e+01 2.027007e+01 2.018918e+01 2.366452e+01 2.469951e+01 2.408592e+01 2.026300e+01 2.002395e+01 1.680116e+01 7.421204e+01 1.046308e+00 1.328529e+00 1.285894e+00 1.528982e+00 1.733458e+00 2.004207e+00 1.965637e+00 2.097617e+00 2.024903e+00 1.888913e+00 1.760474e+00 1.608524e+00 1.864268e+00 1.473250e-01 2.158012e-01 2.382668e-01 2.895959e-01 3.363830e-01 3.697835e-01 3.782505e-01 3.898753e-01 4.038734e-01 3.703714e-01 3.236409e-01 3.097404e-01 3.476641e-01
<GCONST> 1.037309e+02
<STATE> 3
<NUMMIXES> 2
<MIXTURE> 1 3.714846e-01
<MEAN> 39
 -1.214797e+01 -4.833326e-01 -2.968201e+00 -4.842516e+00 -4.710267e-01 -1.452884e-01 -2.158559e+00 -6.756753e-01 -3.196548e+00 -7.172045e-01 1.289976e+00 -1.298268e+00 6.066791e+01 3.264152e-01 1.756741e-01 1.635457e-01 1.560955e-01 1.280614e-02 -1.213442e-01 -8.808786e-02 -1.028534e-01 -6.382889e-02 -1.452423e-01 -2.402004e-01 -1.710127e-01 4.180007e-01 3.929444e-02 1.350620e-02 -2.826487e-03 1.298139e-03 5.209714e-03 8.345093e-03 2.227320e-03 2.941219e-02 6.685024e-02 1.055594e-01 9.052531e-02 5.535489e-02 1.579439e-02
<VARIANCE> 39
 9.581596e+00 1.106593e+01 1.017464e+01 1.285828e+01 1.581584e+01 1.593476e+01 1.709014e+01 1.929620e+01 1.872034e+01 1.496558e+01 1.573741e+01 1.515685e+01 2.864648e+01 4.757061e-01 5.379094e-01 6.829219e-01 9.960233e-01 1.310235e+00 1.569817e+00 1.605443e+00 1.698569e+00 1.644109e+00 1.514865e+00 1.509895e+00 1.408282e+00 5.965651e-01 6.459597e-02 9.141821e-02 1.254537e-01 1.815854e-01 2.429085e-01 2.943888e-01 3.010174e-01 3.230688e-01 3.244704e-01 2.882672e-01 2.640366e-01 2.789800e-01 6.799351e-02
<GCONST> 8.658574e+01
<MIXTURE> 2 6.285148e-01
<MEAN> 39
 -1.424990e+01 -4.191458e-01 -3.402217e+00 -5.539075e+00 1.274456e-01 1.420259e+00 -1.827313e+00 2.810283e-02 -2.393940e+00 1.801391e+00 4.409958e+00 6.923508e-01 5.888019e+01 -3.191372e-02 -9.322537e-02 -1.019717e-01 -6.834132e-02 -4.572870e-03 1.357553e-02 -1.292236e-02 -2.055834e-03 -6.746345e-03 1.436290e-02 1.694880e-02 3.457092e-02 4.183293e-02 1.460968e-02 -2.427974e-03 4.107663e-04 3.134743e-03 -1.869503e-02 -2.299209e-02 -7.814709e-03 -1.871955e-02 -4.458782e-02 -9.008084e-02 -8.769600e-02 -5.855990e-02 9.060168e-04
<VARIANCE> 39
 4.342997e+00 1.111882e+01 8.501742e+00 1.008815e+01 1.339739e+01 1.471867e+01 1.716242e+01 1.811544e+01 1.615744e+01 1.426461e+01 1.611650e+01 1.500663e+01 9.686338e+00 1.364058e-01 2.767560e-01 4.154274e-01 6.603686e-01 8.437395e-01 1.047016e+00 1.219276e+00 1.244060e+00 1.306762e+00 1.222163e+00 1.225162e+00 1.130087e+00 9.782238e-02 2.106419e-02 4.957922e-02 8.127394e-02 1.287461e-01 1.695009e-01 2.229682e-01 2.589168e-01 2.549202e-01 2.635127e-01 2.467028e-01 2.464994e-01 2.220728e-01 7.496506e-03
<GCONST> 7.047082e+01
<STATE> 4
<NUMMIXES> 2
<MIXTURE> 1 4.750413e-01
<MEAN> 39
 -5.225060e+00 1.879002e+00 -9.450156e-01 -1.807307e+00 1.213954e+00 1.785595e-01 -2.061697e+00 -2.316591e+00 -4.031535e+00 -2.510275e+00 -1.139027e+00 -2.879621e+00 6.293987e+01 4.190796e-02 8.032669e-02 8.911737e-02 1.150261e-01 1.137563e-01 7.469555e-02 8.202971e-02 1.963800e-02 -1.881007e-03 -7.807694e-03 8.943154e-03 -1.132622e-02 -3.790222e-01 -7.322181e-03 -2.695902e-02 -5.854326e-02 -9.669090e-02 -1.117196e-01 -9.877346e-02 -6.501752e-02 -1.130748e-02 -2.128184e-04 -3.383205e-03 -1.104037e-02 1.620139e-03 1.863378e-02
<VARIANCE> 39
 1.145994e+01 8.739817e+00 9.691936e+00 8.487093e+00 1.008440e+01 1.131797e+01 1.448434e+01 1.687284e+01 1.657756e+01 1.542470e+01 1.473819e+01 1.292285e+01 5.655032e+01 1.763319e-01 2.674627e-01 4.261136e-01 6.369280e-01 8.198785e-01 9.892100e-01 1.101218e+00 1.190047e+00 1.299714e+00 1.315105e+00 1.246234e+00 1.119659e+00 1.785636e-01 2.413067e-02 4.537937e-02 7.563604e-02 1.151481e-01 1.510764e-01 1.897615e-01 2.107319e-01 2.342019e-01 2.527014e-01 2.596686e-01 2.473109e-01 2.282858e-01 1.251001e-02
<GCONST> 7.250719e+01
<MIXTURE> 2 5.249571e-01
<MEAN> 39
 -5.536890e+00 -7.879870e-01 -4.203274e+00 -6.010427e+00 -2.839857e+00 -3.108470e+00 -4.182646e+00 -2.616811e+00 -4.070618e+00 -2.558552e+00 -2.094767e+00 -2.930546e+00 7.239053e+01 6.460855e-02 -3.142443e-02 -5.489639e-03 -2.334218e-03 -1.403471e-02 -1.501395e-02 -2.188154e-02 -5.205357e-02 2.271162e-03 -1.346629e-03 5.322380e-03 7.891119e-03 3.340106e-02 -8.793971e-03 2.267094e-02 5.467238e-02 8.918466e-02 1.076321e-01 1.002799e-01 6.523251e-02 1.257448e-02 2.125970e-03 5.026700e-03 1.945295e-02 9.959770e-03 -4.237961e-02
<VARIANCE> 39
 5.680689e+00 7.844480e+00 8.301001e+00 9.892405e+00 9.987337e+00 9.924996e+00 1.375520e+01 1.708117e+01 1.652991e+01 1.461769e+01 1.398696e+01 1.224134e+01 2.943529e+01 2.165178e-01 3.149873e-01 4.850002e-01 7.111337e-01 9.020100e-01 1.063486e+00 1.232831e+00 1.285739e+00 1.329432e+00 1.313721e+00 1.293599e+00 1.183608e+00 4.243374e-01 3.828901e-02 5.828764e-02 9.134392e-02 1.280853e-01 1.622963e-01 2.014059e-01 2.428316e-01 2.575238e-01 2.741713e-01 2.764517e-01 2.633671e-01 2.384304e-01 3.958777e-02
<GCONST> 7.542343e+01
<TRANSP> 5
 0.000000e+00 1.000000e+00 0.000000e+00 0.000000e+00 0.000000e+00
 0.000000e+00 9.637955e-01 3.620445e-02 0.000000e+00 0.000000e+00
 0.000000e+00 0.000000e+00 9.582608e-01 4.173920e-02 0.000000e+00
 0.000000e+00 0.000000e+00 0.000000e+00 9.852985e-01 1.470157e-02
 0.000000e+00 0.000000e+00 0.000000e+00 0.000000e+00 0.000000e+00
<ENDHMM>
~h "co"
<BEGINHMM>
<NUMSTATES> 5
<STATE> 2
<NUMMIXES> 2
<MIXTURE> 1 6.171212e-01
<MEAN> 39
 -8.777447e+00 -5.182493e+00 2.358792e+00 -1.700467e+00 -1.184547e+01 -6.987596e+00 -3.802394e+00 -2.782115e+00 -3.643006e+00 -5.768164e+00 -6.089603e+00 -7.838306e+00 6.962624e+01 -6.553445e-01 -1.185137e-01 8.533553e-02 9.125868e-03 8.974922e-01 2.560589e-01 5.855975e-01 -4.811782e-01 -7.132663e-01 -7.316550e-02 5.274991e-01 2.021817e-01 1.131515e+00 1.719223e-01 -1.330063e-01 -1.694011e-01 6.072822e-02 1.664658e-02 4.881562e-02 -3.724122e-02 1.449154e-01 2.998920e-01 2.923051e-01 7.914697e-02 5.121511e-02 -4.375825e-01
<VARIANCE> 39
 1.947327e+01 2.199319e+01 1.959794e+01 3.117396e+01 4.174895e+01 5.066547e+01 5.424892e+01 5.423493e+01 2.780925e+01 3.348225e+01 3.766277e+01 2.316561e+01 6.556195e+01 6.332089e-01 9.818000e-01 1.106725e+00 1.320095e+00 1.882147e+00 2.075184e+00 2.310469e+00 2.164681e+00 2.352839e+00 2.311343e+00 1.417877e+00 1.810431e+00 1.171596e+00 9.296677e-02 1.635742e-01 1.926067e-01 1.897234e-01 2.949557e-01 4.239323e-01 4.176499e-01 3.916494e-01 3.522542e-01 3.617413e-01 3.021252e-01 3.249854e-01 1.666424e-01
<GCONST> 1.056991e+02
<MIXTURE> 2 3.828793e-01
<MEAN> 39
 -6.136734e+00 -6.455204e+00 -1.596573e+00 -9.912180e-01 -1.336388e+01 -5.367906e+00 -3.738427e+00 2.494303e-01 4.591099e+00 3.070582e-01 -1.664060e+00 -6.749357e+00 5.939793e+01 -4.220925e-01 -2.217609e-01 2.815761e-01 -5.947554e-01 -1.712119e+00 -1.652908e+00 -9.427004e-01 -8.142160e-01 -9.053950e-01 -1.330440e+00 -1.100452e+00 -7.417316e-01 3.222063e+00 -1.483218e-01 2.154121e-01 1.032669e-01 1.714882e-02 5.302826e-01 2.114977e-01 2.117229e-01 -1.145461e-01 -4.369614e-01 -1.925342e-01 1.253124e-01 -3.342638e-03 1.256765e-01
<VARIANCE> 39
 1.696574e+01 3.620864e+01 4.015515e+01 3.808512e+01 1.248857e+02 6.569575e+01 8.530569e+01 7.002483e+01 5.911227e+01 3.620444e+01 5.025652e+01 4.292617e+01 9.007581e+01 1.292916e+00 2.640577e+00 2.354957e+00 2.140638e+00 7.265979e+00 3.265405e+00 3.814437e+00 4.358137e+00 5.382373e+00 3.649164e+00 2.548445e+00 2.938095e+00 3.943984e+00 1.546645e-01 3.567605e-01 2.920026e-01 2.952079e-01 1.013344e+00 6.467369e-01 7.856206e-01 6.541442e-01 6.816416e-01 6.067094e-01 4.906454e-01 5.801696e-01 5.704141e-01
<GCONST> 1.290323e+02
<STATE> 3
<NUMMIXES> 2
<MIXTURE> 1 7.994093e-01
<MEAN> 39
 -6.280931e+00 -6.424061e+00 -5.335653e-01 -2.146694e+00 -6.563714e+00 -7.816102e+00 -6.438117e+00 -7.628283e+00 -5.515461e+00 -4.422707e+00 -3.702885e+00 -9.097039e+00 6.759588e+01 2.241193e-01 3.791232e-02 2.940185e-02 1.431866e-01 3.914118e-01 8.849781e-02 -5.351815e-02 -1.737238e-01 -3.688060e-02 1.182436e-01 8.506431e-02 2.917057e-02 -5.666125e-01 2.264810e-02 3.041635e-02 2.370777e-02 1.762488e-02 -4.489710e-02 -1.219279e-02 -1.691794e-02 7.624493e-03 -2.217202e-03 -3.897067e-02 -5.443202e-02 -1.926530e-02 -2.127974e-02
<VARIANCE> 39
 1.796873e+01 9.972941e+00 2.426583e+01 2.070312e+01 2.495585e+01 2.980406e+01 4.901274e+01 5.363001e+01 3.778050e+01 3.875425e+01 3.516932e+01 3.962870e+01 3.856124e+01 2.026116e-01 3.847582e-01 6.261614e-01 8.187014e-01 1.151865e+00 1.215691e+00 1.537756e+00 1.716942e+00 1.923924e+00 1.836257e+00 1.598148e+00 1.476563e+00 1.439919e-01 4.169377e-02 7.814524e-02 1.227185e-01 1.767524e-01 2.334191e-01 2.509446e-01 3.079350e-01 3.482674e-01 4.099252e-01 3.868924e-01 3.309123e-01 2.970530e-01 2.504895e-02
<GCONST> 9.154683e+01
<MIXTURE> 2 2.005904e-01
<MEAN> 39
 -6.002422e+00 -6.244738e+00 4.498133e-01 -1.423864e+00 -1.035137e+01 -8.103660e+00 -6.629316e+00 -7.244575e+00 -3.079782e+00 -4.000532e+00 -6.183844e+00 -9.735574e+00 6.639082e+01 -3.084217e-01 -1.221992e-01 -7.233337e-03 -3.189262e-01 -1.015691e+00 -1.981936e-01 -1.825550e-01 4.003302e-01 1.695152e-01 -3.220360e-01 -3.250659e-01 -2.389805e-01 1.298430e+00 -7.137845e-02 -8.037149e-02 -3.701266e-02 -3.023581e-02 1.695722e-01 7.794254e-02 8.398980e-02 2.308097e-03 3.107626e-02 1.303237e-01 1.867049e-01 8.050703e-02 2.960507e-02
<VARIANCE> 39
 1.317557e+01 1.819763e+01 2.329588e+01 2.674135e+01 5.119664e+01 3.908474e+01 5.158863e+01 6.011550e+01 5.923756e+01 3.612302e+01 4.267462e+01 3.997506e+01 5.658923e+01 1.049327e+00 2.051078e+00 1.912449e+00 2.441900e+00 5.596497e+00 3.188703e+00 4.222921e+00 3.791966e+00 7.138557e+00 3.695114e+00 4.117879e+00 2.818620e+00 2.410988e+00 1.126309e-01 3.970703e-01 2.798102e-01 3.922790e-01 1.167857e+00 5.501904e-01 6.319202e-01 6.736487e-01 1.391409e+00 6.913509e-01 7.388580e-01 4.826922e-01 5.168726e-01
<GCONST> 1.246026e+02
<STATE> 4
<NUMMIXES> 2
<MIXTURE> 1 7.922174e-01
<MEAN> 39
 -3.425896e+00 -2.540745e+00 4.443622e+00 2.657907e+00 6.538169e-01 -2.138385e+00 -4.024837e+00 -4.691184e+00 -3.960656e+00 -4.228319e+00 -3.477610e+00 -7.520839e+00 5.517476e+01 8.880996e-02 1.942531e-01 -2.338595e-02 7.514590e-03 1.967019e-01 1.435315e-01 1.677823e-01 1.668952e-01 2.344064e-03 4.224534e-02 2.218513e-02 6.103356e-02 -5.039356e-01 -7.374372e-03 -7.212142e-03 -2.330258e-02 -2.088222e-02 -4.579865e-02 -1.739090e-02 -1.495419e-02 4.274061e-03 9.307550e-03 1.929739e-03 -7.888955e-03 -9.727806e-03 1.427605e-02
<VARIANCE> 39
 1.286419e+01 1.910160e+01 1.784469e+01 2.369678e+01 2.194594e+01 2.605193e+01 4.638446e+01 3.979306e+01 2.915204e+01 3.102200e+01 2.681437e+01 2.149244e+01 4.910803e+01 2.025245e-01 3.169698e-01 5.410292e-01 7.092828e-01 8.853491e-01 1.071778e+00 1.242954e+00 1.297313e+00 1.403255e+00 1.473637e+00 1.388273e+00 1.163875e+00 1.152174e-01 3.005628e-02 5.810218e-02 1.015987e-01 1.349206e-01 1.730602e-01 2.128709e-01 2.389805e-01 2.506470e-01 2.740114e-01 2.937703e-01 2.832879e-01 2.346475e-01 1.014310e-02
<GCONST> 8.334506e+01
<MIXTURE> 2 2.077836e-01
<MEAN> 39
 -4.929888e+00 -6.245739e+00 2.398878e+00 1.363565e+00 -7.034356e+00 -2.860122e+00 -8.500254e+00 -4.111054e+00 -2.911012e+00 -5.796248e+00 -5.452046e+00 -1.049281e+01 6.372744e+01 -1.966489e-01 -2.124682e-01 1.490081e-01 7.542694e-02 -2.389881e-01 -1.347642e-01 -2.688659e-01 -1.210508e-01 -3.285580e-02 -1.951496e-01 -4.810305e-02 -9.624557e-02 8.102861e-01 9.496663e-03 2.655504e-02 3.939791e-02 3.855295e-02 1.248260e-01 1.705719e-02 5.176688e-02 -2.953409e-02 -5.014397e-02 4.969033e-04 3.608675e-02 1.794673e-02 -1.711429e-02
<VARIANCE> 39
 1.153462e+01 3.050266e+01 2.900849e+01 2.496574e+01 5.016270e+01 4.691721e+01 6.708291e+01 4.993757e+01 3.741298e+01 5.774919e+01 4.260548e+01 4.364802e+01 7.212061e+01 6.121861e-01 1.571113e+00 1.265752e+00 1.465949e+00 4.091217e+00 2.062101e+00 3.834197e+00 2.873752e+00 2.419240e+00 3.063411e+00 2.382501e+00 2.474260e+00 2.387636e+00 9.793984e-02 2.658835e-01 2.246235e-01 2.733657e-01 6.852835e-01 3.720650e-01 6.872613e-01 5.143340e-01 4.689027e-01 6.317248e-01 4.597935e-01 4.792812e-01 3.365455e-01
<GCONST> 1.165862e+02
<TRANSP> 5
 0.000000e+00 1.000000e+00 0.000000e+00 0.000000e+00 0.000000e+00
 0.000000e+00 8.942356e-01 1.057644e-01 0.000000e+00 0.000000e+00
 0.000000e+00 0.000000e+00 9.845970e-01 1.540301e-02 0.000000e+00
 0.000000e+00 0.000000e+00 0.000000e+00 9.797063e-01 2.029360e-02
 0.000000e+00 0.000000e+00 0.000000e+00 0.000000e+00 0.000000e+00
<ENDHMM>
~h "ds"
<BEGINHMM>
<NUMSTATES> 5
<STATE> 2
<NUMMIXES> 2
<MIXTURE> 1 5.975558e-01
<MEAN> 39
 -1.306058e+01 6.663123e-01 2.144781e+00 1.396802e+00 2.794052e+00 4.379066e-01 6.792707e+00 -4.046683e-01 2.221901e+00 1.373077e+00 4.199677e+00 7.701115e-01 6.447488e+01 3.193447e-01 3.358120e-02 2.065292e-01 2.768877e-01 2.345501e-01 2.928153e-01 1.241294e-01 2.119329e-01 2.641329e-02 8.053149e-02 -2.459623e-02 1.342023e-01 -4.467073e-01 -3.887893e-02 1.195114e-02 -8.196630e-02 -7.484084e-02 -1.720392e-01 -1.650787e-01 -1.296843e-01 -1.120264e-01 -2.354787e-02 7.680819e-02 1.841551e-02 -5.324742e-02 4.449631e-03
<VARIANCE> 39
 1.886705e+01 1.608228e+01 1.224049e+01 2.024222e+01 1.788738e+01 1.956556e+01 2.048886e+01 3.189925e+01 2.883894e+01 1.919051e+01 1.814271e+01 1.641796e+01 9.126644e+01 3.249083e-01 5.023022e-01 7.005618e-01 9.084892e-01 1.365325e+00 1.569804e+00 1.508838e+00 1.774913e+00 1.542502e+00 1.738424e+00 1.553136e+00 1.442612e+00 4.024153e-01 1.139431e-01 1.087397e-01 1.532581e-01 1.903633e-01 2.701072e-01 3.011574e-01 2.756221e-01 3.352174e-01 3.188383e-01 3.583424e-01 3.309334e-01 2.875322e-01 1.887991e-01
<GCONST> 9.313270e+01
<MIXTURE> 2 4.024450e-01
<MEAN> 39
 -1.484454e+01 1.054163e+00 -1.069619e+00 -1.869102e+00 -3.141532e+00 -4.087091e+00 2.651802e+00 -3.829222e+00 2.061982e+00 3.520479e+00 5.043385e+00 5.448353e-01 6.799937e+01 -1.048166e+00 -6.383109e-02 -4.552659e-01 -4.363735e-01 -4.922537e-01 -4.072466e-01 -1.171046e-01 -1.675823e-01 1.154248e-01 1.525349e-02 1.625951e-01 -5.483425e-02 2.467000e+00 2.180375e-01 -3.989744e-03 2.134110e-01 2.372926e-01 3.672196e-01 3.850111e-01 2.023378e-01 1.972796e-01 1.588797e-03 -2.021590e-01 -6.737842e-02 9.749969e-02 -3.138184e-01
<VARIANCE> 39
 2.407267e+01 1.082068e+01 1.486868e+01 1.911826e+01 3.018509e+01 2.244334e+01 2.545099e+01 2.898429e+01 2.270930e+01 2.406994e+01 1.993667e+01 1.727860e+01 8.399510e+01 2.362337e+00 1.396093e+00 1.871096e+00 2.197833e+00 3.693158e+00 3.280282e+00 3.232934e+00 3.111958e+00 2.719939e+00 2.784616e+00 2.400160e+00 1.942960e+00 3.591883e+00 4.294247e-01 2.139943e-01 2.708273e-01 3.754345e-01 4.887667e-01 4.892798e-01 5.076550e-01 5.231080e-01 4.508556e-01 4.299436e-01 4.046874e-01 3.746434e-01 8.625342e-01
<GCONST> 1.137369e+02
<STATE> 3
<NUMMIXES> 2
<MIXTURE> 1 1.284384e-01
<MEAN> 39
 -1.277044e+01 3.253593e+00 -2.724494e-01 1.014538e+00 -5.692944e-01 -1.520360e+00 1.083584e+00 -2.125367e+00 4.850313e-01 -4.565365e-01 1.102712e+00 -4.190136e-01 6.464194e+01 6.309090e-01 2.673453e-01 4.404308e-01 4.896970e-01 5.702828e-01 5.337490e-01 2.515441e-01 1.503193e-01 -2.196357e-01 -1.739384e-01 1.076953e-02 2.791742e-01 -2.160325e-01 -2.904158e-02 -4.433217e-02 1.265000e-02 2.962182e-03 1.204810e-02 1.058165e-02 1.872145e-02 7.937193e-02 5.306549e-02 5.490932e-02 5.955090e-03 -2.378997e-02 -3.102632e-01
<VARIANCE> 39
 4.831592e+01 3.194255e+01 2.266746e+01 1.632677e+01 1.951281e+01 1.274981e+01 2.030254e+01 1.678588e+01 1.364072e+01 1.651688e+01 1.544087e+01 1.484305e+01 6.556032e+02 7.485919e+00 4.043042e+00 2.654648e+00 1.853163e+00 1.938897e+00 1.345804e+00 2.482677e+00 1.895314e+00 1.844414e+00 1.968991e+00 1.494201e+00 1.485498e+00 7.903320e+01 1.554294e+00 6.730018e-01 4.198310e-01 3.350963e-01 3.889145e-01 2.480146e-01 5.393583e-01 3.669967e-01 3.642471e-01 3.677045e-01 3.196043e-01 3.261198e-01 1.503285e+01
<GCONST> 1.201500e+02
<MIXTURE> 2 8.715609e-01
<MEAN> 39
 -1.481583e+01 3.403055e-01 -7.322305e-01 4.190443e-01 -1.355009e+00 -1.900141e+00 1.440835e+00 -3.174081e+00 8.737596e-01 2.624004e+00 4.142241e+00 -5.483391e-01 6.866785e+01 3.362829e-01 -1.079162e-02 1.881342e-01 2.033205e-01 4.414728e-01 1.302543e-01 -2.006282e-02 -1.315207e-01 -1.485730e-01 -1.242011e-01 -1.500287e-01 -3.046168e-01 -7.468697e-01 1.064972e-02 2.008780e-02 -1.753621e-02 -3.662189e-02 -1.117137e-02 -2.000071e-02 2.938699e-04 -3.845957e-02 -3.292739e-02 1.296961e-02 -2.909538e-03 -1.110948e-02 7.699133e-03
<VARIANCE> 39
 4.902688e+00 3.375385e+00 5.055988e+00 1.054540e+01 1.561527e+01 1.112479e+01 1.244719e+01 1.302460e+01 1.483878e+01 1.301311e+01 1.258323e+01 1.358050e+01 1.981515e+01 1.334679e-01 2.478220e-01 4.397015e-01 6.326480e-01 8.059595e-01 1.101392e+00 1.182820e+00 1.242936e+00 1.372477e+00 1.244720e+00 1.227065e+00 1.215273e+00 4.994736e-02 2.779301e-02 5.180828e-02 8.995035e-02 1.196893e-01 1.565243e-01 2.513806e-01 2.354625e-01 2.597257e-01 2.743716e-01 2.629879e-01 2.503394e-01 2.510825e-01 1.073886e-02
<GCONST> 6.857838e+01
<STATE> 4
<NUMMIXES> 2
<MIXTURE> 1 7.740737e-01
<MEAN> 39
 -9.332361e+00 1.698365e+00 2.634229e+00 1.314031e+00 3.685197e+00 1.140019e+00 3.531565e+00 -7.371004e-01 2.162097e-01 -3.292088e-01 1.838150e+00 -1.590098e+00 5.452987e+01 1.175662e-01 2.216964e-02 5.797456e-02 2.769680e-02 6.555029e-02 6.566019e-02 1.915359e-02 3.328388e-02 -9.535976e-03 2.594919e-02 -2.479569e-03 -2.117628e-02 -3.095169e-01 -1.910851e-02 -1.371766e-03 -1.453964e-02 -2.456012e-02 -3.837239e-02 -2.891272e-02 -3.602960e-02 -2.215153e-02 -6.162258e-04 2.512896e-03 1.676145e-02 -4.455145e-03 2.085936e-02
<VARIANCE> 39
 1.306276e+01 1.073553e+01 1.454228e+01 1.577031e+01 1.617043e+01 1.792103e+01 2.036003e+01 1.713933e+01 2.070583e+01 1.819764e+01 1.566825e+01 1.554108e+01 4.680119e+01 2.307761e-01 3.074416e-01 5.058377e-01 7.196892e-01 9.493733e-01 1.139282e+00 1.297289e+00 1.378341e+00 1.501023e+00 1.515988e+00 1.425024e+00 1.222175e+00 1.714452e-01 3.868835e-02 5.769760e-02 9.739861e-02 1.406652e-01 1.889732e-01 2.264084e-01 2.577572e-01 2.728320e-01 3.005808e-01 3.049628e-01 2.902091e-01 2.502009e-01 1.737613e-02
<GCONST> 8.020327e+01
<MIXTURE> 2 2.259407e-01
<MEAN> 39
 -1.102748e+01 8.370478e-01 6.260935e-01 -1.187928e+00 1.077713e+00 -4.228775e-01 1.116861e+00 -2.267450e+00 3.890279e-01 -1.064481e+00 2.901062e+00 -1.545304e+00 5.733997e+01 -2.766671e-01 -5.141582e-02 -1.340335e-01 -7.417892e-02 -1.769876e-01 -1.600654e-01 6.777823e-03 -3.860442e-02 6.557565e-02 -1.298546e-01 -3.018862e-02 7.285845e-02 7.655634e-01 5.862885e-02 3.330422e-03 4.270509e-02 7.775732e-02 1.188385e-01 8.971454e-02 1.170855e-01 8.106807e-02 1.213284e-02 -3.360071e-03 -4.981174e-02 2.257676e-02 -6.175249e-02
<VARIANCE> 39
 2.164250e+01 1.631502e+01 1.968621e+01 1.882962e+01 2.572466e+01 3.424102e+01 3.344207e+01 2.449523e+01 3.805950e+01 3.898827e+01 2.562362e+01 2.338658e+01 6.930389e+01 1.776457e+00 1.140148e+00 1.270237e+00 1.636627e+00 2.512546e+00 2.425847e+00 2.687840e+00 2.159638e+00 2.672498e+00 2.691986e+00 2.235333e+00 1.835969e+00 2.287176e+00 3.157189e-01 1.875421e-01 2.245769e-01 2.997208e-01 4.883171e-01 4.493902e-01 4.954020e-01 4.256099e-01 5.199557e-01 5.438465e-01 4.459430e-01 3.550610e-01 4.183497e-01
<GCONST> 1.115255e+02
<TRANSP> 5
 0.000000e+00 1.000000e+00 0.000000e+00 0.000000e+00 0.000000e+00
 0.000000e+00 9.423946e-01 5.760539e-02 0.000000e+00 0.000000e+00
 0.000000e+00 0.000000e+00 9.320647e-01 6.793540e-02 0.000000e+00
 0.000000e+00 0.000000e+00 0.000000e+00 9.932000e-01 6.800009e-03
 0.000000e+00 0.000000e+00 0.000000e+00 0.000000e+00 0.000000e+00
<ENDHMM>
~h "kj"
<BEGINHMM>
<NUMSTATES> 5
<STATE> 2
<NUMMIXES> 2
<MIXTURE> 1 6.781197e-01
<MEAN> 39
 -1.939636e+01 4.057152e+00 9.304205e-02 -1.467242e+00 -7.351241e-01 3.870868e+00 2.341934e+00 2.702320e+00 -9.785940e-02 -2.720901e-03 1.653960e+00 -9.604951e-01 5.533028e+01 2.630982e-01 6.458233e-02 -7.149391e-02 -3.740950e-02 4.445958e-02 8.080576e-02 2.600665e-02 3.168679e-02 2.541510e-02 2.359443e-02 2.088285e-02 -3.476750e-02 -2.409113e-01 -2.066101e-02 -2.709957e-03 -1.374125e-02 3.583984e-03 -2.298555e-02 -3.736403e-02 -1.053683e-02 -4.808717e-03 -2.039727e-02 4.861386e-03 -1.084554e-02 1.410223e-02 1.489439e-02
<VARIANCE> 39
 2.959644e+01 2.101821e+01 1.446276e+01 2.634363e+01 1.551088e+01 3.296064e+01 2.553738e+01 2.050191e+01 1.695283e+01 2.035761e+01 1.651795e+01 1.552077e+01 2.102288e+01 2.746992e-01 3.305577e-01 5.202497e-01 7.915491e-01 9.459432e-01 1.182577e+00 1.406449e+00 1.473836e+00 1.456328e+00 1.550937e+00 1.416256e+00 1.231303e+00 1.264137e-01 5.778717e-02 6.437153e-02 1.032531e-01 1.590747e-01 1.884582e-01 2.400087e-01 2.873919e-01 3.015882e-01 2.960536e-01 3.139595e-01 2.906772e-01 2.543508e-01 2.395157e-02
<GCONST> 8.388758e+01
<MIXTURE> 2 3.218797e-01
<MEAN> 39
 -1.948896e+01 2.439269e+00 -9.705274e-01 -1.215399e+00 -1.499718e+00 2.177393e+00 1.833458e+00 1.495770e+00 -9.989923e-01 4.531633e-01 1.066361e+00 -7.379726e-01 5.690622e+01 -6.445266e-01 -9.013730e-02 1.573280e-01 6.958655e-02 -1.146999e-01 -1.400183e-01 -2.735390e-02 -7.018480e-02 -3.294577e-02 -4.786152e-02 -1.882921e-02 6.703743e-02 5.479915e-01 4.680192e-02 -2.553784e-03 3.029208e-02 -6.042974e-03 4.072107e-02 7.170480e-02 2.400218e-02 1.341743e-02 4.550739e-02 -7.183842e-03 1.649644e-02 -3.122750e-02 -2.863895e-02
<VARIANCE> 39
 3.485688e+01 2.788721e+01 2.207446e+01 2.619408e+01 1.991673e+01 4.049839e+01 2.697289e+01 2.460722e+01 2.034869e+01 2.346005e+01 1.823364e+01 1.665780e+01 2.631410e+01 8.928270e-01 1.021682e+00 1.140749e+00 1.219698e+00 1.608062e+00 2.028470e+00 2.024976e+00 1.997825e+00 1.932355e+00 1.962344e+00 1.726533e+00 1.551849e+00 5.853466e-01 2.062867e-01 1.826037e-01 2.041914e-01 2.313970e-01 2.925817e-01 3.869507e-01 3.835992e-01 3.877358e-01 3.864337e-01 3.853781e-01 3.364083e-01 2.967352e-01 1.438120e-01
<GCONST> 1.012998e+02
<STATE> 3
<NUMMIXES> 2
<MIXTURE> 1 7.258876e-01
<MEAN> 39
 -1.445210e+01 -7.924986e+00 -4.417246e+00 -7.217693e-01 -1.407316e+00 -3.980647e+00 -2.495665e+00 -4.227287e+00 -2.949498e+00 1.105910e-01 5.273342e-01 -5.259445e-01 6.389545e+01 2.065009e-01 2.466134e-01 4.557428e-02 1.125241e-01 9.736021e-02 1.418598e-01 1.407106e-01 1.030158e-01 2.237439e-02 2.924210e-02 6.045343e-02 7.878548e-03 -6.295300e-01 -2.511907e-02 2.408489e-02 2.671563e-02 -8.345872e-03 -1.146829e-02 -9.159041e-03 4.007235e-02 4.412296e-02 1.173181e-02 3.067681e-02 2.289932e-03 4.215401e-03 -2.022069e-03
<VARIANCE> 39
 1.677712e+01 2.119609e+01 1.104487e+01 1.179604e+01 1.621041e+01 1.562309e+01 1.815026e+01 1.727890e+01 1.777645e+01 1.546045e+01 1.493939e+01 1.295438e+01 6.064653e+01 2.126731e-01 3.258679e-01 4.829853e-01 6.745679e-01 9.657954e-01 1.135220e+00 1.346129e+00 1.485220e+00 1.566051e+00 1.319213e+00 1.279903e+00 1.180022e+00 1.470495e-01 4.031407e-02 6.287027e-02 9.612340e-02 1.334401e-01 1.974036e-01 2.239883e-01 2.758986e-01 3.070794e-01 3.276483e-01 2.697069e-01 2.667278e-01 2.517494e-01 3.188479e-02
<GCONST> 8.041133e+01
<MIXTURE> 2 2.741115e-01
<MEAN> 39
 -1.682485e+01 -6.712670e+00 -3.526531e+00 -1.303400e+00 -2.930264e+00 -3.775224e+00 -1.204512e+00 -1.889341e+00 -1.751638e+00 1.443675e+00 1.086280e-01 -8.761328e-01 6.526212e+01 -2.034879e-01 -1.139409e+00 -2.091433e-01 -2.420852e-01 -1.900270e-01 -6.139799e-01 -5.067338e-01 -4.597201e-01 -1.463056e-01 -1.124769e-01 -2.088118e-01 1.315274e-02 1.675767e+00 7.004406e-02 1.312101e-02 -3.139804e-02 8.221345e-04 6.155625e-02 8.315821e-02 -3.769761e-02 -6.888293e-02 -3.247436e-02 -7.396866e-02 -1.773823e-04 -2.551836e-02 -8.672177e-02
<VARIANCE> 39
 2.275913e+01 5.366485e+01 1.800520e+01 2.233851e+01 2.028830e+01 2.918496e+01 2.801253e+01 2.210183e+01 1.764717e+01 1.988450e+01 1.723966e+01 1.413804e+01 8.904085e+01 1.631010e+00 4.182743e+00 1.638450e+00 1.590471e+00 2.109838e+00 2.874460e+00 3.008760e+00 2.263108e+00 1.923052e+00 1.962062e+00 1.596809e+00 1.513220e+00 3.499806e+00 2.505652e-01 7.909027e-01 2.731465e-01 3.085383e-01 3.853877e-01 5.301092e-01 5.628714e-01 4.199307e-01 3.561965e-01 3.822189e-01 3.022830e-01 2.927461e-01 8.910714e-01
<GCONST> 1.118442e+02
<STATE> 4
<NUMMIXES> 2
<MIXTURE> 1 7.713053e-01
<MEAN> 39
 -2.368855e+01 2.054652e+00 3.734089e+00 3.123145e+00 -3.137431e+00 7.910074e-03 8.599671e+00 -3.791060e-01 -4.312334e+00 5.600369e+00 6.946605e-01 -4.246468e+00 5.602759e+01 4.080792e-02 3.509774e-02 1.003697e-02 -2.160579e-02 2.013430e-03 2.242619e-02 1.927841e-02 6.359452e-03 1.604721e-02 -4.880663e-03 -4.371494e-03 -1.531978e-02 -5.518815e-02 9.206795e-03 -6.339748e-03 -1.753693e-02 -1.642405e-02 -8.364927e-03 -2.060672e-02 -3.152701e-02 -3.461102e-03 -4.250475e-05 -1.903391e-02 -2.301280e-03 1.518708e-02 -1.265519e-03
<VARIANCE> 39
 1.678094e+01 1.072328e+01 9.546425e+00 1.549081e+01 1.424602e+01 1.652834e+01 2.002999e+01 1.778216e+01 1.850668e+01 1.972197e+01 1.778571e+01 1.394648e+01 1.382946e+01 4.198894e-01 5.245724e-01 5.954319e-01 9.131910e-01 1.152289e+00 1.306370e+00 1.571886e+00 1.538503e+00 1.670576e+00 1.679353e+00 1.445303e+00 1.301813e+00 2.652281e-01 7.332933e-02 9.906141e-02 1.115038e-01 1.768409e-01 2.266906e-01 2.576834e-01 3.024714e-01 3.110356e-01 3.421805e-01 3.412123e-01 2.933926e-01 2.649969e-01 4.281143e-02
<GCONST> 8.484220e+01
<MIXTURE> 2 2.286967e-01
<MEAN> 39
 -1.374835e+01 -3.242598e+00 -2.326576e+00 -1.369292e+00 -1.872888e+00 -3.560084e+00 7.423107e-01 -2.048919e+00 -2.979535e+00 1.842775e+00 4.697416e-01 -1.459695e+00 5.729042e+01 8.401188e-03 -1.164064e-01 -2.451266e-02 3.560942e-02 4.082818e-02 -5.148751e-02 -5.471520e-02 1.203699e-02 -7.460065e-03 -9.308291e-03 2.968629e-02 8.304046e-02 6.762859e-02 -2.115893e-02 1.869600e-02 5.454515e-02 5.401606e-02 3.656226e-02 7.472759e-02 1.046696e-01 1.486963e-02 1.014363e-02 5.896095e-02 1.434931e-02 -4.070965e-02 1.257511e-03
<VARIANCE> 39
 3.424023e+01 5.958919e+01 1.727539e+01 1.556338e+01 2.285605e+01 2.763178e+01 2.734047e+01 2.501775e+01 2.006628e+01 2.185807e+01 1.815588e+01 1.629944e+01 7.756922e+01 6.655270e-01 1.503706e+00 9.172546e-01 1.062101e+00 1.375072e+00 1.529241e+00 1.912135e+00 1.554017e+00 1.522477e+00 1.918600e+00 1.440290e+00 1.336636e+00 1.426645e+00 9.583942e-02 2.261874e-01 1.615300e-01 1.971450e-01 2.706228e-01 2.996812e-01 3.499954e-01 2.998492e-01 2.975338e-01 3.521723e-01 2.823576e-01 2.649405e-01 1.939623e-01
<GCONST> 9.934907e+01
<TRANSP> 5
 0.000000e+00 1.000000e+00 0.000000e+00 0.000000e+00 0.000000e+00
 0.000000e+00 9.939516e-01 6.048393e-03 0.000000e+00 0.000000e+00
 0.000000e+00 0.000000e+00 9.736224e-01 2.637757e-02 0.000000e+00
 0.000000e+00 0.000000e+00 0.000000e+00 9.910457e-01 8.954338e-03
 0.000000e+00 0.000000e+00 0.000000e+00 0.000000e+00 0.000000e+00
<ENDHMM>
~h "kn"
<BEGINHMM>
<NUMSTATES> 5
<STATE> 2
<NUMMIXES> 2
<MIXTURE> 1 5.761110e-01
<MEAN> 39
 2.658528e+00 3.322428e-01 -5.521870e+00 -2.233598e+00 7.479247e-01 -2.524876e+00 1.435467e+00 -6.912439e+00 2.402696e-01 -1.765850e+00 1.204911e+00 -4.858131e+00 6.403337e+01 -1.083167e-01 4.239326e-01 9.639113e-02 9.874056e-02 4.841909e-01 -3.811373e-01 9.391263e-01 4.457868e-01 1.738277e+00 4.939066e-01 4.026235e-01 6.960259e-01 2.526338e+00 -1.947421e-01 1.626046e-01 2.935298e-01 1.279117e-01 3.018907e-01 3.709379e-01 -4.695568e-02 1.745472e-01 -3.573000e-01 -6.153320e-02 -1.592095e-03 2.012952e-01 -9.162161e-01
<VARIANCE> 39
 1.355250e+01 3.134534e+01 1.632834e+01 1.448697e+01 1.839111e+01 2.456410e+01 3.231045e+01 3.567863e+01 3.953429e+01 2.975278e+01 2.109510e+01 2.014851e+01 3.928778e+01 2.734603e+00 1.594003e+00 2.073737e+00 1.120195e+00 1.474258e+00 2.331695e+00 3.112313e+00 4.791072e+00 3.032855e+00 2.285207e+00 1.757225e+00 1.837344e+00 7.077592e+00 4.191901e-01 2.186645e-01 2.712294e-01 1.710070e-01 2.122166e-01 3.379387e-01 6.377145e-01 9.142594e-01 6.515554e-01 4.499892e-01 3.478846e-01 3.256869e-01 6.170558e-01
<GCONST> 1.119457e+02
<MIXTURE> 2 4.238886e-01
<MEAN> 39
 -4.451518e+00 3.151075e+00 2.950492e+00 -2.560073e+00 1.867502e+00 2.519640e+00 2.159799e+00 1.219082e+00 -2.217915e+00 1.096168e+00 -4.214503e-01 -2.990882e+00 4.440978e+01 5.560775e-01 -2.383497e-01 -4.352757e-01 1.632417e-01 -1.564447e-01 -4.275889e-01 -2.538785e-01 -9.347073e-01 -2.483817e-01 -2.454689e-01 -1.658452e-01 -4.240654e-01 1.135667e+00 1.659489e-01 -4.065736e-02 -2.051339e-01 -2.920654e-02 -7.302475e-03 -6.515702e-02 3.913424e-03 -4.467999e-02 1.860300e-01 -5.218462e-03 3.055471e-02 -2.151331e-02 4.395627e-01
<VARIANCE> 39
 1.507428e+01 2.324678e+01 1.235829e+01 7.844445e+00 2.276168e+01 1.142813e+01 1.644782e+01 4.175761e+01 1.201716e+01 3.018236e+01 2.691770e+01 1.272918e+01 2.182540e+01 1.592016e+00 7.625228e-01 1.620908e+00 8.288614e-01 1.239633e+00 1.609628e+00 1.984344e+00 4.467999e+00 1.403113e+00 1.988804e+00 2.311112e+00 1.866343e+00 5.200213e+00 1.359750e-01 7.331770e-02 1.959690e-01 1.084486e-01 1.786415e-01 2.100143e-01 3.041330e-01 4.075871e-01 3.248425e-01 3.186808e-01 3.315825e-01 3.141965e-01 5.378782e-01
<GCONST> 9.753593e+01
<STATE> 3
<NUMMIXES> 2
<MIXTURE> 1 2.845388e-01
<MEAN> 39
 5.276206e+00 -2.251173e+00 -4.311198e+00 -8.577241e-01 2.058390e+00 -3.166082e+00 1.627459e+00 -5.199397e+00 -1.300623e-01 -2.148051e+00 1.098548e+00 -2.948771e+00 6.289238e+01 1.021869e-01 -4.222514e-02 -1.863068e-01 -7.566318e-02 1.357964e-01 -1.692135e-01 3.034974e-01 5.383719e-01 7.598698e-01 3.381681e-01 4.344907e-01 4.368556e-01 9.138628e-01 1.291772e-04 2.828998e-01 2.397119e-01 3.168045e-01 3.761298e-01 3.511325e-01 -3.500009e-02 1.359489e-01 -1.151796e-01 1.799850e-01 1.506558e-03 1.426742e-01 -4.585265e-01
<VARIANCE> 39
 1.249522e+01 2.664701e+01 1.600378e+01 1.416694e+01 1.537755e+01 2.295442e+01 2.475973e+01 3.281752e+01 2.934659e+01 2.367593e+01 1.868522e+01 1.842700e+01 3.290307e+01 7.817571e-01 1.646966e+00 1.255735e+00 1.333559e+00 1.815695e+00 1.875446e+00 1.857790e+00 2.370443e+00 2.040857e+00 1.572768e+00 1.499201e+00 1.344016e+00 3.397297e+00 1.269941e-01 2.161308e-01 1.761286e-01 2.014194e-01 2.721213e-01 2.690937e-01 4.067705e-01 6.161516e-01 5.460873e-01 3.455704e-01 3.181016e-01 2.971357e-01 4.630601e-01
<GCONST> 1.021914e+02
<MIXTURE> 2 7.154614e-01
<MEAN> 39
 5.514882e+00 8.479089e-01 -2.116411e+00 1.489966e+00 5.355606e+00 1.115228e-01 1.788115e+00 -3.439162e+00 -4.375194e-01 -4.688568e-01 1.077679e+00 -1.464654e+00 5.900940e+01 4.459730e-02 -1.828293e-02 1.055108e-01 9.562986e-02 -1.780695e-02 8.928209e-02 -1.255111e-01 -1.887389e-01 -3.600690e-01 -1.228687e-01 -1.886172e-01 -1.374841e-01 -4.877230e-01 1.306616e-04 -1.218148e-01 -1.018969e-01 -1.357629e-01 -1.712014e-01 -1.487897e-01 -1.627895e-03 -6.492221e-02 2.395633e-02 -7.670220e-02 -1.050735e-02 -7.585943e-02 1.583498e-01
<VARIANCE> 39
 1.212733e+01 1.963754e+01 1.269584e+01 1.316516e+01 1.686027e+01 1.840676e+01 1.980593e+01 1.857289e+01 1.923442e+01 1.790525e+01 1.603544e+01 1.577258e+01 3.078378e+01 2.510570e-01 5.088136e-01 5.504403e-01 8.125973e-01 1.147899e+00 1.133853e+00 1.226335e+00 1.630394e+00 1.331778e+00 1.398510e+00 1.187507e+00 1.370286e+00 8.329030e-01 4.897705e-02 9.237878e-02 9.480378e-02 1.455895e-01 2.043367e-01 2.034762e-01 2.509443e-01 3.152570e-01 3.053607e-01 2.810012e-01 2.527173e-01 2.690580e-01 1.798616e-01
<GCONST> 8.547845e+01
<STATE> 4
<NUMMIXES> 2
<MIXTURE> 1 5.782806e-01
<MEAN> 39
 5.918061e+00 -1.892291e-01 -1.753684e+00 1.762931e+00 5.017981e+00 2.757833e-01 1.097289e+00 -3.228533e+00 -2.467195e+00 -1.189780e+00 1.840616e-01 -2.267125e+00 5.506694e+01 -9.964634e-02 2.423392e-01 2.734718e-01 7.383449e-03 8.074946e-02 3.308981e-01 -8.077344e-02 2.025424e-01 -1.354493e-01 -2.709518e-02 -1.256268e-01 -1.881576e-01 -6.176065e-01 -1.470537e-02 4.044385e-02 4.030291e-02 1.651600e-02 4.173311e-02 8.302759e-02 1.203236e-01 1.147992e-01 8.962566e-02 2.163045e-02 3.220741e-02 -3.630018e-03 3.864270e-02
<VARIANCE> 39
 5.777495e+00 1.522200e+01 1.380221e+01 1.243727e+01 1.932484e+01 1.902537e+01 1.856972e+01 1.619279e+01 2.185766e+01 2.159795e+01 1.746817e+01 1.705753e+01 1.693728e+01 1.307074e-01 2.902020e-01 4.450769e-01 5.779823e-01 9.914076e-01 9.974563e-01 1.224892e+00 1.324278e+00 1.556839e+00 1.404343e+00 1.232357e+00 1.242927e+00 6.463202e-02 1.624944e-02 4.979021e-02 8.741505e-02 1.176294e-01 1.932194e-01 2.067678e-01 2.472027e-01 2.531515e-01 3.213812e-01 2.867191e-01 2.539226e-01 2.594495e-01 5.521755e-03
<GCONST> 7.391710e+01
<MIXTURE> 2 4.217185e-01
<MEAN> 39
 2.075737e+00 4.175370e+00 2.315721e+00 1.721164e-01 5.359740e+00 4.086168e+00 2.051573e+00 8.574842e-01 -2.869985e+00 -1.552537e+00 -2.449346e-01 -3.184858e+00 4.823654e+01 -3.013098e-01 1.262940e-03 8.616124e-02 -1.058994e-01 -6.002630e-02 5.025565e-02 7.648920e-02 1.434534e-01 -6.336527e-02 -1.573142e-02 7.001704e-02 8.142012e-02 -2.559395e-01 -8.240835e-03 -5.826380e-02 -5.481460e-02 -3.400830e-02 -5.251272e-02 -1.050350e-01 -9.405369e-02 -1.351064e-01 -7.668225e-02 -2.609740e-02 -1.555577e-02 6.030344e-03 1.291932e-02
<VARIANCE> 39
 1.614321e+01 1.649200e+01 1.212011e+01 1.340040e+01 2.397062e+01 1.376483e+01 1.750710e+01 1.608525e+01 1.991156e+01 1.892860e+01 1.341572e+01 1.288094e+01 1.715279e+01 2.074739e-01 3.850194e-01 5.410659e-01 6.426365e-01 9.799908e-01 1.173381e+00 1.371500e+00 1.544292e+00 1.483901e+00 1.481136e+00 1.273872e+00 1.063428e+00 1.059083e-01 3.391874e-02 6.009399e-02 9.255546e-02 1.212908e-01 1.869299e-01 1.952084e-01 2.707352e-01 2.978179e-01 2.823285e-01 2.964050e-01 2.497630e-01 2.073289e-01 1.131042e-02
<GCONST> 7.743272e+01
<TRANSP> 5
 0.000000e+00 1.000000e+00 0.000000e+00 0.000000e+00 0.000000e+00
 0.000000e+00 8.367651e-01 1.632349e-01 0.000000e+00 0.000000e+00
 0.000000e+00 0.000000e+00 9.853714e-01 1.462857e-02 0.000000e+00
 0.000000e+00 0.000000e+00 0.000000e+00 9.566063e-01 4.339375e-02
 0.000000e+00 0.000000e+00 0.000000e+00 0.000000e+00 0.000000e+00
<ENDHMM>
~h "kt"
<BEGINHMM>
<NUMSTATES> 5
<STATE> 2
<NUMMIXES> 2
<MIXTURE> 1 3.327442e-01
<MEAN> 39
 -1.292696e+01 4.286303e-01 -6.412272e+00 -1.582172e+00 3.558830e-01 -5.390738e-01 2.962330e+00 3.162908e-01 1.447270e+00 3.967569e-01 5.960987e-01 -1.385930e+00 5.767880e+01 -6.899482e-01 1.826392e-01 4.449292e-02 6.263327e-02 -1.181263e-01 -2.956048e-01 -7.315471e-02 3.070593e-01 3.647908e-01 2.022125e-01 1.162458e-02 7.163296e-02 8.428013e-01 1.502411e-01 -2.399224e-02 2.076863e-02 9.734642e-02 1.623300e-01 1.968890e-01 2.504818e-01 9.318182e-02 3.213041e-02 1.039650e-01 1.600527e-01 2.665922e-02 -1.157716e-01
<VARIANCE> 39
 1.776513e+01 7.399704e+00 9.727800e+00 1.470774e+01 1.490103e+01 2.102109e+01 1.882691e+01 1.965224e+01 2.068073e+01 1.777866e+01 1.489956e+01 1.392281e+01 2.442035e+01 1.555016e+00 6.746111e-01 8.304317e-01 1.190309e+00 1.406772e+00 2.021327e+00 2.302523e+00 1.945188e+00 1.884176e+00 1.958164e+00 1.726764e+00 1.502660e+00 1.740267e+00 3.236092e-01 1.234707e-01 1.641501e-01 2.075461e-01 2.529114e-01 3.730617e-01 3.930504e-01 4.008601e-01 3.826758e-01 3.876961e-01 3.117582e-01 2.798221e-01 4.096342e-01
<GCONST> 9.696313e+01
<MIXTURE> 2 6.672592e-01
<MEAN> 39
 -1.007289e+01 -7.434949e-03 -6.527412e+00 -8.617183e-01 1.979284e+00 2.219718e+00 5.542026e+00 8.375096e-01 1.018708e+00 1.103959e+00 2.091738e+00 -1.254198e+00 5.476025e+01 3.454202e-01 -9.151076e-02 -3.280857e-02 -3.123974e-02 5.867605e-02 1.452387e-01 4.205402e-02 -1.569048e-01 -1.898766e-01 -1.042640e-01 -5.604868e-03 -4.269043e-02 -4.120410e-01 -7.094767e-02 1.093322e-02 -7.235734e-03 -4.685303e-02 -7.813746e-02 -9.572241e-02 -1.236717e-01 -4.455104e-02 -1.681186e-02 -5.285104e-02 -7.989547e-02 -1.514537e-02 5.023934e-02
<VARIANCE> 39
 1.075014e+01 5.677121e+00 6.462439e+00 8.773530e+00 9.787372e+00 1.302793e+01 1.299767e+01 1.425535e+01 1.480004e+01 1.395571e+01 1.329970e+01 1.284082e+01 1.217810e+01 2.191531e-01 3.096284e-01 5.120778e-01 6.860547e-01 9.468641e-01 1.136611e+00 1.392882e+00 1.479298e+00 1.400643e+00 1.471162e+00 1.358921e+00 1.195859e+00 1.517027e-01 7.167743e-02 6.866758e-02 1.048428e-01 1.393846e-01 1.916510e-01 2.363127e-01 2.923818e-01 3.145293e-01 2.992185e-01 3.101107e-01 2.707592e-01 2.532758e-01 5.492094e-02
<GCONST> 7.626958e+01
<STATE> 3
<NUMMIXES> 2
<MIXTURE> 1 6.677625e-01
<MEAN> 39
 -1.157438e+01 2.962388e+00 -2.632128e+00 1.061660e+00 1.280672e+00 -1.425650e+00 2.939861e+00 1.050659e+00 1.973789e-01 -1.013695e+00 1.860981e-01 -1.966887e+00 5.225883e+01 3.844917e-01 -2.009102e-02 1.903746e-01 8.598009e-02 1.918049e-01 1.948159e-01 1.413084e-01 5.909213e-02 1.191928e-01 8.034828e-02 1.604030e-01 -3.850899e-03 -6.887331e-01 -6.031268e-02 5.424491e-02 -4.280787e-02 -2.748912e-02 -5.335688e-02 -1.171235e-01 -7.269263e-02 3.524406e-02 -3.877426e-03 9.602055e-02 -7.654754e-02 6.143840e-02 2.271931e-02
<VARIANCE> 39
 5.953641e+00 5.004545e+00 8.222548e+00 1.053716e+01 1.224789e+01 1.263758e+01 1.463914e+01 1.649400e+01 1.680447e+01 1.773398e+01 1.566297e+01 1.352943e+01 1.551718e+01 2.081953e-01 3.035650e-01 5.157112e-01 6.901006e-01 9.667795e-01 1.209144e+00 1.283219e+00 1.392246e+00 1.494917e+00 1.721882e+00 1.386539e+00 1.294173e+00 1.592688e-01 8.051600e-02 6.422782e-02 1.235223e-01 1.572828e-01 2.196548e-01 2.690804e-01 2.814489e-01 3.109277e-01 3.304403e-01 3.964668e-01 2.939907e-01 2.706191e-01 1.496305e-01
<GCONST> 7.955874e+01
<MIXTURE> 2 3.322412e-01
<MEAN> 39
 -1.265251e+01 3.866488e+00 -3.442376e+00 6.142731e-01 1.834031e-01 -3.197368e+00 1.758393e+00 1.783744e+00 7.118057e-02 1.645390e-01 -1.065621e+00 -1.199871e+00 5.306925e+01 -7.655054e-01 5.795566e-02 -3.812932e-01 -1.544251e-01 -3.530805e-01 -3.852413e-01 -2.341627e-01 -1.280585e-01 -2.140218e-01 -1.725374e-01 -2.982149e-01 -1.439476e-02 1.342959e+00 1.341716e-01 -1.110003e-01 9.243191e-02 4.817206e-02 1.104692e-01 2.471069e-01 1.469490e-01 -6.102665e-02 1.757723e-02 -1.779979e-01 1.586428e-01 -1.125889e-01 -6.763806e-02
<VARIANCE> 39
 1.111344e+01 7.505200e+00 1.002369e+01 1.332292e+01 1.673436e+01 2.234567e+01 2.037403e+01 1.773042e+01 1.895222e+01 2.034191e+01 1.918377e+01 1.421098e+01 2.589117e+01 8.938849e-01 7.663108e-01 9.717007e-01 1.340662e+00 1.781160e+00 2.523444e+00 2.269086e+00 1.977284e+00 2.066334e+00 2.683126e+00 2.037625e+00 1.555701e+00 1.395013e+00 2.353979e-01 1.156582e-01 1.853933e-01 2.438524e-01 3.431237e-01 4.703412e-01 4.223342e-01 3.509040e-01 3.860092e-01 4.643642e-01 3.593825e-01 2.881254e-01 5.438730e-01
<GCONST> 9.868610e+01
<STATE> 4
<NUMMIXES> 2
<MIXTURE> 1 6.930361e-01
<MEAN> 39
 -8.933547e+00 3.204960e+00 -2.207330e+00 -1.108473e-01 6.611003e-01 4.161733e-01 3.595367e+00 2.173381e+00 9.298579e-01 1.508342e-01 7.920766e-01 -2.150370e+00 4.793703e+01 2.995971e-01 -6.763654e-02 1.956829e-01 -4.590809e-02 6.789129e-02 1.132521e-01 2.864864e-02 4.371853e-02 1.886622e-02 3.782928e-02 3.783923e-02 -7.867048e-03 -3.331758e-01 -5.019221e-02 5.505416e-03 -3.451144e-02 -1.017498e-02 -3.912717e-02 -4.427657e-02 -5.614782e-02 1.212422e-02 -3.582489e-02 -8.756453e-03 -4.141711e-02 2.874385e-03 4.533421e-02
<VARIANCE> 39
 6.531806e+00 6.777002e+00 9.773538e+00 1.006840e+01 1.608183e+01 1.389746e+01 1.548647e+01 1.667183e+01 1.677178e+01 1.703807e+01 1.426028e+01 1.278906e+01 7.142652e+00 2.439455e-01 3.531802e-01 4.928910e-01 7.088968e-01 9.655787e-01 1.060171e+00 1.273055e+00 1.341356e+00 1.508769e+00 1.499367e+00 1.343488e+00 1.168154e+00 1.559039e-01 6.049068e-02 7.315216e-02 1.052546e-01 1.446364e-01 1.957443e-01 2.160803e-01 2.539003e-01 2.726487e-01 3.082380e-01 3.107497e-01 2.719945e-01 2.330430e-01 3.517189e-02
<GCONST> 7.642033e+01
<MIXTURE> 2 3.069624e-01
<MEAN> 39
 -1.096627e+01 2.919583e+00 -3.039799e+00 -2.216367e-01 -3.051771e-01 -1.065708e+00 2.211373e+00 2.211608e+00 8.981070e-02 -2.008684e-01 1.612495e-01 -1.991343e+00 5.019041e+01 -6.274157e-01 1.385432e-01 -4.211259e-01 6.843134e-02 -1.451559e-01 -2.342774e-01 -6.683385e-02 -9.028699e-02 -4.825574e-02 -7.960389e-02 -7.718445e-02 2.631727e-02 7.043433e-01 1.110275e-01 -1.399908e-02 7.628094e-02 2.656025e-02 9.105258e-02 9.765635e-02 1.196078e-01 -3.012260e-02 7.692138e-02 1.335496e-02 9.029629e-02 -7.134486e-03 -9.560986e-02
<VARIANCE> 39
 1.363764e+01 1.511448e+01 1.400294e+01 1.493211e+01 1.883974e+01 1.959734e+01 1.955718e+01 1.967210e+01 1.871350e+01 1.843939e+01 1.689907e+01 1.341090e+01 1.846862e+01 1.115170e+00 8.933027e-01 9.176677e-01 1.177159e+00 1.553715e+00 1.759428e+00 1.746453e+00 1.754520e+00 1.806275e+00 1.823511e+00 1.662148e+00 1.320498e+00 1.396973e+00 2.726706e-01 1.651690e-01 1.987534e-01 2.277732e-01 2.958214e-01 3.493486e-01 3.433961e-01 3.477154e-01 3.646693e-01 3.743100e-01 3.284918e-01 2.629484e-01 3.599661e-01
<GCONST> 9.685421e+01
<TRANSP> 5
 0.000000e+00 1.000000e+00 0.000000e+00 0.000000e+00 0.000000e+00
 0.000000e+00 9.916521e-01 8.347857e-03 0.000000e+00 0.000000e+00
 0.000000e+00 0.000000e+00 9.876961e-01 1.230394e-02 0.000000e+00
 0.000000e+00 0.000000e+00 0.000000e+00 9.922341e-01 7.765950e-03
 0.000000e+00 0.000000e+00 0.000000e+00 0.000000e+00 0.000000e+00
<ENDHMM>
~h "pr"
<BEGINHMM>
<NUMSTATES> 5
<STATE> 2
<NUMMIXES> 2
<MIXTURE> 1 4.554142e-01
<MEAN> 39
 -1.279458e+01 -1.167995e+01 7.598355e-01 -8.683641e+00 5.433816e+00 9.506900e+00 4.548707e+00 5.264472e-02 -5.579911e+00 -2.841530e+00 7.466585e+00 2.121467e+00 5.744547e+01 1.365076e-01 3.716244e-02 9.430329e-04 3.884928e-02 -5.452989e-02 1.839609e-02 -1.612129e-03 -2.733726e-03 -1.149131e-02 3.608434e-02 2.873669e-02 -2.675091e-02 -1.318763e-01 2.491593e-03 3.206276e-02 1.873150e-02 3.013350e-02 -2.607021e-02 -4.846166e-02 -2.402545e-03 4.173604e-02 5.164799e-02 4.170997e-02 -3.402938e-02 -4.780436e-02 -2.503225e-03
<VARIANCE> 39
 2.850966e+01 2.226677e+01 3.578463e+01 3.572584e+01 5.039383e+01 8.382037e+01 7.019712e+01 7.785139e+01 7.351952e+01 4.519959e+01 7.915505e+01 7.783612e+01 1.289348e+01 3.896355e-01 6.713367e-01 8.019770e-01 1.528834e+00 1.463940e+00 1.878610e+00 2.183499e+00 2.547573e+00 2.655597e+00 2.157218e+00 2.865978e+00 2.365700e+00 2.397414e-01 8.954655e-02 1.198752e-01 1.571720e-01 3.019106e-01 2.845226e-01 3.580225e-01 4.360908e-01 4.970393e-01 5.348664e-01 4.162720e-01 5.795962e-01 4.800333e-01 5.410619e-02
<GCONST> 1.083581e+02
<MIXTURE> 2 5.445864e-01
<MEAN> 39
 -1.616878e+01 -3.935941e+00 -1.360969e+00 -5.969162e+00 2.601034e-01 3.033710e+00 5.934984e+00 4.918316e-01 -1.431940e-01 -1.571708e+00 3.174980e+00 -2.330441e+00 5.916911e+01 -1.758004e-01 -4.404783e-02 2.857556e-02 -6.756022e-02 6.426718e-02 1.460808e-02 2.594772e-02 -3.853344e-02 1.783550e-02 -6.975929e-02 -1.463851e-02 9.717038e-02 1.579777e-01 1.770777e-02 -2.285354e-02 -1.449868e-02 -1.821432e-02 1.524953e-02 4.308492e-02 -8.463303e-03 -3.202264e-02 -3.905527e-02 -2.663722e-02 1.399611e-02 3.093977e-02 -1.438065e-02
<VARIANCE> 39
 3.167590e+01 3.114520e+01 5.186467e+01 2.577918e+01 2.853146e+01 3.690364e+01 3.282841e+01 5.132068e+01 2.615898e+01 2.452523e+01 2.250546e+01 2.054350e+01 3.443753e+01 1.112611e+00 9.037868e-01 1.062029e+00 1.159548e+00 1.438271e+00 1.652497e+00 1.933715e+00 1.964742e+00 1.796807e+00 1.762335e+00 1.798673e+00 1.822173e+00 8.643843e-01 1.344730e-01 1.323112e-01 1.641715e-01 1.784164e-01 2.437150e-01 2.776932e-01 3.318178e-01 3.291547e-01 3.087267e-01 2.983234e-01 3.011922e-01 2.790124e-01 1.029780e-01
<GCONST> 1.013045e+02
<STATE> 3
<NUMMIXES> 2
<MIXTURE> 1 3.748009e-01
<MEAN> 39
 -1.421883e+01 -7.660231e-02 1.896038e+01 -2.073131e+01 7.749953e+00 1.034101e+01 -6.753818e+00 1.572635e+00 6.140806e+00 1.380733e+00 -1.212925e+01 1.128629e+01 4.835480e+01 1.657714e-01 8.339000e-03 -5.918426e-02 9.901506e-02 5.165133e-02 -7.877887e-02 -8.288282e-04 1.122293e-01 -1.547904e-01 6.782539e-02 1.550713e-02 -6.552302e-02 -8.981892e-02 -5.923642e-03 3.572998e-03 -1.208947e-02 2.604388e-02 -1.915798e-02 1.499236e-03 8.121165e-03 -2.177539e-02 5.793390e-05 -1.477248e-02 1.849256e-02 -1.516584e-02 6.259366e-03
<VARIANCE> 39
 1.203256e+01 5.909221e+00 1.806159e+01 2.601040e+01 1.975553e+01 2.019560e+01 1.508939e+01 2.243847e+01 2.948212e+01 2.108416e+01 2.225814e+01 1.968653e+01 4.893715e+00 1.403448e-01 2.926660e-01 4.523010e-01 8.108380e-01 9.805386e-01 1.067089e+00 1.157262e+00 1.306413e+00 1.430623e+00 1.394727e+00 1.229213e+00 1.026733e+00 5.057162e-02 2.555242e-02 5.169373e-02 7.933680e-02 1.414926e-01 1.912868e-01 2.044040e-01 2.287354e-01 2.583709e-01 2.807940e-01 2.686761e-01 2.346072e-01 1.956621e-01 8.351564e-03
<GCONST> 7.457247e+01
<MIXTURE> 2 6.252005e-01
<MEAN> 39
 -2.174929e+01 5.295482e+00 1.684392e+01 -1.361632e+01 9.996645e-01 1.287446e+01 -5.448539e+00 -7.162633e+00 1.240086e+01 -8.624480e+00 -6.356752e+00 7.407801e+00 5.493555e+01 1.128468e-02 -5.054360e-02 6.688856e-03 -4.108714e-02 -6.310327e-03 1.149764e-02 -4.360801e-02 -1.651623e-02 4.411723e-02 9.262340e-03 -5.224987e-02 3.805343e-02 -2.725849e-02 1.214796e-02 1.487453e-03 -7.380581e-03 7.414999e-04 2.224459e-02 -2.276645e-02 1.270987e-03 3.048404e-02 -1.459504e-02 1.322555e-02 7.311212e-03 -1.083770e-02 -8.624017e-03
<VARIANCE> 39
 8.152037e+00 1.399417e+01 1.151481e+01 1.642302e+01 1.673930e+01 2.525265e+01 1.836756e+01 2.146065e+01 2.342412e+01 2.341223e+01 2.412369e+01 1.561646e+01 5.035183e+00 7.639665e-01 5.531208e-01 5.943131e-01 9.589729e-01 1.415765e+00 1.925067e+00 1.505655e+00 1.710717e+00 1.722362e+00 1.852409e+00 2.261115e+00 1.209393e+00 3.490276e-01 1.952517e-01 1.066511e-01 1.207813e-01 1.968679e-01 2.968614e-01 4.184396e-01 3.074877e-01 3.384893e-01 3.656603e-01 3.544164e-01 4.468896e-01 2.480948e-01 8.596260e-02
<GCONST> 9.051807e+01
<STATE> 4
<NUMMIXES> 2
<MIXTURE> 1 2.648192e-01
<MEAN> 39
 -1.790632e+01 -2.767900e+00 1.006995e+01 -1.010559e+01 4.722891e+00 4.527708e+00 -1.699723e+00 -1.315608e-01 7.508377e+00 -3.926309e+00 -5.537282e+00 6.070626e+00 5.436367e+01 -5.133404e-02 -5.941756e-02 -1.423977e-02 -5.676692e-02 -1.503343e-02 3.056151e-02 2.177219e-02 -3.105342e-02 5.830644e-02 3.079746e-02 -6.421966e-03 -6.176106e-04 1.137416e-01 2.314807e-02 7.507012e-03 1.669109e-03 4.553646e-03 2.225877e-02 1.127629e-02 5.044260e-02 3.648200e-02 1.987411e-03 1.586663e-02 2.337920e-02 7.505728e-03 -1.431165e-02
<VARIANCE> 39
 2.725562e+01 6.319055e+01 5.587277e+01 6.505716e+01 4.809119e+01 1.186663e+02 3.833090e+01 6.431062e+01 7.413749e+01 4.652607e+01 5.360609e+01 4.896336e+01 2.716384e+01 7.957919e-01 6.418798e-01 1.054186e+00 1.433542e+00 1.707607e+00 2.138772e+00 2.059520e+00 2.230236e+00 2.286706e+00 2.225177e+00 2.270559e+00 1.738335e+00 4.492641e-01 1.485623e-01 1.180129e-01 1.896824e-01 2.502219e-01 3.292356e-01 4.296357e-01 3.851660e-01 4.128747e-01 4.260527e-01 4.216575e-01 4.252116e-01 3.108175e-01 8.135651e-02
<GCONST> 1.107323e+02
<MIXTURE> 2 7.351831e-01
<MEAN> 39
 -1.272395e+01 -6.392175e+00 2.802731e+00 -3.853280e+00 3.132276e+00 -3.593719e+00 5.181772e+00 6.152275e+00 1.092114e+00 -1.259919e+00 -2.106103e+00 1.462924e+00 5.426626e+01 5.834364e-02 4.657558e-02 -1.817102e-02 3.824317e-02 -1.664117e-02 -1.831501e-02 -2.651284e-03 1.105680e-02 -1.869329e-02 -6.532291e-03 1.116422e-02 -2.229223e-02 -7.810059e-02 -8.945807e-03 -1.843636e-03 1.378740e-03 -4.853425e-03 -8.951878e-03 -1.964893e-03 -1.774603e-02 -1.398590e-02 -4.276834e-04 -5.223086e-03 -7.855549e-03 -4.011413e-03 4.598113e-03
<VARIANCE> 39
 3.628986e+01 4.893420e+01 3.426656e+01 4.060273e+01 9.924689e+01 6.209326e+01 6.563235e+01 5.371295e+01 3.560918e+01 4.859818e+01 4.885236e+01 7.539758e+01 5.287346e+01 1.605627e-01 3.369058e-01 5.302501e-01 7.863212e-01 9.675553e-01 1.339933e+00 1.396501e+00 1.404048e+00 1.527640e+00 1.603920e+00 1.366109e+00 1.264107e+00 6.096962e-02 2.709011e-02 6.022240e-02 1.009313e-01 1.464645e-01 1.882340e-01 2.529297e-01 2.783298e-01 2.640782e-01 2.954668e-01 3.191956e-01 2.746243e-01 2.551932e-01 8.868953e-03
<GCONST> 9.268096e+01
<TRANSP> 5
 0.000000e+00 1.000000e+00 0.000000e+00 0.000000e+00 0.000000e+00
 0.000000e+00 9.888366e-01 1.116341e-02 0.000000e+00 0.000000e+00
 0.000000e+00 0.000000e+00 9.853642e-01 1.463576e-02 0.000000e+00
 0.000000e+00 0.000000e+00 0.000000e+00 9.952854e-01 4.714587e-03
 0.000000e+00 0.000000e+00 0.000000e+00 0.000000e+00 0.000000e+00
<ENDHMM>
~h "pw"
<BEGINHMM>
<NUMSTATES> 5
<STATE> 2
<NUMMIXES> 2
<MIXTURE> 1 6.850694e-01
<MEAN> 39
 -1.311526e+01 -1.696742e+00 -7.604451e-01 -4.057236e-01 1.586515e+00 -6.087239e-01 3.239432e+00 4.158188e-01 -4.755888e-01 9.807898e-01 2.025809e-01 -1.088588e+00 5.313211e+01 1.351226e-01 2.086071e-01 2.597841e-02 2.866421e-03 3.568042e-02 7.436737e-02 6.155790e-02 7.149294e-02 1.042146e-02 2.944784e-02 1.054423e-02 1.038097e-02 -2.494163e-01 -3.103478e-02 -1.299017e-02 4.025402e-04 -4.781890e-03 -4.123700e-02 -6.195244e-02 -3.017318e-02 -1.296404e-02 -2.394933e-02 -1.980447e-03 -1.829976e-02 1.630686e-02 3.152305e-02
<VARIANCE> 39
 1.350817e+01 1.913443e+01 1.029994e+01 1.085955e+01 1.306578e+01 1.385403e+01 1.503213e+01 1.697475e+01 1.561123e+01 1.456921e+01 1.404144e+01 1.230705e+01 1.839794e+01 2.978306e-01 4.026497e-01 5.159631e-01 7.496492e-01 9.587366e-01 1.132179e+00 1.280337e+00 1.414758e+00 1.458877e+00 1.338607e+00 1.374849e+00 1.177362e+00 1.788458e-01 4.820250e-02 7.445991e-02 1.024545e-01 1.483613e-01 1.875996e-01 2.302978e-01 2.623607e-01 2.888568e-01 2.978375e-01 2.695705e-01 2.896365e-01 2.404652e-01 2.459260e-02
<GCONST> 7.878629e+01
<MIXTURE> 2 3.149371e-01
<MEAN> 39
 -1.509145e+01 -3.950825e+00 -1.243317e+00 -7.139567e-01 2.898687e-01 -2.659273e+00 2.238210e+00 -4.323956e-01 -1.244370e+00 6.502379e-01 -3.963072e-01 -6.263880e-01 5.672511e+01 -3.142699e-01 -4.729513e-01 -4.333607e-02 -5.420677e-03 -8.903896e-02 -1.915404e-01 -1.363333e-01 -1.723216e-01 -2.938389e-02 -7.069089e-02 -2.833249e-02 -1.936495e-02 5.792047e-01 6.670140e-02 2.236147e-02 -8.878906e-03 8.550095e-03 8.148937e-02 1.260317e-01 5.644791e-02 2.331309e-02 4.675478e-02 8.072930e-03 3.748902e-02 -3.486746e-02 -5.584250e-02
<VARIANCE> 39
 1.798162e+01 2.835351e+01 1.450823e+01 1.535689e+01 1.862291e+01 2.210052e+01 2.095821e+01 2.124244e+01 1.804842e+01 1.787249e+01 1.569718e+01 1.449629e+01 3.305751e+01 1.048698e+00 1.341585e+00 1.154656e+00 1.281511e+00 1.575399e+00 2.002209e+00 1.843229e+00 1.861015e+00 1.807078e+00 1.702481e+00 1.675869e+00 1.419236e+00 1.169998e+00 1.911695e-01 2.682674e-01 2.144848e-01 2.504629e-01 3.059075e-01 3.928451e-01 3.719890e-01 3.693262e-01 3.647997e-01 3.382882e-01 3.306992e-01 2.864965e-01 2.442578e-01
<GCONST> 9.954349e+01
<STATE> 3
<NUMMIXES> 2
<MIXTURE> 1 7.468151e-01
<MEAN> 39
 -1.000893e+01 -6.536330e+00 -2.796988e+00 -1.293412e+00 5.866171e-01 -4.503103e+00 -1.020106e+00 -5.347031e+00 -3.908209e+00 -1.214612e+00 8.077358e-02 -3.888760e-01 6.073252e+01 1.303483e-01 2.377046e-01 7.450788e-02 8.870919e-02 1.611532e-01 2.134926e-01 1.220259e-01 1.294923e-01 7.363869e-03 3.774561e-02 2.013538e-02 3.304249e-02 -7.266197e-01 -2.453406e-02 1.839061e-02 1.317239e-02 3.949735e-03 -1.565807e-02 -1.353929e-02 1.384865e-02 3.855557e-02 3.483928e-02 2.201575e-02 -1.543661e-02 -1.776129e-03 1.228664e-02
<VARIANCE> 39
 1.732781e+01 2.468347e+01 1.208239e+01 1.134050e+01 1.516672e+01 2.019920e+01 1.912679e+01 2.283286e+01 1.836923e+01 1.522972e+01 1.379207e+01 1.243690e+01 6.762424e+01 2.091596e-01 3.222798e-01 4.512994e-01 6.366466e-01 8.779644e-01 1.035406e+00 1.163429e+00 1.374353e+00 1.468103e+00 1.296978e+00 1.202412e+00 1.120690e+00 1.238721e-01 3.636841e-02 5.787507e-02 8.968517e-02 1.251740e-01 1.799387e-01 2.107150e-01 2.378170e-01 2.884056e-01 3.066218e-01 2.669865e-01 2.490235e-01 2.334872e-01 1.972528e-02
<GCONST> 7.885765e+01
<MIXTURE> 2 2.531858e-01
<MEAN> 39
 -1.257726e+01 -4.666678e+00 -1.609503e+00 -1.533728e+00 -1.215180e+00 -5.257803e+00 -5.408194e-01 -2.928909e+00 -2.073628e+00 -2.271044e-01 -7.336445e-01 -5.999542e-01 6.220750e+01 -3.204105e-01 -8.375079e-01 -2.593635e-01 -2.245262e-01 -4.554947e-01 -7.160213e-01 -5.301393e-01 -5.969733e-01 -1.502393e-01 -1.762937e-01 -3.237877e-02 -5.817814e-02 2.252193e+00 1.004840e-01 -1.377079e-02 -2.877819e-02 -2.884573e-03 9.247054e-02 1.057907e-01 1.443275e-02 -6.589957e-02 -7.004316e-02 -4.520667e-02 6.004834e-02 -1.243671e-02 -1.229918e-01
<VARIANCE> 39
 2.028836e+01 3.183447e+01 1.578862e+01 1.574729e+01 2.564687e+01 3.723139e+01 2.722157e+01 2.943440e+01 1.900167e+01 1.947456e+01 1.710138e+01 1.558854e+01 1.314417e+02 1.496183e+00 2.241491e+00 1.341893e+00 1.330523e+00 2.710270e+00 3.699034e+00 2.827195e+00 2.581551e+00 1.802861e+00 1.951804e+00 1.815378e+00 1.802888e+00 8.151125e+00 2.583594e-01 4.313264e-01 2.450032e-01 2.550886e-01 5.520707e-01 7.474838e-01 5.506333e-01 4.876674e-01 3.368061e-01 3.838252e-01 3.530362e-01 3.723730e-01 1.940969e+00
<GCONST> 1.136354e+02
<STATE> 4
<NUMMIXES> 2
<MIXTURE> 1 7.316186e-01
<MEAN> 39
 -1.122583e+01 -2.180990e+00 -1.653391e+00 -9.150052e-01 1.370858e+00 -5.582010e-02 3.441294e+00 -7.296740e-02 -7.251323e-01 8.847409e-01 5.963223e-01 -9.263747e-01 5.305382e+01 1.274939e-01 1.767101e-01 4.480452e-03 -1.009144e-03 4.684415e-02 1.206771e-01 9.417770e-02 9.294963e-02 3.711843e-02 4.430776e-02 6.544837e-03 -5.909802e-03 -2.669899e-01 -2.729107e-02 -1.371429e-02 5.044262e-04 -5.983907e-03 -3.869957e-02 -5.244547e-02 -2.609294e-02 -6.300952e-03 -6.401184e-03 -7.238875e-03 -1.973069e-02 1.042477e-02 3.066995e-02
<VARIANCE> 39
 1.447255e+01 1.745193e+01 1.201932e+01 1.084089e+01 1.223353e+01 1.677237e+01 1.569980e+01 1.827776e+01 1.604113e+01 1.481237e+01 1.344614e+01 1.266890e+01 2.186473e+01 2.927475e-01 3.958678e-01 5.128388e-01 7.190922e-01 9.624434e-01 1.175751e+00 1.272409e+00 1.405761e+00 1.429652e+00 1.399388e+00 1.306466e+00 1.216529e+00 1.802266e-01 4.704941e-02 7.253402e-02 9.962618e-02 1.420413e-01 1.887494e-01 2.362346e-01 2.551006e-01 2.829854e-01 2.886840e-01 2.894251e-01 2.651610e-01 2.478753e-01 2.392359e-02
<GCONST> 7.913667e+01
<MIXTURE> 2 2.683975e-01
<MEAN> 39
 -1.376620e+01 -4.810338e+00 -1.597274e+00 -1.168202e+00 -3.624820e-01 -3.275910e+00 1.650487e+00 -1.328230e+00 -1.123494e+00 3.520713e-01 -1.281633e-01 -6.201238e-01 5.809033e+01 -3.241372e-01 -4.727479e-01 -6.382544e-03 -9.166531e-03 -1.246314e-01 -2.970720e-01 -2.225470e-01 -2.107005e-01 -7.147025e-02 -1.049675e-01 -1.343544e-02 1.320241e-03 6.804960e-01 7.604900e-02 3.402974e-02 -2.274422e-03 1.351454e-02 1.015567e-01 1.390794e-01 6.550045e-02 9.194543e-03 1.050709e-02 1.602111e-02 5.329603e-02 -2.689347e-02 -8.056275e-02
<VARIANCE> 39
 2.011326e+01 2.625170e+01 1.552229e+01 1.556246e+01 1.845698e+01 2.506036e+01 2.311192e+01 2.734550e+01 2.104990e+01 1.972371e+01 1.640074e+01 1.508356e+01 4.847342e+01 1.072822e+00 1.457510e+00 1.071292e+00 1.221560e+00 1.620865e+00 2.105008e+00 1.914673e+00 1.944604e+00 1.772540e+00 1.787953e+00 1.707669e+00 1.485784e+00 2.131796e+00 1.928442e-01 2.748661e-01 1.925590e-01 2.368676e-01 3.158670e-01 4.252151e-01 3.868892e-01 3.941246e-01 3.643631e-01 3.648413e-01 3.466737e-01 3.118617e-01 4.011304e-01
<GCONST> 1.024700e+02
<TRANSP> 5
 0.000000e+00 1.000000e+00 0.000000e+00 0.000000e+00 0.000000e+00
 0.000000e+00 9.936753e-01 6.324680e-03 0.000000e+00 0.000000e+00
 0.000000e+00 0.000000e+00 9.882699e-01 1.173015e-02 0.000000e+00
 0.000000e+00 0.000000e+00 0.000000e+00 9.972580e-01 2.741973e-03
 0.000000e+00 0.000000e+00 0.000000e+00 0.000000e+00 0.000000e+00
<ENDHMM>
~h "si"
<BEGINHMM>
<NUMSTATES> 5
<STATE> 2
<NUMMIXES> 2
<MIXTURE> 1 6.768439e-01
<MEAN> 39
 -5.288280e+00 2.213695e+00 1.322465e+00 -2.570512e+00 2.641110e+00 2.060271e+00 1.535143e+00 4.026925e+00 -1.084128e+00 -2.665378e-01 9.496967e-01 -2.921747e+00 4.300449e+01 1.827055e-02 3.973683e-02 3.918104e-02 5.493855e-02 8.156934e-02 9.112597e-02 7.536388e-02 8.667754e-02 4.756510e-02 3.742032e-02 2.952227e-02 7.475508e-03 -1.276991e-02 -5.552419e-03 6.426911e-03 1.728730e-02 3.177389e-02 2.733987e-02 3.275252e-02 4.524818e-02 3.233991e-02 4.145036e-02 3.193678e-02 1.309968e-02 1.176559e-02 6.973832e-03
<VARIANCE> 39
 3.027992e+00 3.373088e+00 6.793219e+00 8.414431e+00 1.369969e+01 1.243849e+01 1.328925e+01 1.483269e+01 1.399508e+01 1.435851e+01 1.305402e+01 1.189414e+01 1.729537e+00 1.085782e-01 2.332618e-01 4.169594e-01 6.307433e-01 8.473969e-01 1.026664e+00 1.193357e+00 1.283598e+00 1.334931e+00 1.366338e+00 1.274528e+00 1.089347e+00 3.207464e-02 2.049808e-02 4.513502e-02 8.227727e-02 1.265011e-01 1.700091e-01 2.060431e-01 2.382691e-01 2.580805e-01 2.648628e-01 2.748610e-01 2.588994e-01 2.207389e-01 5.755206e-03
<GCONST> 6.379908e+01
<MIXTURE> 2 3.231843e-01
<MEAN> 39
 -6.465897e+00 2.169305e+00 1.918463e+00 -7.826275e-01 2.479417e+00 2.130022e+00 3.218604e+00 2.943152e+00 2.345873e-01 7.112147e-01 5.778888e-01 -2.274065e+00 4.559940e+01 -5.326178e-02 -7.495519e-02 -1.203588e-01 -1.524856e-01 -2.012411e-01 -1.941889e-01 -1.535286e-01 -1.452654e-01 -9.194647e-02 -5.810774e-02 -4.153845e-02 -1.819028e-02 -1.677524e-02 7.108398e-03 -1.797048e-02 -3.998121e-02 -6.928571e-02 -6.412105e-02 -7.517294e-02 -9.935223e-02 -7.756843e-02 -8.899052e-02 -6.663597e-02 -2.739441e-02 -2.206632e-02 -8.126835e-03
<VARIANCE> 39
 1.226242e+01 1.166188e+01 1.462727e+01 1.470853e+01 2.045889e+01 1.958115e+01 1.946401e+01 2.426607e+01 1.923817e+01 1.937824e+01 1.775165e+01 1.509362e+01 9.843095e+00 2.990582e-01 4.516655e-01 5.796741e-01 7.919086e-01 1.046638e+00 1.235153e+00 1.404371e+00 1.484964e+00 1.500623e+00 1.477067e+00 1.428754e+00 1.202161e+00 1.756654e-01 5.024660e-02 8.397053e-02 1.121297e-01 1.529054e-01 2.092848e-01 2.469213e-01 2.791209e-01 2.969870e-01 3.028733e-01 3.000494e-01 2.912268e-01 2.396178e-01 2.497217e-02
<GCONST> 8.203185e+01
<STATE> 3
<NUMMIXES> 2
<MIXTURE> 1 5.875288e-01
<MEAN> 39
 -3.185008e+00 -4.343162e+00 -3.821571e+00 -3.109265e+00 2.305490e+00 4.868424e+00 5.284297e+00 1.223813e+00 -6.841434e-01 1.415254e+00 1.423880e+00 -2.565547e+00 4.987667e+01 1.002037e-02 4.771512e-03 8.137203e-04 1.315873e-02 3.284466e-02 4.558465e-02 3.456378e-02 3.688456e-02 2.080692e-02 1.999014e-02 9.623348e-03 6.663978e-03 -1.788571e-02 -1.345296e-02 -7.140517e-04 -6.711977e-03 -1.869485e-02 -4.631757e-02 -6.088495e-02 -5.573945e-02 -3.577637e-02 -1.629084e-02 -1.524260e-02 -1.209956e-02 -3.890632e-03 4.835715e-03
<VARIANCE> 39
 3.431419e+00 4.325768e+00 5.129523e+00 6.296975e+00 9.011670e+00 9.888500e+00 1.126870e+01 1.297144e+01 1.299976e+01 1.302832e+01 1.245394e+01 1.124874e+01 1.384269e+00 1.138650e-01 2.455045e-01 4.495759e-01 6.225088e-01 8.960312e-01 1.059895e+00 1.175487e+00 1.362480e+00 1.348325e+00 1.394166e+00 1.303223e+00 1.152086e+00 3.345771e-02 2.021034e-02 4.620415e-02 8.591814e-02 1.173067e-01 1.736229e-01 2.045908e-01 2.257396e-01 2.701583e-01 2.711287e-01 2.804862e-01 2.620472e-01 2.298493e-01 5.960790e-03
<GCONST> 6.271607e+01
<MIXTURE> 2 4.124778e-01
<MEAN> 39
 -5.503289e+00 -2.878557e+00 -3.255301e+00 -3.541054e+00 -8.160822e-01 1.414114e+00 2.405099e+00 -5.903643e-01 -5.157843e-01 7.819033e-01 8.066884e-01 -2.610900e+00 5.265129e+01 -2.692732e-02 -1.733901e-02 -2.823872e-02 -4.483193e-02 -7.273266e-02 -6.539066e-02 -4.375869e-02 -4.456973e-02 -2.108784e-02 -1.250515e-02 -6.982971e-03 -1.160404e-03 2.791668e-03 1.490742e-02 7.022458e-03 1.906781e-02 3.562583e-02 7.355803e-02 8.814318e-02 8.112222e-02 5.529584e-02 2.694163e-02 2.070267e-02 1.725776e-02 5.461082e-03 -2.249986e-03
<VARIANCE> 39
 1.415713e+01 1.450964e+01 1.320974e+01 1.457555e+01 2.046298e+01 1.968059e+01 2.087881e+01 2.106062e+01 2.096507e+01 1.997830e+01 1.917454e+01 1.722384e+01 8.732798e+00 2.956916e-01 4.323366e-01 5.915244e-01 8.129303e-01 1.077003e+00 1.339616e+00 1.468636e+00 1.565055e+00 1.531784e+00 1.524506e+00 1.463649e+00 1.295120e+00 1.868470e-01 4.848622e-02 8.088645e-02 1.194664e-01 1.684048e-01 2.194577e-01 2.687929e-01 2.991911e-01 3.218528e-01 3.176115e-01 3.176823e-01 3.056187e-01 2.681972e-01 2.772731e-02
<GCONST> 8.357277e+01
<STATE> 4
<NUMMIXES> 2
<MIXTURE> 1 7.613096e-01
<MEAN> 39
 -7.697570e+00 1.392110e+00 4.307034e-01 -1.370593e+00 8.305622e-01 1.232901e+00 3.088348e+00 2.049491e+00 3.206672e-01 1.051292e+00 8.705117e-01 -1.964530e+00 4.707492e+01 3.494278e-02 6.072041e-02 3.360820e-03 7.164113e-03 1.225870e-02 3.793974e-02 1.733403e-02 4.245693e-02 5.848941e-03 9.297667e-03 5.119082e-03 -1.162554e-02 -8.719269e-02 -1.206900e-02 -1.376762e-02 -8.553349e-03 -1.232741e-02 -1.822630e-02 -2.315666e-02 -2.152566e-02 -1.992305e-02 -1.072135e-02 -4.206766e-03 -3.956071e-03 2.219582e-03 1.403037e-02
<VARIANCE> 39
 1.444143e+01 7.711473e+00 9.565044e+00 1.075286e+01 1.623646e+01 1.482446e+01 1.549839e+01 1.760936e+01 1.652670e+01 1.634061e+01 1.451800e+01 1.347722e+01 1.502115e+01 1.809146e-01 2.995116e-01 4.642819e-01 6.836672e-01 9.094149e-01 1.096643e+00 1.248927e+00 1.349090e+00 1.385466e+00 1.400058e+00 1.302310e+00 1.157215e+00 9.606198e-02 2.839330e-02 5.375817e-02 8.865089e-02 1.322731e-01 1.786719e-01 2.167609e-01 2.477454e-01 2.684740e-01 2.781482e-01 2.844828e-01 2.621907e-01 2.330569e-01 1.118015e-02
<GCONST> 7.416880e+01
<MIXTURE> 2 2.387420e-01
<MEAN> 39
 -1.092976e+01 -1.998513e+00 3.372294e-02 -2.100470e+00 -3.003720e-01 -1.562388e+00 1.608149e+00 -6.435884e-01 -5.543426e-01 2.456760e-01 6.406767e-01 -1.098157e+00 5.397916e+01 -1.367750e-01 -1.928191e-01 -1.728524e-03 -1.773786e-02 -3.435775e-02 -1.276350e-01 -4.843045e-02 -1.315804e-01 -1.967043e-03 -1.528683e-02 8.824374e-05 5.108232e-02 3.189032e-01 4.392092e-02 4.316223e-02 2.558699e-02 3.678412e-02 5.848249e-02 7.671427e-02 6.844259e-02 6.378911e-02 3.291528e-02 1.277104e-02 1.160798e-02 -9.006085e-03 -4.605664e-02
<VARIANCE> 39
 2.902497e+01 3.011138e+01 2.209092e+01 2.205536e+01 2.753574e+01 2.502710e+01 2.846684e+01 3.117332e+01 2.569577e+01 2.264265e+01 2.262605e+01 2.053279e+01 4.448626e+01 1.005680e+00 1.176049e+00 9.645496e-01 1.215522e+00 1.522119e+00 1.813153e+00 1.814042e+00 1.948544e+00 1.827840e+00 1.755836e+00 1.633751e+00 1.442538e+00 1.511149e+00 1.609263e-01 2.039984e-01 1.772925e-01 2.365781e-01 2.914143e-01 3.580635e-01 3.626977e-01 3.920786e-01 3.696363e-01 3.547292e-01 3.329129e-01 2.944647e-01 2.409976e-01
<GCONST> 1.027307e+02
<TRANSP> 5
 0.000000e+00 1.000000e+00 0.000000e+00 0.000000e+00 0.000000e+00
 0.000000e+00 9.887769e-01 1.122307e-02 0.000000e+00 0.000000e+00
 0.000000e+00 0.000000e+00 9.822109e-01 1.778908e-02 0.000000e+00
 0.000000e+00 0.000000e+00 0.000000e+00 9.923639e-01 7.636085e-03
 0.000000e+00 0.000000e+00 0.000000e+00 0.000000e+00 0.000000e+00
<ENDHMM>
~h "st"
<BEGINHMM>
<NUMSTATES> 5
<STATE> 2
<NUMMIXES> 2
<MIXTURE> 1 7.176437e-01
<MEAN> 39
 -9.049675e+00 -4.175025e+00 5.047893e-01 -6.766342e+00 -1.215518e+00 -4.420873e+00 5.030571e-01 -1.055449e+00 -1.048380e+00 -1.356360e+00 5.310144e-01 -2.598327e+00 6.115710e+01 2.614816e-01 1.332890e-01 2.893863e-02 2.283500e-01 1.890016e-01 2.953786e-01 1.929564e-01 -1.708363e-02 -2.756041e-03 4.160172e-02 -5.768687e-03 2.223474e-02 -7.350221e-01 -3.164123e-03 1.543617e-02 -4.249322e-02 1.770715e-02 -5.276709e-03 1.445181e-02 -1.493664e-02 -1.215356e-03 -2.645114e-02 -5.052263e-04 1.214057e-02 1.272864e-03 -9.778064e-03
<VARIANCE> 39
 1.404752e+01 2.364347e+01 1.544617e+01 1.977044e+01 1.913423e+01 2.504316e+01 2.115967e+01 2.021578e+01 1.978069e+01 2.047355e+01 1.603865e+01 1.319894e+01 4.398766e+01 2.092378e-01 3.524005e-01 5.226111e-01 7.115191e-01 9.648662e-01 1.137831e+00 1.220950e+00 1.438145e+00 1.347525e+00 1.536213e+00 1.456190e+00 1.214957e+00 1.553803e-01 3.952421e-02 6.948677e-02 9.391671e-02 1.383568e-01 1.946907e-01 2.260476e-01 2.418125e-01 2.911463e-01 2.741357e-01 3.115130e-01 3.096270e-01 2.280082e-01 5.110021e-02
<GCONST> 8.297109e+01
<MIXTURE> 2 2.823552e-01
<MEAN> 39
 -9.759137e+00 -3.163008e+00 -1.274773e+00 -6.523667e+00 -1.979552e+00 -3.433315e+00 6.588286e-01 -1.212512e-01 -6.988772e-01 -6.129341e-01 1.071184e+00 -2.845068e+00 6.087051e+01 -6.014302e-01 -7.451673e-01 2.396260e-01 -7.590141e-01 -5.697173e-01 -1.006877e+00 -5.106188e-01 -1.048080e-01 -4.451628e-02 -1.663584e-01 -3.390342e-03 1.810047e-02 2.247231e+00 9.356013e-02 8.203962e-02 5.356589e-02 9.161044e-02 1.076813e-01 1.717195e-01 1.577855e-01 3.713805e-02 5.456705e-02 5.127250e-02 -2.284203e-02 1.873761e-02 -2.846942e-01
<VARIANCE> 39
 2.203992e+01 2.836991e+01 1.907824e+01 2.903052e+01 2.888698e+01 3.480193e+01 3.138508e+01 2.404980e+01 1.989466e+01 2.098077e+01 2.171564e+01 1.541897e+01 8.566531e+01 1.914705e+00 1.996230e+00 1.457116e+00 2.389641e+00 2.910746e+00 3.112657e+00 2.897385e+00 2.460972e+00 1.956854e+00 2.392920e+00 2.586161e+00 1.682240e+00 5.322064e+00 3.297580e-01 3.370957e-01 2.416753e-01 4.455760e-01 5.076395e-01 5.782771e-01 5.116061e-01 4.624451e-01 3.399807e-01 4.222525e-01 4.522668e-01 3.280573e-01 1.357910e+00
<GCONST> 1.150771e+02
<STATE> 3
<NUMMIXES> 2
<MIXTURE> 1 7.492780e-01
<MEAN> 39
 -6.593932e+00 -3.094374e+00 -2.064328e+00 -4.256898e+00 -3.828523e-01 2.721769e-01 2.947787e+00 -2.115651e-01 -1.171046e+00 -1.254053e-01 1.024906e+00 -2.416632e+00 5.478334e+01 8.380899e-02 1.229185e-01 -5.306635e-02 1.656041e-01 1.194015e-01 1.806635e-01 9.424811e-02 -2.091584e-04 -2.285822e-02 2.919561e-02 2.591687e-03 -5.464062e-03 -3.615218e-01 -9.972774e-03 -1.270224e-02 -6.882428e-03 -2.330053e-02 -3.012570e-02 -3.786126e-02 -2.932031e-02 -4.460552e-03 3.674128e-03 -1.834749e-03 2.942648e-03 -2.372159e-03 3.071911e-02
<VARIANCE> 39
 1.276901e+01 1.318532e+01 1.295047e+01 1.532219e+01 1.613222e+01 1.952287e+01 1.709084e+01 1.770423e+01 1.763488e+01 1.806362e+01 1.500241e+01 1.390968e+01 1.808567e+01 2.219856e-01 3.421469e-01 5.190726e-01 7.122653e-01 9.448156e-01 1.159258e+00 1.281479e+00 1.373953e+00 1.418585e+00 1.459715e+00 1.386434e+00 1.234850e+00 1.674634e-01 3.407609e-02 6.072116e-02 1.001296e-01 1.387278e-01 1.874577e-01 2.363676e-01 2.636946e-01 2.818718e-01 2.929610e-01 3.023754e-01 2.852331e-01 2.517907e-01 1.553586e-02
<GCONST> 7.872587e+01
<MIXTURE> 2 2.507327e-01
<MEAN> 39
 -8.669050e+00 -3.126809e+00 -1.663298e+00 -6.533216e+00 -2.377327e+00 -2.042320e+00 1.444014e+00 -2.697536e-01 -7.002130e-01 -4.434465e-01 1.138806e+00 -2.484004e+00 5.848573e+01 -2.760015e-01 -3.033593e-01 1.203404e-01 -4.578645e-01 -3.530601e-01 -4.761421e-01 -2.539043e-01 9.159382e-03 5.479831e-02 -8.131386e-02 -1.917580e-03 1.682752e-02 9.925715e-01 2.341042e-02 4.031511e-02 2.510957e-02 6.889223e-02 9.077962e-02 1.042773e-01 7.742351e-02 1.041942e-02 -6.035949e-03 4.742930e-03 -9.684642e-03 7.574986e-03 -8.324566e-02
<VARIANCE> 39
 1.843252e+01 2.176838e+01 1.773585e+01 2.780266e+01 2.568883e+01 2.698530e+01 2.317236e+01 2.208957e+01 2.060485e+01 2.012736e+01 1.723636e+01 1.577913e+01 4.649713e+01 1.298987e+00 1.539662e+00 1.321392e+00 2.227154e+00 2.293082e+00 2.557616e+00 2.274119e+00 2.187638e+00 2.098592e+00 1.943392e+00 1.770163e+00 1.580835e+00 2.981711e+00 2.185588e-01 2.642487e-01 2.472627e-01 4.413949e-01 4.563040e-01 5.205249e-01 4.530457e-01 4.395561e-01 4.208666e-01 3.990491e-01 3.589723e-01 3.182143e-01 6.835488e-01
<GCONST> 1.083458e+02
<STATE> 4
<NUMMIXES> 2
<MIXTURE> 1 7.721848e-01
<MEAN> 39
 -1.010742e+01 1.025384e+00 9.707159e-01 -1.809660e+00 8.493470e-01 -2.087275e-01 2.408257e+00 4.962447e-01 2.354062e-01 -1.467877e-01 7.290673e-01 -2.197001e+00 5.095600e+01 3.605567e-02 8.178698e-02 1.664510e-02 1.178842e-01 9.939379e-02 1.382906e-01 6.399809e-02 5.912317e-02 4.961108e-03 2.051722e-03 3.116179e-03 5.624475e-03 -2.684287e-01 -4.984914e-03 -1.272530e-02 -1.372729e-02 -3.222069e-02 -3.303408e-02 -3.104613e-02 -2.367067e-02 -4.402039e-03 -4.186816e-03 1.266414e-03 -1.069534e-03 -2.154468e-03 2.308320e-02
<VARIANCE> 39
 1.312777e+01 7.334277e+00 9.889205e+00 1.333346e+01 1.349402e+01 1.590986e+01 1.571663e+01 1.832085e+01 1.674532e+01 1.592761e+01 1.414932e+01 1.283870e+01 2.295533e+01 2.074697e-01 3.053003e-01 4.700031e-01 7.073745e-01 9.025658e-01 1.085178e+00 1.229052e+00 1.384840e+00 1.408419e+00 1.432231e+00 1.359972e+00 1.195344e+00 1.628006e-01 3.240200e-02 5.432909e-02 9.128051e-02 1.337724e-01 1.757421e-01 2.152522e-01 2.451973e-01 2.791709e-01 2.833247e-01 2.909537e-01 2.776818e-01 2.463776e-01 1.511899e-02
<GCONST> 7.602932e+01
<MIXTURE> 2 2.278225e-01
<MEAN> 39
 -1.099868e+01 2.778814e-01 4.046313e-01 -4.842695e+00 -1.724187e+00 -2.579741e+00 8.741344e-01 6.589246e-02 3.954835e-01 -3.211263e-02 7.017429e-01 -2.470680e+00 5.599551e+01 -1.272234e-01 -2.656521e-01 -6.291022e-02 -4.045621e-01 -3.087206e-01 -4.149912e-01 -1.914560e-01 -1.934815e-01 3.676261e-03 -8.111185e-03 -2.312880e-02 -7.742864e-03 8.731177e-01 2.457383e-02 3.545358e-02 4.209301e-02 9.959927e-02 1.042419e-01 1.055567e-01 8.346567e-02 1.851376e-02 1.452559e-02 1.230205e-04 5.992508e-03 7.817981e-03 -7.801185e-02
<VARIANCE> 39
 1.954716e+01 1.539512e+01 1.499854e+01 2.361674e+01 2.203993e+01 2.672596e+01 2.366373e+01 2.473175e+01 2.049741e+01 1.809125e+01 1.654429e+01 1.503476e+01 6.377859e+01 1.232157e+00 1.122553e+00 1.183217e+00 1.865439e+00 1.994480e+00 2.245157e+00 2.130558e+00 2.052414e+00 1.978470e+00 1.768910e+00 1.671898e+00 1.562280e+00 2.903723e+00 2.076588e-01 2.114678e-01 2.220061e-01 3.581621e-01 3.908463e-01 4.533237e-01 4.245744e-01 4.230236e-01 4.036066e-01 3.614981e-01 3.520804e-01 3.229886e-01 5.004965e-01
<GCONST> 1.050656e+02
<TRANSP> 5
 0.000000e+00 1.000000e+00 0.000000e+00 0.000000e+00 0.000000e+00
 0.000000e+00 9.419033e-01 5.809665e-02 0.000000e+00 0.000000e+00
 0.000000e+00 0.000000e+00 9.908702e-01 9.129804e-03 0.000000e+00
 0.000000e+00 0.000000e+00 0.000000e+00 9.911774e-01 8.822532e-03
 0.000000e+00 0.000000e+00 0.000000e+00 0.000000e+00 0.000000e+00
<ENDHMM>
~h "spe"
<BEGINHMM>
<NUMSTATES> 5
<STATE> 2
<NUMMIXES> 2
<MIXTURE> 1 3.737323e-01
<MEAN> 39
 -4.019069e+00 2.388922e+00 1.310161e+00 -2.811323e+00 -3.007848e+00 -2.753160e+00 1.744428e-01 -9.121649e-01 -1.739381e+00 -2.630049e-01 -1.162419e+00 -4.408268e+00 5.269186e+01 -4.792620e-02 -1.347870e-01 1.121702e-01 -1.850940e-01 -2.940724e-01 -2.139048e-01 -5.351372e-02 9.052900e-03 4.838194e-02 6.437849e-02 2.164401e-02 -9.850892e-02 2.411817e-01 5.680718e-02 -1.056757e-01 1.907775e-02 -3.072050e-02 -4.963625e-02 1.578041e-02 -6.711033e-02 4.059834e-03 1.234900e-02 3.867821e-02 -5.861975e-03 -6.735306e-02 2.952429e-02
<VARIANCE> 39
 2.539945e+01 2.292661e+01 3.051917e+01 2.523782e+01 3.988397e+01 3.738620e+01 2.405984e+01 3.004653e+01 2.691734e+01 2.564993e+01 2.371306e+01 2.458205e+01 1.113717e+01 1.153807e+00 1.344273e+00 1.548446e+00 1.475661e+00 2.519145e+00 2.204495e+00 1.976170e+00 2.282569e+00 2.119916e+00 2.152032e+00 1.916863e+00 2.116666e+00 3.099182e-01 1.271629e-01 1.540348e-01 2.058612e-01 2.225782e-01 3.728535e-01 3.871954e-01 3.457703e-01 4.090852e-01 3.706600e-01 3.920622e-01 3.387208e-01 3.431045e-01 4.225816e-02
<GCONST> 1.019780e+02
<MIXTURE> 2 6.262677e-01
<MEAN> 39
 7.025006e-01 -2.888052e+00 2.238354e+00 -3.575561e+00 -5.957457e+00 -7.197784e-02 -2.099840e+00 -1.198131e+00 -1.902128e+00 2.650958e-02 -2.313578e+00 -7.495962e+00 5.361928e+01 3.134907e-02 6.471038e-02 -4.827597e-02 1.081547e-01 1.630958e-01 1.081821e-01 9.596176e-03 -3.823255e-03 -3.010826e-02 -3.338463e-02 -2.119114e-02 4.542169e-02 -1.256846e-01 -3.712190e-02 5.990085e-02 -1.571851e-02 1.941656e-02 3.213766e-02 -1.182929e-02 4.155257e-02 -5.082324e-04 -3.409387e-03 -2.125735e-02 2.667531e-04 4.229343e-02 -1.863563e-02
<VARIANCE> 39
 6.296554e+00 1.987246e+01 4.714023e+01 2.733883e+01 4.525831e+01 3.565308e+01 2.801009e+01 3.907691e+01 3.559676e+01 3.091401e+01 3.456873e+01 3.401702e+01 1.527945e+01 1.880929e-01 4.493383e-01 7.058176e-01 8.128020e-01 1.241024e+00 1.419090e+00 1.393980e+00 1.786385e+00 1.591664e+00 1.566349e+00 1.573290e+00 1.505934e+00 1.142874e-01 3.112001e-02 7.553886e-02 1.148759e-01 1.570141e-01 2.317612e-01 2.600882e-01 2.762068e-01 3.427356e-01 3.150995e-01 3.098660e-01 3.092968e-01 2.925536e-01 1.438087e-02
<GCONST> 8.870558e+01
<STATE> 3
<NUMMIXES> 2
<MIXTURE> 1 5.878626e-01
<MEAN> 39
 -2.738270e+00 -3.944188e+00 -1.575113e+00 -1.067580e+01 6.299240e-02 -2.516771e+00 -1.785769e+00 1.670713e-01 -2.918349e-01 -1.670082e+00 -5.257215e+00 -4.812212e+00 6.139557e+01 -3.416396e-02 1.830864e-01 -9.663634e-03 2.287766e-01 1.505878e-01 1.295509e-01 4.832777e-02 -1.594558e-01 -5.686865e-02 2.447804e-02 1.261229e-01 7.418549e-02 -2.858990e-01 -7.447060e-03 -5.379160e-03 6.388322e-03 1.100320e-02 -2.274504e-02 -4.855474e-02 -2.336884e-02 -1.014791e-02 -2.083401e-02 -2.996607e-03 3.635089e-02 1.839602e-02 -2.479550e-02
<VARIANCE> 39
 3.095075e+01 4.660900e+01 3.600756e+01 6.547173e+01 3.732182e+01 4.493230e+01 4.530412e+01 4.455533e+01 2.579105e+01 3.545911e+01 4.522225e+01 2.544642e+01 3.506996e+01 2.428405e-01 5.087886e-01 6.424945e-01 9.582008e-01 1.098293e+00 1.218661e+00 1.312128e+00 1.433185e+00 1.533690e+00 1.530814e+00 1.643996e+00 1.413325e+00 1.758985e-01 3.927951e-02 7.645759e-02 1.216158e-01 1.800262e-01 2.084938e-01 2.301360e-01 2.684404e-01 2.802835e-01 3.184636e-01 3.116475e-01 3.312356e-01 2.916688e-01 1.996487e-02
<GCONST> 9.366653e+01
<MIXTURE> 2 4.121344e-01
<MEAN> 39
 -2.228371e+00 -4.223960e+00 2.560699e+00 -1.620231e+01 -2.329639e+00 -9.761649e+00 -5.572681e+00 -3.141854e+00 -9.904775e-01 -3.533645e+00 -8.189873e+00 -1.908861e+00 6.286637e+01 -3.593104e-02 -1.925298e-01 -9.739482e-02 -1.455212e-01 -4.321639e-02 -1.629186e-01 -2.287677e-02 1.308811e-01 8.603725e-02 -4.683367e-02 -1.826732e-01 -5.703485e-02 3.782135e-01 1.079458e-02 2.558485e-02 -1.033203e-02 2.440080e-02 3.254456e-02 8.628723e-02 5.793419e-02 -1.050637e-02 1.702069e-03 -1.370886e-02 -3.649863e-02 -1.652565e-02 -9.399107e-03
<VARIANCE> 39
 2.480053e+01 3.536708e+01 7.915317e+01 6.527409e+01 5.531882e+01 5.427556e+01 5.568749e+01 7.218000e+01 4.262912e+01 4.108198e+01 3.848766e+01 3.844695e+01 1.496926e+01 1.233310e+00 1.937804e+00 2.288738e+00 2.723194e+00 2.655839e+00 2.691550e+00 3.071885e+00 3.730955e+00 3.449975e+00 2.737660e+00 2.539696e+00 2.321299e+00 7.500684e-01 1.621532e-01 2.677837e-01 3.030274e-01 4.133137e-01 4.138496e-01 4.786190e-01 4.980013e-01 6.206474e-01 5.902175e-01 5.047789e-01 4.465112e-01 4.405839e-01 1.024839e-01
<GCONST> 1.185002e+02
<STATE> 4
<NUMMIXES> 2
<MIXTURE> 1 4.901971e-01
<MEAN> 39
 -2.412913e+00 -3.509562e+00 -2.633544e+00 -3.395861e+00 1.346127e+00 2.733835e+00 3.213737e+00 -3.201533e-01 -1.678176e+00 4.121577e-01 4.688879e-01 -3.625824e+00 5.041122e+01 -9.080724e-03 1.157078e-02 -3.400151e-02 5.855413e-02 5.969280e-02 1.222041e-01 1.213664e-01 6.433742e-02 4.172536e-02 3.747359e-02 4.878877e-02 5.754039e-02 -9.126826e-02 9.918494e-03 -1.224901e-03 1.583155e-02 -2.845141e-02 -3.413789e-02 -3.476302e-02 -4.406011e-02 -1.253335e-02 -1.638991e-02 -1.306463e-02 -1.230410e-02 -2.653526e-02 2.306367e-02
<VARIANCE> 39
 8.145129e+00 1.042095e+01 9.738745e+00 9.601454e+00 1.353439e+01 1.658676e+01 1.859966e+01 1.801837e+01 1.811776e+01 1.711502e+01 1.611251e+01 1.423098e+01 4.154575e+00 1.645377e-01 3.006667e-01 5.060216e-01 6.675937e-01 9.230919e-01 1.157725e+00 1.243734e+00 1.386022e+00 1.418139e+00 1.437322e+00 1.393880e+00 1.259923e+00 6.007548e-02 2.775461e-02 5.416165e-02 9.653148e-02 1.291062e-01 1.835180e-01 2.282621e-01 2.372481e-01 2.731974e-01 2.782401e-01 2.779898e-01 2.752080e-01 2.466687e-01 8.861674e-03
<GCONST> 7.269392e+01
<MIXTURE> 2 5.097994e-01
<MEAN> 39
 1.917829e-01 -6.013901e+00 1.655103e+00 -7.677452e+00 -4.430766e+00 -1.789260e+00 -3.533546e+00 -1.707302e+00 -3.182075e+00 -5.003641e-01 -9.156059e-01 -6.925292e+00 5.727421e+01 1.251529e-02 -1.689256e-02 1.772571e-02 -5.054486e-02 -4.572931e-02 -8.903636e-02 -8.629813e-02 -3.536306e-02 -2.819627e-02 -1.914204e-02 -3.551332e-02 -4.687460e-02 5.712416e-02 -1.000833e-02 3.172839e-03 -1.433526e-02 2.692554e-02 3.498530e-02 3.790669e-02 4.418322e-02 1.422306e-02 1.652792e-02 1.560747e-02 9.555152e-03 2.512423e-02 -2.138486e-02
<VARIANCE> 39
 1.293120e+01 3.070683e+01 4.488604e+01 2.956003e+01 5.809799e+01 3.954669e+01 3.463536e+01 4.049328e+01 3.634982e+01 3.786259e+01 3.859114e+01 2.320301e+01 1.103172e+01 3.721054e-01 9.134413e-01 1.070149e+00 1.323768e+00 1.830441e+00 1.663555e+00 1.792063e+00 1.838397e+00 2.027197e+00 1.809628e+00 1.853123e+00 1.468814e+00 3.880258e-01 5.031113e-02 1.199445e-01 1.466544e-01 1.982940e-01 2.689368e-01 2.797740e-01 3.060457e-01 3.361152e-01 3.810073e-01 3.447593e-01 3.356787e-01 2.754328e-01 3.525667e-02
<GCONST> 9.792683e+01
<TRANSP> 5
 0.000000e+00 1.000000e+00 0.000000e+00 0.000000e+00 0.000000e+00
 0.000000e+00 9.931338e-01 6.866151e-03 0.000000e+00 0.000000e+00
 0.000000e+00 0.000000e+00 9.783059e-01 2.169412e-02 0.000000e+00
 0.000000e+00 0.000000e+00 0.000000e+00 9.948990e-01 5.101055e-03
 0.000000e+00 0.000000e+00 0.000000e+00 0.000000e+00 0.000000e+00
<ENDHMM>
