~o
<STREAMINFO> 1 39
<VECSIZE> 39<NULLD><MFCC_D_A_Z_0><DIAGC>
~h "ap"
<BEGINHMM>
<NUMSTATES> 5
<STATE> 2
<NUMMIXES> 2
<MIXTURE> 1 5.803818e-01
<MEAN> 39
 -4.920759e+00 3.051181e+00 1.430596e+00 -2.374324e+00 -3.623899e+00 9.472936e-01 -5.960380e-01 8.091683e-01 2.506985e+00 1.389626e+00 -2.248681e-02 5.467862e-02 4.554798e+00 3.048325e-01 -1.301389e-01 -3.699538e-01 -5.465161e-01 3.578089e-01 5.320154e-01 1.517303e-01 4.486250e-02 1.383747e-01 1.955316e-01 4.327789e-02 -5.019323e-01 -2.666278e-01 7.804897e-02 1.692769e-01 1.730241e-01 2.255341e-01 2.437796e-01 1.824300e-01 1.509552e-01 8.016077e-02 4.327787e-02 -1.137787e-02 -1.238995e-01 3.039743e-02 -5.241493e-01
<VARIANCE> 39
 4.157860e+01 5.251882e+01 4.435162e+01 1.582387e+01 2.429821e+01 5.848315e+01 3.111014e+01 2.444077e+01 2.252689e+01 2.494091e+01 1.941759e+01 1.537564e+01 2.134460e+02 5.947773e-01 5.266723e-01 6.672694e-01 1.112526e+00 1.611363e+00 1.732621e+00 1.399831e+00 1.482296e+00 1.585022e+00 1.919602e+00 1.354730e+00 1.610148e+00 1.430892e+00 4.795655e-01 4.730271e-01 1.944274e-01 1.831465e-01 4.160712e-01 6.430002e-01 3.091573e-01 2.886534e-01 2.848346e-01 2.980615e-01 2.487633e-01 2.579078e-01 2.111816e+00
<GCONST> 1.067363e+02
<MIXTURE> 2 4.196188e-01
<MEAN> 39
 -4.294283e+00 3.473076e+00 1.271326e+00 6.016600e-01 -2.875510e+00 -7.136923e-01 -1.309080e+00 1.570369e+00 1.902259e+00 -5.843053e-01 -2.215464e+00 4.741894e-01 4.122943e+00 -2.498065e+00 -3.042681e+00 -1.379445e+00 7.244566e-02 -1.887394e+00 -2.535829e+00 -1.250199e+00 -1.415968e+00 -7.833090e-01 -9.071024e-01 -5.219334e-01 -2.878803e-02 6.526062e+00 3.937097e-01 2.061110e-01 -5.719548e-02 -4.068113e-01 2.975775e-01 4.992497e-01 2.001237e-01 1.015657e-01 9.994611e-02 3.175867e-01 2.088560e-01 -1.684574e-01 -7.023668e-01
<VARIANCE> 39
 5.102419e+01 6.977291e+01 2.511347e+01 1.965186e+01 3.998887e+01 6.860011e+01 3.295862e+01 3.081613e+01 3.144683e+01 3.089228e+01 2.244739e+01 1.729439e+01 2.501393e+02 5.237865e+00 4.056341e+00 2.166444e+00 2.918695e+00 3.722947e+00 4.915655e+00 2.613256e+00 2.272409e+00 2.594425e+00 2.464582e+00 3.056284e+00 2.025317e+00 1.039877e+01 9.172875e-01 9.224796e-01 3.024117e-01 3.166237e-01 7.950428e-01 9.835548e-01 4.057797e-01 4.529392e-01 4.149251e-01 4.230579e-01 3.618283e-01 3.153789e-01 3.773576e+00
<GCONST> 1.278323e+02
<STATE> 3
<NUMMIXES> 2
<MIXTURE> 1 5.122596e-01
<MEAN> 39
 1.215619e+00 3.569708e+00 2.287481e+00 5.725864e-01 2.735469e+00 3.173551e+00 1.094653e+00 1.136144e+00 1.433536e+00 5.218359e-01 2.338793e-01 2.526923e-01 -6.697732e+00 2.572668e-01 3.549206e-01 2.367117e-01 8.758734e-02 1.867999e-01 3.352228e-01 2.173132e-01 2.964960e-01 2.262265e-01 2.449375e-01 1.700590e-01 4.278684e-02 -4.912404e-01 3.329791e-03 2.281564e-02 7.038672e-03 -1.765269e-02 -2.923036e-02 -2.018885e-02 -6.328220e-03 1.339938e-02 2.048623e-02 2.730103e-02 -6.741086e-05 -2.015883e-02 2.389199e-02
<VARIANCE> 39
 1.378070e+01 3.219379e+01 1.285632e+01 1.597987e+01 2.038253e+01 2.107622e+01 1.662597e+01 2.036324e+01 1.943536e+01 1.809670e+01 1.356290e+01 1.171370e+01 3.934630e+01 1.516314e-01 2.579846e-01 4.108837e-01 6.945840e-01 8.632460e-01 9.243966e-01 1.006617e+00 1.132665e+00 1.235045e+00 1.340353e+00 1.192261e+00 1.185765e+00 1.378708e-01 2.091906e-02 4.769817e-02 8.044273e-02 1.300775e-01 1.603829e-01 1.949193e-01 1.947439e-01 2.392839e-01 2.618366e-01 3.055401e-01 2.603047e-01 2.440836e-01 5.903759e-03
<GCONST> 7.545219e+01
<MIXTURE> 2 4.877416e-01
<MEAN> 39
 -2.204525e+00 -1.943582e+00 -1.916843e+00 -8.389670e-01 -5.904906e-01 -9.457719e-01 -6.137518e-01 -1.494263e+00 -4.791344e-01 -6.667604e-01 -6.827400e-01 -5.220400e-01 5.029384e+00 2.116456e-01 4.642000e-02 7.821433e-02 3.474898e-02 1.515605e-01 4.053241e-02 -1.455165e-02 -1.728793e-01 -1.733838e-01 -1.473031e-01 -6.764856e-02 4.675717e-03 -7.333764e-01 -1.455505e-02 -3.270133e-03 7.863642e-03 3.060444e-02 -3.691063e-03 -1.490707e-02 -8.456334e-03 -1.011334e-04 -1.726074e-02 -2.886359e-02 3.277730e-03 3.769027e-02 -6.888557e-04
<VARIANCE> 39
 1.432935e+01 2.522912e+01 2.081480e+01 1.413403e+01 2.167129e+01 2.327015e+01 1.933071e+01 2.163974e+01 1.831719e+01 1.895842e+01 1.572141e+01 1.398692e+01 6.886695e+01 1.279933e-01 2.106517e-01 3.842619e-01 5.857859e-01 9.109625e-01 1.075613e+00 1.075595e+00 1.125706e+00 1.268795e+00 1.370917e+00 1.239692e+00 1.214160e+00 1.923088e-01 2.085147e-02 4.258615e-02 7.662399e-02 1.186852e-01 1.754448e-01 2.291224e-01 2.160254e-01 2.405952e-01 2.645588e-01 2.844995e-01 2.474906e-01 2.657743e-01 1.071913e-02
<GCONST> 7.762520e+01
<STATE> 4
<NUMMIXES> 2
<MIXTURE> 1 7.980042e-01
<MEAN> 39
 6.439778e-01 -4.282112e-01 6.942218e-02 1.282410e-01 3.964258e-01 5.977702e-02 2.472798e-01 -2.282553e-01 -2.996965e-01 5.670163e-02 3.416900e-01 3.316575e-02 -8.901733e-01 2.865144e-01 2.422841e-01 2.105190e-01 1.384025e-01 2.787900e-01 2.706417e-01 1.628702e-01 1.442946e-01 8.728514e-02 8.166759e-02 7.275696e-02 1.264172e-02 -7.791579e-01 -2.394798e-02 1.690637e-02 -5.753164e-04 1.340879e-02 -2.257232e-02 -2.139590e-02 -1.292815e-02 2.089835e-02 1.176873e-02 -3.245163e-03 -1.449360e-02 8.173537e-03 2.899724e-02
<VARIANCE> 39
 1.436113e+01 3.376475e+01 1.872440e+01 1.706392e+01 2.327015e+01 2.671428e+01 1.969794e+01 2.332416e+01 2.106315e+01 1.768348e+01 1.521446e+01 1.419312e+01 8.048643e+01 1.111247e-01 2.397281e-01 3.482276e-01 6.211481e-01 9.148149e-01 1.020384e+00 1.018116e+00 1.138695e+00 1.342716e+00 1.358467e+00 1.234032e+00 1.321359e+00 9.318960e-02 3.183556e-02 5.246561e-02 7.566292e-02 1.297587e-01 1.978944e-01 2.264530e-01 2.099329e-01 2.277250e-01 2.843058e-01 2.923881e-01 2.518710e-01 2.839593e-01 7.664967e-02
<GCONST> 8.065520e+01
<MIXTURE> 2 2.020075e-01
<MEAN> 39
 -1.534194e+00 4.529495e-01 -6.690265e-01 -2.563784e-01 -2.212090e+00 -1.373843e+00 -1.113829e+00 9.007763e-01 4.277310e-01 -2.388192e-01 -1.029848e+00 -4.075753e-02 3.901515e+00 -1.131060e+00 -1.035748e+00 -8.618778e-01 -4.952947e-01 -1.113994e+00 -1.137692e+00 -6.535583e-01 -5.715701e-01 -3.689702e-01 -3.448620e-01 -2.902505e-01 -6.048699e-02 3.120289e+00 9.413390e-02 -6.821439e-02 1.297222e-03 -5.123112e-02 9.162068e-02 8.390260e-02 4.848281e-02 -7.973790e-02 -4.896972e-02 1.089267e-02 5.421208e-02 -3.226406e-02 -1.134790e-01
<VARIANCE> 39
 3.161363e+01 5.047476e+01 2.531575e+01 2.206663e+01 3.853644e+01 4.760309e+01 2.680064e+01 2.454317e+01 2.419625e+01 2.075391e+01 1.998251e+01 1.426414e+01 1.959862e+02 2.973611e+00 3.869363e+00 1.728477e+00 2.098829e+00 3.509084e+00 4.526211e+00 2.481043e+00 2.235969e+00 2.395201e+00 2.134860e+00 1.912169e+00 1.518608e+00 1.664708e+01 6.675007e-01 7.303338e-01 3.624878e-01 3.895635e-01 8.103730e-01 1.057109e+00 5.030310e-01 4.217731e-01 4.445088e-01 4.208086e-01 3.668686e-01 3.036550e-01 4.095119e+00
<GCONST> 1.234086e+02
<TRANSP> 5
 0.000000e+00 1.000000e+00 0.000000e+00 0.000000e+00 0.000000e+00
 0.000000e+00 8.307847e-01 1.692153e-01 0.000000e+00 0.000000e+00
 0.000000e+00 0.000000e+00 9.778413e-01 2.215866e-02 0.000000e+00
 0.000000e+00 0.000000e+00 0.000000e+00 9.957461e-01 4.253929e-03
 0.000000e+00 0.000000e+00 0.000000e+00 0.000000e+00 0.000000e+00
<ENDHMM>
~h "cl"
<BEGINHMM>
<NUMSTATES> 5
<STATE> 2
<NUMMIXES> 2
<MIXTURE> 1 5.139634e-01
<MEAN> 39
 7.809772e+00 -1.121794e+00 -2.305363e+00 8.073656e-01 2.943685e+00 -3.890184e+00 1.496044e+00 3.434687e+00 -2.058536e+00 5.479893e-01 3.799646e+00 -3.669314e+00 -5.972339e+00 -1.927800e-01 1.568360e-01 2.213702e-01 1.042298e-01 2.570679e-02 4.171691e-01 2.469279e-01 1.378005e-01 4.973721e-01 2.714376e-01 3.612792e-02 3.998531e-01 1.290307e-01 -1.432304e-01 2.190634e-02 5.629788e-02 3.541527e-02 -5.644153e-03 7.806520e-02 6.217735e-03 -2.699991e-03 7.239531e-02 9.206330e-02 -5.561593e-02 5.403420e-02 1.073099e-01
<VARIANCE> 39
 3.916244e+01 1.731157e+01 1.402752e+01 9.477747e+00 1.960966e+01 2.927300e+01 2.228828e+01 3.657252e+01 3.397670e+01 2.524319e+01 3.781471e+01 3.039260e+01 2.122315e+01 2.363538e+00 7.001725e-01 8.266791e-01 9.139187e-01 1.233309e+00 1.587315e+00 1.481900e+00 1.895364e+00 2.312461e+00 1.725014e+00 2.013242e+00 1.974679e+00 1.070872e+00 3.963986e-01 1.099031e-01 1.343693e-01 1.514741e-01 1.953783e-01 2.773224e-01 2.890580e-01 4.212537e-01 4.301919e-01 3.422531e-01 3.982635e-01 3.232868e-01 2.078057e-01
<GCONST> 1.001728e+02
<MIXTURE> 2 4.860358e-01
<MEAN> 39
 7.957686e+00 -1.420605e+00 -1.893851e+00 1.143655e+00 3.082885e+00 -3.518333e+00 2.095166e+00 4.016794e+00 -2.059833e+00 2.354009e+00 3.417810e+00 -3.649639e+00 -5.772985e+00 -4.981819e-01 -2.969759e-02 -1.395719e-01 -1.107388e-01 -3.196386e-01 -1.244704e-01 -3.601986e-01 -5.650961e-01 -2.429930e-01 -2.080135e-01 -4.078779e-01 -1.416250e-01 4.038191e-01 -3.681647e-02 -1.546826e-02 -2.070697e-02 -6.488463e-02 -8.455595e-02 -1.403642e-02 -6.683598e-02 -1.255555e-01 -1.068254e-02 -1.590728e-01 -6.881672e-02 2.997559e-02 3.742461e-02
<VARIANCE> 39
 3.853017e+01 2.034243e+01 1.293393e+01 1.050412e+01 1.881238e+01 3.180760e+01 2.129852e+01 3.175919e+01 2.990072e+01 2.327632e+01 3.497150e+01 3.098303e+01 1.851188e+01 3.138196e+00 9.284582e-01 6.088088e-01 8.787698e-01 1.427648e+00 2.059156e+00 1.719414e+00 2.598189e+00 2.341077e+00 2.027930e+00 2.578656e+00 1.735055e+00 2.004129e+00 3.440773e-01 1.337647e-01 9.797590e-02 1.679943e-01 2.209272e-01 3.117608e-01 2.743861e-01 3.909904e-01 3.865637e-01 3.679161e-01 4.244339e-01 2.946919e-01 2.183845e-01
<GCONST> 1.017421e+02
<STATE> 3
<NUMMIXES> 2
<MIXTURE> 1 5.729280e-01
<MEAN> 39
 6.104620e-01 -1.569483e-01 1.011950e+00 9.676210e-02 -8.370033e-01 2.216398e+00 1.481005e-01 -9.532450e-01 1.764983e+00 -9.614521e-03 -9.899483e-01 6.991507e-01 -1.197954e+00 4.355686e-01 1.152761e-01 1.658823e-01 4.232686e-02 1.676173e-01 1.899726e-01 2.263141e-01 1.593742e-01 2.866486e-01 1.751920e-01 1.417549e-01 6.632121e-02 -4.484321e-01 -5.875635e-02 2.147852e-02 -2.873855e-02 4.374342e-02 2.028695e-02 -1.149915e-01 1.798915e-02 1.103049e-01 -1.811955e-02 5.121837e-02 5.529911e-02 -8.875768e-03 4.661943e-02
<VARIANCE> 39
 3.371806e+01 8.622437e+00 1.255198e+01 1.239228e+01 1.973552e+01 2.419432e+01 2.278954e+01 2.838992e+01 2.672652e+01 2.078491e+01 2.173384e+01 1.775278e+01 2.559761e+01 6.630296e-01 3.340352e-01 6.305409e-01 8.490132e-01 1.114226e+00 1.585641e+00 1.341502e+00 1.737070e+00 1.723269e+00 1.394671e+00 1.438063e+00 1.414787e+00 3.970506e-01 2.363266e-01 7.505379e-02 1.283324e-01 1.683321e-01 2.450404e-01 3.439932e-01 3.044008e-01 3.678130e-01 4.120151e-01 3.066299e-01 2.967634e-01 2.967983e-01 1.712056e-01
<GCONST> 9.170822e+01
<MIXTURE> 2 4.270701e-01
<MEAN> 39
 -4.304384e-01 -4.610141e-01 -4.221272e-01 4.384641e-01 -1.052551e+00 -4.445702e-01 -4.851431e-01 -2.112771e-01 8.099672e-01 -3.449110e-02 -2.516404e-01 2.846749e-01 1.356094e+00 -9.161652e-01 -1.569806e-01 -1.942831e-01 -1.094598e-01 -2.311823e-01 -2.321372e-01 -3.594012e-01 -2.174663e-01 -5.202181e-01 -3.285808e-01 -2.566746e-01 -1.163044e-01 9.125590e-01 1.732933e-01 -3.536410e-02 2.748855e-02 -7.083191e-02 1.866505e-02 1.384759e-01 -1.667905e-02 -9.930439e-02 -1.161399e-02 -4.740920e-02 -3.421411e-02 -3.379599e-02 -1.410350e-01
<VARIANCE> 39
 5.355774e+01 1.376638e+01 1.869388e+01 1.659011e+01 2.128296e+01 3.803370e+01 2.629835e+01 3.719958e+01 3.387062e+01 2.352628e+01 2.157308e+01 2.039171e+01 4.449073e+01 4.527013e+00 9.026952e-01 1.252091e+00 1.309610e+00 2.010136e+00 3.948434e+00 2.385919e+00 3.607749e+00 3.203183e+00 2.230528e+00 1.948545e+00 2.087919e+00 3.594902e+00 7.982526e-01 1.518883e-01 2.113543e-01 2.379843e-01 3.563081e-01 6.950870e-01 4.375186e-01 5.917078e-01 6.054451e-01 4.068860e-01 3.604223e-01 3.847168e-01 6.674578e-01
<GCONST> 1.133097e+02
<STATE> 4
<NUMMIXES> 2
<MIXTURE> 1 5.210708e-01
<MEAN> 39
 -6.590965e-01 1.910861e-01 2.961097e-01 -1.816956e-01 1.685753e-01 7.071311e-01 9.879774e-02 -2.269263e-01 1.371976e-01 -5.791527e-02 -2.553813e-01 3.161179e-01 8.255413e-02 3.215227e-01 8.868790e-02 1.885689e-01 1.196315e-01 1.986466e-01 2.449083e-01 2.176905e-01 1.756979e-01 3.689572e-01 2.586683e-01 2.154575e-01 1.580258e-01 -3.015430e-01 -2.411454e-02 7.317140e-03 -1.191471e-02 4.213860e-02 1.436839e-02 -5.191883e-02 2.723243e-02 6.826166e-02 -1.110704e-05 3.793702e-02 4.210959e-02 -1.774620e-02 2.357624e-02
<VARIANCE> 39
 2.994596e+01 6.565796e+00 1.102174e+01 9.892268e+00 1.452859e+01 2.225554e+01 1.864735e+01 2.267452e+01 2.381681e+01 1.910948e+01 1.901818e+01 1.818923e+01 1.998546e+01 7.329829e-01 3.965652e-01 6.766155e-01 8.245419e-01 1.048186e+00 1.519358e+00 1.456982e+00 1.689466e+00 1.779058e+00 1.519239e+00 1.420440e+00 1.500733e+00 4.619566e-01 1.737192e-01 8.110697e-02 1.517624e-01 1.664352e-01 2.205527e-01 3.199604e-01 3.065516e-01 3.440612e-01 3.935090e-01 3.324112e-01 3.100407e-01 3.107685e-01 1.225619e-01
<GCONST> 8.964922e+01
<MIXTURE> 2 4.789258e-01
<MEAN> 39
 -2.817287e-01 6.917948e-02 -2.541468e-01 -2.489748e-02 -1.205165e-01 -8.179693e-01 -2.623383e-01 9.585533e-02 -5.155924e-01 -9.516605e-02 1.560974e-01 -1.485204e-01 6.473800e-01 -1.979019e-01 -1.088712e-01 -2.107671e-01 -1.331879e-01 -2.046862e-01 -2.900616e-01 -2.431773e-01 -1.935113e-01 -3.876805e-01 -2.815632e-01 -2.016405e-01 -1.763692e-01 2.065794e-01 2.747910e-02 -8.126790e-03 1.099769e-02 -4.268018e-02 -1.623667e-02 4.741500e-02 -2.980601e-02 -7.153660e-02 -1.455121e-03 -3.944123e-02 -4.312116e-02 1.976953e-02 -2.650412e-02
<VARIANCE> 39
 4.619593e+01 9.408315e+00 1.535765e+01 1.314639e+01 1.704467e+01 3.056333e+01 2.434861e+01 2.926701e+01 2.781366e+01 2.135338e+01 1.965260e+01 2.027685e+01 2.743344e+01 1.724386e+00 5.952635e-01 1.032530e+00 9.992453e-01 1.354528e+00 2.250398e+00 1.899038e+00 2.429640e+00 2.303384e+00 1.924187e+00 1.731195e+00 1.932707e+00 1.379256e+00 2.963687e-01 1.051924e-01 1.962416e-01 2.024829e-01 2.508274e-01 4.234787e-01 3.635500e-01 4.390505e-01 4.676910e-01 3.816301e-01 3.313348e-01 3.737548e-01 2.391328e-01
<GCONST> 1.012758e+02
<TRANSP> 5
 0.000000e+00 1.000000e+00 0.000000e+00 0.000000e+00 0.000000e+00
 0.000000e+00 9.251607e-01 7.483929e-02 0.000000e+00 0.000000e+00
 0.000000e+00 0.000000e+00 9.804007e-01 1.959930e-02 0.000000e+00
 0.000000e+00 0.000000e+00 0.000000e+00 9.957957e-01 4.204307e-03
 0.000000e+00 0.000000e+00 0.000000e+00 0.000000e+00 0.000000e+00
<ENDHMM>
~h "cm"
<BEGINHMM>
<NUMSTATES> 5
<STATE> 2
<NUMMIXES> 2
<MIXTURE> 1 5.447258e-01
<MEAN> 39
 -2.758093e+00 -1.499708e-02 -1.920827e-02 -6.256424e-01 8.431395e-03 9.236304e-01 1.188338e+00 1.705861e+00 1.275414e+00 1.416074e+00 1.567448e+00 8.771788e-01 -3.794550e+00 3.377504e-02 5.720785e-02 8.620714e-02 1.743397e-01 2.466383e-01 2.822957e-01 2.448441e-01 2.563988e-01 2.377205e-01 2.136624e-01 1.688217e-01 1.270009e-01 1.484033e-01 1.198412e-02 1.282977e-02 1.770773e-02 2.386703e-02 8.106055e-03 -9.094165e-03 -1.111472e-02 -3.702431e-03 8.343184e-03 1.971978e-03 -7.827413e-03 -1.522825e-02 7.158718e-03
<VARIANCE> 39
 1.412798e+01 1.249377e+01 1.159616e+01 1.439712e+01 1.368498e+01 1.436696e+01 1.558241e+01 1.759347e+01 1.767008e+01 1.546159e+01 1.702095e+01 1.338739e+01 2.822947e+01 2.916104e-01 4.046917e-01 5.569052e-01 7.641307e-01 9.090208e-01 1.101473e+00 1.219449e+00 1.361242e+00 1.446526e+00 1.362380e+00 1.346024e+00 1.194891e+00 3.257576e-01 4.489634e-02 7.451050e-02 1.019036e-01 1.457131e-01 1.883996e-01 2.417113e-01 2.600011e-01 2.851574e-01 3.001962e-01 2.801534e-01 2.648296e-01 2.317249e-01 3.867573e-02
<GCONST> 8.067108e+01
<MIXTURE> 2 4.552748e-01
<MEAN> 39
 -2.216508e+00 -3.388700e-01 2.794449e-02 -6.134957e-01 -4.246112e-01 -1.146924e-01 2.334837e-01 1.036272e+00 9.773617e-01 8.878789e-01 8.904426e-01 5.152943e-01 -2.071463e+00 1.244066e-01 -1.476484e-01 -1.889448e-01 -3.321589e-01 -3.963683e-01 -4.882974e-01 -4.648189e-01 -4.559923e-01 -4.175300e-01 -3.539857e-01 -3.604572e-01 -1.932719e-01 6.639729e-01 1.269150e-02 -1.551392e-02 -2.713980e-02 -1.706504e-02 -3.473345e-03 2.143196e-02 1.646172e-02 -1.037976e-02 -3.631829e-02 -1.988862e-02 5.895360e-03 1.829859e-03 -2.788806e-04
<VARIANCE> 39
 1.524580e+01 1.420660e+01 1.235115e+01 1.539020e+01 1.621318e+01 1.733372e+01 1.762802e+01 1.983432e+01 1.752561e+01 1.694209e+01 1.705002e+01 1.463407e+01 4.248743e+01 6.886355e-01 8.251092e-01 8.789674e-01 1.104226e+00 1.270071e+00 1.469723e+00 1.545990e+00 1.627427e+00 1.543788e+00 1.517589e+00 1.467469e+00 1.434032e+00 1.308561e+00 8.489081e-02 1.226219e-01 1.607827e-01 2.083254e-01 2.651888e-01 3.100141e-01 3.243718e-01 3.341984e-01 3.199034e-01 3.203285e-01 2.936749e-01 2.857941e-01 1.739310e-01
<GCONST> 9.238950e+01
<STATE> 3
<NUMMIXES> 2
<MIXTURE> 1 5.116255e-01
<MEAN> 39
 1.132038e-01 -6.244123e-01 -5.596377e-01 -5.474575e-01 -3.526296e-01 -3.096140e-01 -3.958109e-01 -1.884326e-01 -1.703741e-01 -1.454208e-01 -2.504491e-01 -8.741943e-02 3.265580e+00 5.700515e-02 9.249188e-02 1.373730e-01 2.385229e-01 2.644931e-01 2.781414e-01 2.966002e-01 2.493733e-01 2.678210e-01 2.485353e-01 2.227120e-01 1.289344e-01 -6.542000e-02 4.674679e-03 1.595838e-02 1.941812e-02 2.341768e-02 2.605752e-02 1.805841e-02 2.029140e-02 1.217268e-02 -2.345161e-04 -4.845403e-03 -7.419090e-03 -5.098469e-03 -1.978087e-02
<VARIANCE> 39
 6.557222e+00 5.940789e+00 6.642067e+00 9.010123e+00 1.052533e+01 1.206728e+01 1.319057e+01 1.395653e+01 1.419608e+01 1.294066e+01 1.338581e+01 1.146655e+01 1.753398e+01 1.937357e-01 3.030826e-01 4.539274e-01 6.497642e-01 8.176740e-01 1.018975e+00 1.137226e+00 1.191478e+00 1.260800e+00 1.230389e+00 1.209692e+00 1.157374e+00 2.397352e-01 3.483468e-02 5.734542e-02 9.051245e-02 1.343977e-01 1.735001e-01 2.220251e-01 2.473155e-01 2.520854e-01 2.700284e-01 2.717708e-01 2.636250e-01 2.363166e-01 3.188088e-02
<GCONST> 7.252471e+01
<MIXTURE> 2 4.883730e-01
<MEAN> 39
 3.945663e-01 -6.042438e-01 -6.413429e-01 -7.224661e-01 -6.105461e-01 -7.001320e-01 -7.877098e-01 -6.391385e-01 -6.798384e-01 -6.383858e-01 -7.541850e-01 -3.482228e-01 3.945158e+00 1.613107e-02 -8.519521e-02 -1.298953e-01 -1.766274e-01 -2.352041e-01 -2.639714e-01 -3.028513e-01 -3.008699e-01 -2.881217e-01 -2.696605e-01 -2.460531e-01 -1.480205e-01 5.593608e-02 -8.218197e-03 -7.281051e-03 -6.061988e-03 -7.088684e-03 -1.215708e-02 -7.756223e-03 -6.939089e-03 -6.588478e-04 1.126700e-02 1.299621e-02 1.320299e-02 1.097666e-02 -2.155739e-02
<VARIANCE> 39
 6.697066e+00 6.696556e+00 6.711593e+00 1.002357e+01 1.119279e+01 1.235820e+01 1.333713e+01 1.442041e+01 1.406098e+01 1.347912e+01 1.371320e+01 1.166029e+01 1.972095e+01 2.468145e-01 3.479232e-01 4.694634e-01 7.039300e-01 8.597247e-01 1.053664e+00 1.136715e+00 1.202896e+00 1.288169e+00 1.320131e+00 1.255130e+00 1.129546e+00 3.683783e-01 3.635475e-02 6.284836e-02 9.347154e-02 1.433919e-01 1.823774e-01 2.276168e-01 2.477795e-01 2.563204e-01 2.806268e-01 2.826621e-01 2.600632e-01 2.352140e-01 3.765208e-02
<GCONST> 7.477233e+01
<STATE> 4
<NUMMIXES> 2
<MIXTURE> 1 5.169466e-01
<MEAN> 39
 1.893675e+00 1.665404e+00 1.639154e+00 2.394523e+00 1.631995e+00 1.025270e+00 9.998993e-01 -2.817711e-01 4.437686e-02 -2.782185e-02 1.833312e-01 -8.919163e-02 -5.950820e+00 8.700953e-02 1.612868e-01 2.517136e-01 2.850488e-01 3.094333e-01 2.859517e-01 3.148413e-01 2.198385e-01 2.331738e-01 2.078127e-01 2.061861e-01 1.229474e-01 -4.772261e-01 1.303011e-02 1.508637e-02 1.069089e-02 1.696207e-03 3.204540e-04 7.912465e-03 -5.852827e-03 -2.228148e-03 1.451760e-03 -2.536821e-02 -2.204640e-02 -1.064747e-02 2.483923e-02
<VARIANCE> 39
 1.293932e+01 6.915967e+00 7.755854e+00 9.034372e+00 1.048722e+01 1.220990e+01 1.401523e+01 1.471179e+01 1.402602e+01 1.289596e+01 1.281076e+01 1.155492e+01 2.639703e+01 1.794923e-01 2.799001e-01 4.138793e-01 5.943446e-01 8.071592e-01 9.717052e-01 1.104780e+00 1.228793e+00 1.293760e+00 1.293894e+00 1.239960e+00 1.119114e+00 1.482156e-01 2.400436e-02 4.922407e-02 7.854041e-02 1.230877e-01 1.654174e-01 1.985362e-01 2.330327e-01 2.601300e-01 2.708063e-01 2.600463e-01 2.424311e-01 2.271695e-01 1.137878e-02
<GCONST> 7.104608e+01
<MIXTURE> 2 4.830494e-01
<MEAN> 39
 2.513146e+00 1.524363e+00 1.104485e+00 1.877204e+00 9.706452e-01 2.627591e-01 1.343007e-02 -9.471464e-01 -6.485226e-01 -8.108927e-01 -7.010716e-01 -5.058792e-01 -3.940015e+00 3.641526e-02 -8.751343e-03 -5.495799e-02 -1.009453e-01 -1.338002e-01 -1.779406e-01 -1.737355e-01 -2.212533e-01 -2.266598e-01 -2.227612e-01 -1.706050e-01 -1.087530e-01 -4.861711e-01 -2.631297e-02 -3.242133e-02 -3.713235e-02 -3.862011e-02 -3.123002e-02 -2.311059e-02 -7.682022e-03 -4.188884e-03 -2.667012e-03 1.906701e-02 2.142514e-02 1.583176e-02 -3.018555e-03
<VARIANCE> 39
 1.169147e+01 6.731802e+00 7.221883e+00 8.808701e+00 1.079959e+01 1.170787e+01 1.204280e+01 1.366561e+01 1.340398e+01 1.346887e+01 1.335864e+01 1.207671e+01 2.493549e+01 1.849836e-01 2.704306e-01 4.239103e-01 6.407201e-01 8.079401e-01 9.122911e-01 1.054716e+00 1.178576e+00 1.251007e+00 1.184107e+00 1.205687e+00 1.174073e+00 1.753364e-01 2.376013e-02 4.688100e-02 8.296216e-02 1.271342e-01 1.635980e-01 1.798604e-01 2.010977e-01 2.322630e-01 2.474837e-01 2.528617e-01 2.520840e-01 2.327967e-01 1.309792e-02
<GCONST> 7.036412e+01
<TRANSP> 5
 0.000000e+00 1.000000e+00 0.000000e+00 0.000000e+00 0.000000e+00
 0.000000e+00 9.665759e-01 3.342411e-02 0.000000e+00 0.000000e+00
 0.000000e+00 0.000000e+00 9.840168e-01 1.598324e-02 0.000000e+00
 0.000000e+00 0.000000e+00 0.000000e+00 9.631203e-01 3.687966e-02
 0.000000e+00 0.000000e+00 0.000000e+00 0.000000e+00 0.000000e+00
<ENDHMM>
~h "co"
<BEGINHMM>
<NUMSTATES> 5
<STATE> 2
<NUMMIXES> 2
<MIXTURE> 1 5.397428e-01
<MEAN> 39
 -1.787993e+00 6.608846e-01 9.403013e-01 -8.808106e-01 -3.796146e+00 1.601801e+00 3.747219e+00 6.447231e+00 3.088726e+00 6.922984e-01 -1.497445e-01 2.055274e+00 -1.308568e+00 -7.259708e-01 -2.290066e-01 2.830610e-01 1.756544e-03 -7.869780e-03 -2.189790e-01 1.800552e-01 -2.651719e-01 -6.069686e-01 -3.339360e-01 2.279841e-01 2.168778e-01 1.580304e+00 8.601002e-02 -1.277982e-01 -1.333330e-01 9.707607e-02 2.394616e-02 5.746975e-02 2.226273e-02 9.011995e-02 2.277415e-01 2.887208e-01 9.351064e-02 2.078841e-02 -2.013019e-01
<VARIANCE> 39
 1.951765e+01 2.384624e+01 2.335011e+01 3.054084e+01 6.853603e+01 4.798744e+01 3.774464e+01 4.325692e+01 2.715673e+01 4.283327e+01 3.319296e+01 2.772458e+01 1.185396e+02 1.213682e+00 1.342620e+00 1.264737e+00 1.409843e+00 4.474531e+00 3.340671e+00 3.325477e+00 2.642208e+00 3.112102e+00 2.659568e+00 1.736317e+00 2.097774e+00 2.042338e+00 1.385849e-01 1.989937e-01 2.286516e-01 1.982895e-01 5.219958e-01 5.833892e-01 4.853435e-01 4.562799e-01 4.511937e-01 4.037676e-01 3.587947e-01 4.195700e-01 4.882425e-01
<GCONST> 1.149155e+02
<MIXTURE> 2 4.602556e-01
<MEAN> 39
 -1.091625e+00 -1.538456e+00 -2.599967e+00 -2.186627e-01 -1.122408e+01 -1.970214e+00 -2.298242e-01 4.545303e+00 8.396771e+00 3.371269e+00 3.260598e-01 7.579613e-01 1.518203e-01 -5.212452e-01 1.894123e-02 2.461178e-01 -8.329669e-01 -9.850607e-01 -1.341022e+00 -5.792451e-01 -1.176084e+00 -1.370039e+00 -1.527966e+00 -9.545595e-01 -9.128425e-01 3.320796e+00 -1.614880e-01 2.215312e-01 9.155203e-02 3.783023e-03 6.794534e-01 3.466277e-01 3.171498e-01 -1.352842e-02 -3.834620e-01 -1.176505e-01 2.197387e-01 9.294097e-02 -1.003906e-01
<VARIANCE> 39
 1.111624e+01 2.660064e+01 2.900625e+01 2.642654e+01 7.612471e+01 5.434319e+01 7.783030e+01 7.740775e+01 5.823074e+01 4.925830e+01 4.665359e+01 3.011739e+01 8.160417e+01 9.147954e-01 2.821846e+00 2.385110e+00 2.084618e+00 8.456903e+00 3.480034e+00 4.993844e+00 3.969742e+00 5.186194e+00 3.475558e+00 3.009151e+00 2.887483e+00 3.531475e+00 1.199929e-01 4.008294e-01 3.132575e-01 3.048562e-01 7.517174e-01 5.232736e-01 8.147758e-01 7.249517e-01 8.670973e-01 7.497803e-01 5.072184e-01 5.472073e-01 4.994826e-01
<GCONST> 1.266383e+02
<STATE> 3
<NUMMIXES> 2
<MIXTURE> 1 5.536892e-01
<MEAN> 39
 -8.468716e-01 -4.854416e-01 -4.248839e-01 -6.258780e-01 -7.635543e-02 -4.877136e-01 3.267014e-01 -5.789711e-01 -5.178592e-01 1.899769e-01 3.703635e-01 6.303051e-01 1.349726e+00 2.034980e-02 3.266785e-02 7.947236e-02 1.934718e-01 4.296494e-01 3.164767e-01 3.253120e-01 2.193090e-01 1.594113e-01 2.404944e-01 2.423323e-01 2.057315e-01 -3.277720e-01 1.513551e-02 -2.611941e-02 -7.305320e-03 2.903743e-02 -6.673794e-02 -4.538349e-03 3.201459e-02 4.134178e-02 7.846037e-02 6.195344e-03 -4.479685e-02 -2.289720e-02 -2.273762e-02
<VARIANCE> 39
 1.431769e+01 1.067451e+01 1.515743e+01 1.545231e+01 2.561208e+01 2.235291e+01 3.872242e+01 3.506881e+01 2.408055e+01 2.409356e+01 2.346768e+01 2.349291e+01 6.126735e+01 3.083991e-01 4.538339e-01 7.326382e-01 9.438683e-01 1.425713e+00 1.279855e+00 1.521217e+00 1.740586e+00 1.910920e+00 1.849925e+00 1.674355e+00 1.381942e+00 4.415565e-01 5.420108e-02 1.007914e-01 1.365408e-01 1.871523e-01 3.124622e-01 2.890797e-01 3.247930e-01 3.538929e-01 4.006830e-01 3.700494e-01 3.505631e-01 2.973267e-01 1.043305e-01
<GCONST> 9.316718e+01
<MIXTURE> 2 4.463111e-01
<MEAN> 39
 -1.214280e+00 -1.509212e+00 -1.752405e+00 -1.055476e+00 -2.928938e+00 -1.924908e+00 -8.000530e-01 -1.113505e+00 1.556901e-01 -4.174801e-01 -1.255780e+00 -1.214798e+00 4.717308e+00 1.090584e-01 -8.563612e-02 -9.466360e-02 -1.436220e-01 -3.206880e-01 -3.237697e-01 -5.529963e-01 -3.514647e-01 -2.053751e-01 -2.641300e-01 -2.900161e-01 -3.212772e-01 2.495325e-01 1.026134e-02 4.518058e-02 2.201636e-02 -1.946175e-02 7.691806e-02 5.681511e-03 -4.636928e-02 -4.169092e-02 -7.968124e-02 -7.187482e-03 4.603884e-02 2.436784e-02 -1.969932e-02
<VARIANCE> 39
 1.006111e+01 1.324955e+01 1.587447e+01 1.917488e+01 3.364753e+01 2.354775e+01 4.193016e+01 3.622793e+01 3.908471e+01 3.444991e+01 2.925623e+01 2.660755e+01 3.573342e+01 5.744017e-01 1.244623e+00 1.110638e+00 1.427706e+00 3.258860e+00 1.905529e+00 2.446618e+00 2.592521e+00 3.888427e+00 2.668431e+00 2.479109e+00 2.058773e+00 2.036145e+00 6.845901e-02 2.166514e-01 1.895381e-01 2.655340e-01 5.568200e-01 3.523408e-01 4.455770e-01 4.712242e-01 7.740668e-01 5.667161e-01 4.843828e-01 3.797535e-01 1.752460e-01
<GCONST> 1.075587e+02
<STATE> 4
<NUMMIXES> 2
<MIXTURE> 1 6.608277e-01
<MEAN> 39
 2.838835e+00 2.581267e+00 2.475119e+00 2.069901e+00 5.480956e+00 3.059028e+00 8.888583e-01 1.081574e+00 -6.978444e-01 -4.879072e-02 9.744565e-01 3.516389e-01 -7.773069e+00 1.047226e-01 2.597251e-01 8.225077e-02 1.237428e-01 3.059432e-01 2.848715e-01 3.304173e-01 2.753920e-01 1.084993e-01 1.243265e-01 9.848896e-02 1.203053e-01 -5.544679e-01 -3.573047e-03 6.761543e-03 -9.330424e-03 5.000826e-04 -2.236294e-02 -7.471734e-03 -1.971209e-03 1.900422e-02 1.771641e-02 9.104427e-03 9.573169e-04 -4.304159e-03 1.952982e-02
<VARIANCE> 39
 8.564623e+00 1.230407e+01 1.305658e+01 1.492939e+01 1.771568e+01 1.753643e+01 2.718727e+01 2.795987e+01 1.663773e+01 1.807556e+01 1.955173e+01 1.504631e+01 3.662027e+01 1.867191e-01 2.891567e-01 5.289905e-01 6.801053e-01 8.387128e-01 9.212998e-01 1.135920e+00 1.279599e+00 1.321662e+00 1.431819e+00 1.379215e+00 1.186592e+00 1.043748e-01 2.883543e-02 5.647381e-02 9.658592e-02 1.299039e-01 1.644482e-01 1.880350e-01 2.260183e-01 2.575313e-01 2.591310e-01 2.840263e-01 2.802522e-01 2.352690e-01 9.855389e-03
<GCONST> 7.694988e+01
<MIXTURE> 2 3.391722e-01
<MEAN> 39
 1.306072e+00 7.955379e-01 1.633307e+00 1.167276e+00 1.287566e+00 8.146264e-01 -1.713597e+00 -2.281805e-01 -3.291203e-01 -4.596422e-01 1.891941e-01 -3.175444e-01 -1.569780e+00 6.334805e-02 4.864596e-03 -4.172242e-02 -1.199920e-01 -4.593759e-02 -2.079002e-01 -2.571641e-01 -2.828905e-01 -2.394669e-01 -1.357968e-01 -7.625818e-02 -2.509526e-02 -2.160336e-01 -1.553841e-02 -2.481020e-02 -2.879963e-02 -3.483280e-02 -1.057383e-02 -1.741252e-02 -9.284162e-03 -3.033448e-02 -2.915594e-02 -1.552213e-02 -1.363308e-02 6.648061e-04 -1.300680e-02
<VARIANCE> 39
 1.022774e+01 1.093089e+01 1.297105e+01 1.413903e+01 3.233302e+01 2.218150e+01 3.810311e+01 2.873568e+01 1.958780e+01 2.390232e+01 2.356037e+01 1.908948e+01 4.827608e+01 3.889853e-01 4.622700e-01 7.196724e-01 8.413061e-01 2.067345e+00 1.365362e+00 2.189355e+00 1.558812e+00 1.560738e+00 1.805205e+00 1.625413e+00 1.593455e+00 1.280085e+00 5.717313e-02 8.720738e-02 1.353354e-01 1.613642e-01 3.660198e-01 2.684273e-01 4.520549e-01 3.198401e-01 3.109137e-01 3.779493e-01 3.277657e-01 3.343287e-01 1.183054e-01
<GCONST> 9.372977e+01
<TRANSP> 5
 0.000000e+00 1.000000e+00 0.000000e+00 0.000000e+00 0.000000e+00
 0.000000e+00 8.582369e-01 1.417631e-01 0.000000e+00 0.000000e+00
 0.000000e+00 0.000000e+00 9.871950e-01 1.280504e-02 0.000000e+00
 0.000000e+00 0.000000e+00 0.000000e+00 9.740297e-01 2.597026e-02
 0.000000e+00 0.000000e+00 0.000000e+00 0.000000e+00 0.000000e+00
<ENDHMM>
~h "ds"
<BEGINHMM>
<NUMSTATES> 5
<STATE> 2
<NUMMIXES> 2
<MIXTURE> 1 5.651924e-01
<MEAN> 39
 -1.062876e+00 -6.220652e-01 6.048037e-01 -1.270927e-02 6.107151e-02 -1.002887e+00 2.473672e+00 -5.814532e-01 1.591852e+00 1.145295e+00 1.828363e+00 1.312782e+00 2.587129e+00 1.802400e-01 6.255753e-02 2.289747e-01 2.580325e-01 3.584248e-01 3.324580e-01 2.873540e-01 2.735827e-01 1.571084e-01 1.033003e-01 6.657903e-03 2.051237e-01 -1.112954e-02 2.053753e-02 1.922741e-02 -2.208733e-02 6.077532e-03 -6.021468e-02 5.250399e-03 -7.220483e-03 2.997986e-02 -2.645047e-02 4.453421e-02 1.152928e-02 8.991955e-03 -7.925393e-02
<VARIANCE> 39
 1.482771e+01 8.761867e+00 9.819207e+00 1.266152e+01 1.672451e+01 1.996908e+01 2.331163e+01 3.525003e+01 2.562564e+01 2.014783e+01 1.858722e+01 1.518813e+01 5.048713e+01 5.860489e-01 5.084491e-01 5.886146e-01 8.137444e-01 1.243278e+00 1.406406e+00 1.620999e+00 2.154121e+00 1.672812e+00 1.885699e+00 1.716334e+00 1.520839e+00 1.287111e+00 1.138947e-01 8.898650e-02 1.369596e-01 1.787304e-01 2.913897e-01 3.136242e-01 3.091362e-01 4.715039e-01 3.159199e-01 3.673056e-01 3.347856e-01 2.879684e-01 2.188687e-01
<GCONST> 9.329150e+01
<MIXTURE> 2 4.348077e-01
<MEAN> 39
 -1.705651e+00 -1.509281e+00 -3.189107e-01 -1.259253e+00 -1.679278e+00 -1.303476e+00 2.215328e+00 1.213486e+00 2.638926e-01 1.260002e+00 1.796024e+00 1.835242e+00 1.183504e+00 -6.469868e-01 3.341181e-02 -5.616881e-01 -5.570682e-01 -9.018670e-01 -8.596151e-01 -4.094186e-01 -5.478238e-01 -7.109846e-02 2.652835e-01 -3.596201e-02 -1.453979e-01 1.432126e+00 -1.230355e-01 3.021785e-02 -1.161611e-01 -1.371335e-01 -9.549543e-02 -1.045056e-01 -6.179018e-02 -7.574874e-02 -5.945845e-03 -3.831827e-02 -5.082458e-02 -8.234598e-02 3.117329e-01
<VARIANCE> 39
 2.598879e+01 1.454162e+01 1.379895e+01 1.802116e+01 2.044062e+01 2.113194e+01 3.202564e+01 3.885262e+01 3.083788e+01 2.309796e+01 2.138005e+01 2.065407e+01 4.833145e+01 1.953009e+00 8.965598e-01 1.449269e+00 1.563692e+00 2.529576e+00 2.119301e+00 2.390975e+00 2.485206e+00 2.175533e+00 2.464702e+00 2.119880e+00 1.733475e+00 3.804805e+00 2.918181e-01 1.462944e-01 1.923258e-01 2.661377e-01 4.225354e-01 3.962513e-01 3.909493e-01 4.163692e-01 3.608215e-01 4.101864e-01 3.734123e-01 3.360190e-01 4.432576e-01
<GCONST> 1.074878e+02
<STATE> 3
<NUMMIXES> 2
<MIXTURE> 1 5.465243e-01
<MEAN> 39
 -5.452505e+00 -4.573993e-01 -3.731149e+00 -3.817655e+00 -6.396639e+00 -4.355624e+00 -1.359740e+00 -1.494609e+00 8.816337e-01 1.736793e+00 1.782194e+00 1.272425e+00 1.405402e+01 7.019042e-01 4.046473e-01 9.115760e-01 1.121835e+00 1.257041e+00 1.229765e+00 7.320541e-01 4.998993e-01 -6.506110e-02 -6.559380e-01 1.254386e-01 2.507490e-01 1.235075e+00 2.325897e-01 -1.222448e-02 1.829836e-01 2.369753e-01 1.988813e-01 1.879016e-01 5.535612e-02 9.460670e-02 7.793474e-02 4.711396e-02 -1.019437e-01 2.730539e-02 -9.896420e-01
<VARIANCE> 39
 1.712465e+01 1.108088e+01 1.252908e+01 1.392498e+01 2.414312e+01 1.864552e+01 1.843128e+01 1.488989e+01 1.386337e+01 1.836457e+01 1.661433e+01 1.849217e+01 7.977094e+01 2.615422e+00 2.436241e+00 1.325294e+00 1.106552e+00 1.177261e+00 1.621643e+00 2.067326e+00 2.277717e+00 2.071836e+00 1.725692e+00 1.817941e+00 1.418488e+00 1.399214e+01 5.297248e-01 3.215923e-01 2.993948e-01 3.621678e-01 4.150367e-01 4.537828e-01 5.942008e-01 3.429085e-01 4.232198e-01 3.316400e-01 3.521815e-01 3.872340e-01 1.605969e+00
<GCONST> 1.080121e+02
<MIXTURE> 2 4.534754e-01
<MEAN> 39
 -5.873102e+00 -1.181046e+00 -5.206594e+00 -4.611207e+00 -7.437444e+00 -5.354747e+00 -2.453341e+00 -1.969207e+00 3.648247e-01 2.418626e+00 -5.063905e-01 5.776513e-01 4.973981e+00 -1.212556e+00 -4.201016e-01 -7.803473e-01 -8.031783e-01 -8.290799e-01 -5.252704e-01 -5.528493e-01 5.466546e-02 8.687511e-02 1.379584e-01 2.815518e-02 -2.934588e-01 8.716952e-01 3.303012e-01 -2.178341e-02 3.506898e-01 3.622058e-01 5.373560e-01 4.717605e-01 2.139472e-01 1.617487e-01 -1.649641e-02 -2.742782e-01 1.349770e-01 1.609001e-01 -1.413314e-01
<VARIANCE> 39
 3.244576e+01 2.555635e+01 1.635947e+01 1.360896e+01 1.985204e+01 2.109340e+01 2.590322e+01 2.297329e+01 1.800459e+01 2.776211e+01 1.263401e+01 1.281183e+01 4.894370e+02 5.105741e+00 2.205762e+00 1.875175e+00 1.785919e+00 2.872269e+00 2.239242e+00 3.029845e+00 1.753786e+00 2.702946e+00 2.170121e+00 1.965494e+00 2.016626e+00 5.112312e+01 1.106653e+00 5.442733e-01 3.978749e-01 4.045027e-01 5.536494e-01 5.612347e-01 4.967688e-01 4.567792e-01 4.908949e-01 5.025741e-01 3.842087e-01 3.487096e-01 9.482992e+00
<GCONST> 1.218197e+02
<STATE> 4
<NUMMIXES> 2
<MIXTURE> 1 4.827217e-01
<MEAN> 39
 2.443213e-01 6.134934e-01 8.563579e-01 8.744013e-01 7.148641e-01 5.848636e-01 4.571360e-01 6.969367e-02 3.344068e-01 -4.666062e-01 -4.863197e-03 3.094244e-01 1.083174e+00 1.473268e-01 1.043907e-01 2.154746e-01 2.566670e-01 3.811802e-01 3.688135e-01 3.450602e-01 3.341140e-01 2.719572e-01 1.896760e-01 1.320946e-01 1.013285e-01 -2.783094e-01 8.770796e-03 6.009421e-03 3.547672e-03 5.857004e-03 1.384750e-02 1.872449e-02 -2.063970e-03 1.209460e-02 1.933594e-02 4.783714e-02 2.123921e-02 -5.528600e-03 -4.068245e-02
<VARIANCE> 39
 1.420432e+01 1.137455e+01 1.677954e+01 1.723575e+01 2.018529e+01 2.218087e+01 2.309246e+01 1.756926e+01 2.487594e+01 2.291484e+01 1.813889e+01 1.554554e+01 7.238397e+01 4.461944e-01 4.270374e-01 5.570782e-01 8.062636e-01 1.060304e+00 1.241903e+00 1.401537e+00 1.344876e+00 1.604219e+00 1.698415e+00 1.558899e+00 1.309458e+00 5.424654e-01 1.033422e-01 8.399310e-02 1.164263e-01 1.767587e-01 2.512959e-01 2.761940e-01 2.946050e-01 2.921799e-01 3.420924e-01 3.547063e-01 3.304978e-01 2.628937e-01 8.437172e-02
<GCONST> 8.958838e+01
<MIXTURE> 2 5.172777e-01
<MEAN> 39
 3.477393e-01 -3.772634e-01 -5.254572e-01 -4.513352e-01 -9.788784e-02 -5.663573e-02 -6.302285e-01 2.448201e-02 -4.987434e-01 1.273640e-01 -3.009467e-01 -5.704011e-01 -1.970338e+00 -3.290786e-02 -9.354602e-02 -1.428330e-01 -1.947209e-01 -2.630060e-01 -2.877891e-01 -2.930920e-01 -2.950647e-01 -2.639323e-01 -2.090361e-01 -1.548000e-01 -1.304521e-01 1.388957e-02 -9.673390e-03 -5.151948e-03 -9.833941e-03 -1.530773e-02 -2.364563e-02 -2.811363e-02 -3.711201e-03 -1.709483e-02 -2.065506e-02 -4.110566e-02 -1.864535e-02 5.635276e-03 3.914523e-02
<VARIANCE> 39
 1.249907e+01 8.170603e+00 1.150672e+01 1.173740e+01 1.622114e+01 1.806096e+01 1.969907e+01 1.860126e+01 2.072627e+01 2.034672e+01 1.686438e+01 1.674545e+01 2.834726e+01 6.745571e-01 4.991566e-01 7.077830e-01 9.052897e-01 1.297472e+00 1.373247e+00 1.536208e+00 1.518825e+00 1.717841e+00 1.712221e+00 1.558796e+00 1.375093e+00 1.033745e+00 8.942384e-02 8.417614e-02 1.315254e-01 1.711628e-01 2.527310e-01 2.779999e-01 3.225087e-01 3.178602e-01 3.451262e-01 3.447540e-01 3.097039e-01 2.805640e-01 1.137956e-01
<GCONST> 8.922939e+01
<TRANSP> 5
 0.000000e+00 1.000000e+00 0.000000e+00 0.000000e+00 0.000000e+00
 0.000000e+00 9.147109e-01 8.528917e-02 0.000000e+00 0.000000e+00
 0.000000e+00 0.000000e+00 8.258753e-01 1.741247e-01 0.000000e+00
 0.000000e+00 0.000000e+00 0.000000e+00 9.938146e-01 6.185433e-03
 0.000000e+00 0.000000e+00 0.000000e+00 0.000000e+00 0.000000e+00
<ENDHMM>
~h "kj"
<BEGINHMM>
<NUMSTATES> 5
<STATE> 2
<NUMMIXES> 2
<MIXTURE> 1 5.158793e-01
<MEAN> 39
 6.895560e+00 5.448128e-01 -2.479248e+00 -3.451755e-01 1.114296e+00 -8.028621e-01 -1.681521e+00 -6.363927e-01 -4.086415e-01 -1.409976e-01 -1.187069e+00 -3.133295e-01 -4.464767e+00 -2.637372e-01 -1.003128e-03 4.721606e-02 1.566869e-01 9.669944e-02 1.763160e-01 2.377540e-01 2.080534e-01 3.273989e-01 2.531246e-01 2.787039e-01 1.802611e-01 2.544621e-01 -4.351548e-02 -8.508880e-03 2.645246e-02 2.739399e-03 3.787316e-04 3.231794e-03 7.032321e-02 5.256968e-02 3.305060e-02 4.979733e-02 -2.372349e-03 -1.783050e-03 2.509939e-02
<VARIANCE> 39
 1.695723e+01 1.875223e+01 1.169040e+01 1.661497e+01 2.060698e+01 2.445346e+01 2.140613e+01 2.022171e+01 1.986756e+01 1.793460e+01 1.616225e+01 1.693993e+01 1.429479e+01 8.365143e-01 7.776093e-01 7.686390e-01 9.467852e-01 1.418662e+00 1.580592e+00 2.041275e+00 1.711681e+00 1.699823e+00 1.862475e+00 1.365546e+00 1.361643e+00 5.874079e-01 1.268931e-01 1.477200e-01 1.396179e-01 1.913696e-01 2.662453e-01 3.067994e-01 4.352655e-01 3.370118e-01 3.379169e-01 3.808474e-01 3.035788e-01 2.574136e-01 8.463929e-02
<GCONST> 9.260811e+01
<MIXTURE> 2 4.841206e-01
<MEAN> 39
 5.957159e+00 -5.896799e-01 -2.255546e+00 -2.398402e-01 5.468178e-01 -1.563987e+00 -1.125524e+00 -8.413709e-01 -1.142743e-01 6.379724e-01 -1.151754e+00 -1.424128e-01 -3.199235e+00 -4.298323e-01 -4.299140e-01 -1.993074e-01 -1.195438e-01 -3.966638e-01 -3.565385e-01 -3.841426e-01 -5.798975e-01 -3.160665e-01 -3.113738e-01 -1.879248e-01 -1.070708e-01 7.413215e-01 4.941910e-02 -1.793949e-02 -1.709981e-02 -1.591933e-02 1.377841e-02 1.846167e-02 -4.759651e-02 -1.855945e-02 -2.838548e-02 -4.583069e-02 -1.127049e-02 -1.033796e-02 -2.244771e-02
<VARIANCE> 39
 1.983465e+01 2.533072e+01 1.383353e+01 1.764875e+01 1.847321e+01 2.828354e+01 2.209412e+01 2.269046e+01 1.921537e+01 1.845599e+01 1.419027e+01 1.780961e+01 2.304056e+01 1.184099e+00 1.672521e+00 1.354902e+00 1.172962e+00 1.601671e+00 1.953562e+00 2.187534e+00 1.815318e+00 1.721277e+00 1.919740e+00 1.368367e+00 1.355395e+00 1.347302e+00 1.751736e-01 2.557962e-01 2.042030e-01 2.025414e-01 2.616826e-01 3.591304e-01 3.913856e-01 3.647515e-01 3.272796e-01 3.628766e-01 2.341969e-01 2.403124e-01 1.870909e-01
<GCONST> 9.890201e+01
<STATE> 3
<NUMMIXES> 2
<MIXTURE> 1 5.205005e-01
<MEAN> 39
 3.637783e+00 -4.070902e+00 -4.420390e+00 -2.420759e-01 1.207685e+00 -2.746264e+00 -4.099264e+00 -3.142684e+00 -8.600265e-01 -2.575819e-01 -3.506514e-02 7.192081e-01 2.106312e+00 -1.254452e-01 3.966261e-01 2.366723e-01 1.968917e-01 3.142200e-01 3.902008e-01 3.920585e-01 4.487720e-01 2.666196e-01 3.426264e-01 2.819892e-01 1.793873e-01 -2.123907e-01 -4.309628e-03 2.075332e-02 6.478669e-02 1.420947e-02 9.222029e-03 6.066752e-02 5.676984e-02 7.704481e-02 4.554119e-02 1.693550e-02 3.432505e-02 3.187039e-02 -5.383882e-03
<VARIANCE> 39
 1.395306e+01 1.723035e+01 1.009124e+01 1.504375e+01 1.361760e+01 1.937197e+01 2.540184e+01 1.637085e+01 1.768068e+01 1.637720e+01 1.629540e+01 1.623120e+01 1.513576e+01 4.996978e-01 4.963338e-01 6.149754e-01 7.813289e-01 8.957684e-01 1.123813e+00 1.383638e+00 1.333118e+00 1.368531e+00 1.441816e+00 1.530755e+00 1.336899e+00 3.445542e-01 8.883759e-02 9.876513e-02 1.189974e-01 1.479533e-01 2.049382e-01 2.284971e-01 3.011515e-01 3.128501e-01 2.823994e-01 3.183990e-01 3.342672e-01 2.744723e-01 5.828575e-02
<GCONST> 8.473399e+01
<MIXTURE> 2 4.794998e-01
<MEAN> 39
 3.912092e+00 -4.837775e+00 -4.358140e+00 -3.084155e-01 8.830920e-01 -3.103287e+00 -4.549851e+00 -2.841002e+00 -5.416461e-01 -2.991088e-01 -9.107296e-02 7.047825e-01 3.207303e+00 -1.336359e-01 -8.909988e-02 -1.951687e-01 -1.935415e-01 -1.990341e-01 -2.667626e-01 -3.483509e-01 -3.454925e-01 -3.258934e-01 -3.049356e-01 -2.762104e-01 -1.731180e-01 6.387219e-02 -1.610892e-02 5.685656e-02 6.164494e-03 -2.240964e-02 -1.629585e-02 -3.232289e-02 -1.468844e-02 -2.089459e-02 -3.901620e-02 -1.549769e-02 -2.873050e-02 -3.022240e-02 -5.004435e-02
<VARIANCE> 39
 1.098814e+01 1.599525e+01 1.079990e+01 1.571018e+01 1.471926e+01 2.080268e+01 2.266782e+01 1.744765e+01 1.893238e+01 1.886631e+01 1.587304e+01 1.349757e+01 1.801914e+01 5.466260e-01 8.686345e-01 6.690244e-01 8.570508e-01 1.234807e+00 1.317267e+00 1.530149e+00 1.669656e+00 1.552493e+00 1.619900e+00 1.461535e+00 1.145215e+00 7.827728e-01 9.921464e-02 1.500517e-01 1.433775e-01 1.791532e-01 2.575250e-01 2.672032e-01 3.424506e-01 3.514464e-01 3.392127e-01 3.506468e-01 3.112183e-01 2.320453e-01 1.345407e-01
<GCONST> 8.971139e+01
<STATE> 4
<NUMMIXES> 2
<MIXTURE> 1 5.983874e-01
<MEAN> 39
 -1.450037e+00 1.896294e+00 1.175248e+00 2.904946e-01 -7.569478e-02 1.139199e+00 1.393585e+00 9.175547e-01 2.124081e-01 2.345783e-01 1.246572e-01 -2.726200e-01 -1.280946e+00 1.057035e-01 1.058208e-01 8.928500e-02 9.392044e-02 1.731521e-01 2.118163e-01 2.048062e-01 2.156845e-01 2.105040e-01 1.811309e-01 1.504480e-01 7.956854e-02 -1.106256e-01 8.249248e-04 -2.447650e-04 1.044947e-03 1.036493e-02 1.232300e-02 5.742995e-03 1.097486e-02 1.329689e-02 1.642769e-02 1.664747e-02 1.063711e-02 1.221439e-02 5.936123e-03
<VARIANCE> 39
 2.230706e+01 1.318297e+01 1.095526e+01 1.213877e+01 1.433397e+01 1.664684e+01 1.980694e+01 1.736259e+01 1.674653e+01 1.827331e+01 1.555983e+01 1.401097e+01 1.190768e+01 4.414524e-01 3.984339e-01 5.781813e-01 8.464856e-01 1.047888e+00 1.249949e+00 1.447753e+00 1.468884e+00 1.522491e+00 1.577171e+00 1.422099e+00 1.278156e+00 2.253860e-01 7.940768e-02 7.891659e-02 1.140700e-01 1.702225e-01 2.157156e-01 2.604586e-01 2.963440e-01 3.058451e-01 3.273716e-01 3.259047e-01 2.988946e-01 2.647472e-01 3.745226e-02
<GCONST> 8.335410e+01
<MIXTURE> 2 4.016144e-01
<MEAN> 39
 6.048308e-01 -1.934864e+00 -5.763088e-01 -3.413782e-01 -2.024186e-01 -9.669266e-01 -1.035743e+00 -6.746363e-01 -1.416011e-01 -3.231922e-01 -2.803283e-02 2.920098e-01 1.858720e+00 -6.651566e-02 -1.874652e-01 -1.329037e-01 -1.524315e-01 -2.468331e-01 -3.227822e-01 -3.017698e-01 -3.247939e-01 -2.997457e-01 -2.820739e-01 -2.227370e-01 -1.183751e-01 1.129799e-01 4.728835e-03 -3.044895e-03 -6.334594e-03 -1.556380e-02 -1.747076e-02 -9.768070e-03 -1.567449e-02 -2.134842e-02 -2.253107e-02 -2.458159e-02 -1.681047e-02 -1.753961e-02 -1.166561e-02
<VARIANCE> 39
 3.123631e+01 4.761613e+01 1.797104e+01 1.553093e+01 1.631827e+01 2.926748e+01 3.206863e+01 2.408743e+01 1.790103e+01 2.073866e+01 1.597754e+01 1.456247e+01 4.813316e+01 7.342469e-01 1.221083e+00 8.620797e-01 1.042515e+00 1.271072e+00 1.579215e+00 1.755701e+00 1.630086e+00 1.620044e+00 1.677626e+00 1.455729e+00 1.359977e+00 1.219868e+00 1.136861e-01 2.009038e-01 1.561900e-01 2.017907e-01 2.497878e-01 3.222646e-01 3.489591e-01 3.429122e-01 3.344651e-01 3.445773e-01 2.912477e-01 2.738054e-01 1.695594e-01
<GCONST> 9.774304e+01
<TRANSP> 5
 0.000000e+00 1.000000e+00 0.000000e+00 0.000000e+00 0.000000e+00
 0.000000e+00 9.280279e-01 7.197209e-02 0.000000e+00 0.000000e+00
 0.000000e+00 0.000000e+00 9.554250e-01 4.457498e-02 0.000000e+00
 0.000000e+00 0.000000e+00 0.000000e+00 9.964105e-01 3.589458e-03
 0.000000e+00 0.000000e+00 0.000000e+00 0.000000e+00 0.000000e+00
<ENDHMM>
~h "kn"
<BEGINHMM>
<NUMSTATES> 5
<STATE> 2
<NUMMIXES> 2
<MIXTURE> 1 5.534176e-01
<MEAN> 39
 -1.850041e+00 -1.063752e+00 -3.643351e+00 -2.521392e+00 -3.682903e+00 -2.481863e+00 1.068706e-01 -2.966229e+00 2.067556e+00 -9.138639e-01 1.907375e-01 -2.477093e+00 7.287904e+00 -3.834124e-01 7.303380e-01 3.974650e-01 4.491078e-02 6.949303e-01 -1.530675e-01 1.276060e+00 1.149141e+00 2.103704e+00 7.154922e-01 4.161400e-01 8.803774e-01 2.281734e+00 -2.325448e-01 2.153456e-01 3.137444e-01 1.592327e-01 3.659211e-01 4.535153e-01 -1.369057e-01 1.564482e-02 -5.582756e-01 -8.031859e-02 -3.007811e-02 1.666674e-01 -1.116914e+00
<VARIANCE> 39
 1.239649e+01 1.597517e+01 1.172639e+01 1.026294e+01 1.487528e+01 2.431631e+01 2.638400e+01 3.881047e+01 3.964902e+01 2.210449e+01 2.142620e+01 1.863944e+01 2.451908e+01 2.131091e+00 1.269740e+00 1.426343e+00 1.112783e+00 1.222464e+00 1.860778e+00 2.410506e+00 3.570721e+00 2.444412e+00 1.850101e+00 1.653548e+00 1.562284e+00 5.358311e+00 3.595765e-01 2.176579e-01 2.413820e-01 1.675931e-01 1.797337e-01 3.322712e-01 4.967068e-01 9.897352e-01 5.481854e-01 3.877832e-01 3.080927e-01 3.509821e-01 5.841067e-01
<GCONST> 1.055183e+02
<MIXTURE> 2 4.465827e-01
<MEAN> 39
 -6.911395e+00 6.631482e-01 9.685122e-01 -3.245638e+00 -1.960972e+00 1.321936e+00 -1.900131e-01 4.284491e-01 -1.041237e+00 -6.236163e-03 -6.406012e-01 -1.297819e+00 -5.413783e+00 9.439333e-01 -3.465292e-01 -6.473031e-01 3.945590e-01 -1.820153e-01 -8.137059e-01 -2.472588e-01 -1.726750e+00 -7.182603e-02 -1.611090e-01 -1.156298e-01 -2.712625e-01 2.464365e+00 1.631869e-01 -3.023508e-02 -1.164309e-01 4.731339e-02 6.314033e-02 1.268147e-03 7.060096e-02 1.421282e-01 1.987532e-01 -2.426109e-02 3.875027e-02 7.798941e-02 2.251064e-01
<VARIANCE> 39
 1.690583e+01 1.382021e+01 1.378349e+01 8.878654e+00 1.731236e+01 1.747595e+01 2.264650e+01 5.496425e+01 1.765168e+01 2.063854e+01 2.084963e+01 1.853791e+01 8.247913e+01 2.546855e+00 1.491867e+00 2.187452e+00 8.348868e-01 1.736622e+00 2.322951e+00 2.333210e+00 5.049288e+00 2.219329e+00 2.044360e+00 2.214913e+00 2.648362e+00 9.009683e+00 3.607091e-01 1.556889e-01 2.664618e-01 1.065424e-01 2.124850e-01 2.154203e-01 4.543486e-01 7.164605e-01 4.887368e-01 2.851567e-01 2.867060e-01 3.387720e-01 9.092457e-01
<GCONST> 1.072777e+02
<STATE> 3
<NUMMIXES> 2
<MIXTURE> 1 4.887764e-01
<MEAN> 39
 6.388920e-01 -1.002182e+00 -1.387396e+00 -7.709448e-01 -8.523868e-01 -1.702091e+00 1.620186e-01 -4.166780e-01 1.341118e+00 5.705747e-02 7.150645e-01 5.023136e-01 3.402504e+00 1.161449e-01 2.776112e-01 2.138724e-01 2.340542e-01 3.427775e-01 2.821729e-01 2.407493e-01 5.676423e-01 3.611637e-01 4.175561e-01 2.659207e-01 3.791338e-01 -1.669582e-01 -2.419462e-02 1.019238e-01 1.241734e-01 1.660453e-01 1.642344e-01 1.913508e-01 -3.876426e-02 -3.438726e-02 -1.383071e-01 3.529901e-02 -5.544956e-02 -4.803615e-02 -2.909048e-01
<VARIANCE> 39
 9.434383e+00 1.281032e+01 1.033243e+01 9.796056e+00 1.252840e+01 1.477816e+01 1.699937e+01 2.186794e+01 1.899689e+01 1.650723e+01 1.474140e+01 1.511323e+01 2.100354e+01 4.087171e-01 6.375164e-01 6.523013e-01 8.879933e-01 1.139271e+00 1.201764e+00 1.416120e+00 1.550539e+00 1.708340e+00 1.297044e+00 1.264492e+00 1.223691e+00 1.473121e+00 8.363727e-02 1.849597e-01 1.430683e-01 1.977012e-01 2.808287e-01 2.551691e-01 3.290147e-01 4.201064e-01 3.788613e-01 3.172789e-01 2.717961e-01 2.789311e-01 2.928676e-01
<GCONST> 8.898160e+01
<MIXTURE> 2 5.112230e-01
<MEAN> 39
 2.727656e-01 3.925711e-01 3.124609e-01 6.657369e-01 6.733939e-01 4.786923e-01 -2.835234e-01 -3.476905e-01 -4.552361e-01 1.946187e-01 -1.657138e-01 1.838685e-02 -5.981062e-01 -9.619433e-03 -3.149726e-01 -1.688735e-01 -1.331952e-01 -2.687258e-01 -2.433192e-01 -2.298954e-01 -5.176608e-01 -4.012352e-01 -3.945203e-01 -2.539116e-01 -3.171617e-01 6.032306e-02 2.562350e-02 -1.073757e-01 -1.220777e-01 -1.629442e-01 -1.729829e-01 -1.849491e-01 2.443837e-02 2.230620e-02 1.062447e-01 -3.823119e-02 4.049454e-02 2.255347e-02 2.566560e-01
<VARIANCE> 39
 7.717034e+00 8.191895e+00 9.260769e+00 8.049797e+00 1.179588e+01 1.243750e+01 1.492088e+01 1.984516e+01 1.605225e+01 1.476363e+01 1.438912e+01 1.423215e+01 1.650082e+01 4.299048e-01 8.559717e-01 8.638934e-01 9.628703e-01 1.345958e+00 1.399885e+00 1.432459e+00 1.813676e+00 1.598885e+00 1.435951e+00 1.368659e+00 1.394913e+00 2.476281e+00 6.180001e-02 1.177658e-01 1.183125e-01 1.495240e-01 2.292188e-01 2.239372e-01 2.771956e-01 4.105801e-01 3.477941e-01 3.244708e-01 2.795566e-01 2.941096e-01 2.398593e-01
<GCONST> 8.698866e+01
<STATE> 4
<NUMMIXES> 2
<MIXTURE> 1 5.100394e-01
<MEAN> 39
 -4.891982e-01 9.226555e-01 1.783829e+00 5.171540e-01 4.579417e-01 1.300654e+00 -4.160506e-01 1.092353e+00 -1.630948e+00 -3.032754e-01 -7.103208e-01 -2.401945e-01 -4.479922e+00 -9.097776e-02 2.887934e-01 3.867392e-01 1.874039e-01 2.325443e-01 4.221396e-01 2.101422e-01 4.769381e-01 2.219664e-01 2.202788e-01 1.315005e-01 3.945272e-02 -4.891181e-01 -2.858896e-03 1.089215e-02 1.945035e-02 4.038420e-02 8.963554e-02 1.048589e-01 1.269329e-01 1.083533e-01 9.090339e-02 4.163270e-02 4.864527e-02 -1.977745e-02 3.218699e-02
<VARIANCE> 39
 1.042004e+01 9.963764e+00 8.663687e+00 7.281842e+00 1.138807e+01 1.579644e+01 1.246511e+01 1.572378e+01 1.500806e+01 1.514096e+01 1.256710e+01 1.307875e+01 2.179045e+01 1.695207e-01 2.968034e-01 4.114943e-01 5.838127e-01 9.574453e-01 1.019702e+00 1.151392e+00 1.148947e+00 1.388726e+00 1.326061e+00 1.149698e+00 1.219114e+00 1.039005e-01 2.414052e-02 5.356926e-02 8.752793e-02 1.208479e-01 1.909115e-01 2.085957e-01 2.488452e-01 2.559142e-01 3.169476e-01 2.797422e-01 2.370156e-01 2.362264e-01 8.104603e-03
<GCONST> 7.177092e+01
<MIXTURE> 2 4.899609e-01
<MEAN> 39
 -3.871719e-01 7.821946e-01 1.690793e+00 8.040995e-01 1.095153e+00 2.260715e+00 8.130571e-01 1.587092e+00 -9.507932e-01 -1.971652e-01 -6.771425e-01 -4.034402e-01 -3.613564e+00 -1.999626e-01 -5.921680e-02 -4.507732e-02 -2.839150e-01 -2.381187e-01 -4.552423e-02 -2.852206e-01 -1.440623e-01 -5.031856e-01 -2.764480e-01 -2.735214e-01 -2.009473e-01 -5.578799e-01 -2.515028e-02 -2.621719e-02 -4.380022e-02 -9.125561e-02 -1.367627e-01 -1.396236e-01 -9.689339e-02 -9.587371e-02 -4.742511e-02 -4.527724e-02 -2.589610e-02 1.462949e-02 1.807132e-02
<VARIANCE> 39
 9.386727e+00 9.850869e+00 9.665857e+00 9.088385e+00 1.188515e+01 1.448396e+01 1.349322e+01 1.539929e+01 1.550986e+01 1.534530e+01 1.306680e+01 1.239096e+01 2.271139e+01 1.620664e-01 3.019811e-01 4.703839e-01 5.940663e-01 9.189457e-01 1.036569e+00 1.259416e+00 1.279191e+00 1.352705e+00 1.327120e+00 1.244369e+00 1.099577e+00 1.338681e-01 1.876264e-02 5.363855e-02 9.416205e-02 1.318159e-01 1.793430e-01 1.797019e-01 2.477176e-01 2.455890e-01 2.843637e-01 2.782579e-01 2.551908e-01 2.370245e-01 7.638837e-03
<GCONST> 7.212914e+01
<TRANSP> 5
 0.000000e+00 1.000000e+00 0.000000e+00 0.000000e+00 0.000000e+00
 0.000000e+00 7.932103e-01 2.067897e-01 0.000000e+00 0.000000e+00
 0.000000e+00 0.000000e+00 9.852957e-01 1.470436e-02 0.000000e+00
 0.000000e+00 0.000000e+00 0.000000e+00 9.594936e-01 4.050639e-02
 0.000000e+00 0.000000e+00 0.000000e+00 0.000000e+00 0.000000e+00
<ENDHMM>
~h "kt"
<BEGINHMM>
<NUMSTATES> 5
<STATE> 2
<NUMMIXES> 2
<MIXTURE> 1 5.182281e-01
<MEAN> 39
 1.200874e-01 -5.389510e-01 7.859424e-02 -5.794843e-01 -6.781453e-01 -6.914809e-02 -1.734868e-01 2.393095e-01 2.266425e-01 1.178566e-01 2.969903e-01 2.063860e-01 2.733423e-01 2.394982e-01 6.469177e-02 2.034649e-01 2.276639e-01 3.430951e-01 3.926961e-01 4.283696e-01 3.349519e-01 2.982089e-01 2.775825e-01 3.307958e-01 1.547012e-01 -2.364387e-01 3.686181e-02 2.449939e-02 3.611513e-02 4.767613e-02 6.978775e-02 5.535544e-02 4.333612e-02 2.626761e-02 3.306918e-02 4.511302e-02 5.151720e-03 1.212698e-02 -7.185040e-02
<VARIANCE> 39
 1.164547e+01 7.267345e+00 8.573466e+00 1.029883e+01 1.257305e+01 1.429098e+01 1.507173e+01 1.617136e+01 1.616178e+01 1.555599e+01 1.472630e+01 1.245136e+01 1.789143e+01 4.699990e-01 4.071175e-01 5.968528e-01 7.601030e-01 9.921613e-01 1.129456e+00 1.310982e+00 1.460044e+00 1.458418e+00 1.577598e+00 1.294812e+00 1.197665e+00 5.622852e-01 1.443145e-01 9.091925e-02 1.432690e-01 1.716292e-01 2.322542e-01 2.768964e-01 3.001966e-01 3.186992e-01 3.258723e-01 3.500200e-01 2.958301e-01 2.505220e-01 1.839238e-01
<GCONST> 8.432536e+01
<MIXTURE> 2 4.817750e-01
<MEAN> 39
 4.868701e-01 -3.473297e-01 3.820794e-01 -2.365507e-01 2.736168e-02 5.109570e-01 1.874221e-01 4.575588e-01 3.617413e-01 4.587561e-01 1.764063e-01 1.370012e-01 -5.026070e-01 -3.722041e-01 -2.677619e-02 -2.835530e-01 -2.184098e-01 -3.843475e-01 -5.112637e-01 -4.633851e-01 -3.589266e-01 -3.023044e-01 -3.045802e-01 -3.637328e-01 -1.692517e-01 3.954707e-01 -4.068508e-02 -2.562521e-02 -3.257539e-02 -3.972678e-02 -6.766378e-02 -5.948539e-02 -5.312648e-02 -3.121320e-02 -3.828401e-02 -5.625191e-02 -3.789165e-03 -1.546538e-02 7.999966e-02
<VARIANCE> 39
 1.424046e+01 8.612693e+00 9.281976e+00 1.108599e+01 1.277488e+01 1.684215e+01 1.585962e+01 1.704974e+01 1.611025e+01 1.474725e+01 1.433555e+01 1.298363e+01 1.855257e+01 1.411477e+00 6.964947e-01 8.830268e-01 1.026993e+00 1.163443e+00 1.522451e+00 1.418279e+00 1.603756e+00 1.647965e+00 1.637407e+00 1.472485e+00 1.342575e+00 2.033262e+00 2.186161e-01 1.158260e-01 1.665047e-01 1.911113e-01 2.420514e-01 3.240360e-01 3.353944e-01 3.453529e-01 3.323188e-01 3.353957e-01 3.036103e-01 2.683802e-01 2.659948e-01
<GCONST> 9.152101e+01
<STATE> 3
<NUMMIXES> 2
<MIXTURE> 1 5.113300e-01
<MEAN> 39
 -1.415898e+00 8.234827e-02 -4.283692e-01 4.731503e-01 -1.093666e-01 -9.885154e-01 -3.311333e-01 -8.206016e-01 -1.784552e-01 -4.344620e-01 -1.873941e-01 -7.034475e-03 1.915992e+00 2.610840e-01 3.287641e-02 2.320812e-01 2.635609e-01 3.442809e-01 4.833430e-01 4.774358e-01 3.142826e-01 3.413311e-01 2.526145e-01 3.862852e-01 1.073948e-01 -2.873620e-01 6.616057e-02 2.908417e-02 3.480614e-02 3.025173e-02 5.606448e-02 3.789210e-02 3.376449e-02 5.582099e-02 3.158370e-02 6.070905e-02 -3.661014e-04 2.285291e-02 -1.328906e-01
<VARIANCE> 39
 7.923267e+00 4.894567e+00 7.435348e+00 1.081327e+01 1.239960e+01 1.450381e+01 1.606874e+01 1.593116e+01 1.764300e+01 1.853703e+01 1.617765e+01 1.341066e+01 1.385300e+01 4.876282e-01 3.655324e-01 5.615379e-01 7.430794e-01 9.899644e-01 1.264001e+00 1.363671e+00 1.469852e+00 1.493838e+00 1.908382e+00 1.398857e+00 1.309657e+00 8.414949e-01 1.429359e-01 7.745098e-02 1.323673e-01 1.781663e-01 2.347553e-01 3.036864e-01 3.293517e-01 3.312639e-01 3.547750e-01 4.281609e-01 3.098792e-01 2.709539e-01 2.544451e-01
<GCONST> 8.522134e+01
<MIXTURE> 2 4.886681e-01
<MEAN> 39
 -8.733137e-01 4.492826e-01 -1.430572e-01 8.346341e-01 3.268768e-01 -8.073966e-01 -2.508006e-01 -3.494832e-01 -1.601194e-02 2.128868e-02 -3.614699e-01 5.975191e-02 7.747407e-01 -2.345054e-01 -3.917211e-02 -2.330578e-01 -2.653759e-01 -3.498602e-01 -4.764686e-01 -4.677476e-01 -3.510426e-01 -3.582248e-01 -2.782932e-01 -3.834040e-01 -1.182618e-01 2.523802e-01 -5.190279e-02 -3.285440e-02 -3.296867e-02 -4.159136e-02 -5.761964e-02 -2.756177e-02 -2.710651e-02 -4.964905e-02 -2.728269e-02 -5.538982e-02 -4.148907e-04 -2.288166e-02 1.093584e-01
<VARIANCE> 39
 8.903043e+00 5.190069e+00 7.064080e+00 1.031041e+01 1.256591e+01 1.839588e+01 1.733261e+01 1.552723e+01 1.728811e+01 1.746875e+01 1.631602e+01 1.324702e+01 1.404183e+01 9.342508e-01 4.829115e-01 6.704982e-01 9.025144e-01 1.218178e+00 1.576516e+00 1.587358e+00 1.525822e+00 1.723493e+00 1.978859e+00 1.545697e+00 1.346531e+00 1.834880e+00 1.592277e-01 8.872266e-02 1.359770e-01 1.780674e-01 2.570649e-01 3.963123e-01 3.727772e-01 3.258425e-01 3.465394e-01 4.221910e-01 3.299281e-01 2.765487e-01 2.668936e-01
<GCONST> 8.936119e+01
<STATE> 4
<NUMMIXES> 2
<MIXTURE> 1 5.004293e-01
<MEAN> 39
 3.758121e-01 1.416776e-02 -8.123431e-02 -3.884689e-01 -7.438108e-02 3.173554e-01 1.548630e-01 2.336536e-01 -1.312274e-01 -1.578655e-02 -1.419875e-02 -2.177422e-01 -6.345771e-01 1.763148e-01 6.660359e-02 2.103115e-01 2.463770e-01 3.466230e-01 4.072442e-01 4.192818e-01 3.727602e-01 3.723463e-01 3.833587e-01 3.060656e-01 1.309580e-01 -1.249437e-01 5.171775e-02 1.128096e-02 3.926978e-02 4.145659e-02 5.760733e-02 5.549340e-02 3.600445e-02 2.389843e-02 3.314003e-02 1.967090e-02 3.078764e-02 3.310474e-02 -4.923784e-02
<VARIANCE> 39
 9.536819e+00 6.943750e+00 8.657735e+00 1.012208e+01 1.295456e+01 1.528319e+01 1.493597e+01 1.564671e+01 1.636872e+01 1.523200e+01 1.357601e+01 1.232073e+01 1.064153e+01 4.790500e-01 4.003881e-01 5.603914e-01 7.132823e-01 9.370528e-01 1.099803e+00 1.302439e+00 1.365426e+00 1.418826e+00 1.398880e+00 1.332819e+00 1.205428e+00 4.079897e-01 1.164357e-01 8.925050e-02 1.231639e-01 1.610350e-01 2.174972e-01 2.571473e-01 3.074835e-01 3.125821e-01 3.208582e-01 3.132341e-01 2.859423e-01 2.399290e-01 1.040092e-01
<GCONST> 8.143621e+01
<MIXTURE> 2 4.995650e-01
<MEAN> 39
 9.079446e-01 8.857679e-02 2.473879e-01 -7.925439e-02 2.829878e-01 7.093176e-01 2.486277e-01 2.247613e-01 -3.513904e-02 1.527626e-02 1.427338e-01 2.561825e-03 -1.140534e+00 -1.152225e-01 -8.657578e-02 -1.847851e-01 -2.791590e-01 -3.307620e-01 -3.718708e-01 -4.173310e-01 -3.620388e-01 -3.838259e-01 -3.761657e-01 -3.033542e-01 -1.367359e-01 5.550849e-02 -5.527002e-02 -1.268211e-02 -4.002200e-02 -3.944962e-02 -5.650063e-02 -5.814033e-02 -4.052961e-02 -2.423084e-02 -3.514054e-02 -2.038264e-02 -3.123480e-02 -3.102427e-02 5.562660e-02
<VARIANCE> 39
 8.987892e+00 7.124993e+00 8.299746e+00 9.973001e+00 1.305172e+01 1.547460e+01 1.501105e+01 1.552654e+01 1.633850e+01 1.585174e+01 1.414561e+01 1.306536e+01 8.785439e+00 7.967851e-01 5.611497e-01 6.267361e-01 7.936738e-01 1.082682e+00 1.221325e+00 1.348654e+00 1.406931e+00 1.445385e+00 1.432679e+00 1.353002e+00 1.252802e+00 8.030592e-01 1.220693e-01 9.721223e-02 1.223898e-01 1.634894e-01 2.295226e-01 2.698750e-01 3.112191e-01 3.072539e-01 3.203868e-01 3.275115e-01 2.992935e-01 2.576848e-01 1.069003e-01
<GCONST> 8.388732e+01
<TRANSP> 5
 0.000000e+00 1.000000e+00 0.000000e+00 0.000000e+00 0.000000e+00
 0.000000e+00 9.871084e-01 1.289161e-02 0.000000e+00 0.000000e+00
 0.000000e+00 0.000000e+00 9.903054e-01 9.694598e-03 0.000000e+00
 0.000000e+00 0.000000e+00 0.000000e+00 9.932937e-01 6.706286e-03
 0.000000e+00 0.000000e+00 0.000000e+00 0.000000e+00 0.000000e+00
<ENDHMM>
~h "pr"
<BEGINHMM>
<NUMSTATES> 5
<STATE> 2
<NUMMIXES> 2
<MIXTURE> 1 5.003893e-01
<MEAN> 39
 -1.548461e+00 -2.069125e-01 2.499676e-01 1.218426e-01 3.545062e+00 -1.114377e+00 -2.646197e+00 -9.727570e-01 -2.594635e-01 -6.397408e-01 -9.877872e-01 1.292357e+00 9.277727e-01 -1.347391e-01 5.700790e-02 1.916971e-01 1.088962e-01 2.667339e-01 2.773801e-01 2.016549e-01 8.824027e-02 2.523796e-01 1.524237e-01 2.273256e-01 2.144916e-01 1.152236e-01 1.777243e-02 2.075252e-02 4.958688e-02 6.004630e-02 6.237059e-02 7.577807e-02 6.723101e-02 6.373084e-02 5.326078e-02 3.987618e-02 7.333820e-02 2.971868e-02 -9.134773e-03
<VARIANCE> 39
 2.020336e+01 1.708231e+01 2.535709e+01 2.823561e+01 7.898293e+01 4.650706e+01 5.216230e+01 5.079383e+01 3.677982e+01 3.224453e+01 4.925088e+01 4.523795e+01 1.117432e+01 1.232282e+00 7.776431e-01 1.151734e+00 1.517373e+00 1.603666e+00 2.083808e+00 2.164492e+00 2.581605e+00 2.369452e+00 2.032266e+00 2.515277e+00 2.243787e+00 7.680501e-01 1.555411e-01 1.316281e-01 1.988500e-01 2.680146e-01 3.082407e-01 3.905509e-01 3.984379e-01 4.530616e-01 4.386340e-01 3.891037e-01 4.782225e-01 3.859072e-01 1.001139e-01
<GCONST> 1.074589e+02
<MIXTURE> 2 4.996102e-01
<MEAN> 39
 -1.569333e+00 -2.443362e-01 6.865190e-01 5.248674e-01 3.754861e+00 -2.704371e-01 -1.956855e+00 -3.841074e-01 5.152286e-01 -1.790338e-01 -1.141677e-01 1.369146e+00 1.185839e+00 1.532136e-02 -1.594337e-01 -1.525403e-01 -1.446906e-01 -2.908514e-01 -1.959367e-01 -1.775213e-01 -2.080763e-01 -2.250471e-01 -2.382879e-01 -2.103312e-01 -1.077398e-01 2.412998e-02 2.060036e-02 -1.238707e-02 -6.051000e-02 -4.715957e-02 -6.492928e-02 -7.715937e-02 -7.475723e-02 -5.036679e-02 -5.751270e-02 -3.251740e-02 -7.685018e-02 -5.447352e-02 -2.279987e-02
<VARIANCE> 39
 1.671945e+01 1.608362e+01 2.228776e+01 2.719773e+01 6.929401e+01 4.567952e+01 5.119274e+01 4.625934e+01 3.735748e+01 3.144633e+01 4.841356e+01 4.367458e+01 9.525460e+00 6.197434e-01 8.041171e-01 1.059839e+00 1.573181e+00 1.734692e+00 2.133303e+00 2.445928e+00 2.543820e+00 2.302518e+00 2.132865e+00 2.700251e+00 2.088632e+00 5.027734e-01 1.266670e-01 1.318692e-01 1.840495e-01 2.723384e-01 3.135183e-01 3.792560e-01 4.541107e-01 4.477955e-01 4.586634e-01 3.799988e-01 4.940245e-01 3.997374e-01 8.145299e-02
<GCONST> 1.053885e+02
<STATE> 3
<NUMMIXES> 2
<MIXTURE> 1 4.959802e-01
<MEAN> 39
 -4.854244e+00 -9.337912e-01 1.557310e+00 -4.020584e-01 -8.116511e-01 2.771259e+00 -1.286651e+00 -3.958549e+00 2.517863e+00 -4.079320e+00 1.579738e+00 -1.373877e-02 4.097437e+00 3.842852e-02 1.405202e-01 2.203337e-01 1.866428e-01 3.112089e-01 1.881205e-01 3.077575e-01 3.428813e-01 2.354555e-01 2.295310e-01 1.787026e-01 1.516484e-01 -6.708662e-03 3.732333e-03 4.302618e-02 5.306410e-02 4.776808e-02 6.908867e-02 5.797115e-02 7.943185e-02 6.724007e-02 2.577939e-02 4.809346e-02 4.763314e-02 4.871386e-02 1.089937e-02
<VARIANCE> 39
 9.102387e+00 2.045574e+01 1.169607e+01 1.496814e+01 1.693655e+01 2.253066e+01 2.087050e+01 1.885603e+01 2.422980e+01 2.371178e+01 2.213237e+01 2.068491e+01 4.912764e+00 5.320568e-01 3.652473e-01 4.731585e-01 7.361105e-01 1.153960e+00 1.571276e+00 1.389372e+00 1.291953e+00 1.650166e+00 1.794030e+00 1.826493e+00 1.259945e+00 2.132100e-01 1.186832e-01 7.144973e-02 9.880250e-02 1.574747e-01 2.546682e-01 3.426263e-01 2.989864e-01 2.834644e-01 3.515189e-01 3.540658e-01 3.788582e-01 2.543723e-01 4.728163e-02
<GCONST> 8.560603e+01
<MIXTURE> 2 5.040153e-01
<MEAN> 39
 -4.648904e+00 -4.931801e-01 1.878294e+00 3.214498e-01 -1.455071e-01 3.243853e+00 -4.546949e-01 -3.380023e+00 2.556802e+00 -3.726302e+00 2.043727e+00 2.619604e-01 4.157042e+00 3.253999e-02 -1.608897e-01 -2.132397e-01 -2.580135e-01 -2.676396e-01 -2.140982e-01 -3.130528e-01 -2.826143e-01 -1.824570e-01 -1.959785e-01 -2.587204e-01 -9.102020e-02 -8.753181e-02 2.870403e-03 -3.432457e-02 -4.935348e-02 -5.770303e-02 -6.360742e-02 -7.276624e-02 -7.376579e-02 -4.138423e-02 -3.534769e-02 -2.935309e-02 -5.065819e-02 -5.701381e-02 -1.732875e-02
<VARIANCE> 39
 9.125451e+00 2.122391e+01 1.148124e+01 1.528714e+01 1.602156e+01 2.182602e+01 2.013432e+01 1.812348e+01 2.202862e+01 2.300451e+01 2.114264e+01 1.867451e+01 4.908578e+00 4.947927e-01 4.165604e-01 5.044475e-01 8.099574e-01 1.172512e+00 1.640451e+00 1.485361e+00 1.350367e+00 1.568869e+00 1.756280e+00 1.866687e+00 1.257618e+00 2.177381e-01 1.161848e-01 8.290818e-02 9.888660e-02 1.656833e-01 2.527364e-01 3.403174e-01 3.134717e-01 2.893977e-01 3.351976e-01 3.444987e-01 3.844417e-01 2.624367e-01 4.907422e-02
<GCONST> 8.580934e+01
<STATE> 4
<NUMMIXES> 2
<MIXTURE> 1 4.958451e-01
<MEAN> 39
 1.703141e+00 8.967149e-02 -8.748572e-01 -5.239221e-01 -1.253614e+00 -1.097972e+00 3.063333e-01 7.934560e-01 -1.172206e+00 8.045183e-01 -7.339522e-01 -5.052354e-01 -1.520040e+00 7.744726e-02 1.723798e-01 1.862821e-01 2.503847e-01 2.579940e-01 2.605047e-01 2.738519e-01 2.868595e-01 2.727743e-01 2.430699e-01 2.101303e-01 1.272718e-01 -1.976755e-02 1.610148e-02 4.198204e-02 6.025502e-02 7.141768e-02 7.880358e-02 8.624250e-02 1.027000e-01 9.026585e-02 9.041037e-02 8.645640e-02 6.081258e-02 4.535095e-02 6.039222e-03
<VARIANCE> 39
 2.513483e+01 2.011680e+01 3.021168e+01 4.257105e+01 3.222349e+01 3.792440e+01 3.127760e+01 3.767080e+01 4.327053e+01 4.258046e+01 3.773396e+01 4.048655e+01 1.708029e+01 4.136469e-01 4.301559e-01 6.424173e-01 9.615002e-01 1.049109e+00 1.385965e+00 1.366843e+00 1.555483e+00 1.601132e+00 1.610352e+00 1.524076e+00 1.372742e+00 2.159116e-01 6.744752e-02 8.244060e-02 1.213405e-01 1.747252e-01 2.116421e-01 2.765575e-01 2.854004e-01 3.019010e-01 3.143181e-01 3.268476e-01 3.053350e-01 2.630368e-01 3.546612e-02
<GCONST> 9.353172e+01
<MIXTURE> 2 5.041572e-01
<MEAN> 39
 2.071592e+00 4.686543e-01 -4.414628e-01 3.566121e-01 -5.265961e-01 -3.510539e-01 1.514204e+00 1.817305e+00 -4.528215e-01 1.797223e+00 -6.539185e-02 -3.252209e-01 -1.593172e+00 3.441275e-03 -1.225050e-01 -2.245567e-01 -1.979198e-01 -2.714207e-01 -2.805570e-01 -2.720095e-01 -2.639472e-01 -3.022684e-01 -2.164057e-01 -1.862451e-01 -1.721907e-01 -4.993327e-02 -1.805504e-02 -4.198040e-02 -5.930121e-02 -6.603640e-02 -7.819671e-02 -8.378085e-02 -1.018203e-01 -9.369142e-02 -8.790412e-02 -8.692302e-02 -5.626853e-02 -4.764553e-02 -4.324258e-03
<VARIANCE> 39
 2.493301e+01 1.911731e+01 3.049499e+01 4.270659e+01 3.192312e+01 3.747583e+01 2.908089e+01 3.737882e+01 4.344262e+01 4.137326e+01 3.646046e+01 4.096512e+01 1.666666e+01 2.816317e-01 4.647320e-01 5.658171e-01 8.543549e-01 1.032949e+00 1.354663e+00 1.466840e+00 1.549741e+00 1.653347e+00 1.674478e+00 1.518628e+00 1.358838e+00 2.001899e-01 5.372311e-02 7.729468e-02 1.119389e-01 1.621316e-01 2.046501e-01 2.645838e-01 2.739068e-01 2.955144e-01 3.190361e-01 3.172223e-01 2.933725e-01 2.615714e-01 3.023316e-02
<GCONST> 9.196160e+01
<TRANSP> 5
 0.000000e+00 1.000000e+00 0.000000e+00 0.000000e+00 0.000000e+00
 0.000000e+00 9.848272e-01 1.517277e-02 0.000000e+00 0.000000e+00
 0.000000e+00 0.000000e+00 9.859234e-01 1.407657e-02 0.000000e+00
 0.000000e+00 0.000000e+00 0.000000e+00 9.957093e-01 4.290672e-03
 0.000000e+00 0.000000e+00 0.000000e+00 0.000000e+00 0.000000e+00
<ENDHMM>
~h "pw"
<BEGINHMM>
<NUMSTATES> 5
<STATE> 2
<NUMMIXES> 2
<MIXTURE> 1 5.175477e-01
<MEAN> 39
 -3.715850e-01 1.296548e+00 1.198670e-01 6.574155e-02 5.133327e-01 1.142095e+00 9.019331e-01 9.585370e-01 4.531061e-01 2.429333e-01 4.587900e-02 -2.080369e-01 -1.814597e+00 8.441792e-02 1.671507e-01 1.399034e-01 2.016773e-01 2.691342e-01 3.175916e-01 3.348218e-01 3.372768e-01 2.957595e-01 2.856552e-01 2.405283e-01 1.757751e-01 -1.304116e-01 -1.526815e-02 3.083149e-03 3.159910e-02 3.277982e-02 1.317457e-02 3.090370e-04 7.625321e-03 2.765673e-02 1.405246e-02 1.992806e-02 1.586187e-02 1.977448e-02 1.908941e-02
<VARIANCE> 39
 1.311730e+01 1.697953e+01 9.846345e+00 1.017835e+01 1.287365e+01 1.386808e+01 1.529749e+01 1.715528e+01 1.551210e+01 1.439525e+01 1.419421e+01 1.206286e+01 1.587896e+01 3.990965e-01 5.001323e-01 5.579475e-01 7.700458e-01 9.425583e-01 1.134560e+00 1.237043e+00 1.328783e+00 1.407401e+00 1.307182e+00 1.335623e+00 1.201343e+00 2.643702e-01 6.856021e-02 1.001480e-01 1.195716e-01 1.614304e-01 2.038815e-01 2.490188e-01 2.699600e-01 2.972444e-01 3.108092e-01 2.853744e-01 2.977872e-01 2.484406e-01 4.507104e-02
<GCONST> 8.106386e+01
<MIXTURE> 2 4.824368e-01
<MEAN> 39
 -1.178761e+00 3.419147e-01 2.839667e-01 3.260532e-01 2.372076e-01 4.040093e-01 4.028640e-01 5.844989e-01 1.698715e-01 1.143618e-01 -1.027581e-01 -3.089416e-02 -9.976319e-02 -9.623094e-02 -1.918359e-01 -1.445633e-01 -2.171206e-01 -2.915625e-01 -3.536620e-01 -3.580520e-01 -3.704329e-01 -3.187563e-01 -3.075898e-01 -2.557388e-01 -1.875420e-01 1.541200e-01 1.648444e-02 -5.581748e-03 -3.927813e-02 -3.544186e-02 -1.710994e-02 -4.781712e-03 -1.139061e-02 -3.125836e-02 -1.961746e-02 -1.927219e-02 -1.898417e-02 -2.047384e-02 -1.587702e-02
<VARIANCE> 39
 1.550506e+01 2.057623e+01 1.079243e+01 1.153806e+01 1.487744e+01 1.827060e+01 1.742819e+01 1.897368e+01 1.638130e+01 1.545188e+01 1.466733e+01 1.325165e+01 2.210892e+01 7.014215e-01 9.347703e-01 8.014670e-01 9.306411e-01 1.160167e+00 1.434586e+00 1.422396e+00 1.510518e+00 1.539046e+00 1.451793e+00 1.505921e+00 1.261523e+00 7.742836e-01 1.130869e-01 1.557724e-01 1.455067e-01 1.893558e-01 2.427033e-01 3.211669e-01 3.185477e-01 3.203266e-01 3.307467e-01 3.042305e-01 3.129046e-01 2.661883e-01 1.121504e-01
<GCONST> 8.988728e+01
<STATE> 3
<NUMMIXES> 2
<MIXTURE> 1 6.250368e-01
<MEAN> 39
 1.139945e+00 -2.337238e+00 -7.857327e-01 -3.019285e-01 -1.134185e-01 -1.664004e+00 -1.891835e+00 -2.705626e+00 -1.481664e+00 -1.078946e+00 9.875107e-02 2.009978e-01 3.717028e+00 1.356443e-01 2.288807e-01 9.658256e-02 1.545881e-01 2.427429e-01 2.992479e-01 2.478765e-01 2.531158e-01 1.589371e-01 1.634410e-01 1.289831e-01 8.499190e-02 -6.024902e-01 -2.945204e-02 1.441479e-02 2.134467e-02 7.263764e-03 -4.160366e-02 -5.100974e-02 -8.720682e-03 3.934629e-02 3.227654e-02 3.983941e-02 -2.631131e-02 7.651262e-03 9.032373e-03
<VARIANCE> 39
 1.514013e+01 2.594609e+01 1.133478e+01 1.088751e+01 1.348207e+01 2.118676e+01 2.203053e+01 2.664898e+01 1.812259e+01 1.538099e+01 1.295691e+01 1.170448e+01 7.268655e+01 2.715052e-01 3.732471e-01 4.846666e-01 6.574983e-01 8.933324e-01 1.027587e+00 1.223631e+00 1.402229e+00 1.399309e+00 1.264188e+00 1.203430e+00 1.129436e+00 2.713875e-01 5.323238e-02 8.595002e-02 9.943783e-02 1.336224e-01 2.007549e-01 2.431472e-01 2.781140e-01 3.112007e-01 2.967052e-01 2.681204e-01 2.487801e-01 2.353601e-01 1.448015e-01
<GCONST> 8.355215e+01
<MIXTURE> 2 3.749611e-01
<MEAN> 39
 -1.259174e-03 -3.122877e+00 -9.497384e-01 -1.085589e+00 -2.293894e+00 -4.099145e+00 -3.131985e+00 -3.158020e+00 -1.325559e+00 -8.270289e-01 -8.717805e-01 7.379835e-02 8.006076e+00 -2.269213e-01 -5.637836e-01 -2.001757e-01 -2.390128e-01 -4.358115e-01 -6.465782e-01 -5.516842e-01 -5.839218e-01 -3.471921e-01 -3.333393e-01 -2.131258e-01 -1.156175e-01 1.276611e+00 6.853966e-02 -5.906472e-04 -2.785604e-02 -7.827744e-03 9.765954e-02 1.255107e-01 4.093495e-02 -3.754304e-02 -3.315174e-02 -5.440325e-02 5.453543e-02 -2.226309e-02 -7.167102e-02
<VARIANCE> 39
 2.018806e+01 2.885663e+01 1.554836e+01 1.475715e+01 1.998929e+01 2.883099e+01 2.428051e+01 2.861354e+01 1.875600e+01 1.751584e+01 1.628368e+01 1.450344e+01 8.608205e+01 1.189959e+00 1.853846e+00 1.096061e+00 1.136900e+00 2.172269e+00 2.800272e+00 2.167044e+00 2.128739e+00 1.641968e+00 1.664325e+00 1.577479e+00 1.555343e+00 7.889436e+00 1.911605e-01 2.952684e-01 1.963774e-01 2.244926e-01 4.255410e-01 5.386748e-01 4.241538e-01 4.198349e-01 3.371367e-01 3.389218e-01 3.243349e-01 3.294398e-01 1.196416e+00
<GCONST> 1.069879e+02
<STATE> 4
<NUMMIXES> 2
<MIXTURE> 1 5.722573e-01
<MEAN> 39
 6.805238e-01 1.042925e+00 1.725090e-01 9.241827e-02 4.310150e-01 1.116812e+00 7.794968e-01 8.484359e-01 3.564118e-01 3.672620e-01 2.429095e-01 -4.408148e-02 -2.390633e+00 1.054574e-01 1.991676e-01 1.015753e-01 1.415608e-01 2.179545e-01 3.073203e-01 2.994752e-01 2.963856e-01 2.497060e-01 2.394037e-01 1.772826e-01 8.914002e-02 -2.261280e-01 -1.920806e-02 -2.225014e-04 1.943996e-02 2.074389e-02 -4.712312e-03 -1.756056e-02 1.932415e-03 1.361821e-02 1.777430e-02 7.105378e-03 -6.907510e-03 1.411165e-02 2.333435e-02
<VARIANCE> 39
 1.273955e+01 1.567181e+01 9.244790e+00 9.828812e+00 1.192729e+01 1.539360e+01 1.525673e+01 1.815771e+01 1.627891e+01 1.471304e+01 1.319355e+01 1.223017e+01 1.748607e+01 3.357480e-01 4.469374e-01 5.356552e-01 7.194037e-01 9.256821e-01 1.135142e+00 1.220154e+00 1.353001e+00 1.373987e+00 1.345860e+00 1.282665e+00 1.192870e+00 2.228509e-01 5.870066e-02 8.863147e-02 1.067470e-01 1.479636e-01 1.970285e-01 2.470946e-01 2.624688e-01 2.893201e-01 3.003113e-01 2.932964e-01 2.674040e-01 2.468474e-01 3.868761e-02
<GCONST> 7.957639e+01
<MIXTURE> 2 4.277311e-01
<MEAN> 39
 -5.142231e-01 -8.354330e-01 2.121493e-02 9.679105e-04 -4.650060e-01 -9.125472e-01 -4.518979e-01 -3.849505e-01 -3.522469e-02 -1.469244e-01 -1.558665e-01 1.020232e-01 1.344280e+00 -1.210762e-01 -2.429145e-01 -1.283353e-01 -1.948650e-01 -2.828922e-01 -3.764043e-01 -3.761837e-01 -3.679511e-01 -3.180475e-01 -3.086369e-01 -2.339193e-01 -1.278445e-01 2.376994e-01 2.640067e-02 -1.691464e-03 -2.663535e-02 -2.961406e-02 3.382293e-03 2.142201e-02 -5.136290e-03 -2.304383e-02 -2.723632e-02 -1.136483e-02 9.024271e-03 -1.862585e-02 -2.810936e-02
<VARIANCE> 39
 1.649345e+01 2.313664e+01 1.272052e+01 1.240235e+01 1.567082e+01 2.240553e+01 2.025416e+01 2.397353e+01 1.864877e+01 1.684810e+01 1.510567e+01 1.391250e+01 4.139856e+01 7.749714e-01 1.107045e+00 8.055650e-01 9.719813e-01 1.291885e+00 1.643019e+00 1.518248e+00 1.601239e+00 1.547932e+00 1.543299e+00 1.476028e+00 1.378932e+00 1.704377e+00 1.254909e-01 1.817556e-01 1.478692e-01 1.915326e-01 2.651629e-01 3.558147e-01 3.282896e-01 3.425483e-01 3.207112e-01 3.283735e-01 3.119895e-01 2.864794e-01 2.501355e-01
<GCONST> 9.496590e+01
<TRANSP> 5
 0.000000e+00 1.000000e+00 0.000000e+00 0.000000e+00 0.000000e+00
 0.000000e+00 9.937372e-01 6.262791e-03 0.000000e+00 0.000000e+00
 0.000000e+00 0.000000e+00 9.880793e-01 1.192069e-02 0.000000e+00
 0.000000e+00 0.000000e+00 0.000000e+00 9.972566e-01 2.743419e-03
 0.000000e+00 0.000000e+00 0.000000e+00 0.000000e+00 0.000000e+00
<ENDHMM>
~h "si"
<BEGINHMM>
<NUMSTATES> 5
<STATE> 2
<NUMMIXES> 2
<MIXTURE> 1 5.353666e-01
<MEAN> 39
 -2.758792e-02 3.859390e-01 2.800177e-01 3.743849e-01 2.661995e-01 1.023967e-01 1.222835e-01 -2.530933e-01 -7.827981e-02 -2.411441e-01 -2.764778e-01 6.475535e-02 -1.261502e-01 5.593386e-02 1.209201e-01 1.269709e-01 1.891932e-01 2.397140e-01 2.976367e-01 3.053247e-01 3.214627e-01 2.760241e-01 2.570417e-01 2.085540e-01 1.116639e-01 -9.730742e-02 1.036149e-03 7.989653e-03 2.022318e-02 2.592718e-02 2.151235e-02 1.681262e-02 1.762035e-02 2.412383e-02 2.854640e-02 2.312111e-02 1.840262e-02 1.200073e-02 7.492209e-03
<VARIANCE> 39
 1.255727e+01 9.742038e+00 9.529663e+00 1.171052e+01 1.459001e+01 1.549990e+01 1.575679e+01 1.823992e+01 1.599504e+01 1.519649e+01 1.456622e+01 1.320462e+01 1.363240e+01 2.153947e-01 3.228506e-01 4.655671e-01 6.633714e-01 8.695121e-01 1.036791e+00 1.196446e+00 1.253494e+00 1.303349e+00 1.317677e+00 1.282294e+00 1.139408e+00 1.218975e-01 3.654856e-02 6.282621e-02 9.553457e-02 1.390450e-01 1.878910e-01 2.222096e-01 2.560441e-01 2.679724e-01 2.755955e-01 2.779887e-01 2.686167e-01 2.351631e-01 1.845025e-02
<GCONST> 7.534556e+01
<MIXTURE> 2 4.646324e-01
<MEAN> 39
 -5.895369e-01 -3.397290e-01 2.529115e-01 2.402296e-01 -1.997316e-01 -6.460046e-01 -4.328160e-01 -8.025376e-01 8.781008e-03 -2.156095e-01 -2.921228e-01 2.083837e-01 1.483889e+00 -7.584646e-02 -1.486004e-01 -1.670116e-01 -2.495756e-01 -3.001237e-01 -3.396674e-01 -3.313280e-01 -3.343411e-01 -3.011755e-01 -2.649863e-01 -2.219768e-01 -1.303388e-01 6.435878e-02 1.707899e-03 -6.835550e-03 -2.340329e-02 -2.928771e-02 -2.253816e-02 -1.447189e-02 -1.800304e-02 -2.541331e-02 -3.158205e-02 -2.416872e-02 -1.795027e-02 -1.329225e-02 -1.175734e-02
<VARIANCE> 39
 1.595888e+01 1.525252e+01 1.259754e+01 1.362694e+01 1.830475e+01 1.967269e+01 1.934374e+01 2.169049e+01 1.806541e+01 1.774582e+01 1.635676e+01 1.459227e+01 2.188146e+01 4.714566e-01 6.598764e-01 6.637837e-01 8.595074e-01 1.081291e+00 1.300178e+00 1.373268e+00 1.451679e+00 1.432749e+00 1.444380e+00 1.406051e+00 1.262364e+00 5.316309e-01 7.355473e-02 1.140592e-01 1.245484e-01 1.722690e-01 2.210500e-01 2.776345e-01 2.956894e-01 3.065813e-01 3.019759e-01 3.030474e-01 2.894565e-01 2.510377e-01 7.734218e-02
<GCONST> 8.715830e+01
<STATE> 3
<NUMMIXES> 2
<MIXTURE> 1 4.998955e-01
<MEAN> 39
 5.732643e-01 1.303328e-01 -1.736133e-01 -2.425343e-01 4.946755e-02 3.783914e-01 2.477581e-02 4.325343e-01 -1.055873e-01 4.387743e-02 1.229431e-01 -2.274230e-01 -1.075090e+00 7.524706e-02 1.489902e-01 1.951367e-01 2.480160e-01 2.919386e-01 3.155998e-01 3.259075e-01 3.354242e-01 3.241575e-01 2.965527e-01 2.410146e-01 1.457350e-01 1.682931e-02 1.413673e-02 2.132297e-02 2.831754e-02 3.057323e-02 3.100389e-02 3.024482e-02 2.907075e-02 2.941663e-02 3.069171e-02 2.486991e-02 1.843703e-02 1.064782e-02 1.041165e-02
<VARIANCE> 39
 3.930752e+00 4.314884e+00 6.243214e+00 8.019131e+00 1.141494e+01 1.244386e+01 1.341446e+01 1.488348e+01 1.435754e+01 1.440477e+01 1.351486e+01 1.214177e+01 2.647083e+00 1.372119e-01 2.515774e-01 4.190736e-01 6.081228e-01 8.337452e-01 9.950668e-01 1.127967e+00 1.258988e+00 1.284084e+00 1.326493e+00 1.253181e+00 1.125451e+00 5.102947e-02 2.555793e-02 5.258046e-02 9.061591e-02 1.341314e-01 1.846156e-01 2.213811e-01 2.516491e-01 2.791571e-01 2.827967e-01 2.916951e-01 2.698541e-01 2.345524e-01 8.334193e-03
<GCONST> 6.649391e+01
<MIXTURE> 2 5.000865e-01
<MEAN> 39
 7.494845e-01 2.486388e-01 9.785780e-03 -1.076676e-01 1.199877e-01 4.729410e-01 1.069439e-01 5.339755e-01 6.297501e-02 1.682262e-01 1.507079e-01 -2.445518e-01 -9.151356e-01 -7.681101e-02 -1.420859e-01 -2.089860e-01 -2.567883e-01 -2.957655e-01 -3.108448e-01 -3.236992e-01 -3.199659e-01 -3.216464e-01 -2.931008e-01 -2.349167e-01 -1.444234e-01 -3.708433e-02 -1.812998e-02 -2.274264e-02 -2.820159e-02 -3.030102e-02 -3.277201e-02 -3.499560e-02 -3.224165e-02 -3.367307e-02 -3.178095e-02 -2.635089e-02 -2.050520e-02 -9.697581e-03 -5.508301e-03
<VARIANCE> 39
 4.100276e+00 4.542972e+00 6.352670e+00 8.176888e+00 1.154729e+01 1.276616e+01 1.348621e+01 1.498186e+01 1.462151e+01 1.460706e+01 1.383735e+01 1.220313e+01 2.820697e+00 1.383563e-01 2.628288e-01 4.265690e-01 6.131240e-01 8.406318e-01 1.009659e+00 1.153815e+00 1.264476e+00 1.293753e+00 1.343276e+00 1.274430e+00 1.122519e+00 5.367384e-02 2.583452e-02 5.420357e-02 9.125041e-02 1.341197e-01 1.853104e-01 2.225069e-01 2.518847e-01 2.786766e-01 2.852769e-01 2.923587e-01 2.721584e-01 2.323143e-01 8.984855e-03
<GCONST> 6.715160e+01
<STATE> 4
<NUMMIXES> 2
<MIXTURE> 1 5.654538e-01
<MEAN> 39
 -1.127969e+00 -1.466539e-01 -3.174921e-02 1.180790e-01 -6.998335e-02 -4.682885e-01 1.672904e-01 -4.346110e-01 1.888298e-01 1.483437e-02 2.431760e-02 4.272216e-01 9.760530e-01 9.026236e-02 1.498495e-01 1.320048e-01 1.877302e-01 2.336429e-01 2.969413e-01 2.738278e-01 2.912577e-01 2.464251e-01 2.220738e-01 1.856001e-01 1.011134e-01 -1.260151e-01 -2.771395e-03 8.485463e-03 2.093810e-02 2.543851e-02 1.988077e-02 2.049441e-02 2.150936e-02 2.735192e-02 2.288017e-02 2.707686e-02 1.426787e-02 7.484421e-03 5.030876e-03
<VARIANCE> 39
 1.427422e+01 1.297373e+01 9.555258e+00 1.246861e+01 1.535163e+01 1.671696e+01 1.764036e+01 2.086501e+01 1.791290e+01 1.624865e+01 1.560744e+01 1.486081e+01 1.958089e+01 2.828210e-01 3.708085e-01 5.151523e-01 7.111182e-01 9.122088e-01 1.104950e+00 1.271672e+00 1.360947e+00 1.389006e+00 1.393004e+00 1.305792e+00 1.210013e+00 2.020504e-01 4.886940e-02 7.430249e-02 1.031558e-01 1.491981e-01 1.934030e-01 2.366045e-01 2.728654e-01 2.970536e-01 2.983519e-01 2.914719e-01 2.737842e-01 2.482408e-01 3.516901e-02
<GCONST> 8.017699e+01
<MIXTURE> 2 4.345428e-01
<MEAN> 39
 -1.863392e+00 -1.163642e+00 -2.510969e-01 1.128799e-02 -5.995038e-01 -1.353459e+00 -2.242523e-01 -9.634869e-01 4.880568e-03 3.231924e-03 -3.920721e-02 5.460097e-01 3.171137e+00 -1.606540e-01 -2.029676e-01 -1.596411e-01 -2.360012e-01 -3.140790e-01 -4.192232e-01 -3.722559e-01 -4.217275e-01 -3.122755e-01 -2.842720e-01 -2.334413e-01 -1.095359e-01 2.748377e-01 9.751656e-03 -1.042068e-02 -2.493647e-02 -3.260630e-02 -2.381172e-02 -2.124542e-02 -2.526237e-02 -3.276641e-02 -2.879543e-02 -3.552781e-02 -1.782194e-02 -1.300604e-02 -7.021850e-03
<VARIANCE> 39
 2.124814e+01 2.355882e+01 1.413173e+01 1.529590e+01 1.972537e+01 2.221436e+01 2.146266e+01 2.497297e+01 2.086921e+01 1.846719e+01 1.743248e+01 1.631796e+01 3.946161e+01 8.759019e-01 9.773428e-01 8.138992e-01 1.026317e+00 1.290111e+00 1.502998e+00 1.563698e+00 1.705980e+00 1.677486e+00 1.593727e+00 1.516230e+00 1.369932e+00 1.434291e+00 1.342048e-01 1.597282e-01 1.462321e-01 1.966636e-01 2.544437e-01 3.178602e-01 3.225120e-01 3.503478e-01 3.380054e-01 3.273655e-01 3.034160e-01 2.698679e-01 2.101657e-01
<GCONST> 9.594855e+01
<TRANSP> 5
 0.000000e+00 1.000000e+00 0.000000e+00 0.000000e+00 0.000000e+00
 0.000000e+00 9.860709e-01 1.392912e-02 0.000000e+00 0.000000e+00
 0.000000e+00 0.000000e+00 9.933414e-01 6.658565e-03 0.000000e+00
 0.000000e+00 0.000000e+00 0.000000e+00 9.815840e-01 1.841602e-02
 0.000000e+00 0.000000e+00 0.000000e+00 0.000000e+00 0.000000e+00
<ENDHMM>
~h "st"
<BEGINHMM>
<NUMSTATES> 5
<STATE> 2
<NUMMIXES> 2
<MIXTURE> 1 5.245232e-01
<MEAN> 39
 -9.324736e-01 -2.469546e+00 7.026966e-01 -2.062731e+00 -1.049706e+00 -3.378226e+00 -1.913549e+00 1.123716e-01 1.235795e-01 -3.271733e-01 -6.927422e-02 -3.021939e-01 5.855920e+00 1.312924e-01 -1.002038e-01 3.138169e-01 5.227476e-02 1.643501e-01 2.802351e-01 4.913147e-01 3.094009e-01 2.986420e-01 2.119377e-01 1.843852e-01 1.687423e-01 -9.986446e-02 3.947510e-02 1.843991e-01 -2.109709e-02 1.399975e-01 1.334493e-01 1.842286e-01 1.203230e-01 3.139171e-02 2.310988e-02 -3.595905e-02 -1.584865e-02 -9.041038e-03 -3.396856e-01
<VARIANCE> 39
 1.858056e+01 2.244292e+01 1.329642e+01 2.493517e+01 2.483460e+01 3.300098e+01 2.138965e+01 2.225596e+01 2.052701e+01 2.263888e+01 2.008574e+01 1.514045e+01 8.671669e+01 4.978271e-01 6.722314e-01 9.529203e-01 1.156794e+00 1.442235e+00 1.635493e+00 1.556760e+00 1.834875e+00 1.637735e+00 1.994493e+00 1.801149e+00 1.552679e+00 1.333673e+00 1.337563e-01 1.997110e-01 1.512907e-01 2.621020e-01 3.218260e-01 4.145310e-01 3.390238e-01 3.892498e-01 3.258279e-01 3.871406e-01 3.395566e-01 2.871595e-01 5.413038e-01
<GCONST> 1.002186e+02
<MIXTURE> 2 4.754773e-01
<MEAN> 39
 -9.961535e-01 -8.506963e-01 9.674043e-02 -1.048717e+00 -6.043857e-01 -1.782457e+00 -1.032956e+00 4.290220e-01 5.341160e-01 -4.565179e-01 -7.602479e-02 -4.334905e-01 3.691700e+00 -4.281608e-01 -8.832603e-01 9.324577e-02 -9.590571e-01 -8.127563e-01 -1.374498e+00 -8.461765e-01 -3.187919e-01 -1.455656e-01 -3.348951e-01 -2.216883e-01 -1.423583e-01 2.362131e+00 1.099112e-01 -2.496408e-02 2.810551e-02 2.964072e-02 4.351278e-02 8.843222e-02 7.920109e-02 9.132320e-04 -1.728244e-02 8.728413e-02 1.053545e-03 4.880000e-02 -1.077586e-01
<VARIANCE> 39
 1.886249e+01 2.164533e+01 1.578978e+01 2.317323e+01 2.385222e+01 3.466688e+01 2.653064e+01 2.383941e+01 1.970858e+01 1.870025e+01 2.034482e+01 1.601709e+01 7.834074e+01 2.005428e+00 2.049838e+00 1.490946e+00 2.170862e+00 2.590054e+00 3.171402e+00 2.456028e+00 2.735579e+00 2.034547e+00 2.241603e+00 2.315578e+00 1.818176e+00 5.828269e+00 2.202910e-01 2.687532e-01 2.698714e-01 3.584098e-01 4.150478e-01 5.471296e-01 4.801977e-01 5.164561e-01 3.400944e-01 3.826676e-01 4.079961e-01 3.089230e-01 9.656391e-01
<GCONST> 1.119479e+02
<STATE> 3
<NUMMIXES> 2
<MIXTURE> 1 5.825135e-01
<MEAN> 39
 3.954884e-01 1.118016e-01 -1.009890e-01 3.410872e-01 3.071812e-01 2.508295e-01 1.167337e-01 -1.817363e-02 -4.568411e-02 8.973563e-02 3.490889e-02 7.601672e-02 -8.788744e-01 8.688975e-02 1.447819e-01 5.847948e-02 2.490099e-01 2.736497e-01 3.511789e-01 3.204715e-01 2.775831e-01 2.522622e-01 2.665040e-01 2.096140e-01 1.273418e-01 -3.878117e-01 3.201592e-03 9.932442e-03 1.347694e-02 2.688597e-02 1.838340e-02 2.343073e-02 2.017052e-02 1.587730e-02 7.421771e-03 1.082434e-04 1.876134e-03 -4.131344e-03 -1.464375e-02
<VARIANCE> 39
 1.333815e+01 1.346157e+01 1.104743e+01 1.780972e+01 1.637920e+01 1.980298e+01 1.659890e+01 1.739758e+01 1.720184e+01 1.642400e+01 1.440423e+01 1.333162e+01 3.508878e+01 2.845218e-01 3.592811e-01 5.524628e-01 7.254622e-01 8.919884e-01 1.073703e+00 1.225619e+00 1.335892e+00 1.329253e+00 1.323305e+00 1.362030e+00 1.227834e+00 2.684760e-01 5.546924e-02 7.975608e-02 1.119555e-01 1.689520e-01 2.045606e-01 2.478236e-01 2.721369e-01 2.943616e-01 2.868355e-01 2.927473e-01 2.938447e-01 2.603513e-01 9.326688e-02
<GCONST> 8.276052e+01
<MIXTURE> 2 4.174854e-01
<MEAN> 39
 -3.208283e-01 -1.711000e-01 2.136840e-01 -5.324543e-01 -4.295355e-01 -4.228829e-01 -2.761104e-01 -7.945630e-02 3.363163e-03 -1.322790e-01 -5.730119e-02 -1.339135e-01 1.333011e+00 -1.321766e-01 -1.844624e-01 -6.956651e-02 -3.514603e-01 -3.839175e-01 -4.725593e-01 -4.395659e-01 -3.878205e-01 -3.576163e-01 -3.774981e-01 -3.002613e-01 -1.743083e-01 4.975309e-01 -4.089118e-03 -1.226246e-02 -2.320153e-02 -3.393036e-02 -2.608382e-02 -3.328433e-02 -3.051131e-02 -2.342022e-02 -1.304907e-02 -3.995007e-04 -2.679132e-03 4.855573e-03 1.662853e-02
<VARIANCE> 39
 1.579718e+01 1.660695e+01 1.361387e+01 2.179250e+01 2.126134e+01 2.486274e+01 2.046058e+01 1.988943e+01 1.963146e+01 1.908209e+01 1.646321e+01 1.481222e+01 5.256884e+01 1.020109e+00 1.060608e+00 9.606488e-01 1.651909e+00 1.729684e+00 1.868980e+00 1.691348e+00 1.697991e+00 1.726585e+00 1.728640e+00 1.615548e+00 1.443798e+00 3.372736e+00 1.492178e-01 1.577443e-01 1.727359e-01 2.929992e-01 3.371936e-01 3.854435e-01 3.730587e-01 3.689448e-01 3.722118e-01 3.732933e-01 3.505245e-01 2.962403e-01 4.555869e-01
<GCONST> 1.007470e+02
<STATE> 4
<NUMMIXES> 2
<MIXTURE> 1 5.469688e-01
<MEAN> 39
 -6.817672e-02 2.753498e-01 -1.002952e-01 5.721182e-01 4.544872e-01 6.580050e-01 4.578586e-01 1.035424e-01 1.676603e-02 1.120713e-01 1.378108e-01 2.004376e-01 -1.020709e+00 4.916300e-02 1.466200e-01 1.067745e-01 2.539500e-01 3.002059e-01 3.714524e-01 3.135522e-01 2.680923e-01 2.585082e-01 2.732144e-01 2.182262e-01 1.251389e-01 -1.969527e-01 2.260803e-03 4.897289e-03 1.581059e-02 8.021303e-03 5.734340e-03 3.262974e-03 1.091794e-02 2.235928e-02 2.135096e-02 1.478936e-02 3.691355e-03 -5.946275e-03 1.295676e-02
<VARIANCE> 39
 6.250956e+00 6.300580e+00 7.630423e+00 1.140743e+01 1.320678e+01 1.573276e+01 1.501356e+01 1.565846e+01 1.507785e+01 1.482517e+01 1.343581e+01 1.220790e+01 9.145872e+00 2.213515e-01 3.131410e-01 4.873292e-01 6.950560e-01 8.813146e-01 1.060409e+00 1.185322e+00 1.316665e+00 1.344181e+00 1.372754e+00 1.302041e+00 1.163789e+00 1.439487e-01 3.758823e-02 6.121125e-02 9.803104e-02 1.436337e-01 1.940000e-01 2.363080e-01 2.577770e-01 2.818877e-01 2.946475e-01 3.054859e-01 2.795973e-01 2.461600e-01 2.263195e-02
<GCONST> 7.413767e+01
<MIXTURE> 2 4.530291e-01
<MEAN> 39
 -2.310271e-02 -9.142715e-02 -7.466191e-03 -4.237207e-01 -4.364930e-01 -3.729144e-01 -2.398987e-01 -5.408388e-02 -1.604125e-03 -7.654674e-02 -1.480831e-01 -1.654531e-01 4.834816e-01 -4.081272e-02 -1.304084e-01 -1.627845e-01 -2.452538e-01 -3.126162e-01 -3.612880e-01 -3.408372e-01 -3.306887e-01 -3.198613e-01 -3.209851e-01 -2.594581e-01 -1.440036e-01 1.095551e-01 -4.112829e-03 -9.757993e-03 -1.999461e-02 -1.708658e-02 -1.299086e-02 -6.336083e-03 -1.652437e-02 -2.442593e-02 -2.193402e-02 -1.393926e-02 -1.859230e-03 8.290777e-03 -6.383406e-03
<VARIANCE> 39
 8.795891e+00 9.674137e+00 9.938679e+00 1.583358e+01 1.686847e+01 2.056277e+01 1.833654e+01 1.833356e+01 1.628258e+01 1.535158e+01 1.425405e+01 1.281240e+01 1.663533e+01 5.043187e-01 6.693797e-01 7.190029e-01 1.136853e+00 1.249574e+00 1.489450e+00 1.466878e+00 1.537789e+00 1.536134e+00 1.442070e+00 1.362686e+00 1.290246e+00 8.051301e-01 8.163750e-02 1.181062e-01 1.384329e-01 2.171816e-01 2.550879e-01 3.109650e-01 3.097720e-01 3.253725e-01 3.230422e-01 3.057168e-01 2.858922e-01 2.601134e-01 1.131833e-01
<GCONST> 8.760880e+01
<TRANSP> 5
 0.000000e+00 1.000000e+00 0.000000e+00 0.000000e+00 0.000000e+00
 0.000000e+00 8.507501e-01 1.492499e-01 0.000000e+00 0.000000e+00
 0.000000e+00 0.000000e+00 9.918056e-01 8.194382e-03 0.000000e+00
 0.000000e+00 0.000000e+00 0.000000e+00 9.910197e-01 8.980246e-03
 0.000000e+00 0.000000e+00 0.000000e+00 0.000000e+00 0.000000e+00
<ENDHMM>
~h "spe"
<BEGINHMM>
<NUMSTATES> 5
<STATE> 2
<NUMMIXES> 2
<MIXTURE> 1 4.956376e-01
<MEAN> 39
 -1.871916e+00 1.902627e+00 8.637557e-01 1.271315e+00 9.258618e-01 8.886784e-01 2.316388e+00 6.829726e-01 -5.657971e-01 6.564372e-01 1.696220e+00 8.373618e-01 -2.691710e-01 -7.226760e-02 -5.638009e-02 1.821919e-01 5.095691e-02 3.963130e-02 1.515263e-01 1.354692e-01 1.544642e-01 2.829643e-01 2.351870e-01 1.645805e-01 6.240462e-02 3.589390e-02 3.586038e-02 -2.533626e-02 -1.295298e-02 1.531088e-02 4.627388e-04 1.037822e-02 -4.822183e-02 1.340479e-02 4.523602e-02 1.908464e-02 -3.786052e-02 -1.206146e-02 7.050526e-04
<VARIANCE> 39
 3.456981e+01 2.282099e+01 6.479787e+01 8.213967e+01 4.542638e+01 5.713449e+01 3.876179e+01 3.567239e+01 2.859890e+01 2.461631e+01 2.789653e+01 2.426468e+01 4.678850e+01 5.756658e-01 8.908157e-01 1.306987e+00 1.654522e+00 1.841632e+00 1.888719e+00 1.772225e+00 2.166127e+00 1.890119e+00 1.624066e+00 1.724705e+00 1.530588e+00 4.998768e-01 9.644509e-02 1.294993e-01 1.980250e-01 2.500484e-01 3.283731e-01 3.684369e-01 3.513678e-01 3.607596e-01 3.322792e-01 2.835664e-01 3.186359e-01 2.914519e-01 5.953866e-02
<GCONST> 1.039091e+02
<MIXTURE> 2 5.043609e-01
<MEAN> 39
 1.369595e+00 -1.413023e+00 -3.077114e-01 -3.073213e+00 -1.304959e+00 -8.670857e-01 -2.095642e+00 -5.733283e-02 3.206389e-01 -1.506985e-01 -1.468322e+00 -8.569484e-01 1.604316e+00 1.518447e-01 -2.141230e-01 -4.975895e-03 -2.511688e-01 -2.024588e-01 -2.638858e-01 -2.931741e-01 -1.175542e-01 -2.118710e-01 -8.803546e-02 -2.077821e-01 -1.323935e-01 3.677648e-01 -4.756436e-02 6.562796e-03 1.337810e-02 1.767444e-02 -7.414347e-04 -1.649272e-02 4.434728e-02 -3.198110e-02 -5.236780e-02 -2.874690e-02 1.564787e-02 2.652902e-02 -1.288338e-02
<VARIANCE> 39
 2.115050e+01 3.767187e+01 6.334855e+01 4.604231e+01 4.148646e+01 4.750496e+01 4.587004e+01 6.684063e+01 4.425509e+01 4.128664e+01 3.372671e+01 3.196753e+01 1.506243e+01 1.075730e+00 1.708211e+00 1.916422e+00 2.339083e+00 2.766362e+00 2.565047e+00 2.849488e+00 3.364368e+00 3.443324e+00 2.741843e+00 2.673770e+00 2.288948e+00 7.712886e-01 1.226801e-01 2.314450e-01 2.480831e-01 3.774803e-01 3.962094e-01 4.553640e-01 4.421718e-01 5.944735e-01 6.029883e-01 5.208992e-01 4.964156e-01 4.364859e-01 8.220709e-02
<GCONST> 1.151172e+02
<STATE> 3
<NUMMIXES> 2
<MIXTURE> 1 5.096678e-01
<MEAN> 39
 -9.856220e-02 -2.424593e-01 7.902237e-01 -1.184398e+00 -1.092388e+00 -1.486413e+00 -1.995769e+00 -1.134216e+00 -1.197659e+00 -4.528133e-01 1.294962e-01 -2.060549e-01 2.382648e+00 -5.534194e-02 7.026861e-02 3.744828e-02 9.483276e-02 1.605266e-01 2.114237e-01 3.098087e-01 3.095427e-01 3.022985e-01 2.717547e-01 2.174709e-01 1.329517e-01 5.531620e-03 2.718602e-02 3.042775e-02 2.792199e-02 6.411152e-02 8.903825e-02 8.994345e-02 7.349839e-02 5.934532e-02 3.421645e-02 -6.863175e-03 -1.537315e-02 -6.889978e-03 -1.967436e-03
<VARIANCE> 39
 2.133904e+01 3.319892e+01 4.616719e+01 3.109776e+01 5.361351e+01 4.137540e+01 2.421210e+01 3.819593e+01 2.603499e+01 2.971047e+01 3.021887e+01 2.680031e+01 1.102647e+01 6.659199e-01 9.798152e-01 1.155365e+00 1.338332e+00 1.758035e+00 1.781892e+00 1.478999e+00 1.981653e+00 1.781518e+00 1.820542e+00 1.653716e+00 1.733750e+00 2.427125e-01 8.827990e-02 1.363886e-01 1.668285e-01 2.025897e-01 3.235641e-01 3.115168e-01 2.976671e-01 3.803300e-01 3.570663e-01 3.825309e-01 3.151374e-01 3.119526e-01 3.167175e-02
<GCONST> 9.878916e+01
<MIXTURE> 2 4.903283e-01
<MEAN> 39
 1.104663e+00 -1.181033e+00 1.593631e+00 -1.044907e+00 -5.759672e-01 5.069998e-02 -2.325840e+00 -9.203170e-01 -1.635774e+00 -1.100154e+00 -1.133308e+00 -1.552617e+00 3.047826e+00 -2.190753e-03 3.423544e-02 -8.497972e-02 7.782225e-03 -1.083298e-01 -2.558876e-01 -3.075549e-01 -3.818151e-01 -3.725824e-01 -3.428714e-01 -2.474710e-01 -1.395969e-01 -8.767089e-02 -3.024237e-02 -1.570608e-02 -4.284359e-02 -6.093933e-02 -8.191732e-02 -8.408011e-02 -5.110775e-02 -4.961839e-02 -2.476847e-02 1.548207e-02 2.304044e-02 6.193062e-03 -1.591389e-02
<VARIANCE> 39
 1.554763e+01 3.115735e+01 5.561497e+01 2.813020e+01 5.624636e+01 4.183746e+01 2.561718e+01 3.972807e+01 3.018127e+01 2.876256e+01 3.285080e+01 2.974690e+01 1.173358e+01 5.192276e-01 9.104853e-01 1.051374e+00 1.099703e+00 2.010774e+00 1.627459e+00 1.471379e+00 1.858250e+00 1.653902e+00 1.733066e+00 1.593750e+00 1.545959e+00 2.389528e-01 5.858054e-02 1.144587e-01 1.507091e-01 1.961740e-01 2.882246e-01 3.032062e-01 2.953613e-01 3.564510e-01 3.504348e-01 3.456981e-01 3.157215e-01 2.795590e-01 2.484806e-02
<GCONST> 9.668066e+01
<STATE> 4
<NUMMIXES> 2
<MIXTURE> 1 5.051302e-01
<MEAN> 39
 -9.430863e-01 9.507880e-01 -1.170940e+00 1.078651e+00 8.029498e-01 3.556933e-01 1.744085e+00 2.233717e-01 4.580002e-01 5.106494e-01 7.302411e-01 1.191463e+00 -2.177777e+00 4.610932e-03 6.742809e-02 8.514507e-02 1.444042e-01 1.330103e-01 2.236637e-01 2.890087e-01 2.645612e-01 3.058612e-01 2.876792e-01 2.587864e-01 1.814179e-01 -3.207430e-02 2.269515e-02 7.799023e-03 4.018388e-02 3.104459e-02 4.864577e-02 5.177575e-02 2.506334e-02 4.586241e-02 4.029742e-02 1.256453e-02 5.575545e-03 -1.459768e-02 1.970424e-02
<VARIANCE> 39
 1.182203e+01 1.493847e+01 2.375680e+01 1.741864e+01 3.153598e+01 2.806108e+01 2.638363e+01 2.516304e+01 2.318700e+01 2.119364e+01 2.129742e+01 1.935916e+01 1.009718e+01 3.153963e-01 5.064538e-01 7.383055e-01 8.464669e-01 1.231491e+00 1.362554e+00 1.354849e+00 1.511918e+00 1.562187e+00 1.503249e+00 1.517215e+00 1.417449e+00 1.484867e-01 4.610125e-02 8.303913e-02 1.205136e-01 1.550885e-01 2.212379e-01 2.537839e-01 2.728160e-01 3.104780e-01 3.162759e-01 3.061420e-01 3.048225e-01 2.811480e-01 1.857588e-02
<GCONST> 8.566286e+01
<MIXTURE> 2 4.948698e-01
<MEAN> 39
 7.182545e-01 -5.918601e-01 3.793616e-01 -1.539301e-01 -2.398519e-01 9.551222e-02 -4.519193e-01 3.341480e-01 4.500520e-01 -1.053497e-01 -4.652717e-01 -6.683609e-01 3.428031e-01 -4.676518e-03 -7.057272e-02 -1.106920e-01 -1.242416e-01 -1.068024e-01 -1.904329e-01 -2.636373e-01 -2.490186e-01 -2.944191e-01 -2.800327e-01 -2.488254e-01 -1.709549e-01 -1.147384e-02 -2.342413e-02 -8.479589e-03 -3.933655e-02 -3.173034e-02 -4.951986e-02 -5.074278e-02 -2.703283e-02 -4.859647e-02 -4.408814e-02 -1.306540e-02 -6.672478e-03 1.574256e-02 -1.943717e-02
<VARIANCE> 39
 1.089659e+01 2.345564e+01 3.443201e+01 2.421875e+01 4.601634e+01 3.316763e+01 3.642873e+01 3.028430e+01 2.897194e+01 2.757057e+01 3.096266e+01 2.627320e+01 1.548984e+01 3.061582e-01 6.873308e-01 8.486189e-01 1.047882e+00 1.487205e+00 1.452659e+00 1.576634e+00 1.673849e+00 1.657355e+00 1.593823e+00 1.640452e+00 1.477296e+00 2.677590e-01 4.006724e-02 9.240408e-02 1.251158e-01 1.664579e-01 2.270194e-01 2.584386e-01 2.892698e-01 3.155554e-01 3.296903e-01 3.200484e-01 3.148335e-01 2.818217e-01 2.356742e-02
<GCONST> 9.189275e+01
<TRANSP> 5
 0.000000e+00 1.000000e+00 0.000000e+00 0.000000e+00 0.000000e+00
 0.000000e+00 9.720276e-01 2.797242e-02 0.000000e+00 0.000000e+00
 0.000000e+00 0.000000e+00 9.880042e-01 1.199581e-02 0.000000e+00
 0.000000e+00 0.000000e+00 0.000000e+00 9.962779e-01 3.722134e-03
 0.000000e+00 0.000000e+00 0.000000e+00 0.000000e+00 0.000000e+00
<ENDHMM>
