~o
<STREAMINFO> 1 39
<VECSIZE> 39<NULLD><MFCC_D_A_Z_0><DIAGC>
~h "ap"
<BEGINHMM>
<NUMSTATES> 5
<STATE> 2
<MEAN> 39
 -3.870300e+00 4.068804e+00 2.219938e+00 -1.018332e+00 -3.056163e+00 6.762473e-01 -5.225156e-02 1.540991e+00 2.613785e+00 1.140190e+00 -9.102507e-01 1.532692e-01 2.002441e+00 -9.795477e-01 -1.425806e+00 -7.795432e-01 -1.852270e-01 -7.206491e-01 -9.607962e-01 -4.732714e-01 -5.977133e-01 -3.415814e-01 -3.056718e-01 -1.485857e-01 -1.709364e-01 2.862817e+00 2.174815e-01 1.509359e-01 2.796201e-02 -1.018406e-01 2.276907e-01 3.134450e-01 1.389243e-01 7.070837e-02 7.050882e-02 1.288761e-01 2.084164e-02 -9.162396e-02 -5.139073e-01
<VARIANCE> 39
 5.107837e+01 5.568555e+01 3.146077e+01 2.113804e+01 3.075693e+01 6.382324e+01 3.290934e+01 2.815070e+01 2.514047e+01 2.899090e+01 2.181476e+01 1.653432e+01 2.231924e+02 4.720099e+00 4.243968e+00 1.653628e+00 2.289615e+00 3.685754e+00 5.295254e+00 2.567157e+00 2.508928e+00 2.310462e+00 2.597831e+00 2.178186e+00 1.776404e+00 1.657076e+01 7.514423e-01 6.985342e-01 2.500931e-01 3.580266e-01 5.971200e-01 8.910184e-01 4.019368e-01 3.921409e-01 3.776225e-01 4.308242e-01 3.266319e-01 2.982864e-01 3.060953e+00
<GCONST> 1.249846e+02
<STATE> 3
<MEAN> 39
 -3.716583e+00 -2.775037e+00 -2.396463e+00 -9.996556e-01 -1.169777e+00 -1.142075e+00 -7.070341e-01 -2.084261e+00 -5.466521e-01 -7.470925e-01 -9.213365e-01 -4.199234e-01 7.396361e+00 3.147080e-01 1.250770e-01 1.939367e-01 1.462841e-01 3.635065e-01 2.686708e-01 1.818953e-01 -2.729532e-02 -3.227384e-02 -2.292820e-02 6.819165e-02 1.616625e-02 -9.003828e-01 4.236656e-03 3.642401e-02 4.778693e-02 5.636105e-02 1.035648e-02 -2.045538e-02 6.055109e-03 3.196442e-02 1.037015e-02 1.079435e-02 1.673868e-02 3.448123e-02 -2.557171e-02
<VARIANCE> 39
 1.144497e+01 2.376920e+01 2.216812e+01 1.614641e+01 2.218398e+01 2.493040e+01 1.925408e+01 2.144577e+01 1.960633e+01 2.036809e+01 1.548723e+01 1.497916e+01 5.337610e+01 9.195936e-02 1.953966e-01 3.499433e-01 5.869905e-01 8.544955e-01 1.041929e+00 1.031633e+00 1.163185e+00 1.253132e+00 1.317774e+00 1.225225e+00 1.350215e+00 6.744669e-02 1.873483e-02 4.285372e-02 7.135646e-02 1.205948e-01 1.816572e-01 2.188185e-01 2.051498e-01 2.369194e-01 2.628542e-01 2.828556e-01 2.507266e-01 2.803385e-01 3.830431e-02
<GCONST> 7.704069e+01
<STATE> 4
<MEAN> 39
 3.711875e-01 1.269480e-01 1.375570e-01 9.934939e-02 1.565027e-01 7.379445e-02 5.584944e-02 1.280493e-01 -1.410983e-02 3.320980e-02 9.095519e-02 2.919103e-02 -6.156656e-01 1.788766e-02 1.149527e-02 5.916608e-03 6.264716e-03 1.245797e-03 3.485706e-03 2.439687e-03 1.354395e-02 5.253142e-03 7.544820e-03 2.391109e-03 -2.178427e-03 -3.136341e-02 -1.264603e-03 -3.952303e-04 -1.455735e-03 -1.730680e-03 -2.131049e-03 -1.190319e-03 -1.321792e-03 -2.818984e-04 -8.951789e-04 -1.109863e-03 -1.672291e-03 -4.941544e-04 1.735727e-03
<VARIANCE> 39
 1.782963e+01 3.773083e+01 1.977256e+01 1.770458e+01 2.737820e+01 3.110460e+01 2.110339e+01 2.338587e+01 2.164761e+01 1.818859e+01 1.621796e+01 1.391938e+01 1.045100e+02 9.296026e-01 1.150599e+00 7.785997e-01 9.500875e-01 1.665482e+00 1.946997e+00 1.383569e+00 1.417163e+00 1.560926e+00 1.533758e+00 1.377661e+00 1.338321e+00 5.333333e+00 1.482800e-01 1.767679e-01 1.290202e-01 1.769957e-01 3.080573e-01 3.766672e-01 2.627809e-01 2.654107e-01 3.113663e-01 3.161443e-01 2.739821e-01 2.828075e-01 8.039115e-01
<GCONST> 1.004820e+02
<TRANSP> 5
 0.000000e+00 1.000000e+00 0.000000e+00 0.000000e+00 0.000000e+00
 0.000000e+00 8.220531e-01 1.779469e-01 0.000000e+00 0.000000e+00
 0.000000e+00 0.000000e+00 9.503711e-01 4.962884e-02 0.000000e+00
 0.000000e+00 0.000000e+00 0.000000e+00 9.961590e-01 3.841032e-03
 0.000000e+00 0.000000e+00 0.000000e+00 0.000000e+00 0.000000e+00
<ENDHMM>
~h "cl"
<BEGINHMM>
<NUMSTATES> 5
<STATE> 2
<MEAN> 39
 7.225698e+00 -1.274469e+00 -2.400547e+00 9.694105e-01 2.820232e+00 -3.778413e+00 1.717398e+00 3.536089e+00 -1.967877e+00 1.185042e+00 3.514658e+00 -3.668028e+00 -5.062291e+00 -5.173220e-01 6.267167e-02 9.473001e-02 -2.163084e-02 -2.216852e-01 2.147134e-01 -8.971689e-02 -3.211406e-01 1.755015e-01 -2.171203e-02 -2.698531e-01 1.973362e-01 4.375110e-01 -3.037187e-02 -5.487276e-03 2.568066e-02 -2.088328e-02 -2.241462e-02 3.965452e-02 -3.197969e-02 -4.242635e-02 1.519268e-02 -2.272803e-02 -3.980991e-02 2.590673e-02 1.993571e-02
<VARIANCE> 39
 4.599987e+01 1.863713e+01 1.309690e+01 1.117354e+01 2.101891e+01 3.263842e+01 2.353940e+01 3.718465e+01 3.413490e+01 2.659633e+01 3.711436e+01 3.056323e+01 2.545614e+01 3.468749e+00 9.197974e-01 8.163691e-01 9.851864e-01 1.562813e+00 2.204982e+00 1.894385e+00 2.678779e+00 2.587627e+00 2.143324e+00 2.549735e+00 2.049509e+00 2.046929e+00 4.774994e-01 1.387522e-01 1.255168e-01 1.696238e-01 2.467989e-01 3.267982e-01 3.169426e-01 4.327453e-01 4.170666e-01 4.059323e-01 4.392591e-01 3.262497e-01 2.855031e-01
<GCONST> 1.056508e+02
<STATE> 3
<MEAN> 39
 1.010663e+00 -1.227866e-01 5.876139e-01 2.774736e-01 -8.827707e-01 9.900461e-01 -8.417189e-02 -4.647987e-01 1.727895e+00 -4.232278e-02 -2.066687e-01 6.686299e-01 -1.128894e+00 -1.265444e-01 -8.369114e-03 1.102660e-03 -1.488650e-02 1.880776e-02 9.859620e-03 -2.529714e-02 3.002179e-02 -8.162240e-02 -2.180952e-02 -1.675138e-02 -3.475599e-02 1.277374e-01 3.337622e-02 -7.120387e-04 -8.981165e-03 -4.111430e-03 1.902412e-02 -1.058799e-02 7.210933e-03 2.345821e-02 -1.882617e-02 1.090318e-02 1.284018e-02 -2.136033e-02 -2.576786e-02
<VARIANCE> 39
 4.511992e+01 9.903187e+00 1.593696e+01 1.422742e+01 2.111110e+01 3.053191e+01 2.495175e+01 3.258294e+01 3.162551e+01 2.040571e+01 2.185996e+01 1.965426e+01 3.576992e+01 2.782251e+00 5.660753e-01 9.060360e-01 1.052029e+00 1.512577e+00 2.513820e+00 1.797124e+00 2.508777e+00 2.673887e+00 1.754786e+00 1.683896e+00 1.753229e+00 2.220303e+00 5.067116e-01 1.039286e-01 1.585363e-01 2.049494e-01 2.926171e-01 4.955779e-01 3.476993e-01 4.734862e-01 5.310400e-01 3.459491e-01 3.335327e-01 3.499188e-01 4.026244e-01
<GCONST> 1.042985e+02
<STATE> 4
<MEAN> 39
 -5.368661e-01 8.679307e-02 4.687098e-02 -9.223107e-02 -2.766585e-02 6.449601e-02 -8.140939e-02 -1.261130e-01 -1.390336e-01 -5.841773e-02 -1.617061e-01 1.042620e-01 4.360534e-01 6.799140e-02 -4.500145e-03 -2.967742e-03 -2.628339e-03 6.472582e-03 -1.362246e-02 -1.735737e-03 1.028061e-03 3.849558e-03 -1.812989e-03 1.660073e-02 -2.910213e-03 -5.606112e-02 7.687911e-04 -4.216057e-05 -9.603712e-04 1.395795e-03 -1.315930e-04 -4.341452e-03 -2.740265e-04 1.096611e-03 -2.125169e-04 7.616106e-04 1.718498e-03 1.380627e-04 -6.918012e-04
<VARIANCE> 39
 3.750945e+01 8.251492e+00 1.321289e+01 1.155976e+01 1.593998e+01 2.722465e+01 2.142645e+01 2.612200e+01 2.569923e+01 2.045539e+01 1.952269e+01 1.907478e+01 2.413850e+01 1.313762e+00 5.052848e-01 8.888125e-01 9.275374e-01 1.243693e+00 1.981838e+00 1.729833e+00 2.094908e+00 2.162630e+00 1.784524e+00 1.604370e+00 1.719944e+00 1.005944e+00 2.406760e-01 9.336526e-02 1.731963e-01 1.855262e-01 2.367958e-01 3.806276e-01 3.364650e-01 3.981611e-01 4.274890e-01 3.560491e-01 3.196826e-01 3.378923e-01 1.866212e-01
<GCONST> 9.673128e+01
<TRANSP> 5
 0.000000e+00 1.000000e+00 0.000000e+00 0.000000e+00 0.000000e+00
 0.000000e+00 9.271864e-01 7.281362e-02 0.000000e+00 0.000000e+00
 0.000000e+00 0.000000e+00 9.721926e-01 2.780744e-02 0.000000e+00
 0.000000e+00 0.000000e+00 0.000000e+00 9.960402e-01 3.959779e-03
 0.000000e+00 0.000000e+00 0.000000e+00 0.000000e+00 0.000000e+00
<ENDHMM>
~h "cm"
<BEGINHMM>
<NUMSTATES> 5
<STATE> 2
<MEAN> 39
 -2.837303e+00 4.469700e-01 7.703356e-01 -9.604697e-02 3.619343e-01 7.654274e-01 1.430552e+00 2.081700e+00 1.661523e+00 1.169663e+00 1.473959e+00 7.127763e-01 -6.101712e+00 5.817445e-02 -2.159870e-02 -5.609000e-02 -1.441680e-01 -9.347255e-02 -1.190619e-01 -1.201228e-01 -1.048035e-01 -6.645934e-02 -3.860857e-02 -8.945248e-02 1.923450e-03 5.342544e-01 2.877365e-02 1.542407e-03 -2.007805e-02 -9.072769e-03 -1.836052e-02 -7.615341e-03 -9.041151e-03 -2.178482e-02 -2.645895e-02 -3.045347e-04 -1.147906e-04 -1.083322e-02 2.600606e-02
<VARIANCE> 39
 1.517700e+01 1.515595e+01 1.182523e+01 1.636839e+01 1.465655e+01 1.607438e+01 1.685637e+01 1.788339e+01 1.724147e+01 1.677053e+01 1.820774e+01 1.501248e+01 3.515961e+01 6.530285e-01 7.556396e-01 8.473503e-01 1.107453e+00 1.230589e+00 1.494591e+00 1.566724e+00 1.728351e+00 1.659416e+00 1.572545e+00 1.575928e+00 1.436884e+00 1.198736e+00 8.582407e-02 1.174924e-01 1.480169e-01 1.820362e-01 2.175498e-01 2.646220e-01 2.861553e-01 3.110737e-01 3.018609e-01 2.950088e-01 2.791703e-01 2.592365e-01 1.440136e-01
<GCONST> 9.071574e+01
<STATE> 3
<MEAN> 39
 -1.876852e+00 -6.687331e-01 -8.008180e-01 -1.270562e+00 -7.368892e-01 -2.014326e-02 -5.013121e-02 6.502838e-01 4.698481e-01 9.022965e-01 8.352147e-01 5.823165e-01 4.215991e-01 7.484613e-02 -5.552392e-02 -2.029847e-02 7.192932e-05 -6.985146e-03 -2.506149e-02 -4.214137e-02 -4.079143e-02 -4.570615e-02 -4.743018e-02 -6.055121e-02 -3.694519e-02 2.940907e-01 -1.330264e-03 3.455292e-03 1.550696e-02 2.241082e-02 2.162225e-02 1.606519e-02 1.332838e-02 3.582824e-03 -5.765236e-04 -1.062649e-02 -1.585402e-03 -3.981160e-03 -2.327170e-02
<VARIANCE> 39
 1.214375e+01 9.978395e+00 1.034318e+01 1.239693e+01 1.417870e+01 1.572018e+01 1.566441e+01 1.756446e+01 1.728304e+01 1.543008e+01 1.588471e+01 1.272835e+01 2.635705e+01 3.305952e-01 4.831996e-01 6.128752e-01 8.796666e-01 1.117828e+00 1.367642e+00 1.446277e+00 1.481334e+00 1.556128e+00 1.473378e+00 1.356089e+00 1.243999e+00 5.241632e-01 4.642024e-02 8.105439e-02 1.110078e-01 1.684871e-01 2.238661e-01 2.808792e-01 2.940894e-01 2.967609e-01 3.177165e-01 2.998938e-01 2.683987e-01 2.506225e-01 6.620856e-02
<GCONST> 8.342841e+01
<STATE> 4
<MEAN> 39
 1.029074e+00 1.487816e-01 1.430386e-01 4.239490e-01 1.834642e-01 -1.078975e-01 -1.976305e-01 -5.207379e-01 -3.997765e-01 -4.656782e-01 -4.895313e-01 -2.942461e-01 7.759714e-01 4.420562e-02 3.866205e-02 4.037683e-02 6.125322e-02 4.680358e-02 3.159051e-02 3.199264e-02 -8.841055e-03 3.203453e-03 1.022003e-03 9.603187e-03 3.506656e-03 -1.990108e-01 -2.582775e-03 -4.467794e-04 -1.767614e-03 -3.315766e-03 -2.468268e-03 -4.353449e-04 7.208776e-04 3.106048e-03 3.690229e-03 2.208328e-03 1.639118e-03 2.989268e-03 -7.095441e-03
<VARIANCE> 39
 9.075607e+00 7.508657e+00 7.559021e+00 1.063272e+01 1.120827e+01 1.219934e+01 1.349521e+01 1.421332e+01 1.388887e+01 1.314014e+01 1.338237e+01 1.165066e+01 3.797503e+01 2.011074e-01 3.052154e-01 4.603192e-01 6.832426e-01 8.685616e-01 1.043799e+00 1.174916e+00 1.254113e+00 1.321439e+00 1.309090e+00 1.279321e+00 1.155537e+00 2.717618e-01 3.090600e-02 5.447706e-02 8.765474e-02 1.316638e-01 1.696721e-01 2.068843e-01 2.323486e-01 2.490455e-01 2.649580e-01 2.683432e-01 2.584435e-01 2.332217e-01 2.495730e-02
<GCONST> 7.414051e+01
<TRANSP> 5
 0.000000e+00 1.000000e+00 0.000000e+00 0.000000e+00 0.000000e+00
 0.000000e+00 9.176548e-01 8.234520e-02 0.000000e+00 0.000000e+00
 0.000000e+00 0.000000e+00 9.618263e-01 3.817375e-02 0.000000e+00
 0.000000e+00 0.000000e+00 0.000000e+00 9.876937e-01 1.230625e-02
 0.000000e+00 0.000000e+00 0.000000e+00 0.000000e+00 0.000000e+00
<ENDHMM>
~h "co"
<BEGINHMM>
<NUMSTATES> 5
<STATE> 2
<MEAN> 39
 -8.877741e-01 -3.772886e-01 -5.348110e-01 -8.423112e-02 -5.936657e+00 1.896870e-01 1.438530e+00 4.969755e+00 5.115374e+00 2.432109e+00 3.405535e-01 1.593632e+00 -1.880629e+00 -4.918610e-01 -9.428789e-02 2.472352e-01 -3.553188e-01 -5.919490e-01 -8.091402e-01 -2.625143e-01 -6.227169e-01 -8.113894e-01 -8.619503e-01 -4.125569e-01 -2.945600e-01 2.152256e+00 -6.557859e-02 6.351192e-02 -7.316303e-04 2.347529e-02 3.125730e-01 1.802207e-01 1.709173e-01 2.558683e-02 -1.024564e-01 4.095421e-02 1.453261e-01 5.349806e-02 -7.442146e-02
<VARIANCE> 39
 1.481262e+01 2.638584e+01 2.685997e+01 2.746274e+01 9.571074e+01 4.984042e+01 5.902530e+01 5.870749e+01 5.467253e+01 4.223216e+01 3.888079e+01 2.763509e+01 9.458459e+01 1.114393e+00 2.225298e+00 1.764372e+00 1.885987e+00 6.525743e+00 3.432921e+00 4.024031e+00 3.448328e+00 4.918524e+00 3.274692e+00 2.562434e+00 2.714646e+00 4.426390e+00 1.221318e-01 3.500759e-01 2.659814e-01 2.547331e-01 8.250491e-01 5.559668e-01 6.408014e-01 5.689797e-01 8.147261e-01 5.855389e-01 4.161057e-01 4.498470e-01 4.833106e-01
<GCONST> 1.234242e+02
<STATE> 3
<MEAN> 39
 -2.678008e+00 -1.429760e+00 -1.730734e+00 -1.722916e+00 -2.502711e+00 -2.308225e+00 4.009616e-01 -8.114260e-01 -2.390480e-01 -2.559549e-01 -2.082758e-01 -7.352938e-02 6.216731e+00 7.507547e-02 -5.656930e-02 -6.741938e-02 2.624909e-02 1.899652e-01 3.679776e-02 -8.011721e-02 -1.293582e-01 -2.551204e-02 6.579671e-02 3.178129e-02 -3.771022e-02 -7.591055e-02 3.767122e-02 2.326157e-03 -1.237916e-03 1.677100e-02 -1.354528e-02 -5.095699e-03 -2.488026e-02 3.178523e-03 2.238404e-02 6.406239e-03 -1.762406e-02 -1.390777e-02 -5.962928e-02
<VARIANCE> 39
 1.143537e+01 8.953936e+00 1.516886e+01 1.618532e+01 2.797282e+01 2.246539e+01 3.681310e+01 3.531635e+01 2.984396e+01 2.699052e+01 2.625990e+01 2.425855e+01 3.024628e+01 4.864534e-01 6.939185e-01 9.254729e-01 1.155232e+00 2.128795e+00 1.600308e+00 2.216943e+00 2.261989e+00 3.004865e+00 2.371519e+00 2.142493e+00 1.733164e+00 9.958960e-01 7.056973e-02 1.422075e-01 1.691854e-01 2.131020e-01 3.696935e-01 3.012950e-01 4.004499e-01 4.203060e-01 6.286870e-01 4.801414e-01 4.158118e-01 3.282656e-01 1.254120e-01
<GCONST> 9.990450e+01
<STATE> 4
<MEAN> 39
 1.381312e+00 7.284135e-01 8.890655e-01 8.430770e-01 1.769204e+00 1.101148e+00 -3.290934e-01 -7.211044e-02 -3.632105e-01 -1.037065e-01 6.906790e-02 -1.136112e-01 -2.837437e+00 5.711741e-02 9.101005e-02 5.499066e-02 4.919559e-02 1.083302e-01 8.022688e-02 4.614264e-02 6.636830e-02 -5.982860e-03 2.251573e-03 1.875529e-02 2.408459e-02 -2.363545e-01 -5.463130e-03 -3.612828e-04 -4.085886e-03 -3.729711e-03 -5.027249e-03 -2.557495e-03 5.130677e-03 5.267467e-03 2.670773e-03 2.806211e-03 2.379325e-03 3.509447e-03 4.792433e-03
<VARIANCE> 39
 1.004463e+01 1.505254e+01 1.625444e+01 1.664756e+01 3.452045e+01 2.265092e+01 3.829126e+01 3.340237e+01 2.460558e+01 2.559639e+01 2.448349e+01 2.203069e+01 5.918844e+01 3.259578e-01 6.302817e-01 7.421560e-01 9.869731e-01 1.935248e+00 1.434294e+00 1.823846e+00 1.794475e+00 2.002945e+00 1.892798e+00 1.774058e+00 1.558506e+00 1.025728e+00 4.586908e-02 1.133116e-01 1.323989e-01 1.867349e-01 3.498345e-01 2.762270e-01 3.321686e-01 3.394299e-01 3.921904e-01 3.793001e-01 3.549608e-01 3.075897e-01 9.757763e-02
<GCONST> 9.569009e+01
<TRANSP> 5
 0.000000e+00 1.000000e+00 0.000000e+00 0.000000e+00 0.000000e+00
 0.000000e+00 8.637084e-01 1.362916e-01 0.000000e+00 0.000000e+00
 0.000000e+00 0.000000e+00 9.736675e-01 2.633251e-02 0.000000e+00
 0.000000e+00 0.000000e+00 0.000000e+00 9.872353e-01 1.276475e-02
 0.000000e+00 0.000000e+00 0.000000e+00 0.000000e+00 0.000000e+00
<ENDHMM>
~h "ds"
<BEGINHMM>
<NUMSTATES> 5
<STATE> 2
<MEAN> 39
 -2.802859e+00 -8.342004e-01 -1.097328e+00 -1.842648e+00 -2.895789e+00 -2.754008e+00 1.146071e+00 -8.588027e-01 9.761939e-01 1.696721e+00 1.814939e+00 1.417341e+00 5.719634e+00 -2.521091e-01 7.014652e-02 -8.425603e-02 -5.699532e-02 -1.242679e-01 -8.504327e-02 -9.306286e-03 -1.884478e-02 3.276362e-02 1.811739e-02 2.279000e-02 2.149744e-02 1.138123e+00 8.064185e-02 -1.828543e-03 4.899643e-02 7.461495e-02 9.101602e-02 1.312066e-01 3.621751e-02 6.902796e-02 -7.917500e-03 -5.497348e-02 -1.800958e-02 2.267098e-02 -1.682913e-01
<VARIANCE> 39
 2.363289e+01 1.295690e+01 1.730446e+01 1.966504e+01 2.950028e+01 2.525473e+01 3.225879e+01 3.497340e+01 2.714233e+01 2.332900e+01 1.969525e+01 1.724785e+01 7.751997e+01 2.338355e+00 1.244344e+00 1.501540e+00 1.824481e+00 2.795441e+00 2.549643e+00 2.644243e+00 2.624028e+00 2.267815e+00 2.450539e+00 2.066200e+00 1.764121e+00 4.223621e+00 3.636707e-01 2.116263e-01 2.451504e-01 3.341598e-01 5.002533e-01 4.738963e-01 4.649249e-01 4.780959e-01 4.073179e-01 4.500858e-01 3.764681e-01 3.383957e-01 6.311987e-01
<GCONST> 1.117018e+02
<STATE> 3
<MEAN> 39
 -4.641686e+00 -1.602314e+00 -3.018373e+00 -2.148521e+00 -4.723082e+00 -2.467520e+00 -2.514717e-01 -2.574915e-02 1.303314e+00 2.269621e+00 1.323718e+00 1.581669e+00 8.308965e+00 1.693884e-01 -5.088817e-02 2.590212e-01 4.053201e-01 5.224059e-01 4.072342e-01 2.046691e-01 2.041392e-01 9.779146e-02 1.554522e-02 -3.778001e-02 -4.467922e-02 -4.088874e-01 4.862143e-02 5.699691e-02 8.902301e-04 -2.019413e-02 -2.081920e-02 -1.189660e-01 -7.161339e-02 -1.327840e-01 -3.421280e-02 3.926440e-02 -4.149562e-03 -1.337723e-02 -1.110427e-01
<VARIANCE> 39
 2.199923e+01 1.159258e+01 1.349230e+01 1.097971e+01 1.917709e+01 1.284587e+01 1.701635e+01 1.860673e+01 1.393814e+01 1.676178e+01 1.502214e+01 1.450468e+01 2.924219e+02 2.473159e+00 1.260028e+00 1.385895e+00 1.184234e+00 1.483211e+00 1.616659e+00 1.519613e+00 1.512610e+00 1.235081e+00 1.426020e+00 1.375450e+00 1.542924e+00 2.879851e+01 5.176743e-01 2.226854e-01 2.448823e-01 2.298398e-01 2.479511e-01 3.111303e-01 3.065589e-01 2.954654e-01 2.396507e-01 2.866493e-01 2.959020e-01 3.057176e-01 5.437640e+00
<GCONST> 1.046259e+02
<STATE> 4
<MEAN> 39
 3.583921e-01 1.138519e-01 1.793937e-01 2.062317e-01 3.679169e-01 2.840350e-01 -7.660711e-02 6.437496e-02 -1.146284e-01 -1.993761e-01 -1.773443e-01 -1.563216e-01 -6.935087e-01 4.826706e-02 3.165639e-03 2.469879e-02 1.601954e-02 3.739137e-02 2.409991e-02 1.313531e-02 7.912450e-03 -6.517059e-03 -1.630771e-02 -1.471914e-02 -1.471932e-02 -1.152732e-01 -1.528056e-03 -3.324883e-04 -2.396600e-03 -3.595839e-03 -4.567299e-03 -3.176392e-03 -9.878657e-04 -5.087811e-04 3.260165e-04 1.733443e-03 1.140752e-03 -1.033801e-04 1.785904e-03
<VARIANCE> 39
 1.306860e+01 1.003161e+01 1.445858e+01 1.483879e+01 1.796080e+01 2.016984e+01 2.184273e+01 1.831980e+01 2.298171e+01 2.158934e+01 1.748784e+01 1.640588e+01 4.926387e+01 5.791788e-01 4.779318e-01 6.711619e-01 9.083046e-01 1.292772e+00 1.421981e+00 1.578770e+00 1.543093e+00 1.745947e+00 1.749597e+00 1.583804e+00 1.356036e+00 8.414267e-01 9.700770e-02 8.428850e-02 1.247743e-01 1.741417e-01 2.543808e-01 2.781478e-01 3.093841e-01 3.065723e-01 3.461614e-01 3.519994e-01 3.212467e-01 2.727972e-01 1.041472e-01
<GCONST> 9.055641e+01
<TRANSP> 5
 0.000000e+00 1.000000e+00 0.000000e+00 0.000000e+00 0.000000e+00
 0.000000e+00 9.165084e-01 8.349158e-02 0.000000e+00 0.000000e+00
 0.000000e+00 0.000000e+00 8.101609e-01 1.898391e-01 0.000000e+00
 0.000000e+00 0.000000e+00 0.000000e+00 9.938231e-01 6.176918e-03
 0.000000e+00 0.000000e+00 0.000000e+00 0.000000e+00 0.000000e+00
<ENDHMM>
~h "kj"
<BEGINHMM>
<NUMSTATES> 5
<STATE> 2
<MEAN> 39
 7.408559e+00 -1.142790e-01 -2.460021e+00 -4.751627e-01 1.039388e+00 -1.678033e+00 -1.591526e+00 -5.923269e-01 -2.702556e-01 1.909580e-01 -1.322162e+00 -9.744561e-02 -4.477752e+00 -3.903690e-01 -3.094434e-01 -9.712645e-02 5.409188e-02 -1.637347e-01 -1.220906e-01 -9.435769e-02 -2.795780e-01 -3.758376e-04 -3.818597e-02 4.885356e-02 3.462696e-02 6.031335e-01 4.523469e-04 -1.257186e-02 9.612411e-03 -1.001502e-02 1.140002e-02 2.569925e-02 2.102823e-02 2.075528e-02 2.690453e-02 1.213898e-02 -1.114866e-02 -4.565063e-03 -6.399300e-03
<VARIANCE> 39
 1.877190e+01 2.707495e+01 1.286005e+01 1.541656e+01 2.164634e+01 2.410420e+01 2.234179e+01 2.193124e+01 2.019800e+01 1.959054e+01 1.598185e+01 1.647564e+01 2.342930e+01 1.048377e+00 1.405450e+00 1.128695e+00 1.010542e+00 1.680175e+00 1.666883e+00 2.232555e+00 1.809937e+00 1.747400e+00 2.048983e+00 1.485985e+00 1.245314e+00 1.162842e+00 1.506845e-01 2.253329e-01 1.741882e-01 1.813706e-01 2.813918e-01 2.930383e-01 3.827703e-01 3.133877e-01 3.157901e-01 3.739428e-01 2.783731e-01 2.147436e-01 1.592255e-01
<GCONST> 9.710000e+01
<STATE> 3
<MEAN> 39
 3.984052e+00 -4.000758e+00 -4.226687e+00 -9.106500e-02 1.049628e+00 -2.713538e+00 -4.007865e+00 -2.761177e+00 -6.467521e-01 -1.692430e-01 -1.854185e-01 6.963500e-01 1.984765e+00 -1.427730e-01 1.540139e-01 2.217926e-02 5.026083e-03 4.698287e-02 7.608289e-02 3.796682e-02 7.754834e-02 -6.541185e-03 3.654397e-02 1.826305e-02 1.099806e-02 -4.139403e-02 -1.359366e-02 2.980255e-02 3.432906e-02 -2.053034e-03 -2.287843e-03 1.290132e-02 2.136486e-02 2.727212e-02 -1.460149e-03 -2.016588e-03 4.058979e-03 -8.728467e-04 -1.669732e-02
<VARIANCE> 39
 1.133658e+01 1.708238e+01 1.053243e+01 1.551512e+01 1.412172e+01 2.025670e+01 2.427756e+01 1.774786e+01 1.790552e+01 1.731845e+01 1.588717e+01 1.481717e+01 1.819458e+01 5.557430e-01 7.368131e-01 6.969881e-01 9.076019e-01 1.165644e+00 1.402996e+00 1.621474e+00 1.688908e+00 1.559648e+00 1.662876e+00 1.537583e+00 1.328143e+00 5.758781e-01 9.534966e-02 1.236588e-01 1.317851e-01 1.745856e-01 2.311822e-01 2.632437e-01 3.306358e-01 3.415688e-01 3.090458e-01 3.422754e-01 3.161466e-01 2.651754e-01 9.151196e-02
<GCONST> 8.881542e+01
<STATE> 4
<MEAN> 39
 -6.163391e-01 3.646281e-01 4.664250e-01 2.470374e-02 -1.307037e-01 3.028735e-01 4.165491e-01 2.694778e-01 6.768432e-02 8.628556e-03 6.261226e-02 -5.939069e-02 -2.347963e-02 3.533468e-02 -1.228556e-02 2.158903e-04 -5.408787e-03 4.310885e-03 -3.518937e-03 1.030209e-03 -1.820553e-03 5.543471e-03 -5.269235e-03 9.961470e-04 7.509898e-04 -2.000509e-02 2.865397e-03 -1.211441e-03 -2.132273e-03 -9.608061e-05 2.654887e-04 -7.245759e-04 7.519536e-05 -4.824179e-04 5.396789e-04 1.340344e-04 -3.669436e-04 3.746932e-04 -1.444188e-03
<VARIANCE> 39
 2.689978e+01 3.048909e+01 1.451850e+01 1.367986e+01 1.513291e+01 2.291211e+01 2.613023e+01 2.068048e+01 1.728256e+01 1.932540e+01 1.571806e+01 1.438675e+01 2.875922e+01 5.691322e-01 7.506152e-01 7.066314e-01 9.401631e-01 1.178866e+00 1.456196e+00 1.638379e+00 1.607000e+00 1.628817e+00 1.668324e+00 1.468497e+00 1.321750e+00 6.374058e-01 9.396870e-02 1.281938e-01 1.314747e-01 1.829829e-01 2.294401e-01 2.864821e-01 3.195298e-01 3.219829e-01 3.316396e-01 3.336948e-01 2.957687e-01 2.687290e-01 9.072322e-02
<GCONST> 9.159552e+01
<TRANSP> 5
 0.000000e+00 1.000000e+00 0.000000e+00 0.000000e+00 0.000000e+00
 0.000000e+00 8.971068e-01 1.028931e-01 0.000000e+00 0.000000e+00
 0.000000e+00 0.000000e+00 9.603776e-01 3.962239e-02 0.000000e+00
 0.000000e+00 0.000000e+00 0.000000e+00 9.964281e-01 3.571874e-03
 0.000000e+00 0.000000e+00 0.000000e+00 0.000000e+00 0.000000e+00
<ENDHMM>
~h "kn"
<BEGINHMM>
<NUMSTATES> 5
<STATE> 2
<MEAN> 39
 -3.655041e+00 -3.802927e-01 -1.878924e+00 -2.827461e+00 -3.198954e+00 -1.060079e+00 -2.348024e-01 -1.584814e+00 5.882616e-01 -4.829032e-01 9.220009e-03 -2.009356e+00 1.807301e+00 1.626298e-01 2.515566e-01 -8.078203e-02 1.809439e-01 2.794298e-01 -4.992127e-01 6.861824e-01 -6.083739e-02 1.276648e+00 3.965060e-01 2.326590e-01 3.759479e-01 2.574710e+00 -9.611189e-02 1.327203e-01 1.461037e-01 1.104187e-01 2.537447e-01 2.677478e-01 -3.111768e-02 8.225837e-02 -2.244254e-01 -4.576594e-02 1.066923e-02 1.446703e-01 -5.382134e-01
<VARIANCE> 39
 2.095046e+01 1.625177e+01 1.791856e+01 1.035530e+01 1.564375e+01 2.449422e+01 2.586764e+01 4.727254e+01 3.384253e+01 2.194606e+01 2.082652e+01 1.966194e+01 8.934634e+01 2.973063e+00 1.804498e+00 2.194296e+00 1.063204e+00 1.668402e+00 2.264838e+00 3.227128e+00 6.555015e+00 3.500062e+00 2.358498e+00 2.076066e+00 2.467456e+00 6.950727e+00 4.100448e-01 2.108519e-01 3.094792e-01 1.473178e-01 2.091682e-01 3.404194e-01 5.462339e-01 9.003394e-01 6.861117e-01 3.821859e-01 3.151836e-01 3.604855e-01 1.227689e+00
<GCONST> 1.133013e+02
<STATE> 3
<MEAN> 39
 -7.038286e-01 4.726752e-01 -2.647755e-01 -4.971575e-01 -2.791908e-01 -5.465038e-01 5.364324e-01 -1.038862e+00 1.046553e+00 -6.617033e-02 1.384503e-01 1.218671e-01 1.931412e+00 1.617340e-01 -9.540904e-02 -3.107107e-02 1.213695e-01 1.079207e-01 -7.352160e-03 -5.054789e-02 6.515767e-02 -5.486664e-02 -8.253853e-04 2.410969e-02 8.415320e-02 -5.590677e-02 1.553604e-02 -1.496185e-02 -1.211447e-02 2.560139e-03 -1.725916e-02 1.825144e-03 -2.750544e-02 -9.557451e-03 -3.313807e-02 -5.394861e-03 -1.297714e-02 -2.931726e-02 -3.087330e-02
<VARIANCE> 39
 1.212501e+01 1.278259e+01 1.481898e+01 1.042162e+01 1.447237e+01 1.912264e+01 1.760272e+01 2.455829e+01 2.008470e+01 1.830847e+01 1.695604e+01 1.497049e+01 3.013723e+01 5.295709e-01 9.185758e-01 1.051530e+00 9.971979e-01 1.432968e+00 1.617416e+00 1.483337e+00 1.961803e+00 1.891100e+00 1.620828e+00 1.325849e+00 1.382296e+00 2.292557e+00 9.846991e-02 1.845134e-01 1.888558e-01 2.010878e-01 3.132394e-01 3.298565e-01 3.060951e-01 4.057105e-01 4.052171e-01 3.407202e-01 2.535935e-01 2.692303e-01 4.009566e-01
<GCONST> 9.488065e+01
<STATE> 4
<MEAN> 39
 4.510465e-01 -1.271407e-01 2.009251e-01 3.338359e-01 2.873658e-01 2.399920e-01 -1.564917e-01 4.295226e-01 -3.701879e-01 5.104150e-02 -4.472088e-02 8.572263e-02 -7.279217e-01 -4.785924e-02 4.885547e-02 8.893818e-02 -6.778719e-03 -1.251636e-03 8.310352e-02 3.120268e-03 4.642778e-02 -5.827897e-02 -7.895900e-03 -3.311648e-02 -3.014901e-02 -2.116219e-01 -6.407094e-03 -3.657675e-03 -2.553604e-03 -1.067350e-02 -9.731743e-03 -6.162490e-03 7.492551e-03 5.797977e-04 4.695644e-03 -1.765629e-03 1.595879e-03 -3.447590e-03 6.038816e-03
<VARIANCE> 39
 8.222909e+00 1.023392e+01 9.911444e+00 8.655879e+00 1.197403e+01 1.493072e+01 1.443130e+01 1.832993e+01 1.697804e+01 1.468959e+01 1.367858e+01 1.403105e+01 2.650852e+01 3.026323e-01 6.301906e-01 6.084835e-01 8.341371e-01 1.186769e+00 1.196832e+00 1.390777e+00 1.769224e+00 1.665936e+00 1.441278e+00 1.349014e+00 1.358645e+00 1.307228e+00 4.801182e-02 1.161630e-01 1.129413e-01 1.750369e-01 2.432743e-01 2.338509e-01 2.853045e-01 3.663646e-01 3.446070e-01 2.997200e-01 2.743241e-01 2.753057e-01 2.076261e-01
<GCONST> 8.538215e+01
<TRANSP> 5
 0.000000e+00 1.000000e+00 0.000000e+00 0.000000e+00 0.000000e+00
 0.000000e+00 7.716456e-01 2.283544e-01 0.000000e+00 0.000000e+00
 0.000000e+00 0.000000e+00 9.555979e-01 4.440209e-02 0.000000e+00
 0.000000e+00 0.000000e+00 0.000000e+00 9.858417e-01 1.415832e-02
 0.000000e+00 0.000000e+00 0.000000e+00 0.000000e+00 0.000000e+00
<ENDHMM>
~h "kt"
<BEGINHMM>
<NUMSTATES> 5
<STATE> 2
<MEAN> 39
 -3.718328e-01 -5.702350e-01 5.688314e-01 -9.143674e-01 -2.950605e-01 -2.542166e-01 -1.692722e-01 1.649463e-01 1.959198e-01 2.481866e-01 -6.176458e-05 1.745508e-01 7.031878e-01 -2.194382e-01 2.070176e-02 -1.244098e-01 2.986732e-02 -9.053865e-02 -1.648506e-01 -2.250956e-02 1.414308e-02 3.499975e-02 1.419604e-03 -1.018841e-02 -1.971664e-02 3.440331e-01 2.898590e-02 -2.092417e-03 1.173740e-02 1.315412e-02 1.029857e-02 2.975875e-02 1.171272e-02 -3.995641e-03 4.949262e-03 -7.981362e-03 2.470695e-02 -5.903112e-03 -3.385415e-02
<VARIANCE> 39
 2.171243e+01 1.317195e+01 1.128778e+01 1.266952e+01 1.417843e+01 1.981155e+01 1.726312e+01 1.836312e+01 1.780682e+01 1.599171e+01 1.471426e+01 1.403664e+01 2.943507e+01 1.493834e+00 6.832443e-01 8.730517e-01 1.055601e+00 1.308340e+00 2.003275e+00 1.749346e+00 1.799810e+00 1.753352e+00 1.760067e+00 1.585005e+00 1.444208e+00 2.007131e+00 2.576211e-01 1.169076e-01 1.683202e-01 1.941761e-01 2.377051e-01 3.843344e-01 3.502195e-01 3.470769e-01 3.354271e-01 3.339123e-01 3.017334e-01 2.848659e-01 3.274154e-01
<GCONST> 9.557475e+01
<STATE> 3
<MEAN> 39
 -1.591123e+00 -4.344406e-01 -1.631558e-01 4.923503e-01 -4.860946e-01 -1.407338e+00 -5.216215e-01 -5.520817e-01 -3.111187e-03 1.362644e-01 5.174275e-03 3.515442e-01 2.389844e+00 4.797911e-02 1.303139e-02 1.743835e-02 1.865444e-02 3.401307e-02 3.794781e-02 3.638313e-02 -2.514882e-02 -9.102132e-03 -1.653432e-02 1.469912e-02 -1.972061e-03 -7.591651e-02 7.676450e-03 1.078463e-03 6.977928e-03 -3.738014e-03 7.813133e-03 4.966479e-03 6.130373e-04 8.983794e-03 2.677009e-03 4.891730e-03 -8.519444e-03 1.029737e-03 -1.668391e-02
<VARIANCE> 39
 8.443517e+00 5.424715e+00 8.078493e+00 1.215648e+01 1.427121e+01 1.744279e+01 1.701265e+01 1.700383e+01 1.780445e+01 1.630512e+01 1.680361e+01 1.344091e+01 1.261348e+01 7.058998e-01 4.520260e-01 7.523620e-01 9.833775e-01 1.318179e+00 1.779717e+00 1.751487e+00 1.522243e+00 1.700169e+00 1.819148e+00 1.680620e+00 1.329818e+00 1.289836e+00 1.363520e-01 8.936688e-02 1.539865e-01 1.963491e-01 2.715865e-01 3.731339e-01 3.688211e-01 3.058337e-01 3.417367e-01 3.843437e-01 3.404617e-01 2.719881e-01 2.517670e-01
<GCONST> 8.931002e+01
<STATE> 4
<MEAN> 39
 2.779688e-01 1.070238e-01 -1.180444e-02 -1.765049e-02 9.697127e-02 2.409008e-01 9.427370e-02 7.692722e-02 -1.251420e-02 -3.817283e-02 -8.192339e-04 -6.755047e-02 -4.271141e-01 1.526465e-02 -3.894156e-03 5.502129e-03 -8.282155e-03 4.976653e-03 8.040768e-03 2.044519e-03 2.245220e-03 -1.509163e-03 1.264659e-03 2.030859e-03 -1.410769e-03 -1.949047e-02 -1.003885e-03 -7.676071e-04 -5.621714e-04 4.051400e-05 -3.698246e-04 -1.200747e-03 -1.474581e-03 -1.514908e-05 -5.894422e-04 1.467580e-05 -2.998495e-04 6.767665e-04 1.463700e-03
<VARIANCE> 39
 9.632262e+00 6.410531e+00 8.066108e+00 1.010025e+01 1.248911e+01 1.533029e+01 1.530334e+01 1.568888e+01 1.642588e+01 1.629002e+01 1.449919e+01 1.272976e+01 1.223897e+01 7.385255e-01 4.730885e-01 6.572176e-01 8.410329e-01 1.141821e+00 1.379603e+00 1.536381e+00 1.572620e+00 1.620644e+00 1.716925e+00 1.475720e+00 1.269956e+00 9.259284e-01 1.403270e-01 9.175430e-02 1.299063e-01 1.681538e-01 2.316677e-01 2.842831e-01 3.170535e-01 3.231172e-01 3.315791e-01 3.582511e-01 2.972572e-01 2.560523e-01 1.696413e-01
<GCONST> 8.586006e+01
<TRANSP> 5
 0.000000e+00 1.000000e+00 0.000000e+00 0.000000e+00 0.000000e+00
 0.000000e+00 9.440467e-01 5.595328e-02 0.000000e+00 0.000000e+00
 0.000000e+00 0.000000e+00 9.766569e-01 2.334313e-02 0.000000e+00
 0.000000e+00 0.000000e+00 0.000000e+00 9.962842e-01 3.715782e-03
 0.000000e+00 0.000000e+00 0.000000e+00 0.000000e+00 0.000000e+00
<ENDHMM>
~h "pr"
<BEGINHMM>
<NUMSTATES> 5
<STATE> 2
<MEAN> 39
 -1.644194e-01 4.597363e-01 -5.718325e-01 4.992115e-01 -3.912650e-02 -2.984975e-01 -9.961833e-01 -1.508472e+00 -5.287618e-01 1.074046e-01 7.541981e-01 -3.301199e-01 1.060567e+00 -3.684078e-01 -1.345682e-01 1.262162e-01 -1.618805e-01 4.448171e-02 2.103437e-01 2.271398e-03 -3.184558e-01 4.982281e-02 -1.970690e-01 2.302739e-02 3.570148e-01 3.512277e-01 1.024618e-01 1.362485e-02 -4.285920e-02 1.366038e-02 2.518445e-03 1.271697e-02 -1.207250e-02 -9.226521e-03 -2.134791e-02 1.750381e-02 -1.754029e-02 -2.497534e-02 -7.777991e-02
<VARIANCE> 39
 3.115048e+01 3.109990e+01 4.329538e+01 4.570932e+01 4.212841e+01 5.002063e+01 5.106645e+01 4.983051e+01 4.136842e+01 3.409610e+01 4.280675e+01 3.112330e+01 2.209509e+01 2.362149e+00 1.434361e+00 2.220401e+00 2.374688e+00 2.942888e+00 3.178882e+00 3.031175e+00 3.368042e+00 3.147448e+00 2.411740e+00 3.220691e+00 2.865176e+00 1.430722e+00 3.201593e-01 2.270995e-01 3.494583e-01 3.782869e-01 4.467082e-01 5.180902e-01 5.116689e-01 5.298553e-01 5.567375e-01 4.228987e-01 5.191463e-01 4.549424e-01 1.801540e-01
<GCONST> 1.192128e+02
<STATE> 3
<MEAN> 39
 -4.518564e+00 7.667692e-02 1.721392e+00 -7.169431e-03 1.870787e+00 1.669916e+00 -1.971565e+00 -3.100277e+00 2.126952e+00 -3.186157e+00 6.875541e-01 8.993444e-01 3.448555e+00 1.940324e-02 -3.373888e-02 4.274935e-04 -2.496382e-03 -4.595467e-03 -2.604512e-02 -4.249512e-03 2.579016e-02 2.665949e-02 7.160728e-03 -1.569101e-02 -1.029594e-02 -1.826280e-02 -3.848488e-05 2.261664e-03 3.974205e-03 1.833876e-03 1.994531e-03 -8.205031e-03 1.509591e-03 1.716448e-02 -1.564317e-03 6.815796e-03 9.623189e-04 -8.976414e-03 -1.943322e-03
<VARIANCE> 39
 1.170768e+01 1.643983e+01 1.310946e+01 1.814666e+01 5.920491e+01 3.440622e+01 3.119723e+01 3.270961e+01 2.708230e+01 2.870686e+01 3.552615e+01 3.066767e+01 6.630566e+00 5.883512e-01 5.010411e-01 6.256961e-01 1.086253e+00 1.311851e+00 1.810263e+00 1.725585e+00 1.844884e+00 1.863067e+00 1.881696e+00 2.283683e+00 1.514646e+00 3.192513e-01 1.292692e-01 9.325587e-02 1.197170e-01 2.147366e-01 2.751550e-01 3.758470e-01 3.479361e-01 3.635882e-01 3.892724e-01 3.604327e-01 4.596902e-01 3.085825e-01 6.533802e-02
<GCONST> 9.520546e+01
<STATE> 4
<MEAN> 39
 1.322432e+00 -4.471843e-02 -4.728566e-01 -2.225572e-02 -5.422928e-01 -4.712098e-01 6.220899e-01 9.754000e-01 -5.929282e-01 9.215900e-01 -2.367815e-01 -2.455163e-01 -1.054872e+00 4.104698e-02 2.125302e-02 -1.870040e-02 1.529782e-02 -6.174993e-03 -7.034120e-03 1.579955e-03 8.594933e-03 -1.495626e-02 1.083151e-02 3.454279e-03 -1.410334e-02 -3.689571e-02 -5.028071e-04 4.241808e-04 -4.793433e-06 7.495169e-04 -7.233397e-04 2.046827e-05 -5.110850e-04 -1.815664e-03 1.372788e-04 -4.265127e-04 1.186160e-03 -1.587709e-03 3.802906e-04
<VARIANCE> 39
 2.468618e+01 1.980694e+01 2.848653e+01 3.920267e+01 3.244768e+01 3.808578e+01 3.247633e+01 3.747416e+01 4.215960e+01 4.082750e+01 3.707800e+01 3.987935e+01 1.703547e+01 3.562160e-01 4.777545e-01 6.629423e-01 9.599841e-01 1.150047e+00 1.474537e+00 1.562234e+00 1.650905e+00 1.743660e+00 1.738496e+00 1.616938e+00 1.436639e+00 2.163492e-01 6.156150e-02 8.241069e-02 1.219601e-01 1.726026e-01 2.205231e-01 2.819306e-01 3.017997e-01 3.102282e-01 3.298691e-01 3.348646e-01 3.125356e-01 2.725442e-01 3.382114e-02
<GCONST> 9.402645e+01
<TRANSP> 5
 0.000000e+00 1.000000e+00 0.000000e+00 0.000000e+00 0.000000e+00
 0.000000e+00 9.257499e-01 7.425008e-02 0.000000e+00 0.000000e+00
 0.000000e+00 0.000000e+00 9.875537e-01 1.244633e-02 0.000000e+00
 0.000000e+00 0.000000e+00 0.000000e+00 9.963794e-01 3.620572e-03
 0.000000e+00 0.000000e+00 0.000000e+00 0.000000e+00 0.000000e+00
<ENDHMM>
~h "pw"
<BEGINHMM>
<NUMSTATES> 5
<STATE> 2
<MEAN> 39
 -1.144301e+00 3.382626e+00 1.053912e+00 1.527673e-01 5.294852e-01 2.063051e+00 1.942562e+00 2.155608e+00 1.242150e+00 7.264248e-01 8.198062e-02 -4.734873e-01 -3.469760e+00 -1.537132e-01 -1.279621e-01 1.754591e-02 6.037135e-03 -8.155644e-02 -1.749981e-01 -1.121734e-01 -9.837804e-02 -3.020958e-02 -2.538682e-02 -1.271121e-02 2.482426e-02 3.677640e-01 9.459900e-03 -3.076803e-02 -1.884236e-02 -4.150454e-04 1.113686e-02 -1.033267e-03 -1.469918e-02 -2.459553e-02 -1.326486e-02 -5.675837e-03 1.388201e-03 -8.928884e-03 4.312711e-02
<VARIANCE> 39
 1.396000e+01 1.667035e+01 1.066178e+01 1.107222e+01 1.410249e+01 1.613103e+01 1.753403e+01 1.976922e+01 1.573720e+01 1.400237e+01 1.393943e+01 1.226670e+01 2.919751e+01 7.776297e-01 9.016861e-01 8.051295e-01 9.077513e-01 1.352800e+00 1.618776e+00 1.749038e+00 1.699266e+00 1.480951e+00 1.415735e+00 1.422186e+00 1.315539e+00 2.365638e+00 1.178188e-01 1.261184e-01 1.548443e-01 1.649622e-01 2.563326e-01 2.937939e-01 3.324351e-01 3.025182e-01 2.910558e-01 2.666142e-01 2.854891e-01 2.611619e-01 2.339523e-01
<GCONST> 9.115228e+01
<STATE> 3
<MEAN> 39
 -2.777963e-01 -1.741421e+00 -4.408568e-01 -1.607901e-01 -3.421530e-01 -1.473769e+00 -1.330802e+00 -1.659161e+00 -8.411803e-01 -6.733639e-01 -9.166566e-02 1.090265e-01 3.581910e+00 3.156494e-02 -3.392920e-02 -1.093992e-02 -5.759309e-03 1.023105e-02 1.660862e-04 -3.371498e-03 -2.216464e-02 -1.825758e-02 -1.775037e-02 -1.766803e-03 -5.525803e-03 6.923151e-03 4.819178e-03 1.310774e-02 3.040539e-03 1.126228e-03 2.436919e-03 8.104906e-03 8.727015e-03 1.211082e-02 4.696373e-03 4.363243e-03 5.536770e-04 -3.369688e-04 -2.793755e-02
<VARIANCE> 39
 1.897329e+01 2.595161e+01 1.330658e+01 1.264441e+01 1.673500e+01 2.510320e+01 2.327706e+01 2.651260e+01 1.876694e+01 1.607966e+01 1.412299e+01 1.312749e+01 7.131810e+01 5.880607e-01 1.017933e+00 7.310146e-01 8.897281e-01 1.334365e+00 1.708446e+00 1.633568e+00 1.719426e+00 1.611311e+00 1.459728e+00 1.375467e+00 1.279843e+00 2.675300e+00 1.017290e-01 1.680127e-01 1.364056e-01 1.726688e-01 2.632029e-01 3.368864e-01 3.248630e-01 3.361294e-01 3.301423e-01 2.938313e-01 2.821969e-01 2.650363e-01 4.048940e-01
<GCONST> 9.569997e+01
<STATE> 4
<MEAN> 39
 1.168909e-01 1.259542e-01 2.053057e-02 2.080270e-02 3.251658e-02 1.525645e-01 1.331864e-01 1.813529e-01 8.336484e-02 8.213440e-02 1.215290e-02 7.158297e-03 -4.595756e-01 8.455819e-03 7.421505e-03 1.764075e-03 5.027800e-05 3.129407e-03 9.567503e-03 6.147489e-03 7.074491e-03 4.686308e-03 4.346707e-03 2.577786e-03 -1.307721e-03 -2.333034e-02 5.845722e-05 -1.285677e-04 -2.571055e-05 -5.441434e-04 -6.688511e-04 -1.914712e-04 -3.821888e-04 -7.986604e-04 -5.898466e-04 3.428591e-05 1.255029e-04 1.619016e-04 7.387582e-04
<VARIANCE> 39
 1.451041e+01 2.000457e+01 1.054772e+01 1.091595e+01 1.391883e+01 1.922470e+01 1.783289e+01 2.109864e+01 1.706527e+01 1.562033e+01 1.424453e+01 1.282160e+01 3.118784e+01 5.356360e-01 7.650079e-01 6.659828e-01 8.606985e-01 1.148197e+00 1.462514e+00 1.452079e+00 1.569788e+00 1.530842e+00 1.498818e+00 1.429141e+00 1.278658e+00 8.928759e-01 8.762953e-02 1.269423e-01 1.257212e-01 1.693190e-01 2.274215e-01 2.943318e-01 2.901852e-01 3.145491e-01 3.110135e-01 3.070529e-01 2.921857e-01 2.630354e-01 1.264039e-01
<GCONST> 8.863179e+01
<TRANSP> 5
 0.000000e+00 1.000000e+00 0.000000e+00 0.000000e+00 0.000000e+00
 0.000000e+00 9.644827e-01 3.551725e-02 0.000000e+00 0.000000e+00
 0.000000e+00 0.000000e+00 9.889033e-01 1.109663e-02 0.000000e+00
 0.000000e+00 0.000000e+00 0.000000e+00 9.979584e-01 2.041659e-03
 0.000000e+00 0.000000e+00 0.000000e+00 0.000000e+00 0.000000e+00
<ENDHMM>
~h "si"
<BEGINHMM>
<NUMSTATES> 5
<STATE> 2
<MEAN> 39
 -2.680103e-01 4.531805e-01 9.407554e-01 8.179049e-01 7.720118e-02 -4.192825e-01 -3.443995e-01 -1.373745e+00 -2.534037e-01 -6.019672e-01 -8.208079e-01 1.504470e-01 1.720297e+00 3.217942e-03 1.641424e-02 -1.500200e-02 -2.827183e-02 -1.942390e-02 2.748219e-02 3.600533e-02 5.440802e-02 1.481390e-02 3.115995e-02 1.247382e-02 -9.615190e-03 -8.225552e-02 1.792080e-04 3.918931e-04 -2.245836e-03 -1.795854e-03 7.905907e-04 4.535380e-03 4.487611e-03 6.819092e-03 3.365892e-03 5.656315e-03 7.837140e-03 2.449242e-03 -2.452786e-03
<VARIANCE> 39
 2.086612e+01 1.446858e+01 1.586323e+01 1.706015e+01 2.458178e+01 2.195823e+01 2.029067e+01 2.394289e+01 1.958294e+01 1.979404e+01 1.847352e+01 1.985149e+01 1.608791e+01 2.993662e-01 4.377388e-01 5.418108e-01 7.403017e-01 1.040207e+00 1.226080e+00 1.404556e+00 1.494755e+00 1.441825e+00 1.433694e+00 1.400030e+00 1.239894e+00 2.031958e-01 4.569810e-02 7.279764e-02 9.647321e-02 1.376825e-01 1.962856e-01 2.325936e-01 2.705001e-01 2.814829e-01 2.773381e-01 2.763644e-01 2.706821e-01 2.388100e-01 2.623948e-02
<GCONST> 8.319423e+01
<STATE> 3
<MEAN> 39
 5.428034e-01 1.726440e-01 1.714761e-02 -6.247278e-02 1.900323e-01 3.963977e-01 6.786524e-02 4.025198e-01 -7.149874e-02 2.827878e-03 1.156890e-01 -1.540024e-01 -7.859508e-01 -2.313391e-03 -3.872856e-04 -8.869680e-03 -6.987195e-03 -3.658289e-03 7.576664e-04 2.008771e-03 9.594716e-03 3.535926e-03 4.474575e-03 5.225138e-03 1.054837e-03 -1.086678e-02 -1.460316e-03 -6.658786e-04 -4.363664e-04 -2.461645e-04 -1.197748e-03 -2.563525e-03 -2.054146e-03 -2.402549e-03 -3.249700e-04 -4.856450e-04 -1.151360e-03 3.823781e-04 2.214690e-03
<VARIANCE> 39
 3.812385e+00 4.383607e+00 6.252425e+00 7.964384e+00 1.125423e+01 1.232966e+01 1.323688e+01 1.468571e+01 1.434685e+01 1.419855e+01 1.353797e+01 1.184590e+01 2.381323e+00 1.427504e-01 2.756272e-01 4.656175e-01 6.746456e-01 9.212757e-01 1.097768e+00 1.239745e+00 1.355596e+00 1.386465e+00 1.412326e+00 1.322456e+00 1.142022e+00 5.214277e-02 2.585706e-02 5.336712e-02 9.238610e-02 1.356253e-01 1.860143e-01 2.227371e-01 2.517310e-01 2.770080e-01 2.836141e-01 2.909719e-01 2.719443e-01 2.332135e-01 8.587048e-03
<GCONST> 6.731106e+01
<STATE> 4
<MEAN> 39
 -5.126263e-01 -2.531976e-01 -1.751242e-01 -7.277001e-02 -2.080934e-01 -3.369181e-01 -1.202689e-02 -1.833924e-01 1.158590e-01 9.788267e-02 1.861674e-02 1.329784e-01 5.191738e-01 -1.022972e-02 -2.216887e-03 1.015071e-04 -1.935757e-04 -3.559743e-03 -7.897444e-03 -4.409045e-03 -8.272159e-03 1.355503e-03 1.324960e-03 2.497996e-03 4.963183e-03 2.097055e-02 1.005090e-03 5.110180e-04 1.292994e-03 9.572634e-04 1.017591e-03 1.347237e-03 5.806253e-04 -5.920049e-05 -3.561336e-04 -7.374014e-04 -3.661075e-04 -7.086208e-04 1.420933e-04
<VARIANCE> 39
 1.391392e+01 1.320666e+01 9.553302e+00 1.169956e+01 1.479607e+01 1.730723e+01 1.736630e+01 1.998219e+01 1.721114e+01 1.615087e+01 1.511387e+01 1.374464e+01 2.274779e+01 4.075325e-01 5.462087e-01 6.016186e-01 8.299087e-01 1.070679e+00 1.304061e+00 1.412263e+00 1.524247e+00 1.507543e+00 1.494685e+00 1.394070e+00 1.232606e+00 4.923643e-01 6.449696e-02 9.480266e-02 1.136110e-01 1.608880e-01 2.092120e-01 2.573294e-01 2.815435e-01 3.041545e-01 3.033302e-01 3.023641e-01 2.817477e-01 2.486487e-01 7.135635e-02
<GCONST> 8.447292e+01
<TRANSP> 5
 0.000000e+00 1.000000e+00 0.000000e+00 0.000000e+00 0.000000e+00
 0.000000e+00 9.525651e-01 4.743486e-02 0.000000e+00 0.000000e+00
 0.000000e+00 0.000000e+00 9.922664e-01 7.733672e-03 0.000000e+00
 0.000000e+00 0.000000e+00 0.000000e+00 9.920566e-01 7.943379e-03
 0.000000e+00 0.000000e+00 0.000000e+00 0.000000e+00 0.000000e+00
<ENDHMM>
~h "st"
<BEGINHMM>
<NUMSTATES> 5
<STATE> 2
<MEAN> 39
 -2.472683e-01 -1.634955e-01 -2.409858e-01 1.332445e-01 1.392543e-01 -3.115552e-01 -2.828366e-02 4.007788e-01 2.941899e-01 -1.157480e-01 -2.743104e-01 -2.760484e-01 6.696451e-01 -7.560664e-02 -1.597333e-01 5.434182e-02 -1.582096e-01 -1.222524e-01 -1.826590e-01 -7.535516e-02 -1.014051e-02 8.214087e-03 -1.884095e-02 5.514116e-04 -3.052775e-03 3.873075e-01 1.940776e-02 1.515857e-02 7.265698e-03 1.478892e-02 1.545520e-02 2.655842e-02 2.674525e-02 6.054623e-03 3.152501e-03 1.081887e-02 3.744880e-03 7.325610e-03 -4.911480e-02
<VARIANCE> 39
 1.565484e+01 2.303669e+01 1.446374e+01 2.268918e+01 2.211435e+01 2.782173e+01 2.077512e+01 2.016735e+01 1.799653e+01 2.030334e+01 1.741138e+01 1.482399e+01 5.223283e+01 9.358325e-01 1.145616e+00 9.794188e-01 1.583818e+00 1.827622e+00 2.176745e+00 1.840192e+00 1.740031e+00 1.686576e+00 1.872900e+00 1.796895e+00 1.434967e+00 3.260875e+00 1.457489e-01 1.767297e-01 1.743880e-01 2.747374e-01 3.316183e-01 3.737112e-01 3.468834e-01 3.313857e-01 3.253622e-01 3.617868e-01 3.529872e-01 2.758072e-01 4.830975e-01
<GCONST> 1.014161e+02
<STATE> 3
<MEAN> 39
 1.238135e-01 -6.016076e-01 3.588028e-01 -5.561133e-01 -3.929425e-01 -7.520886e-01 -4.447287e-01 -3.091677e-01 -2.097199e-01 -1.869437e-01 3.318232e-02 8.033404e-02 1.315445e+00 3.292959e-02 3.236264e-02 1.218432e-02 4.372399e-02 3.584902e-02 4.981845e-02 2.586154e-02 -9.853089e-03 -5.974762e-03 -8.739062e-03 -8.340693e-03 9.215620e-03 -1.224846e-01 -8.110237e-04 7.122830e-03 -8.125392e-03 9.526578e-03 5.643088e-03 1.007114e-02 7.699067e-04 -1.365310e-03 -5.204727e-03 -3.997817e-04 -9.710330e-04 -1.750666e-03 -1.072638e-02
<VARIANCE> 39
 1.371754e+01 1.335590e+01 1.228806e+01 2.140358e+01 1.853152e+01 2.296625e+01 1.860520e+01 1.954265e+01 1.888974e+01 1.780645e+01 1.567432e+01 1.414243e+01 6.179623e+01 5.575337e-01 5.356792e-01 6.542417e-01 1.236195e+00 1.257682e+00 1.548451e+00 1.592630e+00 1.650096e+00 1.575328e+00 1.575780e+00 1.520112e+00 1.337294e+00 2.068405e+00 8.676232e-02 9.138454e-02 1.247811e-01 2.286025e-01 2.455398e-01 3.094765e-01 3.252411e-01 3.443437e-01 3.205485e-01 3.261640e-01 3.183843e-01 2.765370e-01 2.669240e-01
<GCONST> 9.314079e+01
<STATE> 4
<MEAN> 39
 9.890997e-04 1.883583e-01 -6.443550e-02 1.338720e-01 8.820944e-02 2.506373e-01 1.261403e-01 2.819126e-02 1.596472e-02 6.772087e-02 2.970605e-02 1.700149e-02 -4.560309e-01 -1.437534e-03 1.418678e-02 -9.241764e-03 1.049188e-02 9.790005e-03 2.333188e-02 1.135298e-02 2.326535e-03 -6.554133e-05 4.113077e-03 7.248326e-04 1.845013e-03 -3.010776e-02 6.192290e-05 -1.412362e-03 -2.966774e-04 -2.375684e-03 -2.088519e-03 -1.934255e-03 -1.719722e-03 5.701919e-04 1.472169e-03 5.644255e-04 1.826046e-04 2.312964e-04 2.442224e-03
<VARIANCE> 39
 1.008202e+01 9.766358e+00 9.557144e+00 1.499815e+01 1.596806e+01 1.897827e+01 1.699759e+01 1.700166e+01 1.641762e+01 1.557730e+01 1.408870e+01 1.289548e+01 1.917472e+01 4.303688e-01 5.668388e-01 6.553819e-01 1.007084e+00 1.204338e+00 1.434629e+00 1.453477e+00 1.530759e+00 1.538881e+00 1.515315e+00 1.423198e+00 1.275434e+00 7.588253e-01 6.857715e-02 9.785520e-02 1.249679e-01 1.867459e-01 2.335788e-01 2.794636e-01 2.895302e-01 3.093388e-01 3.135615e-01 3.103794e-01 2.913909e-01 2.608908e-01 1.079988e-01
<GCONST> 8.596378e+01
<TRANSP> 5
 0.000000e+00 1.000000e+00 0.000000e+00 0.000000e+00 0.000000e+00
 0.000000e+00 9.583192e-01 4.168080e-02 0.000000e+00 0.000000e+00
 0.000000e+00 0.000000e+00 9.785226e-01 2.147739e-02 0.000000e+00
 0.000000e+00 0.000000e+00 0.000000e+00 9.941016e-01 5.898441e-03
 0.000000e+00 0.000000e+00 0.000000e+00 0.000000e+00 0.000000e+00
<ENDHMM>
~h "spe"
<BEGINHMM>
<NUMSTATES> 5
<STATE> 2
<MEAN> 39
 -3.399149e-01 6.578202e-01 2.586105e-01 -3.556140e-01 7.960604e-02 -4.847834e-02 8.874181e-02 -1.089411e-02 -3.150626e-01 -2.178110e-02 3.104496e-01 1.659872e-01 8.994605e-02 4.732570e-02 -1.133122e-01 7.650439e-02 -1.203821e-01 -1.067436e-01 -7.644124e-02 -7.626055e-02 3.226574e-02 2.499049e-02 6.811629e-02 1.737022e-02 -4.428793e-02 1.830703e-01 -7.387755e-03 -2.398889e-02 2.140411e-03 1.147651e-02 -1.162526e-02 -6.007443e-03 -3.600500e-03 -1.147088e-02 1.880550e-03 2.193001e-03 -1.651826e-02 1.368856e-03 4.877450e-03
<VARIANCE> 39
 3.115671e+01 3.213624e+01 6.425353e+01 6.561636e+01 4.496791e+01 5.158600e+01 4.794094e+01 5.077930e+01 3.683705e+01 3.146595e+01 3.063600e+01 2.903869e+01 2.935032e+01 9.051328e-01 1.327302e+00 1.635099e+00 2.030414e+00 2.355380e+00 2.231017e+00 2.368344e+00 2.815448e+00 2.755811e+00 2.199803e+00 2.163889e+00 1.967414e+00 6.806595e-01 1.188059e-01 1.834429e-01 2.248634e-01 3.145629e-01 3.646684e-01 4.135717e-01 3.931307e-01 4.757554e-01 4.672538e-01 4.007184e-01 4.035578e-01 3.701251e-01 7.251780e-02
<GCONST> 1.112672e+02
<STATE> 3
<MEAN> 39
 8.636822e-01 -2.181736e+00 2.174868e+00 -2.419303e+00 -2.183306e+00 -5.871905e-01 -2.559339e+00 -5.462561e-01 -1.118038e+00 -3.846669e-01 -6.637731e-01 -1.398822e+00 4.408214e+00 -2.265375e-02 2.533997e-02 -3.969036e-02 7.292666e-02 6.919076e-02 7.494391e-03 -2.794448e-02 -5.969761e-02 -2.462317e-02 -5.382357e-02 -8.258885e-02 -1.568241e-02 -1.833327e-02 -5.913216e-03 2.785536e-02 -1.826693e-02 1.272234e-02 1.518342e-02 6.994120e-03 1.704204e-02 2.873150e-03 -1.677134e-03 -6.038417e-03 7.584161e-03 7.996145e-03 -2.377892e-02
<VARIANCE> 39
 1.784743e+01 3.520680e+01 6.260591e+01 3.243012e+01 5.735717e+01 4.380990e+01 2.617940e+01 4.486053e+01 2.854175e+01 3.144451e+01 3.885185e+01 3.056426e+01 1.062980e+01 5.191262e-01 9.606076e-01 1.099224e+00 1.217068e+00 1.964599e+00 1.845504e+00 1.561448e+00 2.065470e+00 1.862852e+00 1.991387e+00 1.805800e+00 1.621174e+00 2.834371e-01 6.752628e-02 1.188762e-01 1.621617e-01 1.980063e-01 3.183869e-01 3.326754e-01 3.056924e-01 3.680593e-01 3.686616e-01 3.896105e-01 3.205949e-01 2.820027e-01 2.951759e-02
<GCONST> 9.949544e+01
<STATE> 4
<MEAN> 39
 -9.774974e-02 2.684774e-01 -3.657638e-01 4.141631e-01 3.307742e-01 9.646274e-02 3.882368e-01 8.606633e-02 2.075738e-01 6.212102e-02 6.984190e-02 1.995855e-01 -6.947573e-01 -4.748085e-03 5.920431e-03 -8.248306e-03 1.396070e-02 1.143302e-02 1.187479e-02 1.863575e-02 8.934711e-03 4.963053e-03 7.309516e-03 1.205189e-02 8.989702e-03 -2.318019e-02 6.123300e-04 -9.364953e-04 1.535439e-03 -5.471452e-04 3.446574e-04 1.352837e-03 2.977637e-04 5.145317e-04 -2.480381e-04 1.123528e-03 -1.566394e-04 -2.921727e-04 3.584780e-04
<VARIANCE> 39
 1.303730e+01 2.031771e+01 3.029340e+01 2.200714e+01 3.989756e+01 3.218701e+01 3.200820e+01 2.869949e+01 2.678015e+01 2.513075e+01 2.634564e+01 2.389192e+01 1.385812e+01 3.534835e-01 6.444597e-01 8.457232e-01 1.003455e+00 1.427827e+00 1.484884e+00 1.552407e+00 1.705574e+00 1.717542e+00 1.645056e+00 1.639217e+00 1.504398e+00 2.093258e-01 4.813844e-02 9.378126e-02 1.289247e-01 1.687197e-01 2.368246e-01 2.637754e-01 2.847248e-01 3.241695e-01 3.277667e-01 3.164244e-01 3.112288e-01 2.857755e-01 2.228209e-02
<GCONST> 9.091006e+01
<TRANSP> 5
 0.000000e+00 1.000000e+00 0.000000e+00 0.000000e+00 0.000000e+00
 0.000000e+00 9.696583e-01 3.034166e-02 0.000000e+00 0.000000e+00
 0.000000e+00 0.000000e+00 9.790474e-01 2.095264e-02 0.000000e+00
 0.000000e+00 0.000000e+00 0.000000e+00 9.967436e-01 3.256374e-03
 0.000000e+00 0.000000e+00 0.000000e+00 0.000000e+00 0.000000e+00
<ENDHMM>
