~o
<STREAMINFO> 1 39
<VECSIZE> 39<NULLD><MFCC_D_A_Z_0><DIAGC>
~h "ap"
<BEGINHMM>
<NUMSTATES> 5
<STATE> 2
<MEAN> 39
 -4.241512e+00 3.260028e+00 1.502165e+00 -1.177651e+00 -3.221660e+00 5.640792e-02 -5.726711e-01 1.231585e+00 2.282107e+00 8.762000e-01 -1.041052e+00 6.167905e-02 3.783229e+00 -8.015106e-01 -1.257969e+00 -7.323050e-01 -2.340001e-01 -5.264246e-01 -6.956177e-01 -3.865975e-01 -5.282302e-01 -2.511755e-01 -2.527747e-01 -1.877200e-01 -2.987099e-01 2.382243e+00 1.931408e-01 1.685226e-01 6.715821e-02 -3.898914e-02 2.464440e-01 2.880540e-01 1.581212e-01 7.613497e-02 5.400213e-02 1.153960e-01 1.538250e-02 -4.928587e-02 -5.514137e-01
<VARIANCE> 39
 4.637860e+01 5.661537e+01 3.433039e+01 2.113952e+01 2.948939e+01 6.096929e+01 3.239285e+01 2.718760e+01 2.562092e+01 2.878619e+01 2.161287e+01 1.643450e+01 2.227355e+02 4.357634e+00 3.930187e+00 1.522771e+00 2.090558e+00 3.606423e+00 5.232339e+00 2.479303e+00 2.375272e+00 2.230979e+00 2.498949e+00 2.114851e+00 1.830498e+00 1.608769e+01 6.684717e-01 6.228074e-01 2.439701e-01 3.546324e-01 5.622176e-01 8.105223e-01 3.821501e-01 3.712837e-01 3.600821e-01 4.064014e-01 3.241729e-01 3.032329e-01 2.699127e+00
<GCONST> 1.235428e+02
<STATE> 3
<MEAN> 39
 -1.044132e+00 6.217360e-02 -9.783179e-02 2.452536e-01 1.203427e+00 8.740559e-01 3.338734e-01 -6.452527e-01 3.211323e-01 -1.816728e-01 -2.587561e-01 -1.886214e-01 6.099417e-02 3.014962e-01 2.400385e-01 2.089258e-01 9.346246e-02 2.258337e-01 2.249713e-01 1.215596e-01 8.134542e-02 3.170365e-02 6.300574e-02 8.980310e-02 3.519512e-02 -7.833591e-01 -5.152438e-03 1.585801e-02 1.138515e-02 7.719940e-03 -1.805431e-02 -1.945393e-02 -1.205164e-02 8.535000e-03 2.680155e-03 -2.125059e-03 2.424687e-03 1.044318e-02 1.317651e-02
<VARIANCE> 39
 1.822091e+01 3.580553e+01 2.425347e+01 1.770444e+01 2.732637e+01 2.762835e+01 1.935286e+01 2.313678e+01 2.109797e+01 1.995900e+01 1.554011e+01 1.358502e+01 9.698033e+01 1.067516e-01 2.339268e-01 3.688930e-01 6.412942e-01 8.595274e-01 9.732416e-01 1.014262e+00 1.169891e+00 1.258932e+00 1.325907e+00 1.206021e+00 1.228450e+00 7.155666e-02 1.777485e-02 4.307957e-02 7.261445e-02 1.253578e-01 1.636559e-01 2.041939e-01 1.989448e-01 2.374850e-01 2.561251e-01 2.830589e-01 2.479911e-01 2.642947e-01 6.083957e-03
<GCONST> 7.727398e+01
<STATE> 4
<MEAN> 39
 2.598209e-01 -9.457394e-02 -2.561751e-02 -3.850392e-03 -8.614562e-02 -1.255948e-01 -3.234517e-02 5.923005e-02 -1.056215e-01 2.750393e-03 6.412375e-02 2.516024e-02 -1.081650e-01 7.018822e-04 -1.120372e-02 -6.047161e-03 7.328710e-03 -3.525317e-03 -9.885015e-03 -3.933748e-04 7.795930e-04 -2.804500e-03 -3.177991e-03 -3.071253e-03 -2.049053e-03 6.845830e-03 -3.536289e-04 -6.440281e-04 -3.571835e-04 3.897501e-04 -1.069020e-04 -5.698288e-04 -1.667112e-04 7.383650e-04 -2.814041e-04 -6.782761e-05 -6.711970e-04 2.262177e-05 5.809185e-04
<VARIANCE> 39
 1.819205e+01 3.751255e+01 1.976300e+01 1.763632e+01 2.684702e+01 3.105476e+01 2.119282e+01 2.359788e+01 2.155208e+01 1.813775e+01 1.629622e+01 1.405808e+01 1.055933e+02 9.750393e-01 1.198198e+00 7.987517e-01 9.646599e-01 1.716753e+00 2.008344e+00 1.407232e+00 1.431408e+00 1.579049e+00 1.544526e+00 1.387290e+00 1.350177e+00 5.641592e+00 1.564148e-01 1.848235e-01 1.321111e-01 1.796229e-01 3.176696e-01 3.886155e-01 2.669278e-01 2.671908e-01 3.155037e-01 3.184045e-01 2.756753e-01 2.852607e-01 8.542464e-01
<GCONST> 1.011262e+02
<TRANSP> 5
 0.000000e+00 1.000000e+00 0.000000e+00 0.000000e+00 0.000000e+00
 0.000000e+00 8.447520e-01 1.552480e-01 0.000000e+00 0.000000e+00
 0.000000e+00 0.000000e+00 9.712434e-01 2.875664e-02 0.000000e+00
 0.000000e+00 0.000000e+00 0.000000e+00 9.959167e-01 4.083300e-03
 0.000000e+00 0.000000e+00 0.000000e+00 0.000000e+00 0.000000e+00
<ENDHMM>
~h "cl"
<BEGINHMM>
<NUMSTATES> 5
<STATE> 2
<MEAN> 39
 7.496034e+00 -1.195235e+00 -2.207790e+00 1.081176e+00 3.095169e+00 -3.692090e+00 1.932518e+00 3.817288e+00 -2.159014e+00 1.442297e+00 3.590152e+00 -3.721578e+00 -5.670123e+00 -3.838910e-01 7.151631e-02 6.192788e-02 -8.045987e-03 -1.575955e-01 1.696919e-01 -4.793438e-02 -2.365700e-01 1.504325e-01 2.182909e-02 -2.135142e-01 1.577253e-01 3.042330e-01 -7.645278e-02 -1.349437e-05 2.177723e-02 -1.568248e-02 -4.019553e-02 3.543501e-02 -3.347106e-02 -5.865222e-02 3.377004e-02 -3.119257e-02 -5.551035e-02 4.046423e-02 6.203490e-02
<VARIANCE> 39
 3.971509e+01 1.903693e+01 1.285085e+01 9.886093e+00 1.882379e+01 3.068233e+01 2.122246e+01 3.381807e+01 3.154748e+01 2.530094e+01 3.659045e+01 3.044027e+01 2.002592e+01 2.882500e+00 8.525807e-01 7.693799e-01 9.200431e-01 1.393621e+00 1.949443e+00 1.733530e+00 2.444728e+00 2.462015e+00 2.002020e+00 2.413596e+00 1.956694e+00 1.657769e+00 3.963600e-01 1.259148e-01 1.212807e-01 1.648946e-01 2.159825e-01 3.046046e-01 2.884876e-01 4.168046e-01 4.079460e-01 3.829679e-01 4.212965e-01 3.127420e-01 2.273333e-01
<GCONST> 1.023160e+02
<STATE> 3
<MEAN> 39
 2.980353e-01 -3.217515e-01 4.505491e-01 2.313348e-01 -9.969693e-01 1.166432e+00 -1.585775e-01 -7.035722e-01 1.436726e+00 -3.486106e-02 -6.678833e-01 5.421529e-01 -1.877251e-01 -1.379763e-01 -2.791002e-03 8.259004e-03 -2.210980e-02 9.334878e-04 8.693282e-03 -2.830263e-02 6.865266e-03 -6.793901e-02 -3.634224e-02 -2.218596e-02 -1.603537e-02 1.307489e-01 3.903667e-02 -1.728668e-03 -5.570273e-03 -4.860176e-03 1.961799e-02 -8.068935e-03 4.574264e-03 2.170207e-02 -1.668275e-02 1.153623e-02 1.599340e-02 -1.947361e-02 -3.234423e-02
<VARIANCE> 39
 4.454383e+01 1.068216e+01 1.607146e+01 1.442169e+01 2.047751e+01 3.206966e+01 2.484941e+01 3.239277e+01 3.072519e+01 2.204222e+01 2.194219e+01 1.936833e+01 3.652247e+01 2.758986e+00 5.890625e-01 9.424559e-01 1.059314e+00 1.528807e+00 2.629532e+00 1.859332e+00 2.575897e+00 2.605024e+00 1.813727e+00 1.674017e+00 1.741297e+00 2.212492e+00 4.903227e-01 1.084323e-01 1.666770e-01 2.032138e-01 2.916977e-01 5.045496e-01 3.576651e-01 4.747138e-01 5.160423e-01 3.522901e-01 3.229548e-01 3.413448e-01 3.938703e-01
<GCONST> 1.046420e+02
<STATE> 4
<MEAN> 39
 -4.781258e-01 1.310624e-01 3.319562e-02 -1.066179e-01 2.649955e-02 -2.705222e-02 -7.619768e-02 -7.247575e-02 -1.666901e-01 -7.356021e-02 -6.693033e-02 9.940293e-02 3.541237e-01 7.193438e-02 -5.831334e-03 -2.652684e-03 -1.346957e-03 5.564648e-03 -1.178130e-02 -2.385748e-03 -9.241554e-04 7.041296e-03 -3.530912e-04 1.587457e-02 -2.587036e-03 -5.789942e-02 5.248734e-04 -1.173762e-04 -9.865524e-04 1.505937e-03 -2.524042e-04 -4.239981e-03 -8.058841e-05 1.170832e-03 -7.192549e-04 5.666203e-04 1.352033e-03 6.553264e-05 -4.357691e-04
<VARIANCE> 39
 3.765243e+01 7.987974e+00 1.313095e+01 1.144444e+01 1.577118e+01 2.679779e+01 2.135786e+01 2.587999e+01 2.572139e+01 2.017271e+01 1.936452e+01 1.912764e+01 2.363017e+01 1.284933e+00 5.018176e-01 8.834862e-01 9.234701e-01 1.238200e+00 1.947461e+00 1.723456e+00 2.077271e+00 2.158635e+00 1.782397e+00 1.612685e+00 1.727208e+00 9.739012e-01 2.349259e-01 9.270518e-02 1.725046e-01 1.851461e-01 2.358100e-01 3.742274e-01 3.354712e-01 3.949429e-01 4.256989e-01 3.566031e-01 3.221413e-01 3.396803e-01 1.805295e-01
<GCONST> 9.641566e+01
<TRANSP> 5
 0.000000e+00 1.000000e+00 0.000000e+00 0.000000e+00 0.000000e+00
 0.000000e+00 9.255860e-01 7.441399e-02 0.000000e+00 0.000000e+00
 0.000000e+00 0.000000e+00 9.792177e-01 2.078230e-02 0.000000e+00
 0.000000e+00 0.000000e+00 0.000000e+00 9.958451e-01 4.154937e-03
 0.000000e+00 0.000000e+00 0.000000e+00 0.000000e+00 0.000000e+00
<ENDHMM>
~h "cm"
<BEGINHMM>
<NUMSTATES> 5
<STATE> 2
<MEAN> 39
 -3.122144e+00 4.013887e-01 3.925224e-01 -4.872875e-01 1.858287e-01 8.493761e-01 1.336471e+00 2.172683e+00 1.731603e+00 1.416169e+00 1.731496e+00 8.506891e-01 -5.589033e+00 8.521911e-02 -3.366159e-02 -6.501159e-02 -1.124076e-01 -8.471833e-02 -1.164125e-01 -1.144046e-01 -1.055823e-01 -7.691150e-02 -5.224812e-02 -9.247787e-02 -2.939708e-03 5.395705e-01 2.741634e-02 -1.159963e-03 -1.249975e-02 7.189436e-04 -8.786120e-03 -6.252675e-03 -1.102909e-02 -2.347393e-02 -2.595904e-02 -5.705927e-03 -7.097050e-03 -1.394125e-02 2.187829e-02
<VARIANCE> 39
 1.382433e+01 1.403179e+01 1.192921e+01 1.611122e+01 1.457754e+01 1.570387e+01 1.659513e+01 1.775922e+01 1.687535e+01 1.620429e+01 1.768584e+01 1.432351e+01 3.114380e+01 6.031142e-01 7.176365e-01 7.928182e-01 1.079914e+00 1.204227e+00 1.480106e+00 1.554939e+00 1.705664e+00 1.613142e+00 1.540602e+00 1.554940e+00 1.377134e+00 1.013113e+00 7.818000e-02 1.118804e-01 1.388292e-01 1.823146e-01 2.168741e-01 2.687801e-01 2.885111e-01 3.120582e-01 2.959132e-01 2.944935e-01 2.793711e-01 2.536866e-01 1.213848e-01
<GCONST> 8.929143e+01
<STATE> 3
<MEAN> 39
 -8.215804e-01 -8.896677e-01 -6.807339e-01 -9.617665e-01 -6.085936e-01 -3.692712e-01 -3.642505e-01 1.270065e-02 -8.075779e-02 2.202834e-01 8.652810e-02 2.136479e-01 2.380261e+00 4.556002e-02 -2.838520e-02 -1.789288e-03 8.267875e-03 6.035240e-03 -4.364842e-03 -2.038413e-02 -2.652295e-02 -1.962938e-02 -2.729562e-02 -3.481406e-02 -2.040897e-02 1.532216e-01 -2.234244e-03 5.287754e-03 8.463779e-03 1.262687e-02 1.131114e-02 1.106654e-02 1.185235e-02 7.447397e-03 4.467795e-03 -2.004452e-03 3.650624e-03 1.292933e-03 -2.478142e-02
<VARIANCE> 39
 9.924635e+00 8.758353e+00 8.946163e+00 1.139073e+01 1.290730e+01 1.457746e+01 1.501428e+01 1.625027e+01 1.626608e+01 1.483817e+01 1.507927e+01 1.253389e+01 2.741393e+01 2.840537e-01 4.194647e-01 5.775476e-01 8.152081e-01 1.035298e+00 1.278628e+00 1.325833e+00 1.385276e+00 1.491564e+00 1.426298e+00 1.328875e+00 1.226680e+00 4.587407e-01 4.322907e-02 7.337032e-02 1.085287e-01 1.566833e-01 2.070176e-01 2.624189e-01 2.666216e-01 2.770979e-01 3.056144e-01 2.930203e-01 2.669605e-01 2.480376e-01 5.835824e-02
<GCONST> 8.069702e+01
<STATE> 4
<MEAN> 39
 1.423190e+00 5.661476e-01 4.111797e-01 8.494965e-01 4.101639e-01 5.898563e-02 -7.035355e-02 -5.696279e-01 -3.855859e-01 -5.308540e-01 -5.114676e-01 -3.800928e-01 -3.508057e-01 4.895787e-02 5.399319e-02 5.286962e-02 7.702376e-02 5.907030e-02 4.110403e-02 4.545522e-02 -4.253748e-03 5.282488e-03 6.641469e-03 1.823510e-02 5.032564e-03 -2.876888e-01 -3.625633e-03 -2.454782e-03 -2.832957e-03 -6.201768e-03 -3.846888e-03 -1.792544e-03 -1.069636e-03 1.819011e-03 2.714508e-03 1.254482e-03 5.991891e-04 2.739226e-03 -1.618568e-03
<VARIANCE> 39
 9.403904e+00 6.845417e+00 7.359288e+00 1.007690e+01 1.092890e+01 1.169116e+01 1.310117e+01 1.389091e+01 1.346150e+01 1.292052e+01 1.312087e+01 1.146364e+01 3.805600e+01 1.843198e-01 2.829189e-01 4.317294e-01 6.548899e-01 8.396462e-01 9.885557e-01 1.162218e+00 1.235522e+00 1.290536e+00 1.287325e+00 1.265266e+00 1.141542e+00 2.152709e-01 2.745563e-02 5.000602e-02 8.144832e-02 1.263689e-01 1.631872e-01 1.935221e-01 2.302041e-01 2.452918e-01 2.571105e-01 2.624102e-01 2.552378e-01 2.297540e-01 1.728690e-02
<GCONST> 7.222475e+01
<TRANSP> 5
 0.000000e+00 1.000000e+00 0.000000e+00 0.000000e+00 0.000000e+00
 0.000000e+00 9.347895e-01 6.521046e-02 0.000000e+00 0.000000e+00
 0.000000e+00 0.000000e+00 9.776662e-01 2.233374e-02 0.000000e+00
 0.000000e+00 0.000000e+00 0.000000e+00 9.831902e-01 1.680986e-02
 0.000000e+00 0.000000e+00 0.000000e+00 0.000000e+00 0.000000e+00
<ENDHMM>
~h "co"
<BEGINHMM>
<NUMSTATES> 5
<STATE> 2
<MEAN> 39
 -1.282734e+00 -3.232953e-01 -5.007805e-01 -4.655138e-01 -5.618798e+00 -2.975231e-01 1.265629e+00 4.324095e+00 4.266146e+00 1.765192e+00 4.870315e-01 1.580217e+00 -7.779067e-01 -4.741833e-01 -9.674440e-02 1.946052e-01 -3.051777e-01 -3.922396e-01 -6.236647e-01 -1.734727e-01 -5.497830e-01 -7.331687e-01 -7.095041e-01 -2.984308e-01 -2.353669e-01 1.886075e+00 -3.152563e-02 3.156550e-02 -1.915101e-02 2.755191e-02 2.620564e-01 1.564398e-01 1.311744e-01 3.217736e-02 -5.058730e-02 6.926691e-02 1.254303e-01 4.366871e-02 -1.129717e-01
<VARIANCE> 39
 1.501327e+01 2.439332e+01 2.695657e+01 2.566719e+01 8.648889e+01 4.859770e+01 5.748251e+01 5.813355e+01 5.687822e+01 4.087132e+01 3.932510e+01 2.655340e+01 9.808762e+01 1.046708e+00 2.067359e+00 1.699143e+00 1.832261e+00 6.118963e+00 3.332797e+00 4.015346e+00 3.205562e+00 5.115661e+00 3.199731e+00 2.653914e+00 2.584361e+00 4.375210e+00 1.242733e-01 3.487034e-01 2.668974e-01 2.581172e-01 7.768680e-01 5.235338e-01 6.628847e-01 5.416229e-01 9.304262e-01 5.655552e-01 4.441729e-01 4.457986e-01 4.582792e-01
<GCONST> 1.227608e+02
<STATE> 3
<MEAN> 39
 -1.826688e+00 -1.374950e+00 -1.593025e+00 -1.254715e+00 -2.115511e+00 -1.874999e+00 -1.140041e-01 -1.142608e+00 -2.360508e-01 -1.950992e-01 -4.214769e-01 -3.760011e-01 5.013668e+00 1.025567e-01 -2.176221e-02 -2.206543e-02 4.218788e-02 1.485543e-01 3.916348e-02 -7.966562e-02 -8.518866e-02 -2.929367e-02 3.836107e-02 2.160714e-02 -4.583471e-02 -1.252528e-01 2.203057e-02 7.713519e-03 8.455686e-03 1.276321e-02 -5.390042e-03 -5.340917e-04 -9.919341e-03 5.808182e-03 9.745117e-03 -4.343139e-04 -9.251907e-03 -3.079806e-03 -3.599287e-02
<VARIANCE> 39
 1.183217e+01 9.264600e+00 1.441217e+01 1.658195e+01 2.691822e+01 2.127008e+01 3.546096e+01 3.457443e+01 2.939429e+01 2.625326e+01 2.539366e+01 2.493431e+01 3.086500e+01 4.460634e-01 7.050410e-01 9.008708e-01 1.126888e+00 2.095313e+00 1.535583e+00 2.109594e+00 2.223789e+00 2.780078e+00 2.291172e+00 2.073730e+00 1.725016e+00 9.596922e-01 6.428312e-02 1.363660e-01 1.599994e-01 2.064534e-01 3.692523e-01 2.934941e-01 3.784683e-01 4.161282e-01 5.674776e-01 4.621320e-01 4.051784e-01 3.224376e-01 1.147452e-01
<GCONST> 9.874232e+01
<STATE> 4
<MEAN> 39
 1.672796e+00 1.169286e+00 1.372396e+00 1.090887e+00 2.515425e+00 1.574483e+00 -8.382707e-02 3.292891e-01 -4.037438e-01 -8.740151e-02 2.764484e-01 8.635885e-02 -3.990027e+00 4.131882e-02 9.922872e-02 4.720009e-02 4.371560e-02 1.132028e-01 8.285087e-02 6.796364e-02 7.876021e-02 9.505046e-03 1.011421e-02 1.852557e-02 4.337969e-02 -2.501808e-01 -5.346758e-03 -2.394283e-03 -1.013012e-02 -6.105005e-03 -1.032158e-02 -6.748216e-03 1.018723e-03 2.165663e-03 3.977269e-03 2.754124e-03 -7.457610e-04 -1.385152e-03 6.680690e-03
<VARIANCE> 39
 1.029068e+01 1.510398e+01 1.566366e+01 1.657720e+01 3.397559e+01 2.254207e+01 3.966995e+01 3.255430e+01 2.330056e+01 2.595812e+01 2.419423e+01 2.085639e+01 6.068810e+01 3.087827e-01 5.933487e-01 7.131289e-01 9.616073e-01 1.893279e+00 1.440180e+00 1.776042e+00 1.725397e+00 1.874086e+00 1.849773e+00 1.726675e+00 1.518461e+00 1.026006e+00 4.437980e-02 1.066865e-01 1.284602e-01 1.843510e-01 3.431140e-01 2.754059e-01 3.262616e-01 3.236635e-01 3.659242e-01 3.696558e-01 3.454856e-01 3.052576e-01 9.454387e-02
<GCONST> 9.479134e+01
<TRANSP> 5
 0.000000e+00 1.000000e+00 0.000000e+00 0.000000e+00 0.000000e+00
 0.000000e+00 8.868296e-01 1.131704e-01 0.000000e+00 0.000000e+00
 0.000000e+00 0.000000e+00 9.806371e-01 1.936284e-02 0.000000e+00
 0.000000e+00 0.000000e+00 0.000000e+00 9.841703e-01 1.582973e-02
 0.000000e+00 0.000000e+00 0.000000e+00 0.000000e+00 0.000000e+00
<ENDHMM>
~h "ds"
<BEGINHMM>
<NUMSTATES> 5
<STATE> 2
<MEAN> 39
 -2.046331e+00 -9.206056e-01 -6.746498e-01 -1.368122e+00 -2.025746e+00 -2.173778e+00 1.698501e+00 -4.946948e-01 9.477686e-01 1.783193e+00 1.761772e+00 1.451454e+00 4.415847e+00 -3.080543e-01 3.449818e-02 -2.010339e-01 -1.900920e-01 -2.764166e-01 -2.163917e-01 -8.932199e-02 -6.251851e-02 3.064661e-02 1.195252e-01 7.221123e-03 -5.198197e-03 9.518193e-01 1.630818e-02 -7.260586e-03 1.050979e-02 2.940629e-02 4.225182e-02 7.871177e-02 1.394041e-02 4.228814e-02 -1.165299e-02 -5.608004e-02 5.070018e-04 1.314642e-02 -4.246198e-02
<VARIANCE> 39
 2.174642e+01 1.173033e+01 1.604341e+01 1.862990e+01 2.696128e+01 2.359909e+01 2.896575e+01 3.723615e+01 2.683821e+01 2.251995e+01 1.904483e+01 1.684019e+01 6.943723e+01 1.859975e+00 8.233690e-01 1.278075e+00 1.588080e+00 2.561773e+00 2.244054e+00 2.321248e+00 2.425845e+00 2.024949e+00 2.266159e+00 1.965791e+00 1.742481e+00 3.846012e+00 2.599686e-01 1.437254e-01 2.166991e-01 3.025747e-01 4.706238e-01 4.603930e-01 3.922264e-01 4.669054e-01 3.541654e-01 4.332316e-01 3.665891e-01 3.306426e-01 5.077732e-01
<GCONST> 1.075853e+02
<STATE> 3
<MEAN> 39
 -5.868242e+00 -1.556983e+00 -4.128798e+00 -3.506901e+00 -6.153992e+00 -3.517966e+00 -1.547165e+00 -4.425458e-01 8.934143e-01 1.353909e+00 1.050392e+00 1.381718e+00 9.277847e+00 3.246551e-01 6.509326e-02 5.778067e-01 7.859397e-01 8.761759e-01 7.911538e-01 4.834385e-01 3.986269e-01 1.249113e-01 -2.764253e-01 2.042120e-02 3.504808e-02 -3.922388e-02 2.187321e-01 8.455849e-02 1.190389e-01 1.270058e-01 1.101428e-01 6.565342e-03 -1.587682e-03 -8.440955e-02 9.476087e-03 8.077281e-02 -5.031485e-02 -2.206111e-02 -4.185913e-01
<VARIANCE> 39
 2.302417e+01 1.537582e+01 1.256183e+01 1.170867e+01 2.019122e+01 1.606057e+01 1.918577e+01 1.443560e+01 1.452971e+01 1.818904e+01 1.636751e+01 1.702756e+01 3.245463e+02 3.641783e+00 2.391197e+00 1.627242e+00 1.281338e+00 1.447394e+00 1.830360e+00 2.108665e+00 1.895980e+00 1.778507e+00 1.689070e+00 1.541407e+00 1.682258e+00 3.426091e+01 7.968582e-01 3.904737e-01 3.107436e-01 3.042468e-01 3.479903e-01 3.784883e-01 5.117691e-01 3.349307e-01 3.652298e-01 3.112619e-01 3.158144e-01 3.583669e-01 6.371468e+00
<GCONST> 1.119601e+02
<STATE> 4
<MEAN> 39
 3.354461e-01 1.198066e-01 1.736063e-01 2.123098e-01 3.419746e-01 2.783412e-01 -9.410670e-02 5.306096e-02 -1.029652e-01 -1.843330e-01 -1.738684e-01 -1.580719e-01 -6.266431e-01 5.104946e-02 2.038939e-03 2.678803e-02 1.800934e-02 4.273227e-02 2.609300e-02 1.257277e-02 6.856226e-03 -7.001547e-03 -1.632119e-02 -1.548634e-02 -1.521481e-02 -1.210375e-01 -1.571573e-03 -4.447782e-04 -3.014492e-03 -4.774529e-03 -5.115630e-03 -3.939992e-03 -1.732169e-03 -7.465280e-04 -6.992486e-04 1.194848e-03 1.075905e-03 7.037955e-04 1.158893e-03
<VARIANCE> 39
 1.312310e+01 1.000309e+01 1.442577e+01 1.474624e+01 1.800612e+01 2.017085e+01 2.174620e+01 1.816455e+01 2.295606e+01 2.165834e+01 1.749463e+01 1.635663e+01 5.045864e+01 5.737958e-01 4.774719e-01 6.689008e-01 9.040132e-01 1.283948e+00 1.417314e+00 1.574174e+00 1.536722e+00 1.744182e+00 1.747348e+00 1.582920e+00 1.351589e+00 8.267402e-01 9.630960e-02 8.451459e-02 1.245511e-01 1.735095e-01 2.522256e-01 2.772356e-01 3.085128e-01 3.056291e-01 3.460529e-01 3.515221e-01 3.209273e-01 2.715828e-01 1.018126e-01
<GCONST> 9.044540e+01
<TRANSP> 5
 0.000000e+00 1.000000e+00 0.000000e+00 0.000000e+00 0.000000e+00
 0.000000e+00 9.240137e-01 7.598636e-02 0.000000e+00 0.000000e+00
 0.000000e+00 0.000000e+00 7.841914e-01 2.158086e-01 0.000000e+00
 0.000000e+00 0.000000e+00 0.000000e+00 9.938021e-01 6.197930e-03
 0.000000e+00 0.000000e+00 0.000000e+00 0.000000e+00 0.000000e+00
<ENDHMM>
~h "kj"
<BEGINHMM>
<NUMSTATES> 5
<STATE> 2
<MEAN> 39
 6.581665e+00 -1.862581e-02 -2.401442e+00 -3.551609e-01 9.117340e-01 -1.333268e+00 -1.469062e+00 -7.443593e-01 -1.775474e-01 2.873583e-01 -1.183901e+00 -2.662469e-01 -3.880510e+00 -3.506593e-01 -2.193032e-01 -8.270025e-02 3.788544e-02 -1.443020e-01 -7.663997e-02 -6.175340e-02 -1.927043e-01 1.060792e-02 -1.681081e-02 4.789853e-02 2.931701e-02 5.039723e-01 3.699881e-03 -5.616166e-03 6.016417e-03 -7.434519e-03 7.840469e-03 1.496454e-02 1.438213e-02 1.919741e-02 4.415696e-03 3.844927e-03 -9.439453e-03 -6.640875e-03 -4.904024e-03
<VARIANCE> 39
 1.844389e+01 2.408274e+01 1.283031e+01 1.713789e+01 2.010258e+01 2.575079e+01 2.174337e+01 2.181004e+01 1.965342e+01 1.851066e+01 1.518732e+01 1.746369e+01 2.035569e+01 9.928814e-01 1.300064e+00 1.083284e+00 1.043890e+00 1.598058e+00 1.823009e+00 2.233404e+00 1.905574e+00 1.827089e+00 1.978351e+00 1.416865e+00 1.353653e+00 1.030204e+00 1.510625e-01 2.132046e-01 1.731534e-01 1.904860e-01 2.719649e-01 3.290015e-01 4.152430e-01 3.449139e-01 3.383940e-01 3.712696e-01 2.686472e-01 2.432750e-01 1.408269e-01
<GCONST> 9.696291e+01
<STATE> 3
<MEAN> 39
 3.835457e+00 -4.308907e+00 -4.364152e+00 -2.097783e-01 1.052318e+00 -2.852261e+00 -4.215423e+00 -2.942461e+00 -7.391192e-01 -2.725645e-01 -9.990522e-02 7.126901e-01 2.455589e+00 -1.253079e-01 1.610746e-01 3.139523e-02 3.668772e-03 6.408268e-02 7.086163e-02 3.416103e-02 7.008217e-02 -1.599987e-02 3.024661e-02 1.665743e-02 1.491497e-02 -7.579463e-02 -1.277513e-02 3.255449e-02 3.537672e-02 -4.911109e-03 -5.188840e-03 1.337349e-02 2.034390e-02 3.056156e-02 4.431918e-03 9.062479e-04 4.638106e-03 3.075861e-03 -2.052431e-02
<VARIANCE> 39
 1.220174e+01 1.653614e+01 1.026149e+01 1.544964e+01 1.392617e+01 2.020578e+01 2.444229e+01 1.691268e+01 1.820041e+01 1.737769e+01 1.613800e+01 1.489169e+01 1.716890e+01 5.269505e-01 7.206125e-01 6.776205e-01 8.789898e-01 1.122493e+00 1.337061e+00 1.577344e+00 1.658008e+00 1.530405e+00 1.620533e+00 1.574329e+00 1.287082e+00 5.718163e-01 9.221292e-02 1.182979e-01 1.293353e-01 1.681536e-01 2.271951e-01 2.511303e-01 3.204961e-01 3.367590e-01 3.064870e-01 3.325231e-01 3.243307e-01 2.558078e-01 9.220423e-02
<GCONST> 8.813952e+01
<STATE> 4
<MEAN> 39
 -6.272674e-01 3.567817e-01 4.737459e-01 3.407990e-02 -1.299266e-01 2.984821e-01 4.174791e-01 2.781520e-01 6.942338e-02 8.958529e-03 6.409786e-02 -4.630561e-02 -1.977273e-02 3.584277e-02 -1.214286e-02 1.465697e-04 -5.181474e-03 4.388800e-03 -3.140103e-03 1.273817e-03 -1.253186e-03 5.783457e-03 -5.020102e-03 7.220460e-04 3.424459e-04 -2.032440e-02 2.543548e-03 -1.380665e-03 -1.904059e-03 1.247602e-04 5.157033e-04 -4.741032e-04 3.842981e-04 -7.214919e-04 7.734966e-04 1.190375e-04 -3.275546e-04 1.973252e-04 -1.258835e-03
<VARIANCE> 39
 2.690062e+01 3.053333e+01 1.450852e+01 1.359579e+01 1.514078e+01 2.281511e+01 2.614993e+01 2.067351e+01 1.724659e+01 1.934620e+01 1.572991e+01 1.431207e+01 2.881813e+01 5.681548e-01 7.498391e-01 7.050726e-01 9.398676e-01 1.179848e+00 1.451627e+00 1.634701e+00 1.604314e+00 1.625442e+00 1.670519e+00 1.469042e+00 1.321020e+00 6.374168e-01 9.352751e-02 1.279737e-01 1.312093e-01 1.830362e-01 2.295888e-01 2.855348e-01 3.181593e-01 3.211430e-01 3.308239e-01 3.342031e-01 2.959282e-01 2.687918e-01 9.068867e-02
<GCONST> 9.155271e+01
<TRANSP> 5
 0.000000e+00 1.000000e+00 0.000000e+00 0.000000e+00 0.000000e+00
 0.000000e+00 9.239494e-01 7.605058e-02 0.000000e+00 0.000000e+00
 0.000000e+00 0.000000e+00 9.565667e-01 4.343329e-02 0.000000e+00
 0.000000e+00 0.000000e+00 0.000000e+00 9.964125e-01 3.587463e-03
 0.000000e+00 0.000000e+00 0.000000e+00 0.000000e+00 0.000000e+00
<ENDHMM>
~h "kn"
<BEGINHMM>
<NUMSTATES> 5
<STATE> 2
<MEAN> 39
 -3.820058e+00 -3.777569e-01 -1.886535e+00 -2.881530e+00 -3.219913e+00 -1.066262e+00 -2.225572e-01 -1.662601e+00 6.625395e-01 -4.845357e-01 -6.861480e-03 -2.080337e+00 1.959851e+00 1.843137e-01 2.537566e-01 -9.166935e-02 1.834499e-01 2.933213e-01 -5.089466e-01 6.612376e-01 -6.440821e-02 1.281620e+00 3.708919e-01 2.123714e-01 3.846661e-01 2.594921e+00 -8.530378e-02 1.325843e-01 1.443213e-01 1.165358e-01 2.583199e-01 2.742846e-01 -3.561020e-02 8.436030e-02 -2.311268e-01 -5.514401e-02 6.457726e-03 1.459869e-01 -5.525900e-01
<VARIANCE> 39
 2.079152e+01 1.670900e+01 1.810925e+01 1.031986e+01 1.598821e+01 2.493695e+01 2.553468e+01 4.788519e+01 3.438594e+01 2.213626e+01 2.095985e+01 1.956832e+01 9.098785e+01 2.958603e+00 1.816880e+00 2.211231e+00 1.070459e+00 1.664675e+00 2.281892e+00 3.080502e+00 6.611751e+00 3.508607e+00 2.274800e+00 1.998180e+00 2.479953e+00 6.975060e+00 4.169952e-01 2.144986e-01 3.165632e-01 1.485388e-01 2.045708e-01 3.424886e-01 5.051861e-01 9.102257e-01 6.956360e-01 3.587535e-01 2.970571e-01 3.606306e-01 1.231211e+00
<GCONST> 1.132090e+02
<STATE> 3
<MEAN> 39
 3.987506e-01 -2.593334e-01 -5.153939e-01 -9.914777e-02 -9.779795e-02 -5.413988e-01 -3.285359e-02 -3.768934e-01 4.745155e-01 9.544992e-02 2.439735e-01 2.228098e-01 1.333046e+00 6.122579e-02 -3.733728e-02 1.030358e-02 4.613274e-02 3.227080e-02 5.009343e-04 1.489321e-03 1.469150e-02 -2.372980e-02 5.980637e-03 2.722939e-03 2.450867e-02 -2.415588e-02 4.261183e-03 -5.140668e-03 -3.416318e-03 -6.411781e-04 -7.168912e-03 4.443364e-04 -1.083989e-02 -6.427352e-03 -1.386632e-02 -1.838764e-03 -5.818897e-03 -1.047729e-02 -1.292948e-02
<VARIANCE> 39
 9.214684e+00 1.136054e+01 1.087313e+01 9.748568e+00 1.326102e+01 1.535805e+01 1.627851e+01 2.152802e+01 1.888848e+01 1.579126e+01 1.475901e+01 1.477357e+01 2.426453e+01 4.418435e-01 8.659908e-01 8.155782e-01 9.895028e-01 1.394258e+00 1.416135e+00 1.489037e+00 1.999672e+00 1.848618e+00 1.501218e+00 1.329179e+00 1.386665e+00 2.152075e+00 7.791690e-02 1.685027e-01 1.493502e-01 2.052909e-01 2.956330e-01 2.850139e-01 3.058650e-01 4.178640e-01 3.890986e-01 3.134615e-01 2.603274e-01 2.725505e-01 3.711838e-01
<GCONST> 9.134433e+01
<STATE> 4
<MEAN> 39
 -2.208546e-01 5.169613e-01 1.175538e+00 5.546524e-01 5.963532e-01 1.115453e+00 8.827531e-02 8.965609e-01 -9.421777e-01 -1.089354e-01 -4.390964e-01 -1.304811e-01 -2.659683e+00 -1.051459e-01 1.065380e-01 1.506457e-01 -1.546593e-02 1.080793e-02 1.713022e-01 -2.615610e-02 1.166777e-01 -1.171875e-01 -2.426467e-02 -5.598914e-02 -5.189180e-02 -4.432240e-01 -1.230682e-02 -8.446605e-03 -7.049346e-03 -2.044105e-02 -1.970758e-02 -1.316247e-02 1.737912e-02 6.180910e-03 1.311562e-02 -2.926416e-03 5.656066e-03 -8.275406e-03 1.640741e-02
<VARIANCE> 39
 9.404018e+00 9.674705e+00 9.760731e+00 7.937453e+00 1.115667e+01 1.550639e+01 1.354496e+01 1.677338e+01 1.531636e+01 1.511958e+01 1.365963e+01 1.323458e+01 2.618523e+01 2.145041e-01 3.975426e-01 5.293525e-01 6.696995e-01 9.854505e-01 1.069860e+00 1.303864e+00 1.476328e+00 1.485281e+00 1.469193e+00 1.381027e+00 1.326230e+00 3.500765e-01 2.816310e-02 6.781514e-02 9.818159e-02 1.375935e-01 1.965057e-01 2.060352e-01 2.680851e-01 2.994641e-01 3.045759e-01 3.057718e-01 2.879769e-01 2.765706e-01 4.299025e-02
<GCONST> 7.822427e+01
<TRANSP> 5
 0.000000e+00 1.000000e+00 0.000000e+00 0.000000e+00 0.000000e+00
 0.000000e+00 7.693710e-01 2.306290e-01 0.000000e+00 0.000000e+00
 0.000000e+00 0.000000e+00 9.833198e-01 1.668021e-02 0.000000e+00
 0.000000e+00 0.000000e+00 0.000000e+00 9.699185e-01 3.008153e-02
 0.000000e+00 0.000000e+00 0.000000e+00 0.000000e+00 0.000000e+00
<ENDHMM>
~h "kt"
<BEGINHMM>
<NUMSTATES> 5
<STATE> 2
<MEAN> 39
 -1.050163e-01 -3.969062e-01 2.309552e-01 -7.517670e-01 -5.154890e-01 -1.682344e-01 -4.552132e-04 4.855257e-01 5.773796e-01 4.637651e-01 2.065115e-01 2.200727e-01 4.245222e-01 -1.143854e-01 1.715532e-02 -5.256672e-02 2.284527e-02 -1.567972e-02 -7.470626e-02 -3.580414e-03 -4.555154e-03 1.765314e-02 -1.591584e-03 -2.020512e-03 -4.288293e-03 1.630537e-01 1.327313e-02 -1.336804e-03 8.965936e-03 1.032052e-02 8.142901e-03 1.219832e-02 4.840847e-03 -1.897670e-03 -5.320769e-03 -5.568498e-03 1.068665e-02 -1.661557e-03 -1.634413e-02
<VARIANCE> 39
 1.529175e+01 9.087382e+00 9.555420e+00 1.181548e+01 1.359842e+01 1.737312e+01 1.695594e+01 1.770988e+01 1.700232e+01 1.557495e+01 1.498460e+01 1.339485e+01 2.341721e+01 1.179511e+00 5.996861e-01 8.309227e-01 9.934258e-01 1.240601e+00 1.738359e+00 1.707107e+00 1.778131e+00 1.723426e+00 1.755485e+00 1.608180e+00 1.387188e+00 1.781051e+00 2.103269e-01 1.119192e-01 1.652370e-01 1.896265e-01 2.413728e-01 3.450513e-01 3.486650e-01 3.534183e-01 3.399093e-01 3.510644e-01 3.211733e-01 2.818047e-01 3.042399e-01
<GCONST> 9.285993e+01
<STATE> 3
<MEAN> 39
 -1.304643e+00 2.334033e-02 -1.720746e-01 8.255457e-01 1.907030e-01 -1.012981e+00 -4.745096e-01 -7.340579e-01 -3.051009e-01 -2.478413e-01 -3.202662e-01 4.235368e-02 1.731439e+00 4.071111e-02 7.576251e-03 9.444053e-03 1.299160e-03 1.185460e-02 2.588728e-02 3.114313e-02 -8.045306e-03 -5.522913e-03 -1.316601e-02 1.047417e-02 -6.744582e-03 -6.252979e-02 4.429898e-03 5.179683e-04 1.200491e-03 -6.421829e-03 5.386359e-04 1.241738e-03 -1.008245e-04 7.268006e-03 6.723276e-03 6.108986e-03 -4.485211e-03 9.207309e-04 -9.761809e-03
<VARIANCE> 39
 7.803103e+00 5.296802e+00 7.421525e+00 1.119374e+01 1.284474e+01 1.682351e+01 1.672431e+01 1.585233e+01 1.747445e+01 1.832091e+01 1.641546e+01 1.301998e+01 1.313790e+01 7.207937e-01 4.321786e-01 6.994721e-01 9.509423e-01 1.246744e+00 1.721831e+00 1.662669e+00 1.534296e+00 1.718587e+00 2.095055e+00 1.624616e+00 1.297822e+00 1.341261e+00 1.428375e-01 8.402317e-02 1.404141e-01 1.928064e-01 2.550765e-01 3.659062e-01 3.433255e-01 3.121453e-01 3.473334e-01 4.477430e-01 3.227271e-01 2.645248e-01 2.625494e-01
<GCONST> 8.863452e+01
<STATE> 4
<MEAN> 39
 4.265222e-01 6.637554e-02 1.082490e-02 -1.180490e-01 3.616577e-02 3.472559e-01 1.481261e-01 1.389154e-01 -1.195926e-02 -8.740854e-03 6.159634e-02 -5.405370e-02 -6.189700e-01 1.870379e-02 -6.091053e-03 6.828463e-03 -8.713038e-03 4.561268e-03 9.616550e-03 -1.303519e-03 2.354909e-03 -2.327420e-03 2.847434e-03 1.621003e-03 -8.072878e-04 -2.141556e-02 -1.226733e-03 -8.114785e-04 -4.156521e-04 4.781324e-04 2.243408e-04 -7.375511e-04 -1.599034e-03 -5.106841e-04 -9.081019e-04 -5.508366e-04 -6.024868e-04 5.693068e-04 1.874946e-03
<VARIANCE> 39
 9.784699e+00 6.661427e+00 8.266976e+00 9.833126e+00 1.265861e+01 1.527533e+01 1.501880e+01 1.557312e+01 1.628428e+01 1.571914e+01 1.423325e+01 1.277979e+01 1.137433e+01 7.185075e-01 4.752905e-01 6.485821e-01 8.236115e-01 1.139383e+00 1.335906e+00 1.524417e+00 1.555186e+00 1.597288e+00 1.615169e+00 1.453422e+00 1.265310e+00 8.007515e-01 1.353383e-01 9.200126e-02 1.278773e-01 1.640571e-01 2.308262e-01 2.729914e-01 3.157577e-01 3.194990e-01 3.273891e-01 3.347569e-01 2.936749e-01 2.540688e-01 1.445195e-01
<GCONST> 8.501927e+01
<TRANSP> 5
 0.000000e+00 1.000000e+00 0.000000e+00 0.000000e+00 0.000000e+00
 0.000000e+00 9.755338e-01 2.446617e-02 0.000000e+00 0.000000e+00
 0.000000e+00 0.000000e+00 9.854470e-01 1.455302e-02 0.000000e+00
 0.000000e+00 0.000000e+00 0.000000e+00 9.954596e-01 4.540366e-03
 0.000000e+00 0.000000e+00 0.000000e+00 0.000000e+00 0.000000e+00
<ENDHMM>
~h "pr"
<BEGINHMM>
<NUMSTATES> 5
<STATE> 2
<MEAN> 39
 -9.347290e-01 2.467983e-01 -1.815052e-01 -6.871435e-02 1.410646e+00 6.099337e-01 -1.070762e+00 -2.152555e+00 -3.662915e-01 -8.929910e-02 8.353860e-01 3.940843e-01 1.198251e+00 -1.268443e-01 -7.118212e-02 3.956796e-02 -2.599076e-02 9.122945e-03 2.957394e-02 -1.766182e-05 -9.418686e-02 1.065011e-03 -5.184012e-02 -3.392493e-03 9.332928e-02 1.308530e-01 3.640916e-02 8.535194e-03 -1.454638e-02 9.846152e-03 -3.235809e-04 -6.061682e-03 -4.285526e-03 1.453637e-02 -4.842535e-03 7.368032e-03 -1.602242e-03 -2.184834e-02 -3.050607e-02
<VARIANCE> 39
 2.093478e+01 1.972165e+01 2.487668e+01 3.443198e+01 4.717201e+01 4.275810e+01 5.052480e+01 5.797458e+01 4.038089e+01 3.612852e+01 5.050258e+01 4.875797e+01 1.403437e+01 1.327996e+00 9.950560e-01 1.383132e+00 1.976562e+00 2.038046e+00 2.537921e+00 2.652246e+00 3.212185e+00 2.793482e+00 2.319997e+00 3.231298e+00 2.625700e+00 8.985547e-01 1.961305e-01 1.651988e-01 2.382216e-01 3.422332e-01 3.554267e-01 4.462147e-01 4.723707e-01 5.441898e-01 5.306530e-01 4.124764e-01 5.835224e-01 4.625599e-01 1.251057e-01
<GCONST> 1.127075e+02
<STATE> 3
<MEAN> 39
 -4.712300e+00 -7.728308e-01 1.930159e+00 2.224517e-01 1.891111e+00 1.825897e+00 -2.119727e+00 -2.803223e+00 2.420603e+00 -3.461820e+00 6.509091e-01 9.104064e-01 3.678560e+00 3.775328e-02 -1.730560e-02 -3.461258e-04 -3.201428e-02 3.933246e-03 8.769907e-04 2.157882e-03 1.526692e-02 2.745873e-02 1.226111e-04 -2.358501e-02 2.534332e-02 -4.043253e-02 1.923588e-03 2.804040e-03 2.575625e-03 -3.365057e-03 5.224980e-04 -4.047372e-03 1.637289e-04 8.823243e-03 -3.722974e-03 6.775611e-03 -1.254953e-03 -4.292640e-03 -2.257532e-03
<VARIANCE> 39
 9.489352e+00 1.885222e+01 1.305445e+01 1.575042e+01 5.249228e+01 3.413216e+01 2.923255e+01 2.446933e+01 2.389459e+01 2.392196e+01 3.152400e+01 2.409805e+01 5.794480e+00 4.751938e-01 4.133109e-01 5.661381e-01 8.695960e-01 1.256967e+00 1.617919e+00 1.567818e+00 1.438405e+00 1.681397e+00 1.783271e+00 1.897709e+00 1.290949e+00 2.110904e-01 1.065271e-01 7.695164e-02 1.056088e-01 1.722839e-01 2.588643e-01 3.362034e-01 3.178436e-01 2.936167e-01 3.438425e-01 3.453239e-01 3.853132e-01 2.616556e-01 4.572113e-02
<GCONST> 8.948311e+01
<STATE> 4
<MEAN> 39
 1.721262e+00 2.248911e-01 -6.240603e-01 -6.506307e-02 -8.393369e-01 -7.024900e-01 8.675715e-01 1.252986e+00 -7.627336e-01 1.178795e+00 -3.390879e-01 -3.631758e-01 -1.410894e+00 3.722533e-02 2.143013e-02 -1.928570e-02 2.189066e-02 -8.537242e-03 -9.349006e-03 -2.219775e-04 8.999197e-03 -1.467396e-02 1.104832e-02 8.444531e-03 -2.158296e-02 -3.287007e-02 -9.188047e-04 -2.392103e-04 1.823306e-04 1.874436e-03 -1.520380e-04 3.033482e-04 -1.702588e-04 -2.043572e-03 4.473056e-04 -6.765820e-04 1.327481e-03 -1.404897e-03 7.418389e-04
<VARIANCE> 39
 2.444902e+01 1.942195e+01 2.962577e+01 4.136128e+01 3.196176e+01 3.768441e+01 3.087013e+01 3.742954e+01 4.296114e+01 4.171234e+01 3.671920e+01 4.038731e+01 1.653891e+01 3.645402e-01 4.848258e-01 6.648188e-01 9.621444e-01 1.135318e+00 1.475876e+00 1.535642e+00 1.657686e+00 1.728172e+00 1.724037e+00 1.591350e+00 1.422355e+00 2.229206e-01 6.318036e-02 8.365260e-02 1.223961e-01 1.729894e-01 2.180057e-01 2.830159e-01 2.980693e-01 3.112867e-01 3.276928e-01 3.331783e-01 3.075944e-01 2.703491e-01 3.492316e-02
<GCONST> 9.405698e+01
<TRANSP> 5
 0.000000e+00 1.000000e+00 0.000000e+00 0.000000e+00 0.000000e+00
 0.000000e+00 9.721155e-01 2.788450e-02 0.000000e+00 0.000000e+00
 0.000000e+00 0.000000e+00 9.881220e-01 1.187794e-02 0.000000e+00
 0.000000e+00 0.000000e+00 0.000000e+00 9.959993e-01 4.000648e-03
 0.000000e+00 0.000000e+00 0.000000e+00 0.000000e+00 0.000000e+00
<ENDHMM>
~h "pw"
<BEGINHMM>
<NUMSTATES> 5
<STATE> 2
<MEAN> 39
 -8.509833e-01 1.084928e+00 2.514323e-01 2.431693e-01 5.034042e-01 9.279982e-01 7.342525e-01 8.831370e-01 3.649759e-01 2.423631e-01 1.386127e-03 -1.655764e-01 -1.192420e+00 -4.354448e-03 -4.079824e-03 3.470400e-03 -1.770455e-03 -1.483032e-03 -7.682323e-03 7.254705e-05 -5.220401e-03 -2.416219e-03 -1.689598e-03 2.477901e-03 1.536571e-05 6.431151e-03 -3.268333e-05 -1.934031e-03 -2.642109e-03 4.806173e-04 -1.518720e-03 -3.077939e-03 -1.794272e-03 -7.864075e-04 -1.680167e-03 8.040692e-04 -1.539349e-03 9.338704e-04 2.867113e-03
<VARIANCE> 39
 1.433052e+01 1.881935e+01 1.033583e+01 1.084865e+01 1.372086e+01 1.561510e+01 1.614039e+01 1.764707e+01 1.578406e+01 1.472424e+01 1.412778e+01 1.248186e+01 1.933783e+01 5.472770e-01 7.364514e-01 6.983765e-01 8.899984e-01 1.131197e+00 1.381339e+00 1.450579e+00 1.533691e+00 1.551343e+00 1.453001e+00 1.445892e+00 1.248250e+00 5.165946e-01 8.933730e-02 1.272597e-01 1.339920e-01 1.765838e-01 2.240860e-01 2.828129e-01 2.956956e-01 3.075792e-01 3.181340e-01 2.915167e-01 2.989321e-01 2.533353e-01 7.624862e-02
<GCONST> 8.629143e+01
<STATE> 3
<MEAN> 39
 5.327300e-01 -2.574060e+00 -7.341523e-01 -6.119705e-01 -1.045534e+00 -2.522918e+00 -2.220690e+00 -2.699023e+00 -1.337382e+00 -9.776887e-01 -2.880731e-01 1.514564e-01 5.104302e+00 -3.294770e-03 -7.394370e-02 -1.686254e-02 6.009532e-03 -1.394968e-02 -5.529968e-02 -5.071265e-02 -5.955185e-02 -2.920221e-02 -2.447091e-02 -4.422553e-03 9.204642e-03 1.061641e-01 7.471606e-03 8.779406e-03 1.889492e-03 1.038934e-03 1.026389e-02 1.553514e-02 9.251328e-03 8.755684e-03 5.430460e-03 3.893359e-03 4.734185e-03 -3.623917e-03 -2.032349e-02
<VARIANCE> 39
 1.739203e+01 2.715776e+01 1.298474e+01 1.212838e+01 1.653086e+01 2.488008e+01 2.295290e+01 2.716534e+01 1.838120e+01 1.600957e+01 1.441494e+01 1.280497e+01 7.870307e+01 6.532919e-01 1.096148e+00 7.402206e-01 8.697047e-01 1.469879e+00 1.882507e+00 1.711037e+00 1.829752e+00 1.578379e+00 1.462568e+00 1.394769e+00 1.296522e+00 3.747668e+00 1.085105e-01 1.679015e-01 1.378731e-01 1.673171e-01 2.892848e-01 3.598335e-01 3.312314e-01 3.534796e-01 3.185278e-01 2.942207e-01 2.838374e-01 2.702602e-01 5.125192e-01
<GCONST> 9.696655e+01
<STATE> 4
<MEAN> 39
 1.806455e-01 2.164903e-01 8.262093e-02 5.678525e-02 6.536081e-02 2.609093e-01 2.593731e-01 3.185769e-01 1.839948e-01 1.433088e-01 6.742640e-02 2.387642e-02 -7.744176e-01 9.319728e-03 1.096423e-02 3.703755e-03 -1.631117e-03 4.238857e-03 1.521064e-02 1.074769e-02 1.250324e-02 7.228914e-03 5.891541e-03 2.107258e-03 -3.329313e-03 -2.852422e-02 1.637628e-04 -7.128732e-04 -2.008273e-04 -8.816579e-04 -1.334124e-03 -9.611059e-04 -1.049136e-03 -1.761247e-03 -1.303401e-03 -5.508515e-04 -1.674822e-04 -1.292474e-05 1.289494e-03
<VARIANCE> 39
 1.468315e+01 1.945498e+01 1.068231e+01 1.097044e+01 1.375056e+01 1.933135e+01 1.779687e+01 2.102985e+01 1.730746e+01 1.572825e+01 1.417393e+01 1.298297e+01 3.053318e+01 5.359673e-01 7.672746e-01 6.624677e-01 8.583878e-01 1.138099e+00 1.463846e+00 1.456702e+00 1.566365e+00 1.527552e+00 1.508488e+00 1.418039e+00 1.288447e+00 8.927338e-01 8.765738e-02 1.269159e-01 1.245854e-01 1.676505e-01 2.246202e-01 2.930146e-01 2.898653e-01 3.121599e-01 3.097430e-01 3.095653e-01 2.888698e-01 2.651657e-01 1.274413e-01
<GCONST> 8.858582e+01
<TRANSP> 5
 0.000000e+00 1.000000e+00 0.000000e+00 0.000000e+00 0.000000e+00
 0.000000e+00 9.927084e-01 7.291645e-03 0.000000e+00 0.000000e+00
 0.000000e+00 0.000000e+00 9.888707e-01 1.112925e-02 0.000000e+00
 0.000000e+00 0.000000e+00 0.000000e+00 9.973758e-01 2.624217e-03
 0.000000e+00 0.000000e+00 0.000000e+00 0.000000e+00 0.000000e+00
<ENDHMM>
~h "si"
<BEGINHMM>
<NUMSTATES> 5
<STATE> 2
<MEAN> 39
 -2.915045e-01 8.481806e-02 2.774291e-01 3.156450e-01 4.128737e-02 -2.677501e-01 -1.610874e-01 -5.618800e-01 -5.367080e-02 -2.560823e-01 -3.157126e-01 1.476883e-01 6.947502e-01 -5.258430e-03 -4.717430e-03 -1.061085e-02 -1.600527e-02 -1.237282e-02 7.220652e-04 9.248545e-03 1.742752e-02 7.306563e-03 1.455780e-02 8.254685e-03 -1.914810e-03 -2.447606e-02 1.387670e-03 1.136803e-03 -1.306865e-04 1.730047e-04 1.024768e-03 2.370963e-03 1.157647e-03 1.270564e-03 8.517217e-04 1.308130e-03 1.715609e-03 2.974683e-04 -1.541380e-03
<VARIANCE> 39
 1.427043e+01 1.250655e+01 1.123620e+01 1.280744e+01 1.672170e+01 1.783747e+01 1.771619e+01 2.017782e+01 1.707533e+01 1.654082e+01 1.556849e+01 1.405212e+01 1.809174e+01 3.383339e-01 4.953252e-01 5.804689e-01 8.040461e-01 1.039477e+00 1.260927e+00 1.384202e+00 1.459240e+00 1.449534e+00 1.447623e+00 1.383115e+00 1.218047e+00 3.157837e-01 5.367117e-02 8.638180e-02 1.093180e-01 1.551346e-01 2.031856e-01 2.477726e-01 2.757593e-01 2.876559e-01 2.890782e-01 2.906288e-01 2.774670e-01 2.439283e-01 4.549113e-02
<GCONST> 8.263638e+01
<STATE> 3
<MEAN> 39
 6.671932e-01 1.754432e-01 -7.340316e-02 -1.598375e-01 9.163371e-02 4.312294e-01 6.452864e-02 4.802347e-01 -1.769754e-02 1.106492e-01 1.439849e-01 -2.366133e-01 -1.000071e+00 -7.888381e-04 3.710490e-03 -6.818230e-03 -4.208749e-03 -1.609502e-03 3.150305e-03 2.018410e-03 8.708067e-03 2.134284e-03 2.557356e-03 3.781853e-03 1.065403e-03 -1.028042e-02 -2.023701e-03 -6.188725e-04 8.258452e-05 1.888508e-04 -8.243063e-04 -2.324146e-03 -1.571857e-03 -2.077667e-03 -5.317534e-04 -7.246097e-04 -1.018313e-03 5.143066e-04 2.424139e-03
<VARIANCE> 39
 3.927696e+00 4.371572e+00 6.284454e+00 8.059793e+00 1.147773e+01 1.255992e+01 1.340865e+01 1.486293e+01 1.445957e+01 1.446163e+01 1.363219e+01 1.211684e+01 2.673881e+00 1.423210e-01 2.763676e-01 4.622249e-01 6.722921e-01 9.225621e-01 1.097485e+00 1.245077e+00 1.364832e+00 1.390181e+00 1.418460e+00 1.318801e+00 1.142765e+00 5.178384e-02 2.572722e-02 5.347366e-02 9.150320e-02 1.347158e-01 1.857758e-01 2.222804e-01 2.525260e-01 2.789658e-01 2.843025e-01 2.918690e-01 2.708774e-01 2.330669e-01 8.503027e-03
<GCONST> 6.756747e+01
<STATE> 4
<MEAN> 39
 -1.297501e+00 -5.150185e-01 -1.213865e-01 4.621759e-02 -2.657483e-01 -7.532043e-01 1.757572e-02 -5.549195e-01 1.005161e-01 8.455386e-03 -7.859331e-03 4.124441e-01 1.667323e+00 -1.713141e-02 -3.607990e-03 4.310647e-03 2.621257e-03 -4.425854e-03 -1.353739e-02 -7.292241e-03 -1.790690e-02 2.263785e-03 9.484123e-04 2.351310e-03 8.568413e-03 4.306311e-02 2.442301e-03 5.142371e-05 9.008919e-04 1.843243e-04 7.236981e-04 1.983855e-03 9.583063e-04 8.153751e-04 1.086957e-04 -2.499381e-04 1.286387e-04 -1.369555e-03 -8.954112e-05
<VARIANCE> 39
 1.712758e+01 1.710029e+01 1.111609e+01 1.336046e+01 1.671998e+01 1.886147e+01 1.888210e+01 2.221062e+01 1.884137e+01 1.699876e+01 1.614412e+01 1.521223e+01 2.829500e+01 5.287827e-01 6.467417e-01 6.546630e-01 8.813949e-01 1.137473e+00 1.389252e+00 1.481347e+00 1.615190e+00 1.576474e+00 1.535585e+00 1.439250e+00 1.277377e+00 7.227234e-01 8.210520e-02 1.090364e-01 1.211415e-01 1.692435e-01 2.191119e-01 2.710720e-01 2.914125e-01 3.179474e-01 3.142895e-01 3.075068e-01 2.882339e-01 2.555497e-01 1.035856e-01
<GCONST> 8.862330e+01
<TRANSP> 5
 0.000000e+00 1.000000e+00 0.000000e+00 0.000000e+00 0.000000e+00
 0.000000e+00 9.848982e-01 1.510179e-02 0.000000e+00 0.000000e+00
 0.000000e+00 0.000000e+00 9.932683e-01 6.731746e-03 0.000000e+00
 0.000000e+00 0.000000e+00 0.000000e+00 9.837420e-01 1.625799e-02
 0.000000e+00 0.000000e+00 0.000000e+00 0.000000e+00 0.000000e+00
<ENDHMM>
~h "st"
<BEGINHMM>
<NUMSTATES> 5
<STATE> 2
<MEAN> 39
 -3.992269e-01 -4.839465e-01 -4.395832e-02 -6.406025e-02 -5.233825e-02 -8.488209e-01 -2.840681e-01 4.203774e-01 3.366017e-01 -2.899574e-01 -4.103708e-01 -3.102424e-01 1.449610e+00 -6.224328e-02 -1.754634e-01 7.086792e-02 -1.687923e-01 -1.240674e-01 -1.908866e-01 -6.277224e-02 -9.168699e-04 1.784701e-02 -2.177599e-02 4.188930e-03 1.103236e-02 4.041516e-01 2.514865e-02 2.624624e-02 1.435935e-03 2.583749e-02 2.399118e-02 3.911698e-02 3.159841e-02 4.715825e-03 3.482000e-03 1.116410e-02 1.164534e-04 4.302311e-03 -7.396436e-02
<VARIANCE> 39
 1.568478e+01 2.519839e+01 1.546308e+01 2.435590e+01 2.284565e+01 2.882675e+01 2.167554e+01 2.031603e+01 1.843589e+01 2.136533e+01 1.811707e+01 1.493815e+01 5.993034e+01 9.557647e-01 1.192018e+00 9.927843e-01 1.634554e+00 1.875911e+00 2.215889e+00 1.854009e+00 1.757009e+00 1.708698e+00 1.959021e+00 1.868736e+00 1.482197e+00 3.502612e+00 1.466715e-01 1.834270e-01 1.722018e-01 2.809178e-01 3.387074e-01 3.749174e-01 3.404908e-01 3.356583e-01 3.286018e-01 3.767125e-01 3.654919e-01 2.876656e-01 5.190141e-01
<GCONST> 1.026619e+02
<STATE> 3
<MEAN> 39
 1.378454e-01 -2.949742e-02 6.363253e-02 -1.161453e-01 -5.333437e-02 -5.309035e-02 -1.041355e-01 -1.102118e-01 -7.227899e-02 2.554891e-02 6.886052e-02 2.011184e-02 9.740545e-02 -1.414014e-03 1.163863e-02 4.587872e-03 1.992444e-03 1.961941e-03 1.016531e-02 4.146718e-03 -2.134791e-03 -2.266302e-03 -2.770736e-03 -5.645461e-03 5.171848e-04 -2.870393e-02 -9.199019e-05 1.192400e-03 -2.022672e-03 2.327805e-03 1.052115e-03 1.172702e-03 -5.022989e-04 -3.501515e-04 -1.591800e-03 -6.687196e-04 -4.334808e-04 -1.760761e-04 -2.307397e-03
<VARIANCE> 39
 1.447118e+01 1.349619e+01 1.165215e+01 1.926201e+01 1.819828e+01 2.189701e+01 1.812411e+01 1.827778e+01 1.829637e+01 1.705372e+01 1.502612e+01 1.387047e+01 4.417809e+01 5.805369e-01 6.412837e-01 7.097489e-01 1.168811e+00 1.306194e+00 1.554116e+00 1.560254e+00 1.612219e+00 1.583988e+00 1.562688e+00 1.504444e+00 1.336930e+00 1.674979e+00 9.023499e-02 1.078008e-01 1.354363e-01 2.166958e-01 2.530424e-01 3.055688e-01 3.163849e-01 3.319467e-01 3.224976e-01 3.207459e-01 3.122220e-01 2.746398e-01 2.284201e-01
<GCONST> 9.242701e+01
<STATE> 4
<MEAN> 39
 -6.214009e-02 1.155158e-01 -5.387724e-02 1.242479e-01 6.117022e-02 2.039203e-01 1.520867e-01 3.151739e-02 9.736487e-03 2.725341e-02 6.826734e-03 3.617235e-02 -3.548000e-01 7.849858e-03 2.091582e-02 -1.445129e-02 2.853678e-02 2.391390e-02 4.135356e-02 1.907439e-02 -5.180954e-04 -1.830033e-03 5.151682e-03 2.469175e-03 3.505789e-03 -5.826022e-02 -4.994732e-04 -1.786495e-03 -5.718651e-04 -3.355051e-03 -2.825430e-03 -1.191475e-03 -1.728435e-03 1.090688e-03 1.662413e-03 1.659927e-03 1.076941e-03 5.938072e-04 4.200194e-03
<VARIANCE> 39
 7.497598e+00 7.877768e+00 8.721539e+00 1.363345e+01 1.503131e+01 1.811839e+01 1.660494e+01 1.693870e+01 1.561338e+01 1.505793e+01 1.381372e+01 1.251713e+01 1.308437e+01 3.528342e-01 4.938294e-01 6.108776e-01 9.573106e-01 1.141615e+00 1.385978e+00 1.419642e+00 1.505860e+00 1.511505e+00 1.491731e+00 1.385033e+00 1.238687e+00 4.669781e-01 5.766548e-02 8.703294e-02 1.169012e-01 1.770830e-01 2.218227e-01 2.696748e-01 2.815004e-01 3.020045e-01 3.076410e-01 3.060344e-01 2.823597e-01 2.524770e-01 6.375545e-02
<GCONST> 8.228082e+01
<TRANSP> 5
 0.000000e+00 1.000000e+00 0.000000e+00 0.000000e+00 0.000000e+00
 0.000000e+00 9.501124e-01 4.988762e-02 0.000000e+00 0.000000e+00
 0.000000e+00 0.000000e+00 9.907739e-01 9.226104e-03 0.000000e+00
 0.000000e+00 0.000000e+00 0.000000e+00 9.910440e-01 8.956038e-03
 0.000000e+00 0.000000e+00 0.000000e+00 0.000000e+00 0.000000e+00
<ENDHMM>
~h "spe"
<BEGINHMM>
<NUMSTATES> 5
<STATE> 2
<MEAN> 39
 -4.016794e-01 4.260875e-01 2.434027e-01 -6.442334e-01 -1.517315e-01 -1.575832e-01 1.743404e-01 1.862015e-01 -1.438192e-01 1.470443e-01 6.913809e-02 1.004341e-01 5.768747e-01 4.242802e-02 -1.436790e-01 8.167361e-02 -1.067333e-01 -8.611617e-02 -4.823237e-02 -7.324827e-02 3.422558e-02 3.646719e-02 6.496600e-02 -2.113179e-02 -4.303998e-02 2.007716e-01 -4.836558e-03 -1.349635e-02 2.418532e-03 1.722275e-02 1.112126e-03 -5.076365e-05 -1.883950e-03 -1.099372e-02 -5.043830e-03 -2.021038e-03 -1.298468e-02 3.842292e-03 -3.446441e-03
<VARIANCE> 39
 3.054456e+01 3.289106e+01 6.450216e+01 6.583141e+01 4.516106e+01 5.207087e+01 4.687284e+01 5.088285e+01 3.660749e+01 3.217750e+01 3.254042e+01 2.879611e+01 3.132854e+01 8.629143e-01 1.324641e+00 1.629525e+00 2.027301e+00 2.327711e+00 2.279153e+00 2.361548e+00 2.801790e+00 2.739938e+00 2.198494e+00 2.210443e+00 1.943548e+00 6.683251e-01 1.135355e-01 1.823563e-01 2.233965e-01 3.152342e-01 3.673724e-01 4.162706e-01 3.981245e-01 4.802860e-01 4.700706e-01 4.036154e-01 4.049948e-01 3.670812e-01 7.101709e-02
<GCONST> 1.113035e+02
<STATE> 3
<MEAN> 39
 9.064372e-01 -1.326537e+00 1.647599e+00 -1.607760e+00 -1.309887e+00 -3.015875e-01 -2.630136e+00 -1.204428e+00 -1.551852e+00 -7.608210e-01 -6.367201e-01 -1.190768e+00 3.231308e+00 -2.576597e-02 5.706105e-02 -3.216996e-02 7.109959e-02 3.450721e-02 -2.235688e-02 -1.065746e-02 -3.789963e-02 -3.727227e-02 -5.266444e-02 -1.543207e-02 8.781108e-04 -4.676527e-02 -4.120398e-03 1.346811e-02 -1.179654e-02 5.996007e-03 5.991505e-03 4.608400e-03 1.575032e-02 5.066444e-03 4.938621e-03 2.493793e-03 7.268202e-03 4.618970e-03 -1.256116e-02
<VARIANCE> 39
 1.851579e+01 3.268569e+01 5.693223e+01 2.912366e+01 5.762307e+01 4.121647e+01 2.499189e+01 4.068333e+01 2.912822e+01 3.108580e+01 3.451538e+01 2.996147e+01 1.073980e+01 5.503867e-01 9.292938e-01 1.132531e+00 1.196832e+00 1.950951e+00 1.766425e+00 1.554520e+00 2.026367e+00 1.813534e+00 1.941113e+00 1.735446e+00 1.652737e+00 2.346015e-01 6.960480e-02 1.229108e-01 1.625900e-01 2.009249e-01 3.153134e-01 3.168808e-01 2.964362e-01 3.637386e-01 3.518840e-01 3.753934e-01 3.211097e-01 2.920347e-01 2.691599e-02
<GCONST> 9.847841e+01
<STATE> 4
<MEAN> 39
 -1.611764e-01 2.559269e-01 -4.136427e-01 4.540572e-01 3.236761e-01 8.972840e-02 5.905381e-01 2.572420e-01 3.790128e-01 1.588497e-01 1.396220e-01 2.646960e-01 -8.235776e-01 -2.689568e-03 2.056253e-03 -9.304808e-03 9.978497e-03 1.417245e-02 1.637775e-02 1.812317e-02 7.930051e-03 8.256763e-03 1.092453e-02 7.372200e-03 7.064088e-03 -2.086015e-02 3.771677e-04 -5.826464e-04 1.292034e-03 -6.706062e-04 3.278732e-05 8.623953e-04 -6.818210e-04 -1.065028e-04 -8.539067e-04 1.217643e-04 -8.886619e-04 -3.722132e-04 3.277110e-04
<VARIANCE> 39
 1.239549e+01 2.015423e+01 2.929540e+01 2.200426e+01 3.902690e+01 3.183384e+01 3.195654e+01 2.805461e+01 2.602895e+01 2.452225e+01 2.623475e+01 2.355031e+01 1.428023e+01 3.357596e-01 6.236861e-01 8.150195e-01 9.856989e-01 1.391970e+00 1.467314e+00 1.547362e+00 1.683363e+00 1.712099e+00 1.629131e+00 1.635499e+00 1.488402e+00 2.118262e-01 4.642714e-02 9.068237e-02 1.260151e-01 1.647661e-01 2.307802e-01 2.612982e-01 2.839356e-01 3.204119e-01 3.274184e-01 3.138386e-01 3.095221e-01 2.833401e-01 2.222219e-02
<GCONST> 9.032006e+01
<TRANSP> 5
 0.000000e+00 1.000000e+00 0.000000e+00 0.000000e+00 0.000000e+00
 0.000000e+00 9.717759e-01 2.822412e-02 0.000000e+00 0.000000e+00
 0.000000e+00 0.000000e+00 9.849676e-01 1.503239e-02 0.000000e+00
 0.000000e+00 0.000000e+00 0.000000e+00 9.965013e-01 3.498697e-03
 0.000000e+00 0.000000e+00 0.000000e+00 0.000000e+00 0.000000e+00
<ENDHMM>
