~o
<STREAMINFO> 1 13
<VECSIZE> 13<NULLD><MFCC_0><DIAGC>
~h "ap"
<BEGINHMM>
<NUMSTATES> 5
<STATE> 2
<NUMMIXES> 2
<MIXTURE> 1 4.506007e-01
<MEAN> 13
 -8.031433e+00 -4.035118e+00 -1.476029e+00 2.021110e-01 3.135933e+00 -7.954147e-02 3.770073e+00 4.532238e-02 -1.178049e+00 2.343587e-01 1.250789e+00 -1.493338e+00 5.064341e+01
<VARIANCE> 13
 1.145502e+01 2.163656e+01 1.424891e+01 1.586591e+01 2.121960e+01 2.683888e+01 1.903199e+01 2.053450e+01 1.735275e+01 1.753252e+01 1.451613e+01 1.322056e+01 2.109558e+01
<GCONST> 6.116298e+01
<MIXTURE> 2 5.493981e-01
<MEAN> 13
 -1.571079e+01 -1.172218e+01 -7.009417e+00 -1.534755e+00 -5.778435e-01 -6.114383e+00 2.364282e-01 -4.754877e+00 -3.748268e+00 -1.879424e+00 3.875955e-02 -8.703830e-01 6.866894e+01
<VARIANCE> 13
 1.664747e+01 2.687959e+01 2.737589e+01 2.410798e+01 3.405771e+01 3.227806e+01 2.500785e+01 2.247013e+01 2.292968e+01 1.991550e+01 1.966077e+01 1.610694e+01 5.890535e+01
<GCONST> 6.577979e+01
<STATE> 3
<NUMMIXES> 2
<MIXTURE> 1 4.668106e-01
<MEAN> 13
 -8.163593e+00 -1.333188e+01 -7.712637e+00 3.566584e+00 4.459623e+00 -6.654862e+00 1.122764e+00 -6.918417e-01 -4.727412e+00 -3.142775e+00 1.404346e+00 -6.618415e-01 6.051892e+01
<VARIANCE> 13
 7.627636e+00 1.852260e+01 1.242521e+01 2.014746e+01 2.467205e+01 1.868455e+01 2.255867e+01 1.900909e+01 2.323089e+01 2.004664e+01 1.480927e+01 1.389852e+01 2.867056e+01
<GCONST> 6.138683e+01
<MIXTURE> 2 5.331887e-01
<MEAN> 13
 -1.248944e+01 -1.784354e+01 -1.268255e+01 7.464171e-01 -1.389068e+00 -1.174360e+01 -1.408836e+00 -2.217625e+00 -6.636280e+00 -4.972830e+00 7.387914e-02 -1.535733e+00 7.578085e+01
<VARIANCE> 13
 8.587205e+00 1.016813e+01 1.116203e+01 1.802857e+01 2.555417e+01 1.670948e+01 2.532028e+01 1.695439e+01 2.546399e+01 1.931927e+01 1.669186e+01 1.619289e+01 3.432787e+01
<GCONST> 6.111914e+01
<STATE> 4
<NUMMIXES> 2
<MIXTURE> 1 4.509993e-01
<MEAN> 13
 -6.321268e+00 -8.287488e+00 -1.244793e+00 4.034398e+00 1.277384e+00 -8.148575e-01 5.399883e+00 -1.762106e-01 -2.478605e+00 1.189994e+00 1.760556e+00 -2.055863e+00 5.090117e+01
<VARIANCE> 13
 8.285019e+00 3.906083e+01 9.709963e+00 2.215987e+01 1.476121e+01 1.979359e+01 1.526579e+01 2.348848e+01 2.008206e+01 1.655546e+01 1.454366e+01 1.325208e+01 2.420926e+01
<GCONST> 6.085749e+01
<MIXTURE> 2 5.489998e-01
<MEAN> 13
 -1.213124e+01 -1.835729e+01 -6.300380e+00 3.039138e+00 -5.282955e+00 -7.693104e+00 3.591269e+00 -5.657635e+00 -5.719578e+00 -3.414282e-01 -8.694911e-02 -1.978702e+00 6.931844e+01
<VARIANCE> 13
 1.711623e+01 2.861180e+01 1.469623e+01 1.720194e+01 2.549210e+01 2.018421e+01 2.160432e+01 2.028461e+01 2.270914e+01 1.951716e+01 1.978058e+01 1.528443e+01 6.042287e+01
<GCONST> 6.385185e+01
<TRANSP> 5
 0.000000e+00 1.000000e+00 0.000000e+00 0.000000e+00 0.000000e+00
 0.000000e+00 9.928499e-01 7.150035e-03 0.000000e+00 0.000000e+00
 0.000000e+00 0.000000e+00 9.850538e-01 1.494617e-02 0.000000e+00
 0.000000e+00 0.000000e+00 0.000000e+00 9.873976e-01 1.260242e-02
 0.000000e+00 0.000000e+00 0.000000e+00 0.000000e+00 0.000000e+00
<ENDHMM>
~h "cl"
<BEGINHMM>
<NUMSTATES> 5
<STATE> 2
<NUMMIXES> 2
<MIXTURE> 1 6.932736e-01
<MEAN> 13
 -2.007749e+01 1.366068e+00 4.238631e+00 -3.938948e+00 -2.907943e+00 9.189492e+00 4.106121e+00 -2.343862e+00 4.025507e+00 2.075514e+00 -8.058468e+00 3.762648e+00 5.507257e+01
<VARIANCE> 13
 5.131160e+01 8.637213e+00 2.676553e+01 1.270035e+01 1.474530e+01 2.179767e+01 2.037751e+01 2.928308e+01 2.965224e+01 2.358410e+01 2.511486e+01 2.002358e+01 3.041297e+01
<GCONST> 6.416467e+01
<MIXTURE> 2 3.067274e-01
<MEAN> 13
 -8.763814e+00 -3.848891e+00 -2.375791e+00 -1.847963e+00 3.993338e-01 1.877554e+00 3.441045e+00 9.242453e-01 2.248079e-02 2.645850e-01 2.774911e-01 -1.477532e+00 5.388752e+01
<VARIANCE> 13
 2.991777e+01 2.742929e+01 1.448415e+01 1.377235e+01 1.951414e+01 3.265337e+01 2.400883e+01 2.018215e+01 2.240675e+01 2.052696e+01 1.667667e+01 1.465727e+01 8.353378e+01
<GCONST> 6.459379e+01
<STATE> 3
<NUMMIXES> 2
<MIXTURE> 1 6.348736e-01
<MEAN> 13
 -2.275679e+01 3.276885e+00 1.127127e+00 -5.630002e+00 -4.483532e+00 1.422525e+01 9.706973e-01 -3.492766e+00 9.072452e+00 -4.116252e+00 -4.108875e+00 6.333981e+00 6.008512e+01
<VARIANCE> 13
 2.302263e+01 6.072387e+00 1.502502e+01 1.071797e+01 1.518629e+01 2.188666e+01 2.322676e+01 1.933288e+01 1.955807e+01 1.902040e+01 1.836810e+01 1.742263e+01 1.360870e+01
<GCONST> 6.012564e+01
<MIXTURE> 2 3.651255e-01
<MEAN> 13
 -1.325219e+01 1.838986e+00 -2.755907e+00 -4.876372e+00 -3.575181e+00 7.969913e+00 -1.038923e-01 -3.983526e+00 4.579761e+00 -2.435550e+00 -2.274700e+00 3.555077e+00 5.614439e+01
<VARIANCE> 13
 4.933751e+01 1.618471e+01 1.912015e+01 1.550893e+01 2.203300e+01 3.420900e+01 2.966066e+01 2.933446e+01 2.835647e+01 2.082201e+01 1.931393e+01 1.998142e+01 2.473588e+01
<GCONST> 6.520568e+01
<STATE> 4
<NUMMIXES> 2
<MIXTURE> 1 5.811392e-01
<MEAN> 13
 -2.085981e+01 1.672631e+00 6.399630e+00 -2.446328e+00 -5.229544e+00 1.011165e+01 3.490728e+00 -4.679894e+00 2.987147e+00 5.029755e+00 -9.923023e+00 3.302253e+00 5.542752e+01
<VARIANCE> 13
 4.093126e+01 7.872507e+00 1.390359e+01 1.814445e+01 2.062234e+01 2.536329e+01 2.160518e+01 3.259355e+01 3.081829e+01 3.231744e+01 1.984861e+01 1.941168e+01 2.680650e+01
<GCONST> 6.416129e+01
<MIXTURE> 2 4.188607e-01
<MEAN> 13
 -2.473464e+01 2.020660e-01 7.088021e+00 -3.234991e+00 -9.764842e+00 1.183400e+01 -1.711759e+00 -1.108191e+01 2.496097e+00 4.485301e+00 -1.506338e+01 7.321772e+00 6.153965e+01
<VARIANCE> 13
 1.771070e+01 8.802684e+00 1.305248e+01 1.527243e+01 2.195663e+01 3.495890e+01 2.358739e+01 4.034284e+01 4.040225e+01 2.514845e+01 2.343042e+01 3.809237e+01 2.070872e+01
<GCONST> 6.448631e+01
<TRANSP> 5
 0.000000e+00 1.000000e+00 0.000000e+00 0.000000e+00 0.000000e+00
 0.000000e+00 9.730576e-01 2.694245e-02 0.000000e+00 0.000000e+00
 0.000000e+00 0.000000e+00 9.922865e-01 7.713503e-03 0.000000e+00
 0.000000e+00 0.000000e+00 0.000000e+00 9.926186e-01 7.381394e-03
 0.000000e+00 0.000000e+00 0.000000e+00 0.000000e+00 0.000000e+00
<ENDHMM>
~h "cm"
<BEGINHMM>
<NUMSTATES> 5
<STATE> 2
<NUMMIXES> 2
<MIXTURE> 1 4.901129e-01
<MEAN> 13
 -1.199907e+01 -6.449785e-02 -2.303720e+00 -4.228403e+00 4.723216e-01 2.226028e+00 1.325129e+00 2.383840e+00 -1.318256e-01 1.140894e+00 2.006539e+00 -1.653774e+00 5.576521e+01
<VARIANCE> 13
 1.660850e+01 1.509700e+01 1.343028e+01 1.382710e+01 1.446283e+01 1.462376e+01 1.165866e+01 1.408452e+01 1.469660e+01 1.536649e+01 1.478218e+01 1.286511e+01 2.081569e+01
<GCONST> 5.879976e+01
<MIXTURE> 2 5.098856e-01
<MEAN> 13
 -1.348108e+01 -6.245229e-01 -3.233709e+00 -5.919925e+00 -1.248710e+00 -8.451725e-01 -3.731783e+00 -2.137095e+00 -3.882655e+00 9.030420e-01 3.982868e+00 7.427449e-01 5.939092e+01
<VARIANCE> 13
 1.015050e+01 1.345194e+01 9.852767e+00 1.125321e+01 1.286001e+01 1.387243e+01 1.352055e+01 1.394593e+01 1.467683e+01 1.750890e+01 1.965633e+01 1.713644e+01 1.388554e+01
<GCONST> 5.794032e+01
<STATE> 3
<NUMMIXES> 2
<MIXTURE> 1 4.398523e-01
<MEAN> 13
 -1.009523e+01 -8.771919e-01 -2.299678e+00 -2.660998e+00 1.214211e+00 1.310907e+00 -6.124904e-01 -6.093896e-01 -3.150238e+00 -1.353992e+00 -6.792929e-02 -2.131073e+00 6.392192e+01
<VARIANCE> 13
 1.231369e+01 1.258427e+01 1.227349e+01 1.177421e+01 1.254949e+01 1.119014e+01 1.360306e+01 1.662325e+01 1.605805e+01 1.471694e+01 1.439697e+01 1.333805e+01 3.318621e+01
<GCONST> 5.849971e+01
<MIXTURE> 2 5.601463e-01
<MEAN> 13
 -7.904748e+00 -1.324485e+00 -4.548833e+00 -5.021055e+00 -2.772345e+00 -2.950933e+00 -4.758878e+00 -3.847226e+00 -5.679931e+00 -2.832820e+00 -2.340602e+00 -2.325759e+00 7.131004e+01
<VARIANCE> 13
 7.918136e+00 1.278594e+01 1.459624e+01 1.596507e+01 1.271269e+01 1.266485e+01 1.319987e+01 1.745899e+01 1.784591e+01 1.627920e+01 1.647036e+01 1.435492e+01 4.685497e+01
<GCONST> 5.946695e+01
<STATE> 4
<NUMMIXES> 2
<MIXTURE> 1 4.761881e-01
<MEAN> 13
 -5.009843e+00 2.531858e+00 -5.653636e-01 -1.589160e+00 1.467824e+00 1.631304e-01 -2.204649e+00 -2.113713e+00 -3.929441e+00 -2.425988e+00 -9.174529e-01 -2.920963e+00 6.060690e+01
<VARIANCE> 13
 1.198311e+01 8.191231e+00 8.999772e+00 8.345568e+00 1.028341e+01 1.184370e+01 1.493761e+01 1.786776e+01 1.698856e+01 1.608363e+01 1.451930e+01 1.314165e+01 4.730443e+01
<GCONST> 5.790532e+01
<MIXTURE> 2 5.238076e-01
<MEAN> 13
 -4.621401e+00 -5.851005e-01 -3.808800e+00 -6.004807e+00 -2.560194e+00 -2.938663e+00 -3.860375e+00 -2.273631e+00 -3.575497e+00 -2.518426e+00 -1.937075e+00 -3.115965e+00 7.205009e+01
<VARIANCE> 13
 3.107924e+00 6.318581e+00 6.166149e+00 8.741822e+00 9.835445e+00 1.010347e+01 1.355413e+01 1.618293e+01 1.511222e+01 1.418688e+01 1.346026e+01 1.155806e+01 2.334550e+01
<GCONST> 5.441192e+01
<TRANSP> 5
 0.000000e+00 1.000000e+00 0.000000e+00 0.000000e+00 0.000000e+00
 0.000000e+00 9.668935e-01 3.310651e-02 0.000000e+00 0.000000e+00
 0.000000e+00 0.000000e+00 9.693502e-01 3.064985e-02 0.000000e+00
 0.000000e+00 0.000000e+00 0.000000e+00 9.823841e-01 1.761582e-02
 0.000000e+00 0.000000e+00 0.000000e+00 0.000000e+00 0.000000e+00
<ENDHMM>
~h "co"
<BEGINHMM>
<NUMSTATES> 5
<STATE> 2
<NUMMIXES> 2
<MIXTURE> 1 2.789935e-01
<MEAN> 13
 -5.335820e+00 -3.350924e+00 5.800013e-01 4.369828e-02 4.317143e-01 1.988462e+00 3.322879e+00 1.610991e+00 8.512635e-01 -1.111997e+00 -1.103814e+00 -3.989570e+00 5.011674e+01
<VARIANCE> 13
 7.200279e+00 1.253113e+01 1.911411e+01 2.298766e+01 1.182053e+01 1.391313e+01 1.805923e+01 1.696419e+01 1.808455e+01 1.987754e+01 1.744429e+01 1.503051e+01 1.396033e+01
<GCONST> 5.939751e+01
<MIXTURE> 2 7.210073e-01
<MEAN> 13
 -4.957927e+00 -7.698873e+00 1.251397e+00 9.511272e-01 -8.830935e+00 -1.814436e+00 -8.249646e+00 -2.468788e+00 -8.554946e-01 -5.764775e+00 -7.246233e+00 -1.018942e+01 6.554243e+01
<VARIANCE> 13
 1.352583e+01 2.190868e+01 2.530206e+01 2.346268e+01 6.583944e+01 4.544614e+01 5.797120e+01 4.300040e+01 4.357776e+01 5.460051e+01 4.584789e+01 3.438283e+01 3.299603e+01
<GCONST> 7.042895e+01
<STATE> 3
<NUMMIXES> 2
<MIXTURE> 1 4.183376e-01
<MEAN> 13
 -8.356716e+00 -5.527306e+00 1.505626e+00 -1.314505e+00 -4.963583e+00 -7.334173e+00 -2.221013e+00 -8.099374e+00 -6.276616e+00 -3.269170e+00 -1.609919e+00 -6.101552e+00 6.616588e+01
<VARIANCE> 13
 2.733865e+01 9.548514e+00 1.603894e+01 1.633934e+01 2.374319e+01 2.572439e+01 4.583436e+01 4.994564e+01 2.963460e+01 3.064518e+01 2.319485e+01 2.996165e+01 5.216576e+01
<GCONST> 6.648608e+01
<MIXTURE> 2 5.816633e-01
<MEAN> 13
 -6.252429e+00 -7.112273e+00 -2.938135e+00 -3.895635e+00 -1.009170e+01 -9.692131e+00 -9.040078e+00 -6.356381e+00 -4.139444e+00 -5.828457e+00 -5.841503e+00 -1.142761e+01 7.087721e+01
<VARIANCE> 13
 8.364930e+00 1.158623e+01 2.045119e+01 2.077366e+01 3.240151e+01 2.939038e+01 4.723269e+01 5.745287e+01 5.148058e+01 4.369276e+01 3.740617e+01 4.070388e+01 2.169330e+01
<GCONST> 6.740647e+01
<STATE> 4
<NUMMIXES> 2
<MIXTURE> 1 4.187899e-01
<MEAN> 13
 -2.684769e+00 1.115611e-01 5.170509e+00 3.054761e+00 2.539303e+00 -1.272490e+00 -2.392678e+00 -4.208247e+00 -4.523878e+00 -3.798494e+00 -3.482099e+00 -7.376197e+00 5.074572e+01
<VARIANCE> 13
 9.660452e+00 1.130889e+01 1.443408e+01 2.108699e+01 1.749682e+01 1.791775e+01 2.358011e+01 3.319993e+01 2.432340e+01 2.058555e+01 2.043205e+01 1.743829e+01 2.283715e+01
<GCONST> 6.193523e+01
<MIXTURE> 2 5.812078e-01
<MEAN> 13
 -4.023282e+00 -5.257211e+00 4.136894e+00 1.849544e+00 -4.554338e+00 -5.907226e+00 -7.469743e+00 -8.177139e+00 -4.981323e+00 -3.894990e+00 -3.520718e+00 -8.656359e+00 6.199709e+01
<VARIANCE> 13
 1.452751e+01 1.569410e+01 1.899126e+01 2.632248e+01 3.573024e+01 2.899018e+01 3.940877e+01 5.212556e+01 3.730332e+01 3.897081e+01 3.704742e+01 2.719817e+01 2.870971e+01
<GCONST> 6.766121e+01
<TRANSP> 5
 0.000000e+00 1.000000e+00 0.000000e+00 0.000000e+00 0.000000e+00
 0.000000e+00 9.511032e-01 4.889688e-02 0.000000e+00 0.000000e+00
 0.000000e+00 0.000000e+00 9.817301e-01 1.826986e-02 0.000000e+00
 0.000000e+00 0.000000e+00 0.000000e+00 9.793677e-01 2.063232e-02
 0.000000e+00 0.000000e+00 0.000000e+00 0.000000e+00 0.000000e+00
<ENDHMM>
~h "ds"
<BEGINHMM>
<NUMSTATES> 5
<STATE> 2
<NUMMIXES> 2
<MIXTURE> 1 6.143751e-01
<MEAN> 13
 -1.217694e+01 7.032456e-01 1.285121e+00 1.260517e+00 1.989422e+00 -4.421352e-01 3.542305e+00 -2.990929e+00 9.375814e-01 1.618383e+00 4.063870e+00 -6.948650e-01 6.370773e+01
<VARIANCE> 13
 1.211191e+01 8.455610e+00 8.015030e+00 9.807038e+00 1.410817e+01 1.369372e+01 2.158205e+01 2.275058e+01 2.354671e+01 1.814238e+01 1.820775e+01 1.790858e+01 5.479129e+01
<GCONST> 6.019388e+01
<MIXTURE> 2 3.856229e-01
<MEAN> 13
 -1.708630e+01 -4.865077e-01 -2.418127e+00 -2.714768e+00 -4.276598e+00 -3.910046e+00 2.249516e+00 -2.151243e+00 1.105863e+00 3.050571e+00 4.384323e+00 4.552037e-01 6.889629e+01
<VARIANCE> 13
 9.036605e+00 9.022462e+00 7.288553e+00 1.241520e+01 1.612288e+01 1.664870e+01 2.346098e+01 2.901507e+01 1.970681e+01 1.918490e+01 1.502025e+01 1.329170e+01 1.312977e+02
<GCONST> 6.102345e+01
<STATE> 3
<NUMMIXES> 2
<MIXTURE> 1 5.674402e-01
<MEAN> 13
 -9.793307e+00 4.573049e+00 5.122467e+00 6.665750e+00 7.174568e+00 4.048472e+00 7.581600e+00 -2.899154e-01 3.518877e+00 2.165866e+00 4.160445e+00 1.128407e+00 6.684270e+01
<VARIANCE> 13
 1.451530e+01 5.055382e+00 5.722820e+00 5.734861e+00 8.414150e+00 1.010200e+01 1.016582e+01 1.183646e+01 1.340347e+01 1.247461e+01 1.251166e+01 1.155952e+01 4.378171e+01
<GCONST> 5.478454e+01
<MIXTURE> 2 4.325581e-01
<MEAN> 13
 -7.625564e+00 5.470546e+00 4.705140e+00 4.452311e+00 4.707617e+00 1.385483e+00 4.375372e+00 -3.149892e+00 2.867004e-01 -8.754135e-01 1.193717e+00 -1.597981e+00 6.703474e+01
<VARIANCE> 13
 1.149744e+01 1.230999e+01 8.824018e+00 8.447053e+00 1.121177e+01 1.375003e+01 1.213206e+01 1.230392e+01 1.384886e+01 1.353552e+01 1.278654e+01 1.151243e+01 8.124149e+01
<GCONST> 5.782278e+01
<STATE> 4
<NUMMIXES> 2
<MIXTURE> 1 2.952264e-01
<MEAN> 13
 -9.859731e+00 3.303305e+00 5.249720e+00 3.123564e+00 5.240565e+00 3.539011e+00 4.533045e+00 -4.528596e-01 2.562821e+00 -1.539802e+00 3.022455e+00 -2.227544e-01 5.748674e+01
<VARIANCE> 13
 1.701557e+01 1.141096e+01 1.366412e+01 1.752448e+01 2.049291e+01 2.564421e+01 3.670599e+01 1.974808e+01 3.176119e+01 3.597105e+01 2.118799e+01 1.686257e+01 9.754367e+01
<GCONST> 6.498966e+01
<MIXTURE> 2 7.047727e-01
<MEAN> 13
 -9.756870e+00 5.399687e-01 6.895398e-01 -6.218610e-01 1.893739e+00 -5.343535e-01 2.098073e+00 -1.187195e+00 -7.437437e-01 -1.997315e-01 1.580901e+00 -2.201299e+00 5.322719e+01
<VARIANCE> 13
 1.511435e+01 9.612241e+00 1.165546e+01 1.227786e+01 1.572137e+01 1.625747e+01 1.793397e+01 1.886521e+01 1.915752e+01 1.767970e+01 1.644187e+01 1.667450e+01 2.329746e+01
<GCONST> 5.978941e+01
<TRANSP> 5
 0.000000e+00 1.000000e+00 0.000000e+00 0.000000e+00 0.000000e+00
 0.000000e+00 9.691836e-01 3.081641e-02 0.000000e+00 0.000000e+00
 0.000000e+00 0.000000e+00 9.078473e-01 9.215259e-02 0.000000e+00
 0.000000e+00 0.000000e+00 0.000000e+00 9.926382e-01 7.361814e-03
 0.000000e+00 0.000000e+00 0.000000e+00 0.000000e+00 0.000000e+00
<ENDHMM>
~h "kj"
<BEGINHMM>
<NUMSTATES> 5
<STATE> 2
<NUMMIXES> 2
<MIXTURE> 1 5.468135e-01
<MEAN> 13
 -1.954732e+01 4.718005e+00 9.789532e-01 -3.373072e+00 -4.935570e-01 6.358655e+00 9.686838e-01 4.769995e+00 1.164646e+00 -6.560326e-01 2.651917e+00 -5.973234e-01 5.544356e+01
<VARIANCE> 13
 2.237263e+01 1.462320e+01 9.115204e+00 1.165936e+01 1.355647e+01 2.352168e+01 2.446733e+01 1.595400e+01 1.417293e+01 1.995364e+01 1.515113e+01 1.388937e+01 1.939578e+01
<GCONST> 6.003973e+01
<MIXTURE> 2 4.531865e-01
<MEAN> 13
 -1.830547e+01 7.258621e-01 -2.897116e-01 -3.367438e+00 -1.342737e+00 3.499740e+00 1.838459e+00 2.606010e-01 -1.505112e+00 3.222103e-01 6.277211e-01 -1.652859e+00 5.705188e+01
<VARIANCE> 13
 4.239964e+01 1.820113e+01 1.926310e+01 1.632581e+01 2.079655e+01 3.633234e+01 2.327086e+01 1.805794e+01 1.717347e+01 2.160571e+01 1.633150e+01 1.517055e+01 3.222195e+01
<GCONST> 6.386167e+01
<STATE> 3
<NUMMIXES> 2
<MIXTURE> 1 6.080583e-01
<MEAN> 13
 -1.425004e+01 -2.700458e+00 -4.289021e+00 9.067106e-01 -6.434533e-01 -2.795172e+00 2.974383e-01 -2.045022e+00 -1.678849e+00 2.102834e+00 7.715796e-01 -1.010788e+00 5.753062e+01
<VARIANCE> 13
 1.163384e+01 2.050242e+01 1.502700e+01 1.517689e+01 1.477921e+01 1.531356e+01 1.677608e+01 1.748453e+01 1.785593e+01 1.682260e+01 1.656562e+01 1.361833e+01 1.660708e+01
<GCONST> 5.983335e+01
<MIXTURE> 2 3.919407e-01
<MEAN> 13
 -1.695049e+01 -9.872836e+00 -4.158894e+00 -2.591091e+00 -2.332080e+00 -5.633018e+00 -4.307970e+00 -5.192847e+00 -3.814023e+00 -2.394170e-01 4.733271e-01 -2.869127e-01 6.933322e+01
<VARIANCE> 13
 1.349163e+01 1.726786e+01 8.757720e+00 1.263387e+01 1.541862e+01 1.512560e+01 1.663085e+01 1.586385e+01 1.724627e+01 1.522712e+01 1.478391e+01 1.415562e+01 4.421384e+01
<GCONST> 5.978027e+01
<STATE> 4
<NUMMIXES> 2
<MIXTURE> 1 7.462121e-01
<MEAN> 13
 -2.373579e+01 3.443447e+00 2.651243e+00 3.614968e+00 -2.758836e+00 -2.421925e-01 8.010910e+00 3.423504e-01 -3.571519e+00 4.382027e+00 6.900281e-01 -3.208303e+00 5.570509e+01
<VARIANCE> 13
 1.423191e+01 1.782429e+01 1.477541e+01 1.764085e+01 1.538054e+01 1.719670e+01 2.048797e+01 1.928915e+01 2.102025e+01 2.508241e+01 1.788434e+01 1.880089e+01 1.234523e+01
<GCONST> 6.114758e+01
<MIXTURE> 2 2.537920e-01
<MEAN> 13
 -1.337266e+01 -4.086256e+00 -3.534670e+00 -6.207430e-01 -1.816685e+00 -3.328663e+00 -2.060301e-01 -2.242061e+00 -2.402197e+00 1.037670e+00 3.568732e-01 -1.032838e+00 5.874923e+01
<VARIANCE> 13
 2.530860e+01 6.359309e+01 1.772289e+01 1.459965e+01 2.282929e+01 2.465523e+01 2.358594e+01 2.341395e+01 1.801674e+01 1.952378e+01 1.721329e+01 1.495993e+01 9.427724e+01
<GCONST> 6.543916e+01
<TRANSP> 5
 0.000000e+00 1.000000e+00 0.000000e+00 0.000000e+00 0.000000e+00
 0.000000e+00 9.917687e-01 8.231268e-03 0.000000e+00 0.000000e+00
 0.000000e+00 0.000000e+00 9.727835e-01 2.721651e-02 0.000000e+00
 0.000000e+00 0.000000e+00 0.000000e+00 9.936180e-01 6.381970e-03
 0.000000e+00 0.000000e+00 0.000000e+00 0.000000e+00 0.000000e+00
<ENDHMM>
~h "kn"
<BEGINHMM>
<NUMSTATES> 5
<STATE> 2
<NUMMIXES> 2
<MIXTURE> 1 5.238404e-01
<MEAN> 13
 5.067898e+00 1.371179e+00 -5.155708e+00 -1.954595e+00 1.640885e+00 -1.573658e+00 6.482391e-01 -3.034611e+00 3.321970e+00 2.353198e+00 3.377165e+00 -1.116127e-01 5.862714e+01
<VARIANCE> 13
 1.124510e+01 1.811678e+01 1.217539e+01 1.108305e+01 1.176113e+01 1.987599e+01 1.876997e+01 1.816665e+01 1.679609e+01 1.617300e+01 1.388325e+01 1.550299e+01 2.405478e+01
<GCONST> 5.955671e+01
<MIXTURE> 2 4.761581e-01
<MEAN> 13
 2.269875e+00 2.638158e+00 -2.149961e+00 -2.363137e+00 2.165291e+00 7.002153e-02 5.409233e-01 -4.977250e+00 -1.686005e+00 -1.550125e+00 -7.765948e-01 -3.692060e+00 5.563432e+01
<VARIANCE> 13
 2.488207e+01 1.723073e+01 2.272846e+01 8.976994e+00 2.111317e+01 1.958401e+01 2.548614e+01 3.628318e+01 1.700611e+01 2.188525e+01 1.613538e+01 1.373507e+01 5.858173e+01
<GCONST> 6.351640e+01
<STATE> 3
<NUMMIXES> 2
<MIXTURE> 1 4.856853e-01
<MEAN> 13
 4.315892e+00 -7.087369e-01 -1.463584e+00 2.766250e+00 6.933720e+00 1.276024e+00 4.430295e+00 -2.111256e+00 1.119699e+00 1.648930e-01 2.044660e+00 -6.834069e-01 6.237838e+01
<VARIANCE> 13
 8.833939e+00 1.207797e+01 9.625212e+00 1.173045e+01 1.348087e+01 1.823599e+01 1.799820e+01 1.363729e+01 1.619303e+01 1.771088e+01 1.628059e+01 1.512937e+01 2.375347e+01
<GCONST> 5.862981e+01
<MIXTURE> 2 5.143140e-01
<MEAN> 13
 6.124663e+00 -3.257383e+00 -3.133175e+00 1.515696e+00 3.404277e+00 -3.274947e+00 8.924103e-01 -6.150688e+00 -2.609059e+00 -2.608036e+00 9.057962e-02 -2.844543e+00 6.184379e+01
<VARIANCE> 13
 7.921179e+00 2.266974e+01 1.358042e+01 1.246336e+01 1.718685e+01 1.975402e+01 1.725972e+01 2.302289e+01 1.907397e+01 1.964027e+01 1.696728e+01 1.754064e+01 2.731079e+01
<GCONST> 6.095576e+01
<STATE> 4
<NUMMIXES> 2
<MIXTURE> 1 5.523291e-01
<MEAN> 13
 7.657010e+00 1.747732e+00 -1.854134e+00 2.386082e+00 6.927183e+00 1.745308e+00 1.825596e+00 -1.754247e+00 -2.325215e+00 -2.190558e+00 -2.479079e-01 -3.354002e+00 5.435770e+01
<VARIANCE> 13
 1.007884e+01 1.039259e+01 1.263946e+01 7.831637e+00 1.420948e+01 1.758416e+01 1.700900e+01 2.001491e+01 1.778484e+01 1.356995e+01 1.020617e+01 1.193318e+01 1.668369e+01
<GCONST> 5.759301e+01
<MIXTURE> 2 4.476691e-01
<MEAN> 13
 2.085597e+00 5.157048e+00 2.673951e+00 -4.903476e-01 4.227751e+00 2.575382e+00 3.899644e-01 -4.575147e-01 -3.984433e+00 -2.112773e+00 -3.124664e-01 -3.313333e+00 4.784455e+01
<VARIANCE> 13
 1.668657e+01 1.832489e+01 1.098666e+01 1.128660e+01 1.857372e+01 1.512944e+01 1.541231e+01 2.397620e+01 1.868972e+01 1.921535e+01 1.613640e+01 1.542398e+01 1.857496e+01
<GCONST> 6.030869e+01
<TRANSP> 5
 0.000000e+00 1.000000e+00 0.000000e+00 0.000000e+00 0.000000e+00
 0.000000e+00 9.625303e-01 3.746976e-02 0.000000e+00 0.000000e+00
 0.000000e+00 0.000000e+00 9.779010e-01 2.209906e-02 0.000000e+00
 0.000000e+00 0.000000e+00 0.000000e+00 9.609243e-01 3.907570e-02
 0.000000e+00 0.000000e+00 0.000000e+00 0.000000e+00 0.000000e+00
<ENDHMM>
~h "kt"
<BEGINHMM>
<NUMSTATES> 5
<STATE> 2
<NUMMIXES> 2
<MIXTURE> 1 5.714811e-01
<MEAN> 13
 -9.710842e+00 3.004264e-01 -6.610697e+00 -6.661590e-01 2.198723e+00 2.980131e+00 6.029001e+00 1.233211e+00 1.135423e+00 1.344595e+00 2.334200e+00 -1.208823e+00 5.419594e+01
<VARIANCE> 13
 7.483234e+00 4.420572e+00 5.613833e+00 7.059338e+00 9.190218e+00 1.056059e+01 1.160375e+01 1.290193e+01 1.311043e+01 1.335844e+01 1.249490e+01 1.219999e+01 7.426028e+00
<GCONST> 5.285220e+01
<MIXTURE> 2 4.285188e-01
<MEAN> 13
 -1.277702e+01 -8.434390e-02 -6.312077e+00 -1.665997e+00 4.352759e-01 -9.285616e-01 2.886597e+00 -1.055214e-01 1.183081e+00 2.111691e-01 5.946436e-01 -1.428164e+00 5.780101e+01
<VARIANCE> 13
 1.930800e+01 8.667817e+00 1.010767e+01 1.538617e+01 1.414185e+01 1.764655e+01 1.717759e+01 1.941006e+01 2.169536e+01 1.731691e+01 1.514923e+01 1.452917e+01 2.495839e+01
<GCONST> 5.992848e+01
<STATE> 3
<NUMMIXES> 2
<MIXTURE> 1 5.922873e-01
<MEAN> 13
 -1.074961e+01 3.488878e+00 -2.529900e+00 1.417206e+00 1.796775e+00 -7.108022e-01 3.609500e+00 1.922466e+00 7.102564e-01 -2.626335e-01 5.878604e-01 -1.581479e+00 5.039312e+01
<VARIANCE> 13
 5.020181e+00 4.771180e+00 7.321957e+00 9.496880e+00 1.032891e+01 1.119049e+01 1.334851e+01 1.548357e+01 1.495280e+01 1.547264e+01 1.334992e+01 1.206541e+01 8.399021e+00
<GCONST> 5.404544e+01
<MIXTURE> 2 4.077109e-01
<MEAN> 13
 -1.378381e+01 3.171596e+00 -3.770558e+00 2.187869e-01 -2.808154e-01 -3.994882e+00 1.362928e+00 2.237259e-01 -7.028556e-01 -1.245005e+00 -1.565977e+00 -1.702080e+00 5.586214e+01
<VARIANCE> 13
 6.150274e+00 7.465691e+00 9.126733e+00 1.362842e+01 1.595931e+01 1.750601e+01 1.957482e+01 1.798364e+01 2.026657e+01 2.315029e+01 1.985781e+01 1.594756e+01 1.489186e+01
<GCONST> 5.864857e+01
<STATE> 4
<NUMMIXES> 2
<MIXTURE> 1 5.853931e-01
<MEAN> 13
 -8.636205e+00 3.423489e+00 -1.751365e+00 1.903163e-01 1.697772e+00 1.200358e+00 3.696950e+00 3.169642e+00 9.354890e-01 -2.780135e-02 8.959010e-01 -2.212039e+00 4.685356e+01
<VARIANCE> 13
 5.115067e+00 5.186930e+00 8.713173e+00 8.583586e+00 1.123695e+01 1.092367e+01 1.387145e+01 1.355165e+01 1.458478e+01 1.453927e+01 1.322011e+01 1.176940e+01 4.126093e+00
<GCONST> 5.335331e+01
<MIXTURE> 2 4.146057e-01
<MEAN> 13
 -1.095094e+01 2.574036e+00 -3.313406e+00 -5.727637e-01 -1.535718e+00 -1.897836e+00 2.173680e+00 8.331328e-01 3.016481e-01 1.689869e-01 2.098530e-01 -2.022582e+00 5.125185e+01
<VARIANCE> 13
 1.306814e+01 1.466961e+01 1.378098e+01 1.544218e+01 1.952797e+01 1.826760e+01 2.027183e+01 1.963481e+01 2.133112e+01 2.177931e+01 1.767323e+01 1.499143e+01 1.246573e+01
<GCONST> 6.061590e+01
<TRANSP> 5
 0.000000e+00 1.000000e+00 0.000000e+00 0.000000e+00 0.000000e+00
 0.000000e+00 9.916638e-01 8.336195e-03 0.000000e+00 0.000000e+00
 0.000000e+00 0.000000e+00 9.870396e-01 1.296045e-02 0.000000e+00
 0.000000e+00 0.000000e+00 0.000000e+00 9.924651e-01 7.534849e-03
 0.000000e+00 0.000000e+00 0.000000e+00 0.000000e+00 0.000000e+00
<ENDHMM>
~h "pr"
<BEGINHMM>
<NUMSTATES> 5
<STATE> 2
<NUMMIXES> 2
<MIXTURE> 1 4.944855e-01
<MEAN> 13
 -1.898774e+01 -1.062378e+01 4.167642e+00 -4.842904e+00 9.403117e+00 -1.405937e+00 3.005632e+00 4.932763e+00 -3.384757e-01 -4.887491e+00 -3.692996e-01 5.518365e+00 6.008701e+01
<VARIANCE> 13
 2.357199e+01 2.198766e+01 2.470170e+01 4.514400e+01 4.205783e+01 8.938448e+01 4.585244e+01 6.303550e+01 7.236774e+01 3.607899e+01 6.962300e+01 5.495770e+01 9.518972e+00
<GCONST> 7.173121e+01
<MIXTURE> 2 5.055130e-01
<MEAN> 13
 -1.279032e+01 -7.976676e+00 -2.907064e+00 -4.977341e+00 -4.470722e+00 -3.277909e-01 1.043502e+01 1.235510e+00 7.550570e-01 3.635421e-01 1.923621e+00 -4.078010e+00 5.968139e+01
<VARIANCE> 13
 2.043077e+01 3.845586e+01 2.601410e+01 2.942270e+01 4.942741e+01 4.509601e+01 6.243369e+01 6.612207e+01 3.774430e+01 2.703027e+01 2.781028e+01 3.644133e+01 1.514524e+01
<GCONST> 6.980087e+01
<STATE> 3
<NUMMIXES> 2
<MIXTURE> 1 6.287906e-01
<MEAN> 13
 -2.226152e+01 5.634437e+00 1.719149e+01 -1.438242e+01 1.260509e+00 1.418411e+01 -4.919479e+00 -6.663624e+00 1.344423e+01 -8.467369e+00 -6.070333e+00 8.066977e+00 5.440153e+01
<VARIANCE> 13
 6.840634e+00 5.910311e+00 7.564457e+00 1.046131e+01 1.527809e+01 1.608535e+01 1.481592e+01 1.623973e+01 1.762750e+01 2.014765e+01 2.242087e+01 1.283380e+01 3.245541e+00
<GCONST> 5.566252e+01
<MIXTURE> 2 3.712116e-01
<MEAN> 13
 -1.824623e+01 1.975060e+00 1.832622e+01 -1.712873e+01 3.413056e+00 1.012758e+01 -7.274995e+00 -4.549137e+00 9.257391e+00 -4.587929e+00 -9.836661e+00 8.972420e+00 5.325417e+01
<VARIANCE> 13
 1.068690e+01 2.641652e+01 2.843130e+01 5.705065e+01 3.091856e+01 3.017303e+01 2.157110e+01 4.554467e+01 2.435512e+01 4.662938e+01 2.909138e+01 3.136690e+01 1.376057e+01
<GCONST> 6.712817e+01
<STATE> 4
<NUMMIXES> 2
<MIXTURE> 1 5.929941e-01
<MEAN> 13
 -9.843500e+00 6.601613e-01 7.350933e+00 -8.000826e+00 6.958129e+00 -8.490156e-03 -8.309764e-01 6.537730e+00 7.952127e-01 3.385876e-01 -6.382839e+00 5.412942e+00 4.654743e+01
<VARIANCE> 13
 1.516843e+01 8.706749e+00 4.880803e+01 6.510010e+01 2.964131e+01 9.765148e+01 2.803042e+01 4.860115e+01 2.478526e+01 2.627811e+01 5.316216e+01 6.224284e+01 1.002303e+01
<GCONST> 6.891531e+01
<MIXTURE> 2 4.070055e-01
<MEAN> 13
 -1.562269e+01 -4.890054e+00 8.463064e+00 -9.735057e+00 1.845593e+00 8.775243e+00 5.149066e-02 -1.105517e+00 5.202382e+00 -3.657010e+00 8.465706e-01 2.020302e+00 5.379961e+01
<VARIANCE> 13
 4.204161e+01 7.350799e+01 8.141325e+01 7.481535e+01 5.076730e+01 9.729554e+01 4.455771e+01 4.690486e+01 9.896609e+01 7.862724e+01 1.008863e+02 5.959526e+01 1.456360e+01
<GCONST> 7.713252e+01
<TRANSP> 5
 0.000000e+00 1.000000e+00 0.000000e+00 0.000000e+00 0.000000e+00
 0.000000e+00 9.941608e-01 5.839285e-03 0.000000e+00 0.000000e+00
 0.000000e+00 0.000000e+00 9.811391e-01 1.886079e-02 0.000000e+00
 0.000000e+00 0.000000e+00 0.000000e+00 9.931384e-01 6.861631e-03
 0.000000e+00 0.000000e+00 0.000000e+00 0.000000e+00 0.000000e+00
<ENDHMM>
~h "pw"
<BEGINHMM>
<NUMSTATES> 5
<STATE> 2
<NUMMIXES> 2
<MIXTURE> 1 5.729371e-01
<MEAN> 13
 -1.187926e+01 1.201620e-01 1.171918e-01 -8.921713e-02 1.621169e+00 -2.721863e-01 3.817402e+00 1.521638e+00 7.102201e-02 1.489715e+00 4.538580e-01 -7.854976e-01 5.042928e+01
<VARIANCE> 13
 1.283512e+01 1.190045e+01 8.485510e+00 1.091927e+01 1.270730e+01 1.284824e+01 1.323938e+01 1.471267e+01 1.540430e+01 1.479087e+01 1.377147e+01 1.263803e+01 1.160760e+01
<GCONST> 5.685697e+01
<MIXTURE> 2 4.270670e-01
<MEAN> 13
 -1.395161e+01 -6.098671e+00 -1.961662e+00 -9.657796e-01 1.234796e-01 -4.062517e+00 4.405137e-01 -2.856305e+00 -2.089137e+00 8.045286e-02 -7.057541e-02 -7.119445e-01 5.877742e+01
<VARIANCE> 13
 2.148519e+01 2.298985e+01 1.412636e+01 1.419871e+01 1.798815e+01 2.036879e+01 1.825235e+01 2.119519e+01 1.815503e+01 1.661386e+01 1.582126e+01 1.462463e+01 3.354443e+01
<GCONST> 6.192392e+01
<STATE> 3
<NUMMIXES> 2
<MIXTURE> 1 5.104209e-01
<MEAN> 13
 -9.566977e+00 -2.962618e+00 -5.300755e-01 5.782022e-01 2.690858e+00 -1.651962e+00 9.420937e-01 -2.548604e+00 -3.011843e+00 -1.783404e-01 -5.959003e-02 -5.993825e-01 5.281812e+01
<VARIANCE> 13
 1.361003e+01 2.110592e+01 1.195841e+01 8.824690e+00 1.164545e+01 1.420897e+01 1.636480e+01 2.002312e+01 1.831597e+01 1.479670e+01 1.309642e+01 1.213386e+01 2.894300e+01
<GCONST> 5.914840e+01
<MIXTURE> 2 4.895821e-01
<MEAN> 13
 -1.078426e+01 -8.786683e+00 -3.978257e+00 -2.498875e+00 -1.417508e+00 -7.435348e+00 -2.903960e+00 -7.367691e+00 -4.517526e+00 -1.772382e+00 -5.308442e-01 -8.409796e-01 6.779471e+01
<VARIANCE> 13
 1.852421e+01 1.634083e+01 1.239575e+01 1.217084e+01 1.571352e+01 1.537705e+01 1.695893e+01 1.708418e+01 1.825196e+01 1.692906e+01 1.502441e+01 1.305973e+01 4.820556e+01
<GCONST> 6.066588e+01
<STATE> 4
<NUMMIXES> 2
<MIXTURE> 1 5.976598e-01
<MEAN> 13
 -9.955820e+00 -2.516353e+00 -4.033609e+00 -2.239313e+00 1.709299e+00 2.682827e+00 5.472363e+00 6.127349e-01 -3.374666e-01 1.175628e+00 7.513039e-01 -1.224946e+00 5.390520e+01
<VARIANCE> 13
 1.258295e+01 7.455679e+00 7.094064e+00 8.062980e+00 9.751309e+00 1.101693e+01 1.201098e+01 1.407552e+01 1.370350e+01 1.333441e+01 1.291219e+01 1.218327e+01 6.783661e+00
<GCONST> 5.446811e+01
<MIXTURE> 2 4.023336e-01
<MEAN> 13
 -1.395426e+01 -6.048517e+00 -2.216698e+00 -1.642984e+00 -9.111204e-01 -3.063589e+00 1.003210e+00 -2.733965e+00 -2.079273e+00 -1.237330e+00 -1.164066e-01 -6.487391e-01 6.116777e+01
<VARIANCE> 13
 1.535121e+01 1.444657e+01 1.171725e+01 1.238317e+01 1.594431e+01 1.711343e+01 1.885449e+01 2.210623e+01 1.962075e+01 1.706050e+01 1.538506e+01 1.383930e+01 2.694539e+01
<GCONST> 6.038111e+01
<TRANSP> 5
 0.000000e+00 1.000000e+00 0.000000e+00 0.000000e+00 0.000000e+00
 0.000000e+00 9.974492e-01 2.550781e-03 0.000000e+00 0.000000e+00
 0.000000e+00 0.000000e+00 9.822122e-01 1.778787e-02 0.000000e+00
 0.000000e+00 0.000000e+00 0.000000e+00 9.937425e-01 6.257521e-03
 0.000000e+00 0.000000e+00 0.000000e+00 0.000000e+00 0.000000e+00
<ENDHMM>
~h "si"
<BEGINHMM>
<NUMSTATES> 5
<STATE> 2
<NUMMIXES> 2
<MIXTURE> 1 6.650280e-01
<MEAN> 13
 -8.149853e+00 1.897838e+00 6.037457e-01 -7.632215e-01 1.505060e+00 1.643382e+00 3.647829e+00 2.245162e+00 5.003620e-01 8.038366e-01 8.835706e-01 -1.923367e+00 4.720155e+01
<VARIANCE> 13
 1.231495e+01 6.154300e+00 8.729285e+00 9.959300e+00 1.376515e+01 1.284588e+01 1.373331e+01 1.514998e+01 1.517757e+01 1.460808e+01 1.326339e+01 1.235753e+01 1.041063e+01
<GCONST> 5.604204e+01
<MIXTURE> 2 3.350085e-01
<MEAN> 13
 -1.063629e+01 -1.875921e+00 7.868907e-02 -2.133793e+00 -6.342847e-01 -1.481098e+00 1.259580e+00 -1.098436e+00 -8.156542e-01 -3.429258e-02 5.645936e-01 -1.355115e+00 5.449472e+01
<VARIANCE> 13
 3.208828e+01 2.699414e+01 2.264187e+01 2.263194e+01 2.992657e+01 2.452227e+01 2.828699e+01 2.918699e+01 2.666800e+01 2.337514e+01 2.295849e+01 2.164549e+01 3.537596e+01
<GCONST> 6.641978e+01
<STATE> 3
<NUMMIXES> 2
<MIXTURE> 1 5.285832e-01
<MEAN> 13
 -3.170706e+00 -4.390132e+00 -3.772528e+00 -2.957320e+00 2.672330e+00 5.217785e+00 5.646221e+00 1.532132e+00 -5.375933e-01 1.506315e+00 1.512106e+00 -2.498518e+00 4.975898e+01
<VARIANCE> 13
 3.156070e+00 3.899326e+00 4.886914e+00 6.077118e+00 7.950896e+00 9.057442e+00 1.046126e+01 1.212082e+01 1.248472e+01 1.253481e+01 1.203688e+01 1.093887e+01 1.133139e+00
<GCONST> 4.897141e+01
<MIXTURE> 2 4.714137e-01
<MEAN> 13
 -5.572932e+00 -3.142529e+00 -3.684598e+00 -3.742452e+00 -7.400336e-01 1.341040e+00 2.430475e+00 -6.545224e-01 -6.298102e-01 8.689477e-01 8.046215e-01 -2.632814e+00 5.262700e+01
<VARIANCE> 13
 1.373674e+01 1.313585e+01 1.097708e+01 1.276753e+01 1.683047e+01 1.736561e+01 1.814024e+01 1.942811e+01 2.015006e+01 1.906095e+01 1.823624e+01 1.694609e+01 8.969726e+00
<GCONST> 5.945123e+01
<STATE> 4
<NUMMIXES> 2
<MIXTURE> 1 6.730760e-01
<MEAN> 13
 -5.272508e+00 2.303548e+00 1.432615e+00 -2.085012e+00 3.001329e+00 2.701054e+00 2.378509e+00 4.441928e+00 -6.352678e-01 2.303709e-01 1.074945e+00 -2.715743e+00 4.296875e+01
<VARIANCE> 13
 3.083373e+00 3.526261e+00 6.574557e+00 8.192104e+00 1.232423e+01 1.120179e+01 1.308730e+01 1.374599e+01 1.407359e+01 1.483971e+01 1.268980e+01 1.159654e+01 1.769737e+00
<GCONST> 5.128902e+01
<MIXTURE> 2 3.269648e-01
<MEAN> 13
 -7.198053e+00 6.995205e-01 7.543582e-01 -2.195007e+00 -5.111201e-01 -4.137891e-01 1.637367e+00 9.888968e-01 -6.284012e-03 1.091738e+00 3.960186e-01 -2.038999e+00 4.702182e+01
<VARIANCE> 13
 1.816854e+01 1.501931e+01 1.541558e+01 1.591095e+01 2.047219e+01 1.992738e+01 2.208181e+01 2.286351e+01 2.150156e+01 2.173491e+01 1.984960e+01 1.720400e+01 1.358722e+01
<GCONST> 6.182878e+01
<TRANSP> 5
 0.000000e+00 1.000000e+00 0.000000e+00 0.000000e+00 0.000000e+00
 0.000000e+00 9.899581e-01 1.004191e-02 0.000000e+00 0.000000e+00
 0.000000e+00 0.000000e+00 9.823034e-01 1.769659e-02 0.000000e+00
 0.000000e+00 0.000000e+00 0.000000e+00 9.916794e-01 8.320657e-03
 0.000000e+00 0.000000e+00 0.000000e+00 0.000000e+00 0.000000e+00
<ENDHMM>
~h "st"
<BEGINHMM>
<NUMSTATES> 5
<STATE> 2
<NUMMIXES> 2
<MIXTURE> 1 5.945508e-01
<MEAN> 13
 -9.948956e+00 -1.802233e-01 -5.360356e-02 -1.986153e+00 1.126447e-01 2.845283e-01 3.280463e+00 -6.458111e-01 -1.331197e+00 -1.204360e+00 8.825895e-01 -2.196869e+00 5.426240e+01
<VARIANCE> 13
 1.695191e+01 8.942417e+00 1.113415e+01 1.305461e+01 1.377745e+01 1.503449e+01 1.556057e+01 1.625099e+01 1.728837e+01 1.709138e+01 1.478129e+01 1.335502e+01 1.042226e+01
<GCONST> 5.807682e+01
<MIXTURE> 2 4.054498e-01
<MEAN> 13
 -8.314146e+00 -5.564975e+00 8.658380e-02 -7.149354e+00 -3.360126e+00 -4.032537e+00 8.695242e-01 -1.667413e+00 -2.282326e+00 -2.114882e+00 2.323862e-01 -2.902383e+00 6.331557e+01
<VARIANCE> 13
 1.744814e+01 2.340278e+01 1.501504e+01 1.859736e+01 1.950106e+01 2.361612e+01 2.396958e+01 2.179691e+01 2.201117e+01 2.112817e+01 1.834124e+01 1.582938e+01 3.428376e+01
<GCONST> 6.327536e+01
<STATE> 3
<NUMMIXES> 2
<MIXTURE> 1 5.609941e-01
<MEAN> 13
 -4.913372e+00 -2.932461e+00 -3.912970e+00 -3.601902e+00 8.957312e-01 2.408461e+00 4.001995e+00 4.676859e-01 -6.011834e-01 1.030571e+00 1.231520e+00 -2.692913e+00 5.213691e+01
<VARIANCE> 13
 3.421335e+00 5.385580e+00 7.250309e+00 8.475441e+00 1.143600e+01 1.239598e+01 1.334072e+01 1.482114e+01 1.474642e+01 1.445737e+01 1.410773e+01 1.254531e+01 2.823140e+00
<GCONST> 5.274151e+01
<MIXTURE> 2 4.390017e-01
<MEAN> 13
 -8.072870e+00 -4.852391e+00 -1.411412e+00 -7.955812e+00 -2.557782e+00 -3.655992e+00 4.800654e-01 -4.095571e-02 -5.275211e-01 -2.883099e-01 1.204095e+00 -2.207237e+00 5.936994e+01
<VARIANCE> 13
 1.674908e+01 1.926270e+01 1.710611e+01 2.144384e+01 2.342236e+01 2.027496e+01 1.995156e+01 2.231993e+01 2.086177e+01 2.037560e+01 1.684174e+01 1.588573e+01 2.772011e+01
<GCONST> 6.279936e+01
<STATE> 4
<NUMMIXES> 2
<MIXTURE> 1 5.874082e-01
<MEAN> 13
 -9.821014e+00 1.609899e+00 9.304538e-01 -7.977644e-01 1.991794e+00 9.847050e-01 3.161528e+00 1.386132e+00 3.808139e-01 3.119914e-02 7.920971e-01 -2.127012e+00 4.894273e+01
<VARIANCE> 13
 1.036470e+01 5.675316e+00 7.530257e+00 9.488012e+00 1.026248e+01 1.128829e+01 1.275107e+01 1.537674e+01 1.543259e+01 1.475159e+01 1.335537e+01 1.211891e+01 1.086978e+01
<GCONST> 5.516713e+01
<MIXTURE> 2 4.126012e-01
<MEAN> 13
 -1.085627e+01 -1.121821e-01 7.783291e-01 -5.243347e+00 -2.364824e+00 -3.478302e+00 2.096442e-01 -1.079469e+00 1.009265e-01 -2.864576e-01 6.770248e-01 -2.400349e+00 5.676309e+01
<VARIANCE> 13
 1.984535e+01 1.240826e+01 1.641071e+01 1.778748e+01 1.535196e+01 2.006571e+01 2.127921e+01 2.376477e+01 2.092918e+01 1.854901e+01 1.680233e+01 1.524667e+01 4.339429e+01
<GCONST> 6.230913e+01
<TRANSP> 5
 0.000000e+00 1.000000e+00 0.000000e+00 0.000000e+00 0.000000e+00
 0.000000e+00 9.802125e-01 1.978751e-02 0.000000e+00 0.000000e+00
 0.000000e+00 0.000000e+00 9.870467e-01 1.295335e-02 0.000000e+00
 0.000000e+00 0.000000e+00 0.000000e+00 9.910994e-01 8.900569e-03
 0.000000e+00 0.000000e+00 0.000000e+00 0.000000e+00 0.000000e+00
<ENDHMM>
~h "spe"
<BEGINHMM>
<NUMSTATES> 5
<STATE> 2
<NUMMIXES> 2
<MIXTURE> 1 4.259616e-01
<MEAN> 13
 -2.354329e+00 -4.055877e+00 -2.814287e+00 -3.583484e+00 1.750657e+00 3.301225e+00 3.661577e+00 -3.364286e-01 -2.047968e+00 2.983553e-01 6.100249e-01 -3.656409e+00 5.062074e+01
<VARIANCE> 13
 7.213193e+00 7.654235e+00 8.532013e+00 8.473548e+00 1.102239e+01 1.372754e+01 1.717429e+01 1.668421e+01 1.628561e+01 1.576939e+01 1.521439e+01 1.331906e+01 3.391307e+00
<GCONST> 5.494256e+01
<MIXTURE> 2 5.740390e-01
<MEAN> 13
 -2.922908e-01 -5.842462e+00 2.991433e+00 -8.289199e+00 -4.930520e+00 -2.107194e+00 -3.031329e+00 -1.928103e+00 -3.535447e+00 -9.552335e-02 -8.242761e-01 -6.888455e+00 5.813476e+01
<VARIANCE> 13
 1.350484e+01 3.091812e+01 5.258765e+01 3.419173e+01 5.812659e+01 4.163634e+01 3.014286e+01 4.699247e+01 3.527071e+01 3.470550e+01 3.806263e+01 2.451447e+01 1.168814e+01
<GCONST> 6.887581e+01
<STATE> 3
<NUMMIXES> 2
<MIXTURE> 1 4.241995e-01
<MEAN> 13
 -6.967643e+00 1.318864e+00 -1.355644e+00 -3.804175e+00 -2.448698e+00 -2.799315e+00 2.290898e-01 -1.202152e+00 -9.789938e-01 -2.025292e+00 -2.056213e+00 -2.482279e+00 5.884404e+01
<VARIANCE> 13
 2.590573e+01 2.696209e+01 6.218979e+01 3.145214e+01 5.733604e+01 2.895607e+01 3.761019e+01 2.198776e+01 2.965683e+01 2.141098e+01 3.031150e+01 2.058593e+01 5.640981e+01
<GCONST> 6.907480e+01
<MIXTURE> 2 5.757993e-01
<MEAN> 13
 -6.068136e-01 -4.077388e+00 1.992121e+00 -1.857255e+01 -2.165739e+00 -9.901770e+00 -6.729221e+00 -3.645005e+00 -4.652044e-01 -4.769062e+00 -1.053731e+01 -1.794486e+00 6.354862e+01
<VARIANCE> 13
 2.241314e+01 3.398407e+01 7.748296e+01 4.073252e+01 4.854898e+01 4.687578e+01 5.476611e+01 7.312643e+01 4.250765e+01 3.887252e+01 2.726806e+01 3.484724e+01 6.840972e+00
<GCONST> 7.079995e+01
<STATE> 4
<NUMMIXES> 2
<MIXTURE> 1 6.276270e-01
<MEAN> 13
 -2.534497e+00 1.739572e+00 1.083951e+00 -1.691132e+00 -3.282624e+00 -1.502198e+00 3.182275e-01 -4.743365e-01 -1.082778e+00 -2.040062e-02 -1.477975e+00 -4.623123e+00 5.078377e+01
<VARIANCE> 13
 1.923421e+01 1.516593e+01 2.370607e+01 1.764032e+01 3.372481e+01 3.162971e+01 2.054383e+01 2.737520e+01 2.719489e+01 2.436714e+01 2.273306e+01 2.227477e+01 7.068265e+00
<GCONST> 6.358775e+01
<MIXTURE> 2 3.723745e-01
<MEAN> 13
 1.988584e+00 -5.721376e+00 -6.029701e-01 -5.156804e+00 -4.597445e+00 3.703762e-01 -4.333735e+00 -3.919209e-01 -1.004248e+00 -3.223800e-01 -3.456031e+00 -9.153706e+00 5.541687e+01
<VARIANCE> 13
 4.084565e+00 1.796139e+01 3.448413e+01 2.571555e+01 5.820071e+01 4.104605e+01 3.367133e+01 3.816829e+01 3.587665e+01 4.310595e+01 4.078907e+01 3.457124e+01 8.711752e+00
<GCONST> 6.667254e+01
<TRANSP> 5
 0.000000e+00 1.000000e+00 0.000000e+00 0.000000e+00 0.000000e+00
 0.000000e+00 9.951233e-01 4.876727e-03 0.000000e+00 0.000000e+00
 0.000000e+00 0.000000e+00 9.722717e-01 2.772835e-02 0.000000e+00
 0.000000e+00 0.000000e+00 0.000000e+00 9.931813e-01 6.818724e-03
 0.000000e+00 0.000000e+00 0.000000e+00 0.000000e+00 0.000000e+00
<ENDHMM>
