~o
<STREAMINFO> 1 39
<VECSIZE> 39<NULLD><MFCC_D_A_0><DIAGC>
~h "ap"
<BEGINHMM>
<NUMSTATES> 5
<STATE> 2
<MEAN> 39
 -1.453719e+01 -8.110142e+00 -2.870307e+00 7.456111e-01 -1.367793e+00 -4.252171e+00 2.552042e+00 -1.443754e+00 -1.382265e+00 -7.991412e-01 7.685646e-01 -8.690538e-01 6.288302e+01 -2.980852e-01 -6.229883e-01 -3.204403e-01 -7.357894e-02 -2.825373e-01 -4.014311e-01 -1.599451e-01 -2.139545e-01 -1.710486e-01 -1.231551e-01 -7.921575e-02 -6.590533e-02 1.137817e+00 7.842740e-02 4.802080e-02 7.154085e-03 -3.838570e-02 7.051840e-02 1.046965e-01 5.054893e-02 2.109867e-02 1.999776e-02 4.159819e-02 5.065961e-03 -3.207654e-02 -1.765675e-01
<VARIANCE> 39
 3.563616e+01 4.338470e+01 2.958636e+01 2.032218e+01 3.232533e+01 4.870476e+01 2.432341e+01 2.371607e+01 2.195651e+01 2.274970e+01 2.101632e+01 1.571277e+01 1.388549e+02 2.629117e+00 3.084599e+00 1.324608e+00 1.458656e+00 2.723310e+00 3.663972e+00 1.972112e+00 1.947321e+00 1.898506e+00 2.001130e+00 1.782542e+00 1.552133e+00 1.208150e+01 3.921763e-01 4.387459e-01 1.870955e-01 2.605173e-01 4.662227e-01 6.344723e-01 3.309630e-01 3.304506e-01 3.495803e-01 3.782494e-01 3.196614e-01 3.023572e-01 1.846651e+00
<GCONST> 1.153688e+02
<STATE> 3
<MEAN> 39
 -1.136217e+01 -1.652901e+01 -9.917816e+00 1.844414e+00 -1.355452e-01 -8.704230e+00 3.644248e-01 -2.817738e+00 -5.431565e+00 -3.723823e+00 3.176289e-01 -1.452562e+00 6.977249e+01 1.244359e-01 5.620154e-02 7.708363e-02 6.387126e-02 1.401914e-01 9.635778e-02 6.177268e-02 5.361834e-03 -4.322000e-03 8.943415e-03 3.665024e-02 5.774040e-03 -3.601184e-01 -3.160808e-04 1.481978e-02 1.530518e-02 1.843259e-02 5.691108e-03 -3.104510e-03 1.166763e-03 1.168277e-02 6.968612e-03 4.917336e-03 2.949319e-03 1.009137e-02 -1.136490e-02
<VARIANCE> 39
 1.447908e+01 1.822044e+01 2.015557e+01 2.354180e+01 3.139775e+01 2.669356e+01 2.694520e+01 2.129358e+01 2.376939e+01 2.229577e+01 1.757541e+01 1.592439e+01 6.374088e+01 4.984625e-01 4.553032e-01 5.997904e-01 9.103386e-01 1.587708e+00 1.595841e+00 1.211527e+00 1.151412e+00 1.581366e+00 1.463558e+00 1.278574e+00 1.707783e+00 3.379721e+00 8.489136e-02 7.669878e-02 1.028283e-01 1.674813e-01 3.008266e-01 3.253177e-01 2.320109e-01 2.164641e-01 3.207844e-01 3.016461e-01 2.498464e-01 3.846995e-01 5.259462e-01
<GCONST> 9.484083e+01
<STATE> 4
<MEAN> 39
 -1.074533e+01 -1.043040e+01 -4.808686e+00 8.972253e-01 4.114569e-01 -4.203983e+00 2.493739e+00 -2.492403e+00 -3.514089e+00 -6.971961e-01 7.398929e-01 -1.403476e+00 6.057414e+01 1.324004e-02 1.780698e-02 7.015225e-03 4.438839e-03 -1.121953e-03 6.890619e-03 2.323681e-03 1.217859e-02 7.880443e-03 5.426009e-03 1.131694e-03 -2.481808e-03 -3.146191e-02 -9.728465e-04 -5.722101e-04 -1.228433e-03 -1.754582e-03 -2.261183e-03 -1.817373e-03 -1.341721e-03 -1.731630e-04 -1.604810e-03 -1.281020e-03 -1.085542e-03 -2.111861e-04 1.979273e-03
<VARIANCE> 39
 2.547857e+01 5.114259e+01 2.666535e+01 2.442913e+01 3.526374e+01 3.748274e+01 2.569158e+01 2.751719e+01 2.439279e+01 2.044555e+01 1.722148e+01 1.467698e+01 1.260962e+02 9.703021e-01 1.219135e+00 7.813104e-01 9.267157e-01 1.602062e+00 1.939117e+00 1.392375e+00 1.462866e+00 1.522615e+00 1.528370e+00 1.382544e+00 1.234697e+00 5.344629e+00 1.525361e-01 1.869075e-01 1.299165e-01 1.733904e-01 2.952902e-01 3.726137e-01 2.648448e-01 2.749525e-01 3.032725e-01 3.158338e-01 2.765286e-01 2.538459e-01 7.967260e-01
<GCONST> 1.029968e+02
<TRANSP> 5
 0.000000e+00 1.000000e+00 0.000000e+00 0.000000e+00 0.000000e+00
 0.000000e+00 9.348302e-01 6.516978e-02 0.000000e+00 0.000000e+00
 0.000000e+00 0.000000e+00 9.828466e-01 1.715337e-02 0.000000e+00
 0.000000e+00 0.000000e+00 0.000000e+00 9.952936e-01 4.706466e-03
 0.000000e+00 0.000000e+00 0.000000e+00 0.000000e+00 0.000000e+00
<ENDHMM>
~h "cl"
<BEGINHMM>
<NUMSTATES> 5
<STATE> 2
<MEAN> 39
 -1.214875e+01 -5.462523e-01 -1.894542e+00 -3.169755e+00 -8.148378e-01 6.914910e+00 3.192209e+00 -8.125874e-01 3.033922e+00 -4.176217e-01 -2.161566e+00 1.616013e+00 5.429641e+01 -8.480336e-02 1.760634e-02 3.873003e-03 -5.480384e-03 -4.504806e-02 5.705288e-02 -2.428284e-02 -5.416343e-02 3.090498e-02 2.544701e-03 -3.487714e-02 1.978066e-02 6.464800e-02 -4.611199e-02 3.300287e-03 8.064267e-03 -2.095942e-03 -1.979368e-02 1.794440e-02 -1.052935e-02 -2.122607e-02 1.580621e-02 2.862194e-03 -2.801586e-02 1.781059e-02 3.078171e-02
<VARIANCE> 39
 3.587999e+01 2.757941e+01 2.441710e+01 1.429691e+01 1.734162e+01 4.786682e+01 2.008401e+01 2.415822e+01 3.152347e+01 2.355961e+01 2.545254e+01 2.489086e+01 4.078543e+01 1.581037e+00 7.393889e-01 6.614156e-01 8.154514e-01 1.285196e+00 1.879021e+00 1.631105e+00 1.787194e+00 2.023336e+00 1.728790e+00 1.736225e+00 1.619552e+00 1.349998e+00 2.412642e-01 1.095088e-01 1.119891e-01 1.447862e-01 2.340630e-01 3.356488e-01 2.917097e-01 3.360299e-01 3.735048e-01 3.387976e-01 3.339163e-01 2.976958e-01 1.999933e-01
<GCONST> 9.957517e+01
<STATE> 3
<MEAN> 39
 -2.027931e+01 2.671629e+00 9.539773e-01 -5.650921e+00 -4.489629e+00 1.206139e+01 1.731485e-01 -3.356954e+00 8.209088e+00 -3.716938e+00 -3.456256e+00 5.366668e+00 5.889468e+01 -6.042179e-02 9.228626e-04 -4.859823e-04 1.176452e-03 -1.511632e-02 1.567867e-02 -8.305099e-03 -3.231112e-02 -9.403293e-03 -1.042052e-02 -2.776030e-02 1.176946e-02 6.325674e-02 1.832850e-02 -3.246052e-03 -2.540313e-03 -9.888298e-04 7.659733e-03 -3.759362e-03 3.261064e-03 2.919723e-03 -9.039835e-03 1.538984e-03 4.309557e-03 -6.099381e-03 -1.239864e-02
<VARIANCE> 39
 4.675444e+01 8.090132e+00 1.737477e+01 1.283953e+01 1.750499e+01 3.363784e+01 2.499895e+01 2.150228e+01 2.523478e+01 2.186998e+01 1.968674e+01 1.936460e+01 2.161092e+01 2.342678e+00 5.207982e-01 7.969838e-01 9.731109e-01 1.344447e+00 2.226295e+00 1.962696e+00 1.891557e+00 1.869317e+00 1.700565e+00 1.647916e+00 1.679574e+00 1.281706e+00 4.131283e-01 9.422834e-02 1.466231e-01 1.922933e-01 2.542492e-01 4.213557e-01 3.830304e-01 3.661655e-01 3.641480e-01 3.420594e-01 3.223822e-01 3.186919e-01 2.280258e-01
<GCONST> 9.894141e+01
<STATE> 4
<MEAN> 39
 -2.165284e+01 1.326689e+00 5.162887e+00 -3.058769e+00 -6.270051e+00 1.067798e+01 1.712952e+00 -6.641643e+00 3.017593e+00 3.692229e+00 -1.076058e+01 4.897590e+00 5.778342e+01 7.940837e-02 -6.405911e-03 3.111154e-03 -8.470422e-03 1.121570e-02 -1.827968e-02 -6.385338e-03 9.236167e-03 3.592911e-03 -3.081232e-03 2.070018e-02 -5.626508e-03 -6.691121e-02 1.541813e-03 7.864196e-04 -9.002794e-04 4.141369e-04 3.456976e-04 -5.745766e-03 -1.812281e-03 4.453236e-03 1.809704e-05 2.413676e-04 3.541348e-03 -1.170925e-03 -1.937363e-03
<VARIANCE> 39
 4.540761e+01 1.048623e+01 2.673149e+01 1.603502e+01 2.656424e+01 3.177137e+01 2.913144e+01 4.434584e+01 3.336946e+01 3.237671e+01 3.373126e+01 2.938626e+01 3.319261e+01 1.164770e+00 5.075918e-01 9.743268e-01 9.472913e-01 1.262513e+00 1.983464e+00 1.634901e+00 2.397480e+00 2.497535e+00 1.864109e+00 1.655592e+00 1.794202e+00 1.141870e+00 2.126209e-01 9.625765e-02 1.909719e-01 1.902643e-01 2.392640e-01 3.827979e-01 3.164767e-01 4.443913e-01 4.930510e-01 3.686802e-01 3.283237e-01 3.566492e-01 2.126155e-01
<GCONST> 1.026757e+02
<TRANSP> 5
 0.000000e+00 1.000000e+00 0.000000e+00 0.000000e+00 0.000000e+00
 0.000000e+00 9.605534e-01 3.944658e-02 0.000000e+00 0.000000e+00
 0.000000e+00 0.000000e+00 9.902368e-01 9.763272e-03 0.000000e+00
 0.000000e+00 0.000000e+00 0.000000e+00 9.942680e-01 5.732014e-03
 0.000000e+00 0.000000e+00 0.000000e+00 0.000000e+00 0.000000e+00
<ENDHMM>
~h "cm"
<BEGINHMM>
<NUMSTATES> 5
<STATE> 2
<MEAN> 39
 -9.211521e+00 -7.411556e-01 -2.264860e+00 -4.155913e+00 -7.417288e-01 -6.506388e-01 -1.287663e+00 -5.484782e-01 -2.196207e+00 -7.862319e-01 1.831048e-01 -2.287350e+00 6.051239e+01 5.474846e-02 -3.358858e-02 -2.463027e-02 -6.558642e-02 -6.177993e-02 -8.336546e-02 -8.632805e-02 -8.017613e-02 -6.284922e-02 -3.815462e-02 -6.062660e-02 5.075538e-03 3.768996e-01 5.930085e-03 2.784747e-03 -7.258729e-03 2.730255e-03 8.172408e-03 1.452371e-02 4.175635e-03 -6.643561e-03 -9.471920e-03 8.160755e-03 1.560376e-02 2.119765e-03 -4.819900e-03
<VARIANCE> 39
 2.032733e+01 1.987670e+01 1.518859e+01 1.778201e+01 1.754045e+01 1.874107e+01 2.053708e+01 2.094913e+01 2.115989e+01 1.908348e+01 1.858239e+01 1.457343e+01 6.927406e+01 5.523145e-01 7.445365e-01 8.042845e-01 1.069113e+00 1.235788e+00 1.514471e+00 1.549057e+00 1.651612e+00 1.690381e+00 1.576994e+00 1.510271e+00 1.350952e+00 1.150614e+00 7.684663e-02 1.180801e-01 1.450025e-01 1.896066e-01 2.364163e-01 2.855436e-01 2.949835e-01 3.089293e-01 3.265852e-01 3.080496e-01 2.811165e-01 2.529657e-01 1.402934e-01
<GCONST> 9.304665e+01
<STATE> 3
<MEAN> 39
 -1.284969e+01 -4.956963e-01 -3.231233e+00 -5.139517e+00 -2.219461e-01 6.103417e-01 -1.985442e+00 -4.292477e-01 -2.974094e+00 4.878339e-01 2.707129e+00 -3.425760e-01 6.032024e+01 5.908205e-02 -6.832335e-03 -1.656379e-02 8.569842e-03 7.708107e-03 -4.197069e-03 -1.646499e-02 -2.523508e-02 -2.684456e-02 -3.351648e-02 -4.879646e-02 -2.486318e-02 1.315317e-01 1.161298e-02 1.946288e-03 3.365597e-03 5.484954e-03 -1.582178e-03 -5.356048e-03 1.615529e-03 2.203224e-03 -1.679685e-03 -1.546144e-02 -1.863632e-02 -1.448811e-02 -1.389930e-03
<VARIANCE> 39
 1.026841e+01 1.125031e+01 9.707152e+00 1.152599e+01 1.431338e+01 1.598699e+01 1.721651e+01 1.912881e+01 1.704385e+01 1.655777e+01 1.877018e+01 1.608988e+01 2.346778e+01 2.748539e-01 3.784201e-01 5.296999e-01 7.712288e-01 9.961850e-01 1.226953e+00 1.352871e+00 1.432316e+00 1.393744e+00 1.354987e+00 1.315306e+00 1.235031e+00 2.931685e-01 3.690536e-02 6.512861e-02 9.792324e-02 1.443351e-01 1.939473e-01 2.480987e-01 2.738699e-01 2.879633e-01 2.791127e-01 2.770945e-01 2.607328e-01 2.483435e-01 3.015191e-02
<GCONST> 7.981827e+01
<STATE> 4
<MEAN> 39
 -5.556167e+00 4.547204e-01 -2.679592e+00 -3.868289e+00 -8.593184e-01 -1.452429e+00 -3.164559e+00 -2.504635e+00 -4.133503e+00 -2.527216e+00 -1.650645e+00 -2.861330e+00 6.767332e+01 4.892130e-02 3.187783e-02 4.247481e-02 5.954287e-02 4.842849e-02 3.075953e-02 3.057695e-02 -1.098009e-02 3.473689e-03 1.161078e-03 9.780636e-03 -4.536362e-04 -1.834437e-01 -4.885476e-03 -5.246590e-04 8.461212e-04 -6.966482e-05 4.466924e-04 2.384121e-03 2.394514e-03 2.039660e-03 2.732657e-03 2.684362e-03 4.682405e-03 5.457675e-03 -1.035143e-02
<VARIANCE> 39
 9.186380e+00 1.044970e+01 1.213665e+01 1.384105e+01 1.429349e+01 1.365904e+01 1.546777e+01 1.729248e+01 1.684488e+01 1.532840e+01 1.470841e+01 1.267995e+01 6.694434e+01 2.009963e-01 3.004550e-01 4.616059e-01 6.906939e-01 8.711780e-01 1.038663e+00 1.168880e+00 1.238722e+00 1.336331e+00 1.323550e+00 1.281799e+00 1.151003e+00 3.231342e-01 3.117519e-02 5.346223e-02 8.698805e-02 1.331604e-01 1.700268e-01 2.058654e-01 2.303915e-01 2.451511e-01 2.683230e-01 2.701167e-01 2.583565e-01 2.324573e-01 2.741459e-02
<GCONST> 7.724937e+01
<TRANSP> 5
 0.000000e+00 1.000000e+00 0.000000e+00 0.000000e+00 0.000000e+00
 0.000000e+00 9.480091e-01 5.199086e-02 0.000000e+00 0.000000e+00
 0.000000e+00 0.000000e+00 9.656979e-01 3.430207e-02 0.000000e+00
 0.000000e+00 0.000000e+00 0.000000e+00 9.859574e-01 1.404258e-02
 0.000000e+00 0.000000e+00 0.000000e+00 0.000000e+00 0.000000e+00
<ENDHMM>
~h "co"
<BEGINHMM>
<NUMSTATES> 5
<STATE> 2
<MEAN> 39
 -6.422355e+00 -6.003712e+00 2.183287e-02 -9.769100e-01 -1.309156e+01 -6.175999e+00 -4.711642e+00 -6.184623e-01 1.931563e+00 -2.005215e+00 -3.869768e+00 -7.265673e+00 6.213767e+01 -6.229388e-01 -9.785321e-02 3.117369e-01 -4.216047e-01 -6.440254e-01 -9.028777e-01 -2.477293e-01 -7.653446e-01 -1.018430e+00 -1.023567e+00 -4.234814e-01 -3.579223e-01 2.559221e+00 -6.449564e-02 6.531176e-02 -9.939771e-03 4.513460e-02 3.661401e-01 2.036901e-01 1.867821e-01 3.504977e-02 -1.083999e-01 7.154875e-02 1.651536e-01 6.070947e-02 -1.062944e-01
<VARIANCE> 39
 1.850220e+01 3.588128e+01 3.546391e+01 3.909399e+01 9.838638e+01 6.568959e+01 7.936548e+01 6.787814e+01 5.497456e+01 4.377598e+01 5.265565e+01 3.660762e+01 9.957044e+01 1.155621e+00 2.160922e+00 1.845760e+00 1.911724e+00 6.705369e+00 3.725876e+00 4.148073e+00 3.619431e+00 4.246851e+00 3.298012e+00 2.659497e+00 2.862878e+00 3.502208e+00 1.402582e-01 3.174661e-01 2.750150e-01 2.491727e-01 7.733842e-01 6.005705e-01 6.307198e-01 5.844402e-01 6.779483e-01 6.047881e-01 4.132815e-01 4.729803e-01 5.161408e-01
<GCONST> 1.260101e+02
<STATE> 3
<MEAN> 39
 -6.855101e+00 -6.449628e+00 -7.611309e-01 -2.393250e+00 -7.800346e+00 -8.355209e+00 -6.066292e+00 -7.125086e+00 -5.121481e+00 -4.534907e+00 -4.163865e+00 -9.082816e+00 6.831793e+01 7.101937e-02 -2.364507e-02 -9.107536e-03 5.007824e-02 1.285138e-01 3.536435e-02 -6.886106e-02 -7.394310e-02 -1.757254e-02 3.660494e-02 1.500838e-02 -3.603469e-02 -8.905709e-02 2.023962e-02 1.714454e-03 3.185796e-03 8.026187e-03 -7.485048e-03 -1.115658e-04 -7.996037e-03 9.480919e-03 1.678246e-02 5.736188e-03 -6.286893e-03 -1.450858e-03 -3.422530e-02
<VARIANCE> 39
 1.756640e+01 1.124833e+01 2.397153e+01 2.135536e+01 3.309377e+01 3.058884e+01 5.234402e+01 5.627607e+01 4.302932e+01 3.901339e+01 3.632743e+01 4.018807e+01 4.297917e+01 4.600364e-01 7.655679e-01 9.309549e-01 1.229753e+00 2.541055e+00 1.700726e+00 2.193368e+00 2.243397e+00 3.116893e+00 2.333057e+00 2.209363e+00 1.802822e+00 1.245937e+00 6.432182e-02 1.561013e-01 1.641283e-01 2.266818e-01 4.518242e-01 3.258226e-01 3.940152e-01 4.257121e-01 6.412931e-01 4.718574e-01 4.350073e-01 3.443811e-01 1.447249e-01
<GCONST> 1.056967e+02
<STATE> 4
<MEAN> 39
 -3.812319e+00 -3.737488e+00 3.780642e+00 1.947481e+00 -1.844973e+00 -2.784906e+00 -5.381096e+00 -5.310369e+00 -3.901680e+00 -4.431526e+00 -4.044597e+00 -8.392404e+00 5.821046e+01 5.954521e-02 1.039763e-01 3.517768e-02 3.387468e-02 1.340971e-01 8.997612e-02 6.885108e-02 7.923487e-02 5.545098e-04 1.180446e-02 2.426975e-02 4.335560e-02 -2.766153e-01 -3.803738e-03 2.713653e-04 -8.172985e-03 -3.760773e-03 -8.223481e-03 -5.800977e-03 -1.523325e-04 -6.941512e-04 5.238612e-04 -2.541078e-04 -1.632990e-03 -2.665759e-03 3.179169e-03
<VARIANCE> 39
 1.274859e+01 2.269025e+01 2.023252e+01 2.450922e+01 3.942140e+01 3.162811e+01 5.134718e+01 4.545179e+01 3.222407e+01 3.624580e+01 3.322316e+01 2.868017e+01 6.581040e+01 2.974244e-01 5.776240e-01 6.903015e-01 8.721343e-01 1.545689e+00 1.284027e+00 1.745274e+00 1.664329e+00 1.669373e+00 1.780185e+00 1.598729e+00 1.436695e+00 8.239920e-01 4.395955e-02 9.843197e-02 1.267590e-01 1.671564e-01 2.769731e-01 2.446792e-01 3.231416e-01 3.107436e-01 3.265179e-01 3.562223e-01 3.185599e-01 2.858053e-01 7.419157e-02
<GCONST> 9.631763e+01
<TRANSP> 5
 0.000000e+00 1.000000e+00 0.000000e+00 0.000000e+00 0.000000e+00
 0.000000e+00 8.413602e-01 1.586398e-01 0.000000e+00 0.000000e+00
 0.000000e+00 0.000000e+00 9.825059e-01 1.749413e-02 0.000000e+00
 0.000000e+00 0.000000e+00 0.000000e+00 9.833855e-01 1.661452e-02
 0.000000e+00 0.000000e+00 0.000000e+00 0.000000e+00 0.000000e+00
<ENDHMM>
~h "ds"
<BEGINHMM>
<NUMSTATES> 5
<STATE> 2
<MEAN> 39
 -1.365978e+01 7.224580e-01 7.523582e-01 -5.215011e-01 -1.586500e-01 -2.228573e+00 4.703188e+00 -2.149641e+00 1.787670e+00 1.958376e+00 4.358111e+00 3.533658e-01 6.543812e+01 -2.045652e-01 8.405603e-02 -7.450333e-02 -3.972499e-02 -1.304270e-01 -5.854479e-02 -3.151435e-03 -9.460364e-03 3.862154e-02 4.716569e-02 2.230914e-02 4.020317e-02 9.901107e-01 5.190279e-02 -2.050614e-02 2.845899e-02 4.869674e-02 6.217127e-02 1.003471e-01 1.943209e-02 6.354687e-02 -1.021796e-02 -4.141113e-02 -2.003346e-03 2.669845e-02 -1.405585e-01
<VARIANCE> 39
 2.267561e+01 1.640616e+01 1.560810e+01 1.997887e+01 2.968631e+01 2.383031e+01 2.857047e+01 3.685891e+01 2.761748e+01 2.458267e+01 1.980733e+01 1.704295e+01 9.321005e+01 2.125699e+00 1.102384e+00 1.423420e+00 1.728311e+00 2.629096e+00 2.425146e+00 2.454317e+00 2.498495e+00 2.160671e+00 2.312012e+00 2.003868e+00 1.776288e+00 3.949577e+00 3.342994e-01 1.950499e-01 2.377025e-01 3.193779e-01 4.769976e-01 4.597331e-01 4.406743e-01 4.617768e-01 3.975798e-01 4.320124e-01 3.697795e-01 3.389937e-01 5.939206e-01
<GCONST> 1.106294e+02
<STATE> 3
<MEAN> 39
 -1.645571e+01 4.010494e-01 -1.706129e+00 -6.173413e-01 -3.268218e+00 -1.970898e+00 2.024278e+00 -1.759503e+00 1.826476e+00 3.103117e+00 4.468001e+00 1.258502e+00 7.028753e+01 2.991239e-01 -8.296312e-02 3.635813e-01 5.697960e-01 6.371459e-01 3.491348e-01 1.012089e-01 1.344863e-01 4.815821e-02 -5.056342e-02 -3.048143e-02 -8.899693e-02 -6.840707e-01 8.763961e-02 1.046095e-01 1.223208e-02 -1.834361e-02 -2.629979e-02 -1.532701e-01 -5.961278e-02 -1.588895e-01 -6.447037e-02 3.630793e-02 -5.491427e-02 -6.832853e-02 -1.141856e-01
<VARIANCE> 39
 1.794662e+01 9.140655e+00 9.423987e+00 1.242406e+01 1.625286e+01 1.141172e+01 1.326537e+01 1.149439e+01 1.383471e+01 1.564267e+01 1.612620e+01 1.274410e+01 2.216438e+02 1.924011e+00 1.106389e+00 1.047575e+00 8.571548e-01 1.061011e+00 1.470698e+00 1.446229e+00 1.392523e+00 1.282285e+00 1.333203e+00 1.155014e+00 1.288628e+00 2.500807e+01 4.120970e-01 1.763961e-01 1.923799e-01 1.792145e-01 1.980968e-01 2.983746e-01 2.722041e-01 2.470811e-01 2.442394e-01 2.785525e-01 2.501307e-01 2.657804e-01 4.744280e+00
<GCONST> 9.848162e+01
<STATE> 4
<MEAN> 39
 -9.993161e+00 1.469262e+00 2.047084e+00 8.206824e-01 2.935973e+00 6.860772e-01 2.949700e+00 -1.217267e+00 3.160027e-01 -3.044281e-01 2.203156e+00 -1.519947e+00 5.603088e+01 4.361932e-02 2.163623e-03 2.078277e-02 7.932039e-03 3.443452e-02 2.409912e-02 1.602326e-02 9.294407e-03 -6.297824e-03 -1.723980e-02 -1.548741e-02 -1.528581e-02 -1.113315e-01 -1.921770e-03 -5.907074e-04 -1.803938e-03 -2.524161e-03 -3.246895e-03 -8.443490e-04 -2.247071e-04 3.355630e-04 1.948090e-03 1.396032e-03 1.900335e-03 1.243138e-03 2.677813e-03
<VARIANCE> 39
 1.577785e+01 1.166923e+01 1.601391e+01 1.730183e+01 1.971513e+01 2.169699e+01 2.402588e+01 1.918752e+01 2.414183e+01 2.268167e+01 1.796449e+01 1.713082e+01 6.132018e+01 5.808499e-01 4.801787e-01 6.715456e-01 9.064111e-01 1.291454e+00 1.420251e+00 1.582194e+00 1.541715e+00 1.747529e+00 1.755039e+00 1.590469e+00 1.356379e+00 8.332124e-01 9.746389e-02 8.448824e-02 1.249971e-01 1.746705e-01 2.545245e-01 2.764592e-01 3.103878e-01 3.066604e-01 3.461653e-01 3.526519e-01 3.226493e-01 2.727901e-01 1.029876e-01
<GCONST> 9.185574e+01
<TRANSP> 5
 0.000000e+00 1.000000e+00 0.000000e+00 0.000000e+00 0.000000e+00
 0.000000e+00 9.317884e-01 6.821158e-02 0.000000e+00 0.000000e+00
 0.000000e+00 0.000000e+00 8.309476e-01 1.690523e-01 0.000000e+00
 0.000000e+00 0.000000e+00 0.000000e+00 9.936934e-01 6.306662e-03
 0.000000e+00 0.000000e+00 0.000000e+00 0.000000e+00 0.000000e+00
<ENDHMM>
~h "kj"
<BEGINHMM>
<NUMSTATES> 5
<STATE> 2
<MEAN> 39
 -1.763299e+01 5.256073e+00 4.259527e-01 -2.297564e+00 -5.779002e-01 2.881555e+00 6.834832e-01 3.548608e+00 5.533063e-02 -1.120873e-01 1.274885e+00 -1.257874e+00 5.307807e+01 -2.269278e-02 1.118133e-02 -5.379569e-03 -1.478705e-03 -7.862108e-03 -3.513915e-03 2.612039e-03 -8.107927e-03 1.272611e-02 7.594265e-03 1.144516e-02 -2.628004e-03 1.599049e-02 -1.187233e-03 -4.758684e-03 1.434830e-03 3.010360e-03 -3.385453e-03 -5.414441e-03 9.701505e-04 -2.246692e-03 -3.321976e-03 1.062598e-03 -3.323514e-03 9.935221e-04 4.956157e-03
<VARIANCE> 39
 3.086615e+01 1.595176e+01 1.190661e+01 1.353419e+01 1.771086e+01 2.776954e+01 2.529057e+01 2.212090e+01 1.850371e+01 2.373541e+01 1.798269e+01 1.646295e+01 1.580014e+01 5.458551e-01 5.478569e-01 6.027372e-01 9.143407e-01 1.122048e+00 1.450189e+00 1.654552e+00 1.629493e+00 1.636028e+00 1.692480e+00 1.528117e+00 1.334277e+00 3.084003e-01 8.668669e-02 1.010972e-01 1.126258e-01 1.803950e-01 2.179585e-01 2.843145e-01 3.242889e-01 3.247692e-01 3.315494e-01 3.347252e-01 3.053328e-01 2.681522e-01 4.602576e-02
<GCONST> 8.880466e+01
<STATE> 3
<MEAN> 39
 -1.467340e+01 -4.357259e+00 -4.261979e+00 -2.389337e-01 -9.317305e-01 -3.119226e+00 -8.160726e-01 -2.638038e+00 -2.478323e+00 1.330326e+00 6.022345e-01 -8.170531e-01 5.994527e+01 -1.066598e-01 -1.092550e-02 -1.724242e-02 6.462517e-03 -3.447171e-03 8.468135e-04 -1.636963e-03 -2.005178e-02 -2.655432e-02 2.606967e-03 2.896591e-03 1.080741e-02 7.689934e-02 -5.729912e-03 2.305245e-02 1.978085e-02 -6.736507e-03 6.411804e-03 2.271926e-02 1.971309e-02 2.322028e-02 8.836140e-03 1.968305e-03 4.730160e-03 -5.005511e-03 -2.158446e-02
<VARIANCE> 39
 1.591130e+01 2.862291e+01 1.299043e+01 1.586194e+01 1.601685e+01 1.921098e+01 1.966705e+01 2.033680e+01 1.916801e+01 1.813544e+01 1.557809e+01 1.329392e+01 3.241331e+01 6.811910e-01 1.324331e+00 7.822227e-01 9.344502e-01 1.277885e+00 1.507866e+00 1.724276e+00 1.735345e+00 1.647535e+00 1.667805e+00 1.499651e+00 1.321249e+00 1.136235e+00 1.055640e-01 2.026975e-01 1.426463e-01 1.815685e-01 2.460216e-01 2.832482e-01 3.417588e-01 3.395246e-01 3.255680e-01 3.389090e-01 3.068777e-01 2.686520e-01 1.550896e-01
<GCONST> 9.378857e+01
<STATE> 4
<MEAN> 39
 -2.122863e+01 8.809506e-01 9.546257e-01 7.112114e-01 -2.306300e+00 1.090753e+00 4.984958e+00 3.809667e-02 -2.539688e+00 2.580344e+00 1.049960e+00 -2.206962e+00 5.785919e+01 4.009902e-02 -1.437859e-02 3.531827e-03 -4.898314e-03 7.315846e-03 -1.542139e-04 9.996067e-04 3.953007e-04 7.258956e-03 -7.663687e-03 1.374909e-03 2.925379e-03 -2.382263e-02 3.751965e-03 -1.223533e-03 -2.432082e-03 -6.552739e-04 6.099367e-04 -5.321968e-04 -2.944705e-04 1.304619e-04 1.346840e-03 -2.301169e-04 -2.497183e-04 7.760003e-04 -2.036223e-03
<VARIANCE> 39
 3.292708e+01 3.567219e+01 2.128569e+01 2.837844e+01 1.707167e+01 3.716110e+01 3.496139e+01 2.212490e+01 2.098330e+01 2.641589e+01 1.750936e+01 1.794529e+01 3.893609e+01 5.849614e-01 7.511818e-01 7.482054e-01 9.497667e-01 1.203930e+00 1.453530e+00 1.643356e+00 1.599195e+00 1.619700e+00 1.677537e+00 1.451218e+00 1.314648e+00 6.930988e-01 9.722900e-02 1.278213e-01 1.381379e-01 1.830358e-01 2.330408e-01 2.852415e-01 3.180775e-01 3.197400e-01 3.292854e-01 3.353314e-01 2.920226e-01 2.659436e-01 9.764693e-02
<GCONST> 9.547637e+01
<TRANSP> 5
 0.000000e+00 1.000000e+00 0.000000e+00 0.000000e+00 0.000000e+00
 0.000000e+00 9.860779e-01 1.392211e-02 0.000000e+00 0.000000e+00
 0.000000e+00 0.000000e+00 9.738986e-01 2.610145e-02 0.000000e+00
 0.000000e+00 0.000000e+00 0.000000e+00 9.951168e-01 4.883253e-03
 0.000000e+00 0.000000e+00 0.000000e+00 0.000000e+00 0.000000e+00
<ENDHMM>
~h "kn"
<BEGINHMM>
<NUMSTATES> 5
<STATE> 2
<MEAN> 39
 -5.641569e-01 7.405134e-01 -2.374577e+00 -2.483932e+00 1.137892e+00 -6.025289e-01 1.863301e+00 -3.562964e+00 -4.240518e-01 -3.666824e-01 6.410035e-01 -3.984545e+00 5.650302e+01 1.807585e-01 1.645998e-01 -1.218952e-01 1.354432e-01 2.232147e-01 -4.226776e-01 4.534176e-01 -8.650322e-02 9.788509e-01 2.065368e-01 1.938511e-01 2.563845e-01 2.024593e+00 -5.609432e-02 9.351590e-02 1.017969e-01 7.680367e-02 1.914520e-01 2.028319e-01 -2.252684e-02 7.972130e-02 -1.422453e-01 -3.141684e-02 1.500329e-02 1.048986e-01 -3.807582e-01
<VARIANCE> 39
 2.616770e+01 2.379476e+01 3.015250e+01 1.174317e+01 2.077680e+01 2.586777e+01 2.608756e+01 5.602244e+01 2.937284e+01 3.246547e+01 2.481587e+01 1.800334e+01 1.263181e+02 2.390045e+00 1.399665e+00 1.928147e+00 9.739258e-01 1.494307e+00 2.055101e+00 3.036041e+00 5.326104e+00 3.366651e+00 2.351357e+00 2.085077e+00 2.173088e+00 6.829373e+00 3.387169e-01 1.724668e-01 2.960557e-01 1.484777e-01 2.190832e-01 3.384883e-01 5.018730e-01 7.478111e-01 6.116086e-01 3.975209e-01 3.381355e-01 3.346888e-01 1.092072e+00
<GCONST> 1.135486e+02
<STATE> 3
<MEAN> 39
 4.818365e+00 -4.960783e-01 -2.699914e+00 9.358023e-01 4.295933e+00 -1.301325e+00 2.031038e+00 -4.295714e+00 4.427822e-02 -8.888673e-01 1.318299e+00 -1.592855e+00 6.164066e+01 8.257592e-02 -3.498183e-02 2.180464e-02 6.230041e-02 3.638279e-02 7.911796e-03 -4.089121e-03 2.323364e-02 -4.798727e-02 1.645944e-02 -1.043045e-02 3.834306e-02 -9.670314e-02 4.458831e-03 -7.667665e-03 -5.280056e-03 -4.240587e-03 -1.450027e-02 -1.905416e-03 -1.091470e-02 -6.941929e-03 -1.765198e-02 -3.232322e-03 -9.757505e-03 -1.847539e-02 -1.988617e-02
<VARIANCE> 39
 1.015539e+01 2.411040e+01 1.430194e+01 1.555463e+01 1.972975e+01 2.362938e+01 2.231759e+01 2.262442e+01 2.257573e+01 2.139712e+01 1.750427e+01 1.747510e+01 2.769082e+01 3.921807e-01 8.424720e-01 8.051763e-01 1.055502e+00 1.449065e+00 1.496076e+00 1.425932e+00 1.849579e+00 1.779408e+00 1.505610e+00 1.343431e+00 1.416268e+00 2.133125e+00 7.145230e-02 1.671478e-01 1.487936e-01 2.220095e-01 3.101044e-01 3.039183e-01 2.945635e-01 3.885538e-01 3.716934e-01 3.148710e-01 2.625203e-01 2.785735e-01 3.681456e-01
<GCONST> 9.490849e+01
<STATE> 4
<MEAN> 39
 5.593033e+00 1.654817e+00 -1.168857e+00 8.293319e-01 4.996578e+00 1.386286e+00 1.213595e+00 -2.064965e+00 -2.231032e+00 -1.274011e+00 1.384933e-01 -2.731008e+00 5.344942e+01 -1.085696e-01 8.076406e-02 1.203769e-01 -2.407388e-02 9.300730e-03 1.398671e-01 -9.429778e-03 9.465830e-02 -7.644615e-02 -2.264543e-02 -3.452315e-02 -5.185740e-02 -2.967878e-01 -1.054297e-02 -4.256913e-03 -3.539571e-03 -1.116173e-02 -8.658606e-03 -7.993351e-03 1.170976e-02 1.832984e-03 8.787436e-03 -2.360266e-03 7.032343e-03 1.582541e-03 1.613442e-02
<VARIANCE> 39
 1.598850e+01 2.080133e+01 1.867695e+01 1.262118e+01 1.871307e+01 1.773966e+01 1.776970e+01 2.200415e+01 2.028928e+01 1.864103e+01 1.498309e+01 1.506247e+01 2.990806e+01 2.956548e-01 5.382823e-01 5.812725e-01 6.490326e-01 1.000914e+00 1.031968e+00 1.378500e+00 1.769127e+00 1.632363e+00 1.435791e+00 1.315552e+00 1.305799e+00 7.032193e-01 4.358138e-02 9.171996e-02 1.048401e-01 1.306346e-01 1.980615e-01 1.956602e-01 2.819655e-01 3.618996e-01 3.445262e-01 2.979656e-01 2.728371e-01 2.689806e-01 1.010964e-01
<GCONST> 8.609933e+01
<TRANSP> 5
 0.000000e+00 1.000000e+00 0.000000e+00 0.000000e+00 0.000000e+00
 0.000000e+00 8.305331e-01 1.694669e-01 0.000000e+00 0.000000e+00
 0.000000e+00 0.000000e+00 9.806060e-01 1.939397e-02 0.000000e+00
 0.000000e+00 0.000000e+00 0.000000e+00 9.750418e-01 2.495816e-02
 0.000000e+00 0.000000e+00 0.000000e+00 0.000000e+00 0.000000e+00
<ENDHMM>
~h "kt"
<BEGINHMM>
<NUMSTATES> 5
<STATE> 2
<MEAN> 39
 -1.090836e+01 1.063241e-01 -6.476984e+00 -1.232699e+00 1.377271e+00 1.367377e+00 4.756103e+00 7.955369e-01 1.230999e+00 9.043100e-01 1.645825e+00 -1.314810e+00 5.551664e+01 -9.224004e-03 5.841742e-03 -9.605970e-03 3.383850e-03 -1.505472e-03 -6.399499e-03 -1.224809e-03 -4.426605e-03 -3.127306e-03 4.200863e-04 -1.983436e-03 -6.634258e-04 1.387504e-02 8.373655e-04 -2.567944e-04 1.931002e-03 1.386467e-03 6.499001e-04 -9.300588e-04 -1.465479e-03 1.223828e-04 -2.003534e-03 -1.190229e-03 -6.221157e-04 -1.294274e-03 -8.954504e-04
<VARIANCE> 39
 1.483705e+01 6.388094e+00 7.795689e+00 1.044976e+01 1.207003e+01 1.696605e+01 1.609584e+01 1.645097e+01 1.689146e+01 1.523362e+01 1.412318e+01 1.327847e+01 1.847845e+01 9.226999e-01 4.481927e-01 6.271435e-01 8.571869e-01 1.115460e+00 1.475708e+00 1.705996e+00 1.700633e+00 1.637331e+00 1.650744e+00 1.476505e+00 1.306848e+00 1.025335e+00 1.689047e-01 8.644532e-02 1.253816e-01 1.661701e-01 2.260455e-01 3.008859e-01 3.582718e-01 3.521984e-01 3.298292e-01 3.408978e-01 2.966873e-01 2.634455e-01 1.767655e-01
<GCONST> 8.764404e+01
<STATE> 3
<MEAN> 39
 -1.246346e+01 3.040207e+00 -3.212654e+00 9.455835e-01 8.718374e-01 -2.420879e+00 2.441988e+00 8.399351e-01 8.217306e-02 -6.135151e-01 -4.188171e-01 -1.585007e+00 5.393824e+01 6.918183e-03 -9.360134e-04 3.959162e-03 8.762453e-03 1.086959e-02 -3.890486e-03 1.864846e-02 -1.060921e-02 -1.002926e-05 -1.286636e-02 8.842605e-03 -1.222400e-02 -5.674641e-03 1.003075e-02 -2.584438e-03 2.575864e-03 -3.738932e-03 3.941671e-03 1.214737e-02 5.555392e-03 5.878319e-03 6.808454e-03 5.383540e-03 3.456235e-03 2.186968e-03 -1.849271e-02
<VARIANCE> 39
 7.879661e+00 6.221567e+00 9.025463e+00 1.187172e+01 1.440677e+01 1.671737e+01 1.755494e+01 1.697198e+01 1.766396e+01 1.969559e+01 1.786445e+01 1.409229e+01 2.128923e+01 7.406887e-01 4.634852e-01 7.372132e-01 9.162039e-01 1.317509e+00 1.774972e+00 1.655014e+00 1.599567e+00 1.722115e+00 2.107182e+00 1.718150e+00 1.387753e+00 1.637437e+00 1.434352e-01 8.969711e-02 1.478031e-01 1.869901e-01 2.691809e-01 3.753111e-01 3.376876e-01 3.256244e-01 3.485557e-01 4.425049e-01 3.393548e-01 2.843966e-01 3.129109e-01
<GCONST> 9.106486e+01
<STATE> 4
<MEAN> 39
 -9.741999e+00 3.138745e+00 -2.542056e+00 2.318842e-02 5.326457e-01 -8.799998e-02 3.147623e+00 2.120479e+00 6.108611e-01 -3.139802e-02 5.838270e-01 -2.068370e+00 4.890196e+01 1.879666e-02 -4.788588e-03 5.579172e-03 -1.216524e-02 4.303431e-03 1.202446e-02 4.283512e-03 6.367972e-03 1.231947e-03 2.870827e-03 4.306357e-03 2.879425e-04 -2.352992e-02 -1.072149e-03 -1.729145e-05 -1.856099e-04 1.106131e-03 6.077856e-04 -1.662646e-03 -2.312937e-03 -5.398426e-04 -1.081402e-03 -9.162385e-04 -1.022105e-03 8.443453e-04 2.395138e-03
<VARIANCE> 39
 9.404899e+00 8.906155e+00 1.116395e+01 1.158908e+01 1.658372e+01 1.607515e+01 1.692755e+01 1.727033e+01 1.730639e+01 1.734821e+01 1.510461e+01 1.296443e+01 1.191681e+01 6.851839e-01 5.147839e-01 7.001642e-01 8.627155e-01 1.158021e+00 1.330059e+00 1.444732e+00 1.477561e+00 1.603415e+00 1.635482e+00 1.443314e+00 1.229788e+00 7.957813e-01 1.302897e-01 9.890930e-02 1.370930e-01 1.727238e-01 2.320332e-01 2.702096e-01 2.958511e-01 2.981291e-01 3.290147e-01 3.401449e-01 2.926891e-01 2.463914e-01 1.455054e-01
<GCONST> 8.660548e+01
<TRANSP> 5
 0.000000e+00 1.000000e+00 0.000000e+00 0.000000e+00 0.000000e+00
 0.000000e+00 9.912320e-01 8.767949e-03 0.000000e+00 0.000000e+00
 0.000000e+00 0.000000e+00 9.844184e-01 1.558160e-02 0.000000e+00
 0.000000e+00 0.000000e+00 0.000000e+00 9.934038e-01 6.596167e-03
 0.000000e+00 0.000000e+00 0.000000e+00 0.000000e+00 0.000000e+00
<ENDHMM>
~h "pr"
<BEGINHMM>
<NUMSTATES> 5
<STATE> 2
<MEAN> 39
 -1.346982e+01 -7.733467e+00 -9.635427e-01 -6.888592e+00 3.351932e+00 6.039061e+00 4.576063e+00 -2.584934e+00 -2.518327e+00 -2.017153e+00 6.225230e+00 1.018062e+00 5.761810e+01 -7.980721e-02 -2.552128e-02 2.945532e-02 -1.807949e-02 1.490712e-02 2.277968e-02 -1.563815e-03 -4.526218e-02 4.798423e-03 -2.534460e-02 -8.210528e-03 5.909355e-02 7.027843e-02 2.320669e-02 3.898119e-03 -3.181308e-03 4.034805e-03 -6.248387e-03 1.315490e-03 -5.032110e-03 3.189342e-03 1.146174e-03 9.827087e-03 -9.428611e-03 -7.902403e-03 -1.832468e-02
<VARIANCE> 39
 3.530231e+01 4.238098e+01 4.720959e+01 3.189556e+01 5.282789e+01 8.310744e+01 5.575518e+01 5.363356e+01 6.295471e+01 3.335931e+01 5.636128e+01 5.414543e+01 3.331647e+01 1.046867e+00 8.887244e-01 1.096837e+00 1.558367e+00 1.653060e+00 1.971104e+00 2.272449e+00 2.619981e+00 2.393404e+00 2.037421e+00 2.637376e+00 2.325050e+00 7.316651e-01 1.540751e-01 1.422167e-01 1.888772e-01 2.781616e-01 2.912595e-01 3.444333e-01 4.196302e-01 4.627313e-01 4.618636e-01 3.698239e-01 4.906293e-01 4.164844e-01 1.015637e-01
<GCONST> 1.120416e+02
<STATE> 3
<MEAN> 39
 -2.056023e+01 4.014181e+00 1.772588e+01 -1.566706e+01 2.262640e+00 1.263422e+01 -5.906515e+00 -5.670883e+00 1.168090e+01 -6.623309e+00 -7.717192e+00 8.567191e+00 5.380698e+01 6.004812e-02 -5.121062e-02 1.319304e-02 -5.893080e-02 3.836273e-02 -1.664918e-02 -3.952487e-02 4.670092e-02 -2.256017e-02 5.522370e-02 -5.984587e-02 3.364097e-02 -5.437219e-02 1.795103e-03 3.502414e-03 -5.341650e-03 6.205998e-03 1.313585e-02 -1.207298e-02 7.071226e-03 2.001809e-02 -1.039055e-02 2.032453e-03 1.347958e-02 -9.655189e-03 -1.716176e-03
<VARIANCE> 39
 1.294394e+01 1.788685e+01 1.500055e+01 3.072279e+01 2.295185e+01 2.336635e+01 1.784550e+01 2.819811e+01 2.551228e+01 3.657685e+01 2.928287e+01 2.073962e+01 9.162487e+00 6.115352e-01 4.911886e-01 5.304985e-01 8.899985e-01 1.317270e+00 1.703126e+00 1.397401e+00 1.562530e+00 1.631459e+00 1.730511e+00 1.964811e+00 1.150012e+00 2.685743e-01 1.477440e-01 9.370574e-02 1.047455e-01 1.806954e-01 2.764859e-01 3.712735e-01 2.862786e-01 3.232443e-01 3.459417e-01 3.282469e-01 3.878295e-01 2.374538e-01 6.390434e-02
<GCONST> 9.118319e+01
<STATE> 4
<MEAN> 39
 -1.433030e+01 -5.315284e+00 4.897293e+00 -6.482245e+00 3.542193e+00 -1.271746e-02 3.266421e+00 4.583128e+00 2.148560e+00 -1.796677e+00 -2.744187e+00 2.407692e+00 5.457863e+01 3.634434e-02 2.205196e-02 -2.294040e-02 2.394167e-02 -1.737555e-02 -6.336778e-03 9.307062e-03 9.713846e-04 -1.408327e-03 -2.462100e-03 1.470132e-02 -2.038516e-02 -3.145328e-02 -8.659411e-04 2.394928e-04 8.602101e-04 -1.522129e-04 -1.403986e-03 4.024422e-04 -1.073760e-03 -2.076774e-03 4.983851e-04 -8.798754e-05 -7.027884e-05 -1.959371e-03 2.755345e-04
<VARIANCE> 39
 3.639071e+01 5.291874e+01 5.748361e+01 5.954280e+01 7.760001e+01 9.056082e+01 6.723077e+01 5.884424e+01 5.368498e+01 4.726931e+01 5.787589e+01 7.184045e+01 4.548006e+01 3.271500e-01 4.389932e-01 6.626076e-01 9.521669e-01 1.143519e+00 1.509081e+00 1.562958e+00 1.603761e+00 1.730640e+00 1.753435e+00 1.601274e+00 1.399698e+00 1.885918e-01 5.717126e-02 7.731331e-02 1.216732e-01 1.707242e-01 2.213128e-01 2.903359e-01 3.036327e-01 3.008163e-01 3.267609e-01 3.409270e-01 3.125916e-01 2.680188e-01 2.968520e-02
<GCONST> 1.011953e+02
<TRANSP> 5
 0.000000e+00 1.000000e+00 0.000000e+00 0.000000e+00 0.000000e+00
 0.000000e+00 9.829553e-01 1.704468e-02 0.000000e+00 0.000000e+00
 0.000000e+00 0.000000e+00 9.817818e-01 1.821817e-02 0.000000e+00
 0.000000e+00 0.000000e+00 0.000000e+00 9.961006e-01 3.899370e-03
 0.000000e+00 0.000000e+00 0.000000e+00 0.000000e+00 0.000000e+00
<ENDHMM>
~h "pw"
<BEGINHMM>
<NUMSTATES> 5
<STATE> 2
<MEAN> 39
 -1.339855e+01 -1.906222e+00 -6.456482e-01 -4.727634e-01 1.245306e+00 -1.157800e+00 3.016252e+00 2.749022e-01 -6.426480e-01 9.324402e-01 6.616052e-02 -9.248212e-01 5.356736e+01 -5.928580e-03 -6.010515e-03 2.495905e-03 -3.185392e-04 -3.087601e-03 -9.666892e-03 -1.341000e-04 -4.012597e-03 -1.775724e-03 -1.269634e-03 -1.205518e-03 -3.255655e-04 8.499664e-03 -5.172656e-04 -2.729954e-03 -3.121096e-03 -2.167600e-04 -2.506115e-03 -3.811492e-03 -3.184392e-03 -1.664418e-03 -2.186307e-03 7.325390e-04 -1.235321e-03 9.747607e-04 4.679460e-03
<VARIANCE> 39
 1.522810e+01 2.217181e+01 1.118028e+01 1.207753e+01 1.498742e+01 1.737951e+01 1.706380e+01 1.834187e+01 1.671483e+01 1.545442e+01 1.443779e+01 1.296689e+01 2.364879e+01 5.595587e-01 7.915720e-01 6.981385e-01 8.998018e-01 1.145306e+00 1.404009e+00 1.438636e+00 1.553674e+00 1.573107e+00 1.459865e+00 1.434867e+00 1.238451e+00 6.094010e-01 9.219567e-02 1.340961e-01 1.349659e-01 1.782777e-01 2.274904e-01 2.873008e-01 2.927570e-01 3.107683e-01 3.218105e-01 2.929314e-01 2.943877e-01 2.517544e-01 9.180042e-02
<GCONST> 8.797713e+01
<STATE> 3
<MEAN> 39
 -1.102557e+01 -6.121686e+00 -2.566614e+00 -1.416229e+00 1.276156e-01 -4.578930e+00 -6.363526e-01 -4.516504e+00 -3.210684e+00 -8.412529e-01 -1.735937e-01 -4.835466e-01 6.112556e+01 -3.092792e-03 -5.958527e-02 -1.284693e-02 3.677249e-03 -4.066932e-03 -3.777559e-02 -4.572419e-02 -6.045379e-02 -3.509473e-02 -2.293688e-02 7.434031e-03 1.033670e-02 8.101928e-02 7.134612e-03 1.044906e-02 4.063653e-03 6.740357e-04 1.095622e-02 1.682523e-02 1.337167e-02 1.255128e-02 9.176061e-03 5.128424e-03 4.716402e-03 -4.573998e-03 -2.316209e-02
<VARIANCE> 39
 2.226921e+01 2.780842e+01 1.383623e+01 1.241208e+01 1.841039e+01 2.493311e+01 2.185431e+01 2.695453e+01 1.953756e+01 1.715553e+01 1.498462e+01 1.346684e+01 8.403224e+01 6.306828e-01 1.070856e+00 7.276181e-01 8.603956e-01 1.445782e+00 1.876008e+00 1.686331e+00 1.794987e+00 1.556495e+00 1.488656e+00 1.370011e+00 1.317495e+00 3.842118e+00 1.048909e-01 1.623181e-01 1.330094e-01 1.643649e-01 2.826436e-01 3.541411e-01 3.253128e-01 3.449619e-01 3.157473e-01 2.993822e-01 2.800187e-01 2.737467e-01 5.207368e-01
<GCONST> 9.736911e+01
<STATE> 4
<MEAN> 39
 -1.200996e+01 -3.043380e+00 -1.705734e+00 -9.663792e-01 8.905610e-01 -9.729649e-01 2.882939e+00 -4.734164e-01 -8.992810e-01 7.034512e-01 3.855985e-01 -8.465022e-01 5.463848e+01 1.024766e-02 8.265181e-03 3.019238e-03 -1.608559e-03 2.617231e-03 1.213385e-02 9.579987e-03 1.230326e-02 8.414286e-03 5.396890e-03 7.410729e-04 -3.479434e-03 -2.363774e-02 4.923766e-04 -6.839799e-04 -4.288082e-04 -5.467398e-04 -1.017440e-03 -7.925487e-04 -1.367528e-03 -2.261045e-03 -1.923254e-03 -8.249740e-04 -2.087359e-04 1.396656e-04 1.035319e-03
<VARIANCE> 39
 1.742464e+01 2.096225e+01 1.278730e+01 1.220510e+01 1.455201e+01 2.098280e+01 1.851348e+01 2.093731e+01 1.743522e+01 1.615687e+01 1.437943e+01 1.331479e+01 3.375923e+01 5.367817e-01 7.548758e-01 6.649508e-01 8.557406e-01 1.140620e+00 1.462202e+00 1.469352e+00 1.569348e+00 1.523466e+00 1.501078e+00 1.427240e+00 1.288755e+00 8.659493e-01 8.745262e-02 1.257485e-01 1.251272e-01 1.673835e-01 2.252680e-01 2.933184e-01 2.925010e-01 3.132859e-01 3.087042e-01 3.082504e-01 2.912359e-01 2.653845e-01 1.234653e-01
<GCONST> 8.940971e+01
<TRANSP> 5
 0.000000e+00 1.000000e+00 0.000000e+00 0.000000e+00 0.000000e+00
 0.000000e+00 9.932818e-01 6.718165e-03 0.000000e+00 0.000000e+00
 0.000000e+00 0.000000e+00 9.885510e-01 1.144901e-02 0.000000e+00
 0.000000e+00 0.000000e+00 0.000000e+00 9.973109e-01 2.689117e-03
 0.000000e+00 0.000000e+00 0.000000e+00 0.000000e+00 0.000000e+00
<ENDHMM>
~h "si"
<BEGINHMM>
<NUMSTATES> 5
<STATE> 2
<MEAN> 39
 -5.361431e+00 1.879340e+00 1.170384e+00 -2.037468e+00 1.602309e+00 1.898949e+00 2.144702e+00 3.028776e+00 -3.461588e-01 4.546309e-01 7.201484e-01 -2.815346e+00 4.497388e+01 7.717391e-04 1.870046e-03 -1.303213e-02 -1.541724e-02 -9.190711e-03 7.986752e-03 9.255302e-03 2.051412e-02 6.697815e-03 1.252873e-02 9.260414e-03 -2.365759e-03 -2.803145e-02 -7.997144e-04 -1.298788e-03 -1.768131e-03 -3.267695e-04 1.920423e-04 1.026895e-03 1.179472e-03 -4.942382e-04 2.184332e-05 9.272767e-04 1.291454e-03 1.001276e-03 1.099727e-03
<VARIANCE> 39
 6.772538e+00 7.512181e+00 1.140063e+01 1.231171e+01 2.158742e+01 1.627464e+01 1.734615e+01 2.184018e+01 1.788496e+01 1.853343e+01 1.606161e+01 1.402409e+01 1.324397e+01 1.630739e-01 2.987280e-01 4.778292e-01 6.982234e-01 9.461954e-01 1.118525e+00 1.277096e+00 1.383767e+00 1.394961e+00 1.430468e+00 1.337184e+00 1.151508e+00 7.499467e-02 2.844316e-02 5.557847e-02 9.218930e-02 1.382000e-01 1.870086e-01 2.228294e-01 2.557498e-01 2.769896e-01 2.807131e-01 2.892132e-01 2.697471e-01 2.318882e-01 1.097840e-02
<GCONST> 7.476009e+01
<STATE> 3
<MEAN> 39
 -3.836281e+00 -3.795753e+00 -3.757427e+00 -3.213470e+00 1.318863e+00 3.866907e+00 4.465232e+00 8.429559e-01 -5.750804e-01 1.312944e+00 1.253773e+00 -2.576000e+00 5.022392e+01 -3.507239e-03 -4.901489e-04 -7.886690e-03 -3.553784e-03 -1.991865e-03 1.099178e-03 2.896424e-03 5.994021e-03 2.182817e-03 3.719217e-03 1.473065e-03 2.619787e-03 -8.027454e-03 -2.719439e-03 3.253287e-03 4.726182e-03 3.016317e-03 1.020878e-04 -5.366527e-03 -5.003265e-03 -2.101434e-03 -6.167136e-04 -2.776057e-03 -2.608524e-03 -1.228777e-04 2.569558e-03
<VARIANCE> 39
 6.429696e+00 8.852738e+00 7.001956e+00 8.458242e+00 1.330875e+01 1.416074e+01 1.491358e+01 1.571248e+01 1.481454e+01 1.464529e+01 1.423045e+01 1.270441e+01 5.496958e+00 1.578550e-01 2.982354e-01 4.847161e-01 6.720147e-01 9.521917e-01 1.140017e+00 1.263074e+00 1.415112e+00 1.402691e+00 1.423743e+00 1.354761e+00 1.193106e+00 6.772918e-02 2.790371e-02 5.720819e-02 9.645346e-02 1.337893e-01 1.931914e-01 2.303859e-01 2.544752e-01 2.878816e-01 2.869156e-01 2.931719e-01 2.789906e-01 2.430371e-01 1.097938e-02
<GCONST> 7.154740e+01
<STATE> 4
<MEAN> 39
 -8.613441e+00 5.791441e-01 4.165247e-01 -1.621712e+00 1.105848e+00 6.551161e-01 2.634029e+00 1.627469e+00 -1.367421e-01 5.556089e-01 8.756565e-01 -1.718455e+00 4.844165e+01 -1.043537e-02 -9.526106e-04 9.380413e-04 4.186058e-04 -2.908591e-03 -8.099510e-03 -3.853673e-03 -6.040043e-03 1.635032e-03 5.646258e-04 2.478899e-03 4.749747e-03 1.807203e-02 1.097266e-03 -4.133277e-04 -1.006478e-04 -5.055133e-04 -2.404444e-04 7.788236e-04 3.105090e-04 -1.868749e-04 9.299065e-05 1.211786e-04 -1.355484e-04 -5.402182e-04 1.858303e-04
<VARIANCE> 39
 1.876028e+01 1.540808e+01 1.236010e+01 1.329428e+01 1.780707e+01 1.836003e+01 1.854946e+01 2.180924e+01 1.832360e+01 1.700017e+01 1.582504e+01 1.483311e+01 3.266587e+01 3.935947e-01 5.281538e-01 5.884598e-01 8.140598e-01 1.050394e+00 1.279864e+00 1.392020e+00 1.493405e+00 1.495841e+00 1.475818e+00 1.379334e+00 1.216326e+00 4.637173e-01 6.230746e-02 9.194183e-02 1.113586e-01 1.583256e-01 2.058571e-01 2.535162e-01 2.786137e-01 2.989589e-01 3.016870e-01 2.996614e-01 2.797635e-01 2.457168e-01 6.709275e-02
<GCONST> 8.576505e+01
<TRANSP> 5
 0.000000e+00 1.000000e+00 0.000000e+00 0.000000e+00 0.000000e+00
 0.000000e+00 9.890259e-01 1.097409e-02 0.000000e+00 0.000000e+00
 0.000000e+00 0.000000e+00 9.797845e-01 2.021544e-02 0.000000e+00
 0.000000e+00 0.000000e+00 0.000000e+00 9.926299e-01 7.370092e-03
 0.000000e+00 0.000000e+00 0.000000e+00 0.000000e+00 0.000000e+00
<ENDHMM>
~h "st"
<BEGINHMM>
<NUMSTATES> 5
<STATE> 2
<MEAN> 39
 -9.606782e+00 -2.746489e+00 -1.940842e-01 -5.601606e+00 -1.354305e+00 -3.270171e+00 6.785240e-01 7.724923e-02 -3.680758e-01 -5.299538e-01 9.486716e-01 -2.572736e+00 5.960876e+01 -2.108615e-01 -5.606989e-01 1.917333e-01 -5.137358e-01 -3.590506e-01 -6.136818e-01 -2.102270e-01 -1.899155e-02 6.481707e-02 -3.523025e-02 -1.041527e-03 2.246320e-02 1.327134e+00 8.122820e-02 7.601284e-02 1.186153e-02 8.278494e-02 8.923697e-02 1.370071e-01 1.223382e-01 2.872231e-02 1.702489e-02 3.357006e-02 -7.732356e-04 2.394660e-02 -2.335151e-01
<VARIANCE> 39
 2.269987e+01 2.844251e+01 1.898975e+01 2.835438e+01 2.591270e+01 3.583369e+01 2.725676e+01 2.497855e+01 2.108519e+01 2.147220e+01 2.016558e+01 1.554134e+01 9.632642e+01 1.399572e+00 1.533239e+00 1.248018e+00 1.930462e+00 2.277949e+00 3.139094e+00 2.489942e+00 2.379739e+00 1.862980e+00 2.192926e+00 2.143760e+00 1.766142e+00 5.073048e+00 1.924920e-01 2.564349e-01 2.041151e-01 3.220156e-01 3.768167e-01 4.967972e-01 4.102146e-01 4.395991e-01 3.238930e-01 3.767898e-01 3.753171e-01 3.082126e-01 8.413596e-01
<GCONST> 1.104232e+02
<STATE> 3
<MEAN> 39
 -7.311986e+00 -3.383800e+00 -1.799319e+00 -5.203300e+00 -1.081841e+00 -7.683823e-01 2.316509e+00 -3.166229e-01 -1.131348e+00 -4.068671e-01 9.330822e-01 -2.500139e+00 5.640881e+01 1.309526e-03 2.204472e-02 -2.865254e-03 1.917013e-02 7.187893e-03 2.608189e-02 1.224580e-02 -4.331504e-03 -6.132544e-03 1.773510e-03 2.369787e-03 2.084414e-03 -5.176806e-02 -1.760107e-03 1.787140e-03 -1.595104e-03 2.515421e-03 9.624582e-04 5.990713e-04 -2.908398e-03 -1.157774e-03 -1.258394e-03 -3.084513e-04 7.605821e-04 -5.382968e-04 -3.706385e-04
<VARIANCE> 39
 1.559770e+01 1.676649e+01 1.481961e+01 2.012306e+01 1.942793e+01 2.407269e+01 1.949343e+01 1.860527e+01 1.866970e+01 1.907372e+01 1.575247e+01 1.437698e+01 3.316866e+01 5.397293e-01 6.895216e-01 7.250208e-01 1.182773e+00 1.340962e+00 1.583343e+00 1.554168e+00 1.572778e+00 1.583676e+00 1.597242e+00 1.514869e+00 1.318922e+00 1.349654e+00 8.453636e-02 1.138203e-01 1.369981e-01 2.194917e-01 2.598289e-01 3.087597e-01 3.130406e-01 3.212823e-01 3.239473e-01 3.285892e-01 3.122623e-01 2.685655e-01 2.026907e-01
<GCONST> 9.292440e+01
<STATE> 4
<MEAN> 39
 -1.005507e+01 6.653365e-01 6.587839e-01 -2.571975e+00 2.968823e-01 -6.916556e-01 2.137338e+00 3.361493e-01 2.179946e-01 -6.153563e-02 8.110483e-01 -2.239286e+00 5.232535e+01 4.758995e-03 7.902772e-03 -4.220413e-03 7.726949e-03 1.410084e-02 2.154779e-02 9.858927e-03 2.322521e-03 1.640873e-03 -1.205831e-03 -4.131861e-03 2.464476e-03 -2.984277e-02 1.216381e-03 -1.584421e-03 -1.201251e-03 -3.057130e-03 -2.913204e-03 -8.471301e-04 -1.626038e-04 1.101946e-03 9.831183e-04 1.387505e-03 -3.401743e-05 4.103645e-04 1.366095e-03
<VARIANCE> 39
 1.508935e+01 9.433525e+00 1.168582e+01 1.704677e+01 1.655519e+01 1.970231e+01 1.831860e+01 2.006324e+01 1.748854e+01 1.639694e+01 1.471930e+01 1.329769e+01 3.511478e+01 4.308589e-01 5.004855e-01 6.256208e-01 9.957016e-01 1.167956e+00 1.394696e+00 1.439734e+00 1.537744e+00 1.525178e+00 1.501291e+00 1.415194e+00 1.266971e+00 9.480101e-01 6.986359e-02 8.850423e-02 1.198829e-01 1.834035e-01 2.262914e-01 2.715372e-01 2.865943e-01 3.097686e-01 3.086391e-01 3.067061e-01 2.907318e-01 2.604884e-01 1.182558e-01
<GCONST> 8.756492e+01
<TRANSP> 5
 0.000000e+00 1.000000e+00 0.000000e+00 0.000000e+00 0.000000e+00
 0.000000e+00 8.321111e-01 1.678889e-01 0.000000e+00 0.000000e+00
 0.000000e+00 0.000000e+00 9.909873e-01 9.012759e-03 0.000000e+00
 0.000000e+00 0.000000e+00 0.000000e+00 9.918818e-01 8.118144e-03
 0.000000e+00 0.000000e+00 0.000000e+00 0.000000e+00 0.000000e+00
<ENDHMM>
~h "spe"
<BEGINHMM>
<NUMSTATES> 5
<STATE> 2
<MEAN> 39
 -1.071563e+00 7.247585e-01 1.264388e+00 -6.605672e+00 -3.149162e+00 9.050772e-01 -1.179743e+00 -3.583402e+00 -3.123120e+00 4.731058e-01 -5.617132e-01 -5.347358e+00 5.443118e+01 1.064333e-01 -3.282952e-01 2.755088e-01 -2.870135e-01 -3.222420e-01 -2.355811e-01 -3.048824e-01 1.061326e-01 1.004835e-01 2.565247e-01 5.845072e-02 -1.756079e-01 4.926300e-01 -1.722160e-02 -7.672367e-02 2.203156e-03 1.189694e-02 -4.440255e-02 -3.184171e-02 1.730718e-03 3.107032e-03 2.951817e-02 1.365199e-02 -4.066468e-02 4.324840e-03 1.666092e-02
<VARIANCE> 39
 3.151263e+01 3.041143e+01 3.778355e+01 4.811966e+01 3.732803e+01 3.374387e+01 2.589635e+01 4.483309e+01 3.184713e+01 2.571116e+01 2.400664e+01 2.724361e+01 1.112032e+01 9.093152e-01 1.173463e+00 1.217471e+00 1.971923e+00 2.914310e+00 2.458491e+00 1.765460e+00 2.670048e+00 2.344880e+00 1.972540e+00 1.774627e+00 1.794042e+00 5.273359e-01 1.012695e-01 1.274684e-01 1.504654e-01 2.723693e-01 4.218933e-01 4.513567e-01 3.034443e-01 4.171960e-01 3.464227e-01 3.145919e-01 3.022838e-01 2.864294e-01 4.570705e-02
<GCONST> 1.033350e+02
<STATE> 3
<MEAN> 39
 -1.505820e+00 -4.876446e+00 2.139722e+00 -1.133031e+01 -3.557903e+00 -4.430350e+00 -4.371696e+00 -1.576447e+00 -1.952829e+00 -2.087971e+00 -4.798358e+00 -4.930727e+00 6.140252e+01 -2.030447e-02 2.924906e-02 -6.003245e-02 6.848033e-02 6.626748e-02 1.357379e-02 -1.015734e-02 -4.858310e-02 -3.188976e-02 -6.166558e-02 -6.356962e-02 -1.883965e-02 -1.708040e-02 -9.460418e-04 2.288881e-02 -7.593466e-03 1.540478e-02 1.612864e-02 9.894396e-03 1.247816e-02 -6.062082e-03 -1.190934e-02 -2.714962e-03 8.157788e-03 6.040395e-03 -1.957023e-02
<VARIANCE> 39
 2.368166e+01 3.790579e+01 7.332834e+01 6.906306e+01 6.192056e+01 6.203696e+01 3.945847e+01 5.664228e+01 3.918047e+01 3.891937e+01 5.519094e+01 3.962567e+01 2.271975e+01 6.297737e-01 1.081038e+00 1.345500e+00 1.508355e+00 1.865019e+00 1.881872e+00 1.870363e+00 2.361640e+00 2.320068e+00 2.042083e+00 2.029981e+00 1.724629e+00 4.228230e-01 8.586507e-02 1.457607e-01 1.977513e-01 2.430584e-01 3.111347e-01 3.471476e-01 3.415870e-01 4.240579e-01 4.393767e-01 3.982868e-01 3.765850e-01 3.249747e-01 4.914899e-02
<GCONST> 1.076979e+02
<STATE> 4
<MEAN> 39
 -1.204376e+00 -3.084077e+00 1.475372e-01 -4.430335e+00 -2.565188e+00 -2.062322e-01 -3.084093e-01 -8.726025e-01 -1.960285e+00 -3.836410e-02 -1.008402e+00 -5.611741e+00 5.331210e+01 -3.365486e-03 5.047479e-03 -5.238329e-03 1.007556e-02 1.029936e-02 1.142702e-02 2.008190e-02 8.370657e-03 6.003273e-03 8.032699e-03 1.120938e-02 1.243306e-02 -2.246250e-02 -2.065407e-04 -6.429570e-04 3.514337e-04 -8.899431e-04 2.479606e-05 1.080331e-03 -1.158540e-05 8.017656e-04 8.639669e-04 4.019544e-04 -7.202674e-04 -2.828600e-04 4.242848e-04
<VARIANCE> 39
 1.487502e+01 2.718219e+01 3.267188e+01 2.541057e+01 4.523516e+01 3.519775e+01 3.424278e+01 3.067635e+01 2.875492e+01 2.790702e+01 2.887041e+01 2.540451e+01 1.614581e+01 3.601304e-01 6.546075e-01 8.515416e-01 1.004512e+00 1.459041e+00 1.499933e+00 1.565584e+00 1.709616e+00 1.705110e+00 1.662650e+00 1.637777e+00 1.514949e+00 2.094820e-01 4.899717e-02 9.532192e-02 1.297395e-01 1.697763e-01 2.406477e-01 2.661326e-01 2.874144e-01 3.234805e-01 3.259362e-01 3.204188e-01 3.098399e-01 2.863460e-01 2.245981e-02
<GCONST> 9.256911e+01
<TRANSP> 5
 0.000000e+00 1.000000e+00 0.000000e+00 0.000000e+00 0.000000e+00
 0.000000e+00 9.197587e-01 8.024135e-02 0.000000e+00 0.000000e+00
 0.000000e+00 0.000000e+00 9.837565e-01 1.624346e-02 0.000000e+00
 0.000000e+00 0.000000e+00 0.000000e+00 9.968128e-01 3.187249e-03
 0.000000e+00 0.000000e+00 0.000000e+00 0.000000e+00 0.000000e+00
<ENDHMM>
