~o
<STREAMINFO> 1 13
<VECSIZE> 13<NULLD><MFCC_0><DIAGC>
~h "ap"
<BEGINHMM>
<NUMSTATES> 5
<STATE> 2
<MEAN> 13
 -6.965722e+00 -2.508738e+00 -1.073468e+00 -1.277946e+00 3.643309e-02 3.398719e-01 2.023450e+00 2.440338e-01 -1.778880e+00 -9.512952e-02 -4.210397e-02 -3.052747e+00 5.165492e+01
<VARIANCE> 13
 2.859718e+01 3.234867e+01 1.985151e+01 1.594917e+01 2.651567e+01 2.971364e+01 3.240713e+01 2.946272e+01 2.549114e+01 2.324854e+01 1.961597e+01 2.245762e+01 7.451778e+01
<GCONST> 6.679440e+01
<STATE> 3
<MEAN> 13
 -6.978709e+00 -2.462301e+00 -1.050745e+00 -1.280335e+00 4.489425e-02 3.617582e-01 2.052921e+00 2.648815e-01 -1.770228e+00 -7.556899e-02 -3.588580e-02 -3.060716e+00 5.161586e+01
<VARIANCE> 13
 2.876917e+01 3.225063e+01 1.983529e+01 1.595663e+01 2.634234e+01 2.974419e+01 3.248007e+01 2.942791e+01 2.550635e+01 2.327344e+01 1.960379e+01 2.238201e+01 7.440356e+01
<GCONST> 6.678869e+01
<STATE> 4
<MEAN> 13
 -6.812818e+00 -4.475883e+00 -1.208248e+00 -6.064624e-01 1.147652e-02 -1.051936e+00 1.920136e+00 5.438915e-01 -1.988425e+00 -3.640199e-01 4.226359e-01 -2.590712e+00 5.270600e+01
<VARIANCE> 13
 1.943424e+01 5.338611e+01 2.595676e+01 1.687226e+01 2.957869e+01 3.638126e+01 2.874000e+01 3.083575e+01 2.833448e+01 2.318434e+01 2.057161e+01 2.019961e+01 1.154778e+02
<GCONST> 6.795338e+01
<TRANSP> 5
 0.000000e+00 1.000000e+00 0.000000e+00 0.000000e+00 0.000000e+00
 0.000000e+00 8.140002e-01 1.859999e-01 0.000000e+00 0.000000e+00
 0.000000e+00 0.000000e+00 8.140000e-01 1.860000e-01 0.000000e+00
 0.000000e+00 0.000000e+00 0.000000e+00 9.881879e-01 1.181206e-02
 0.000000e+00 0.000000e+00 0.000000e+00 0.000000e+00 0.000000e+00
<ENDHMM>
~h "cl"
<BEGINHMM>
<NUMSTATES> 5
<STATE> 2
<MEAN> 13
 -1.033714e+01 -1.480951e+00 1.872250e+00 -3.474555e+00 -2.758849e-01 3.418725e+00 1.414363e+00 -4.656180e-01 5.872462e-01 -4.065188e-01 -2.417724e+00 -4.991115e-01 5.180344e+01
<VARIANCE> 13
 6.742053e+01 2.906476e+01 3.216129e+01 2.145063e+01 4.928841e+01 5.211799e+01 3.878556e+01 4.943156e+01 3.762107e+01 3.040984e+01 4.393046e+01 4.656634e+01 6.502177e+01
<GCONST> 7.225977e+01
<STATE> 3
<MEAN> 13
 -1.038784e+01 -1.471186e+00 1.887365e+00 -3.490335e+00 -2.977925e-01 3.452732e+00 1.377445e+00 -4.798599e-01 6.343800e-01 -4.280668e-01 -2.439509e+00 -4.723660e-01 5.183975e+01
<VARIANCE> 13
 6.787276e+01 2.911922e+01 3.213325e+01 2.147260e+01 4.944612e+01 5.243213e+01 3.874671e+01 4.927429e+01 3.788853e+01 3.055781e+01 4.398975e+01 4.675063e+01 6.515286e+01
<GCONST> 7.229274e+01
<STATE> 4
<MEAN> 13
 -1.125994e+01 -4.283420e-02 3.480583e+00 -3.230945e+00 5.007845e-01 3.586380e+00 1.564493e+00 2.939305e-01 6.023160e-01 3.746874e-01 -2.788792e+00 4.301765e-01 4.950182e+01
<VARIANCE> 13
 6.602792e+01 2.317737e+01 2.843177e+01 2.521373e+01 4.529787e+01 4.917503e+01 2.783588e+01 5.383844e+01 3.232456e+01 3.085847e+01 5.293475e+01 4.296371e+01 5.820848e+01
<GCONST> 7.152020e+01
<TRANSP> 5
 0.000000e+00 1.000000e+00 0.000000e+00 0.000000e+00 0.000000e+00
 0.000000e+00 8.390684e-01 1.609315e-01 0.000000e+00 0.000000e+00
 0.000000e+00 0.000000e+00 8.390684e-01 1.609317e-01 0.000000e+00
 0.000000e+00 0.000000e+00 0.000000e+00 9.951769e-01 4.823151e-03
 0.000000e+00 0.000000e+00 0.000000e+00 0.000000e+00 0.000000e+00
<ENDHMM>
~h "cm"
<BEGINHMM>
<NUMSTATES> 5
<STATE> 2
<MEAN> 13
 -7.297731e+00 7.133749e-02 -7.591401e-01 -2.738366e+00 4.580963e-01 8.147533e-01 1.450327e+00 2.251456e-01 -1.104600e+00 -3.490291e-01 5.001878e-01 -2.303507e+00 5.323443e+01
<VARIANCE> 13
 2.786514e+01 1.667831e+01 1.598999e+01 1.588519e+01 1.943694e+01 2.216747e+01 2.301452e+01 2.379962e+01 2.147950e+01 1.970734e+01 1.906007e+01 1.749364e+01 5.560786e+01
<GCONST> 6.381869e+01
<STATE> 3
<MEAN> 13
 -7.218172e+00 9.404247e-02 -7.744356e-01 -2.654308e+00 4.926876e-01 8.987199e-01 1.631449e+00 2.903020e-01 -1.020541e+00 -2.456792e-01 5.081398e-01 -2.378300e+00 5.272090e+01
<VARIANCE> 13
 2.831930e+01 1.602157e+01 1.546055e+01 1.543032e+01 1.939514e+01 2.122250e+01 2.228794e+01 2.339047e+01 2.131930e+01 1.957226e+01 1.882223e+01 1.749287e+01 5.005088e+01
<GCONST> 6.350457e+01
<STATE> 4
<MEAN> 13
 -6.970168e+00 -1.021752e+00 -1.423937e+00 -2.833653e+00 -1.844392e-01 7.564836e-01 2.061134e+00 5.251212e-01 -5.830919e-01 4.610348e-01 4.309759e-01 -2.635606e+00 5.257825e+01
<VARIANCE> 13
 2.457306e+01 1.938519e+01 1.565456e+01 1.767005e+01 2.071720e+01 2.388587e+01 2.270504e+01 2.192198e+01 2.022849e+01 1.917444e+01 1.851329e+01 1.752298e+01 4.919257e+01
<GCONST> 6.373394e+01
<TRANSP> 5
 0.000000e+00 1.000000e+00 0.000000e+00 0.000000e+00 0.000000e+00
 0.000000e+00 8.502032e-01 1.497968e-01 0.000000e+00 0.000000e+00
 0.000000e+00 0.000000e+00 8.502028e-01 1.497972e-01 0.000000e+00
 0.000000e+00 0.000000e+00 0.000000e+00 9.977093e-01 2.290727e-03
 0.000000e+00 0.000000e+00 0.000000e+00 0.000000e+00 0.000000e+00
<ENDHMM>
~h "co"
<BEGINHMM>
<NUMSTATES> 5
<STATE> 2
<MEAN> 13
 -6.575573e+00 -1.200848e+00 5.699906e-01 -1.912205e+00 7.355772e-01 1.299596e-01 1.746851e+00 9.374637e-01 -1.276749e+00 2.119753e-02 -8.387541e-03 -3.179298e+00 4.994579e+01
<VARIANCE> 13
 2.621049e+01 3.092884e+01 1.969296e+01 1.785523e+01 3.332976e+01 3.228432e+01 3.538649e+01 4.084921e+01 2.604039e+01 2.358167e+01 2.205284e+01 2.792894e+01 7.273862e+01
<GCONST> 6.784016e+01
<STATE> 3
<MEAN> 13
 -6.547969e+00 -1.146850e+00 5.111310e-01 -1.916069e+00 7.239613e-01 8.599295e-02 1.765803e+00 9.019148e-01 -1.245126e+00 1.017017e-01 7.759036e-03 -3.150984e+00 4.986673e+01
<VARIANCE> 13
 2.617493e+01 3.050570e+01 1.938871e+01 1.770765e+01 3.324672e+01 3.274088e+01 3.512041e+01 4.131454e+01 2.579060e+01 2.317261e+01 2.185031e+01 2.746846e+01 7.279616e+01
<GCONST> 6.776428e+01
<STATE> 4
<MEAN> 13
 -7.212279e+00 1.350703e-02 1.053013e+00 -1.727048e+00 8.882987e-01 4.587241e-01 2.109003e+00 1.380512e+00 -6.942993e-01 3.638736e-01 2.170026e-01 -2.328130e+00 4.840397e+01
<VARIANCE> 13
 2.577873e+01 2.588813e+01 1.820696e+01 1.756174e+01 3.030575e+01 3.213675e+01 2.776304e+01 3.991225e+01 2.514824e+01 2.291307e+01 2.123454e+01 2.586140e+01 6.212103e+01
<GCONST> 6.684895e+01
<TRANSP> 5
 0.000000e+00 1.000000e+00 0.000000e+00 0.000000e+00 0.000000e+00
 0.000000e+00 8.372820e-01 1.627180e-01 0.000000e+00 0.000000e+00
 0.000000e+00 0.000000e+00 8.372821e-01 1.627179e-01 0.000000e+00
 0.000000e+00 0.000000e+00 0.000000e+00 9.955984e-01 4.401586e-03
 0.000000e+00 0.000000e+00 0.000000e+00 0.000000e+00 0.000000e+00
<ENDHMM>
~h "ds"
<BEGINHMM>
<NUMSTATES> 5
<STATE> 2
<MEAN> 13
 -6.483263e+00 4.680938e-01 7.267128e-01 -4.139350e-01 2.124170e+00 1.778975e+00 3.841521e+00 2.236668e-01 3.262610e-01 5.901549e-01 1.446180e+00 -2.060578e+00 5.364621e+01
<VARIANCE> 13
 2.640698e+01 1.710595e+01 1.848331e+01 2.034861e+01 2.483875e+01 2.387913e+01 2.444931e+01 2.355590e+01 2.128865e+01 1.952425e+01 1.783010e+01 1.541254e+01 4.952292e+01
<GCONST> 6.422507e+01
<STATE> 3
<MEAN> 13
 -6.364883e+00 2.868954e-01 5.132527e-01 -5.717912e-01 2.029555e+00 1.897326e+00 3.902382e+00 4.027325e-01 3.455274e-01 7.172114e-01 1.465790e+00 -2.063602e+00 5.317852e+01
<VARIANCE> 13
 2.665639e+01 1.612014e+01 1.721470e+01 1.895526e+01 2.423415e+01 2.427872e+01 2.434216e+01 2.352094e+01 2.100196e+01 1.927807e+01 1.768794e+01 1.531233e+01 4.727716e+01
<GCONST> 6.393197e+01
<STATE> 4
<MEAN> 13
 -7.594779e+00 -1.268946e+00 -1.280582e+00 -1.572296e+00 2.501775e-01 1.325899e+00 3.237531e+00 4.727654e-02 -9.756040e-02 9.630167e-01 1.468787e+00 -1.947242e+00 5.378679e+01
<VARIANCE> 13
 3.690510e+01 2.715072e+01 1.539807e+01 1.816390e+01 2.108607e+01 2.656166e+01 2.156877e+01 2.312176e+01 2.099086e+01 1.906002e+01 1.736592e+01 1.501777e+01 5.785374e+01
<GCONST> 6.458928e+01
<TRANSP> 5
 0.000000e+00 1.000000e+00 0.000000e+00 0.000000e+00 0.000000e+00
 0.000000e+00 8.507980e-01 1.492019e-01 0.000000e+00 0.000000e+00
 0.000000e+00 0.000000e+00 8.507992e-01 1.492008e-01 0.000000e+00
 0.000000e+00 0.000000e+00 0.000000e+00 9.969386e-01 3.061442e-03
 0.000000e+00 0.000000e+00 0.000000e+00 0.000000e+00 0.000000e+00
<ENDHMM>
~h "kj"
<BEGINHMM>
<NUMSTATES> 5
<STATE> 2
<MEAN> 13
 -1.292761e+01 -1.397127e-01 6.761591e-01 -1.554434e+00 -1.661560e+00 2.762049e+00 2.918879e+00 -3.687975e-01 1.095311e-01 1.518725e+00 -1.579740e+00 -1.688622e+00 5.330392e+01
<VARIANCE> 13
 7.979204e+01 2.699475e+01 2.239687e+01 2.278913e+01 2.939323e+01 4.151400e+01 3.799544e+01 3.095979e+01 3.599884e+01 2.843787e+01 3.258759e+01 2.894489e+01 5.647525e+01
<GCONST> 6.979397e+01
<STATE> 3
<MEAN> 13
 -1.286327e+01 -1.501864e-01 6.604275e-01 -1.542632e+00 -1.643715e+00 2.743704e+00 2.910691e+00 -3.667315e-01 9.561305e-02 1.522798e+00 -1.557872e+00 -1.692371e+00 5.327818e+01
<VARIANCE> 13
 7.946822e+01 2.694307e+01 2.250446e+01 2.267793e+01 2.943504e+01 4.138947e+01 3.793734e+01 3.093310e+01 3.566755e+01 2.821642e+01 3.248356e+01 2.889859e+01 5.642012e+01
<GCONST> 6.976107e+01
<STATE> 4
<MEAN> 13
 -1.381026e+01 9.235951e-01 1.354449e+00 -7.948498e-01 -1.513547e+00 1.578148e+00 2.894815e+00 1.594673e-02 -1.048015e+00 2.419694e+00 -1.214491e+00 -1.846003e+00 5.218233e+01
<VARIANCE> 13
 7.585139e+01 2.320028e+01 2.189669e+01 2.041215e+01 2.801904e+01 3.673085e+01 2.916561e+01 3.499316e+01 2.459871e+01 2.547418e+01 3.607280e+01 2.174476e+01 5.725108e+01
<GCONST> 6.848518e+01
<TRANSP> 5
 0.000000e+00 1.000000e+00 0.000000e+00 0.000000e+00 0.000000e+00
 0.000000e+00 8.266063e-01 1.733937e-01 0.000000e+00 0.000000e+00
 0.000000e+00 0.000000e+00 8.266065e-01 1.733934e-01 0.000000e+00
 0.000000e+00 0.000000e+00 0.000000e+00 9.938625e-01 6.137498e-03
 0.000000e+00 0.000000e+00 0.000000e+00 0.000000e+00 0.000000e+00
<ENDHMM>
~h "kn"
<BEGINHMM>
<NUMSTATES> 5
<STATE> 2
<MEAN> 13
 -6.185031e+00 -7.887404e-02 -1.363597e-02 -1.173453e+00 1.892545e+00 1.157572e+00 3.117949e+00 -9.665213e-02 1.355998e-03 1.404935e-01 1.394448e+00 -1.956041e+00 5.338750e+01
<VARIANCE> 13
 3.577726e+01 1.639147e+01 1.764922e+01 1.778936e+01 2.354783e+01 2.315931e+01 2.122467e+01 2.665559e+01 2.190091e+01 2.313461e+01 1.801103e+01 1.671063e+01 6.940027e+01
<GCONST> 6.483014e+01
<STATE> 3
<MEAN> 13
 -6.071963e+00 -5.606589e-02 4.437238e-02 -1.103377e+00 2.001021e+00 1.171380e+00 3.074554e+00 -1.027616e-01 4.559520e-02 2.252334e-01 1.380793e+00 -1.908635e+00 5.331662e+01
<VARIANCE> 13
 3.763813e+01 1.638854e+01 1.701832e+01 1.824081e+01 2.470140e+01 2.186936e+01 2.132788e+01 2.626594e+01 2.091099e+01 2.254373e+01 1.795531e+01 1.633168e+01 6.612556e+01
<GCONST> 6.470347e+01
<STATE> 4
<MEAN> 13
 -7.589386e+00 1.742574e-01 -6.394734e-01 -1.281389e+00 3.630023e-01 1.560996e+00 2.664191e+00 6.702959e-01 5.056342e-02 5.280814e-01 1.364346e+00 -1.806147e+00 5.204652e+01
<VARIANCE> 13
 3.802288e+01 2.925052e+01 1.581617e+01 1.674658e+01 2.391338e+01 2.441424e+01 2.269196e+01 2.502734e+01 2.167800e+01 2.029997e+01 1.692065e+01 1.597870e+01 5.534499e+01
<GCONST> 6.489759e+01
<TRANSP> 5
 0.000000e+00 1.000000e+00 0.000000e+00 0.000000e+00 0.000000e+00
 0.000000e+00 8.486184e-01 1.513816e-01 0.000000e+00 0.000000e+00
 0.000000e+00 0.000000e+00 8.486196e-01 1.513804e-01 0.000000e+00
 0.000000e+00 0.000000e+00 0.000000e+00 9.957554e-01 4.244516e-03
 0.000000e+00 0.000000e+00 0.000000e+00 0.000000e+00 0.000000e+00
<ENDHMM>
~h "kt"
<BEGINHMM>
<NUMSTATES> 5
<STATE> 2
<MEAN> 13
 -7.485813e+00 -1.008239e-01 -1.760097e+00 -1.241909e+00 -1.667102e-02 -2.331395e-01 2.656323e+00 6.794540e-01 -8.326939e-01 1.352341e-01 1.587579e-01 -2.787642e+00 5.164553e+01
<VARIANCE> 13
 2.441827e+01 1.840099e+01 1.531727e+01 1.366169e+01 2.409143e+01 2.004592e+01 3.221973e+01 2.326418e+01 2.106480e+01 1.892099e+01 1.732702e+01 2.239792e+01 3.748427e+01
<GCONST> 6.371613e+01
<STATE> 3
<MEAN> 13
 -7.483519e+00 -2.615679e-02 -1.879976e+00 -1.306514e+00 1.696342e-01 1.226124e-01 3.070336e+00 8.785335e-01 -8.033314e-01 2.138860e-01 1.840108e-01 -2.720090e+00 5.119080e+01
<VARIANCE> 13
 2.395719e+01 1.709408e+01 1.445476e+01 1.348148e+01 2.277280e+01 2.053630e+01 2.813244e+01 2.128784e+01 2.017103e+01 1.851039e+01 1.683797e+01 2.037964e+01 3.265591e+01
<GCONST> 6.296934e+01
<STATE> 4
<MEAN> 13
 -8.260364e+00 -2.054455e+00 -3.568301e+00 -2.185483e+00 9.903696e-01 1.634983e+00 3.876685e+00 4.799397e-01 -4.193427e-01 6.235137e-01 8.599429e-01 -1.854451e+00 5.303149e+01
<VARIANCE> 13
 2.551324e+01 1.598673e+01 1.398113e+01 1.247905e+01 1.629104e+01 2.107703e+01 1.954133e+01 1.942582e+01 1.760001e+01 1.612397e+01 1.529895e+01 1.411711e+01 3.002402e+01
<GCONST> 6.126842e+01
<TRANSP> 5
 0.000000e+00 1.000000e+00 0.000000e+00 0.000000e+00 0.000000e+00
 0.000000e+00 8.533621e-01 1.466379e-01 0.000000e+00 0.000000e+00
 0.000000e+00 0.000000e+00 8.533628e-01 1.466372e-01 0.000000e+00
 0.000000e+00 0.000000e+00 0.000000e+00 9.989349e-01 1.065115e-03
 0.000000e+00 0.000000e+00 0.000000e+00 0.000000e+00 0.000000e+00
<ENDHMM>
~h "pr"
<BEGINHMM>
<NUMSTATES> 5
<STATE> 2
<MEAN> 13
 -7.994569e+00 -6.377644e-01 2.248768e+00 -4.788894e+00 1.441572e+00 2.291694e+00 1.792603e+00 2.308954e+00 8.154763e-01 -4.079116e-01 -6.507698e-01 -1.420746e+00 4.904105e+01
<VARIANCE> 13
 4.541072e+01 3.147115e+01 4.979251e+01 3.573188e+01 3.709100e+01 4.594108e+01 3.250233e+01 3.866694e+01 3.733813e+01 2.813154e+01 3.173680e+01 4.011528e+01 4.207334e+01
<GCONST> 7.106371e+01
<STATE> 3
<MEAN> 13
 -8.034007e+00 -6.592478e-01 2.204706e+00 -4.788659e+00 1.531408e+00 2.422825e+00 1.693037e+00 2.164091e+00 7.472867e-01 -5.192329e-01 -5.630152e-01 -1.334576e+00 4.905812e+01
<VARIANCE> 13
 4.607040e+01 3.224648e+01 4.957898e+01 3.559972e+01 3.761211e+01 4.839031e+01 3.253729e+01 3.866353e+01 3.714272e+01 2.901409e+01 3.290583e+01 3.959841e+01 4.221548e+01
<GCONST> 7.121358e+01
<STATE> 4
<MEAN> 13
 -8.796394e+00 3.118348e-01 3.584059e+00 -4.976525e+00 3.016095e+00 2.874133e+00 8.770858e-01 2.487315e+00 8.136638e-01 -9.242805e-01 -7.189659e-01 -4.935666e-01 4.754170e+01
<VARIANCE> 13
 4.477557e+01 3.112342e+01 4.811660e+01 3.929334e+01 2.656683e+01 4.573937e+01 2.736200e+01 3.618406e+01 3.802694e+01 2.694600e+01 3.423035e+01 3.937481e+01 3.928231e+01
<GCONST> 7.048625e+01
<TRANSP> 5
 0.000000e+00 1.000000e+00 0.000000e+00 0.000000e+00 0.000000e+00
 0.000000e+00 8.427019e-01 1.572981e-01 0.000000e+00 0.000000e+00
 0.000000e+00 0.000000e+00 8.427037e-01 1.572962e-01 0.000000e+00
 0.000000e+00 0.000000e+00 0.000000e+00 9.956456e-01 4.354373e-03
 0.000000e+00 0.000000e+00 0.000000e+00 0.000000e+00 0.000000e+00
<ENDHMM>
~h "pw"
<BEGINHMM>
<NUMSTATES> 5
<STATE> 2
<MEAN> 13
 -1.181593e+01 -4.454763e+00 -8.391202e-01 -2.122104e+00 -1.223651e+00 -3.241123e+00 -7.906785e-02 -2.958314e+00 -1.030344e+00 -1.310367e+00 -3.075834e-01 -1.837606e+00 6.161073e+01
<VARIANCE> 13
 4.381815e+01 4.265737e+01 2.711189e+01 3.403592e+01 6.885770e+01 4.399232e+01 4.269394e+01 5.176533e+01 3.271108e+01 3.244643e+01 3.441434e+01 4.046258e+01 1.110734e+02
<GCONST> 7.288622e+01
<STATE> 3
<MEAN> 13
 -1.180081e+01 -5.400568e+00 -1.112063e+00 -2.169700e+00 -6.153102e-01 -3.606290e+00 -3.041992e-01 -3.870619e+00 -1.463781e+00 -1.661041e+00 -5.031942e-01 -1.683096e+00 6.287175e+01
<VARIANCE> 13
 4.073263e+01 4.176380e+01 2.788428e+01 3.708791e+01 7.040814e+01 4.287765e+01 4.381251e+01 5.395102e+01 3.444464e+01 3.436289e+01 3.645810e+01 4.406742e+01 9.054202e+01
<GCONST> 7.301750e+01
<STATE> 4
<MEAN> 13
 -1.034849e+01 -5.337101e+00 -1.082810e+00 -1.780129e+00 7.026335e-02 -2.878906e+00 1.627942e+00 -1.229890e+00 -1.895221e+00 -1.211874e+00 -1.014801e+00 -2.362314e+00 5.754438e+01
<VARIANCE> 13
 4.036340e+01 4.470095e+01 3.706077e+01 2.740075e+01 5.599066e+01 3.978523e+01 6.469634e+01 4.635249e+01 3.192323e+01 2.670279e+01 2.682180e+01 2.928000e+01 9.971808e+01
<GCONST> 7.204468e+01
<TRANSP> 5
 0.000000e+00 1.000000e+00 0.000000e+00 0.000000e+00 0.000000e+00
 0.000000e+00 8.518324e-01 1.481676e-01 0.000000e+00 0.000000e+00
 0.000000e+00 0.000000e+00 8.518321e-01 1.481679e-01 0.000000e+00
 0.000000e+00 0.000000e+00 0.000000e+00 9.968978e-01 3.102187e-03
 0.000000e+00 0.000000e+00 0.000000e+00 0.000000e+00 0.000000e+00
<ENDHMM>
~h "si"
<BEGINHMM>
<NUMSTATES> 5
<STATE> 2
<MEAN> 13
 -9.405077e+00 5.958451e-01 1.585096e+00 -1.565634e+00 1.750730e+00 7.708036e-01 1.873759e+00 7.275744e-01 -4.541440e-01 -1.126310e-01 2.694136e-01 -1.418570e+00 5.073036e+01
<VARIANCE> 13
 3.744065e+01 2.184410e+01 2.281750e+01 2.159398e+01 2.428836e+01 2.932539e+01 2.439473e+01 3.178599e+01 2.457524e+01 2.270658e+01 2.568979e+01 2.220435e+01 6.320750e+01
<GCONST> 6.683807e+01
<STATE> 3
<MEAN> 13
 -9.393041e+00 7.098486e-01 1.600255e+00 -1.579746e+00 1.765296e+00 8.426393e-01 1.939693e+00 8.529329e-01 -3.985718e-01 -7.535970e-02 2.855267e-01 -1.446159e+00 5.044710e+01
<VARIANCE> 13
 3.711662e+01 2.064651e+01 2.214933e+01 2.131943e+01 2.409569e+01 2.873013e+01 2.395005e+01 3.134703e+01 2.420501e+01 2.252010e+01 2.550542e+01 2.219724e+01 6.057891e+01
<GCONST> 6.659628e+01
<STATE> 4
<MEAN> 13
 -9.768524e+00 4.961966e-01 1.316720e+00 -1.808447e+00 1.510868e+00 5.988851e-01 1.896159e+00 1.025630e+00 -3.683781e-01 6.511538e-02 3.093061e-01 -1.421629e+00 5.028539e+01
<VARIANCE> 13
 3.349213e+01 2.020268e+01 1.948350e+01 2.012158e+01 2.284055e+01 2.801225e+01 2.164644e+01 2.994685e+01 2.328802e+01 2.090960e+01 2.427784e+01 2.117648e+01 5.796992e+01
<GCONST> 6.580685e+01
<TRANSP> 5
 0.000000e+00 1.000000e+00 0.000000e+00 0.000000e+00 0.000000e+00
 0.000000e+00 8.486553e-01 1.513448e-01 0.000000e+00 0.000000e+00
 0.000000e+00 0.000000e+00 8.486588e-01 1.513412e-01 0.000000e+00
 0.000000e+00 0.000000e+00 0.000000e+00 9.971631e-01 2.836900e-03
 0.000000e+00 0.000000e+00 0.000000e+00 0.000000e+00 0.000000e+00
<ENDHMM>
~h "st"
<BEGINHMM>
<NUMSTATES> 5
<STATE> 2
<MEAN> 13
 -1.134632e+01 -3.149271e-01 -5.806733e-01 -3.363032e+00 -6.804188e-01 -1.038161e+00 4.849046e-01 -2.035738e+00 -5.631872e-01 -1.368827e+00 8.078524e-01 -1.246259e+00 6.428491e+01
<VARIANCE> 13
 3.337730e+01 3.213100e+01 2.454848e+01 3.778302e+01 3.060494e+01 3.866495e+01 3.965018e+01 2.756614e+01 4.027362e+01 3.446385e+01 3.018747e+01 3.057198e+01 1.233457e+02
<GCONST> 7.065350e+01
<STATE> 3
<MEAN> 13
 -1.097735e+01 -9.006505e-02 1.676736e-01 -2.797996e+00 -5.340075e-02 -5.772873e-01 6.634682e-01 -2.108355e+00 -5.549731e-01 -1.721646e+00 8.504744e-01 -9.741374e-01 6.592151e+01
<VARIANCE> 13
 3.234467e+01 3.679882e+01 2.798905e+01 4.393617e+01 3.156113e+01 4.064598e+01 4.147772e+01 2.535662e+01 4.244851e+01 3.548299e+01 3.093133e+01 3.153355e+01 1.390501e+02
<GCONST> 7.133890e+01
<STATE> 4
<MEAN> 13
 -1.043957e+01 -2.261995e+00 -1.163351e+00 -3.142042e+00 -8.563138e-01 2.447919e+00 1.407607e+00 -1.583821e+00 4.619102e-01 -1.542982e+00 -2.544995e-01 -2.130166e-01 5.900970e+01
<VARIANCE> 13
 5.713520e+01 4.371178e+01 3.119695e+01 3.300755e+01 3.232694e+01 6.810240e+01 3.759264e+01 2.940830e+01 4.609320e+01 2.989121e+01 3.188483e+01 3.550505e+01 8.705174e+01
<GCONST> 7.208402e+01
<TRANSP> 5
 0.000000e+00 1.000000e+00 0.000000e+00 0.000000e+00 0.000000e+00
 0.000000e+00 8.538542e-01 1.461458e-01 0.000000e+00 0.000000e+00
 0.000000e+00 0.000000e+00 8.538543e-01 1.461457e-01 0.000000e+00
 0.000000e+00 0.000000e+00 0.000000e+00 9.967878e-01 3.212244e-03
 0.000000e+00 0.000000e+00 0.000000e+00 0.000000e+00 0.000000e+00
<ENDHMM>
~h "spe"
<BEGINHMM>
<NUMSTATES> 5
<STATE> 2
<MEAN> 13
 -5.889628e+00 -3.259419e+00 -1.694825e+00 -3.874615e+00 -9.671786e-01 1.351831e+00 4.011662e+00 8.791968e-01 -7.020487e-01 7.781760e-01 8.947238e-01 -4.132299e+00 5.345061e+01
<VARIANCE> 13
 3.829113e+01 2.667572e+01 2.749273e+01 2.180297e+01 3.686563e+01 3.399795e+01 3.416658e+01 3.323656e+01 2.403477e+01 2.389122e+01 2.554823e+01 2.138631e+01 3.346043e+01
<GCONST> 6.755251e+01
<STATE> 3
<MEAN> 13
 -5.856600e+00 -3.344666e+00 -1.516218e+00 -3.907559e+00 -1.090939e+00 1.479972e+00 3.954132e+00 8.753429e-01 -7.238356e-01 7.289893e-01 9.370142e-01 -4.227689e+00 5.355814e+01
<VARIANCE> 13
 3.786518e+01 2.637054e+01 3.136834e+01 2.166329e+01 3.837188e+01 3.357074e+01 3.479010e+01 3.437577e+01 2.422323e+01 2.483459e+01 2.638976e+01 2.198634e+01 3.371404e+01
<GCONST> 6.784863e+01
<STATE> 4
<MEAN> 13
 -8.020177e+00 -1.474524e+00 -1.483232e+00 -2.322479e+00 -3.782962e-01 4.331609e-01 2.753952e+00 2.978526e-01 -6.244171e-01 8.051988e-01 3.312631e-01 -2.638365e+00 5.277953e+01
<VARIANCE> 13
 3.787250e+01 2.357332e+01 1.732106e+01 1.670474e+01 2.282134e+01 2.710958e+01 2.623952e+01 2.441672e+01 2.047243e+01 1.875696e+01 2.000235e+01 2.085979e+01 3.653516e+01
<GCONST> 6.482707e+01
<TRANSP> 5
 0.000000e+00 1.000000e+00 0.000000e+00 0.000000e+00 0.000000e+00
 0.000000e+00 8.336124e-01 1.663876e-01 0.000000e+00 0.000000e+00
 0.000000e+00 0.000000e+00 8.336107e-01 1.663893e-01 0.000000e+00
 0.000000e+00 0.000000e+00 0.000000e+00 9.957889e-01 4.211102e-03
 0.000000e+00 0.000000e+00 0.000000e+00 0.000000e+00 0.000000e+00
<ENDHMM>
