~o
<STREAMINFO> 1 39
<VECSIZE> 39<NULLD><MFCC_D_A_Z_0><DIAGC>
~h "ap"
<BEGINHMM>
<NUMSTATES> 5
<STATE> 2
<MEAN> 39
 -4.255043e+00 3.221173e+00 1.478103e+00 -1.178251e+00 -3.237464e+00 2.638476e-02 -5.907006e-01 1.229309e+00 2.287119e+00 8.671582e-01 -1.061222e+00 4.694959e-02 3.850928e+00 -7.959215e-01 -1.252427e+00 -7.301094e-01 -2.335063e-01 -5.147651e-01 -6.864188e-01 -3.807250e-01 -5.260551e-01 -2.482167e-01 -2.495154e-01 -1.902048e-01 -3.020073e-01 2.361778e+00 1.914405e-01 1.687407e-01 6.897013e-02 -3.639600e-02 2.461261e-01 2.866620e-01 1.577508e-01 7.419702e-02 5.093077e-02 1.128743e-01 1.619995e-02 -4.692980e-02 -5.497395e-01
<VARIANCE> 39
 4.619058e+01 5.672555e+01 3.431739e+01 2.107356e+01 2.941041e+01 6.081998e+01 3.233549e+01 2.710040e+01 2.552840e+01 2.876304e+01 2.164567e+01 1.641437e+01 2.223354e+02 4.337829e+00 3.912931e+00 1.515458e+00 2.081410e+00 3.614029e+00 5.219252e+00 2.474346e+00 2.371231e+00 2.224153e+00 2.489645e+00 2.108439e+00 1.831894e+00 1.606521e+01 6.653872e-01 6.194925e-01 2.437770e-01 3.544092e-01 5.610204e-01 8.071497e-01 3.810808e-01 3.703760e-01 3.610219e-01 4.058835e-01 3.231777e-01 3.038507e-01 2.683957e+00
<GCONST> 1.234601e+02
<STATE> 3
<MEAN> 39
 -7.092397e-01 4.605975e-01 6.132096e-02 1.000879e-01 1.171493e+00 1.085122e+00 2.856867e-01 -4.523240e-01 4.008543e-01 -1.299517e-01 -2.074189e-01 -1.547046e-01 -5.319546e-01 2.732704e-01 2.289340e-01 1.889122e-01 7.816411e-02 2.010813e-01 2.135419e-01 1.150270e-01 7.494335e-02 3.420689e-02 6.397329e-02 7.541949e-02 3.263953e-02 -7.018534e-01 -5.658586e-03 1.279645e-02 8.009609e-03 4.878367e-03 -2.010204e-02 -2.042856e-02 -9.352199e-03 9.037963e-03 2.386927e-03 -1.958103e-03 -8.159586e-05 8.602264e-03 1.346765e-02
<VARIANCE> 39
 1.802324e+01 3.657396e+01 2.282185e+01 1.718111e+01 2.570437e+01 2.765242e+01 1.939677e+01 2.286762e+01 2.084768e+01 1.934943e+01 1.526391e+01 1.326297e+01 9.388617e+01 1.176066e-01 2.379135e-01 3.782425e-01 6.408448e-01 8.771986e-01 9.954053e-01 1.028819e+00 1.180487e+00 1.285590e+00 1.323645e+00 1.216816e+00 1.218012e+00 1.248995e-01 1.840361e-02 4.275124e-02 7.323639e-02 1.244503e-01 1.677287e-01 2.075660e-01 1.994664e-01 2.408894e-01 2.601436e-01 2.821926e-01 2.510614e-01 2.629234e-01 6.625612e-03
<GCONST> 7.797830e+01
<STATE> 4
<MEAN> 39
 2.295215e-01 -1.613850e-01 -4.973655e-02 1.550257e-02 -1.027066e-01 -1.765869e-01 -3.039871e-02 4.021338e-02 -1.265504e-01 -2.286092e-03 6.219229e-02 2.380950e-02 -1.746667e-02 -3.211623e-05 -1.377108e-02 -6.525024e-03 8.319655e-03 -3.774639e-03 -1.229843e-02 -1.574473e-03 4.264454e-04 -3.857072e-03 -4.546079e-03 -2.275649e-03 -2.153740e-03 7.695615e-03 -1.719116e-04 -4.701824e-04 -7.576257e-05 6.578916e-04 5.101107e-04 -8.797458e-05 -4.103442e-04 5.602008e-04 -2.117522e-04 -9.004930e-06 -3.438967e-04 8.224302e-05 3.541134e-04
<VARIANCE> 39
 1.831034e+01 3.736632e+01 1.991479e+01 1.772773e+01 2.708279e+01 3.101494e+01 2.122029e+01 2.368022e+01 2.158526e+01 1.820585e+01 1.635418e+01 1.412011e+01 1.061880e+02 9.897110e-01 1.214420e+00 8.053896e-01 9.707378e-01 1.729542e+00 2.022923e+00 1.411831e+00 1.434312e+00 1.580407e+00 1.548759e+00 1.389005e+00 1.353833e+00 5.740297e+00 1.587618e-01 1.873911e-01 1.330441e-01 1.807117e-01 3.196837e-01 3.913274e-01 2.680538e-01 2.671731e-01 3.158724e-01 3.191780e-01 2.756837e-01 2.858407e-01 8.691750e-01
<GCONST> 1.013426e+02
<TRANSP> 5
 0.000000e+00 1.000000e+00 0.000000e+00 0.000000e+00 0.000000e+00
 0.000000e+00 8.456582e-01 1.543418e-01 0.000000e+00 0.000000e+00
 0.000000e+00 0.000000e+00 9.743603e-01 2.563963e-02 0.000000e+00
 0.000000e+00 0.000000e+00 0.000000e+00 9.958443e-01 4.155676e-03
 0.000000e+00 0.000000e+00 0.000000e+00 0.000000e+00 0.000000e+00
<ENDHMM>
~h "cl"
<BEGINHMM>
<NUMSTATES> 5
<STATE> 2
<MEAN> 39
 7.613373e+00 -1.215290e+00 -2.178562e+00 1.047620e+00 3.068356e+00 -3.693253e+00 1.892471e+00 3.782881e+00 -2.133997e+00 1.437744e+00 3.590859e+00 -3.703677e+00 -5.732091e+00 -3.730321e-01 7.085550e-02 5.681346e-02 -4.910906e-03 -1.538114e-01 1.638027e-01 -5.015536e-02 -2.264333e-01 1.451997e-01 2.691105e-02 -2.038822e-01 1.503398e-01 2.947529e-01 -8.081642e-02 1.098659e-03 2.104041e-02 -1.511975e-02 -4.088246e-02 3.467870e-02 -3.274171e-02 -5.938140e-02 3.300517e-02 -3.134424e-02 -5.733855e-02 4.125349e-02 6.539647e-02
<VARIANCE> 39
 3.945306e+01 1.894135e+01 1.306407e+01 9.922851e+00 1.896582e+01 3.061550e+01 2.142331e+01 3.399292e+01 3.166116e+01 2.522852e+01 3.656050e+01 3.052978e+01 1.998342e+01 2.854109e+00 8.446628e-01 7.635860e-01 9.166044e-01 1.385560e+00 1.930969e+00 1.723260e+00 2.428253e+00 2.466925e+00 1.983384e+00 2.393729e+00 1.948394e+00 1.633326e+00 3.917082e-01 1.245618e-01 1.203246e-01 1.640049e-01 2.142766e-01 3.022688e-01 2.871616e-01 4.153986e-01 4.092067e-01 3.792193e-01 4.184246e-01 3.122021e-01 2.243636e-01
<GCONST> 1.021639e+02
<STATE> 3
<MEAN> 39
 2.744017e-01 -3.189675e-01 4.415663e-01 2.309053e-01 -1.001187e+00 1.175394e+00 -1.537200e-01 -6.994736e-01 1.443414e+00 -3.116942e-02 -6.832311e-01 5.468557e-01 -1.679083e-01 -1.414315e-01 -2.551058e-03 9.417951e-03 -2.285995e-02 3.411955e-05 1.005484e-02 -2.725926e-02 3.932825e-03 -6.572486e-02 -3.816270e-02 -2.436489e-02 -1.410305e-02 1.330712e-01 4.041887e-02 -2.080654e-03 -5.272064e-03 -4.998228e-03 1.996400e-02 -7.794340e-03 4.425027e-03 2.198624e-02 -1.661452e-02 1.140550e-02 1.663305e-02 -1.975150e-02 -3.346067e-02
<VARIANCE> 39
 4.426173e+01 1.072748e+01 1.608279e+01 1.445824e+01 2.051991e+01 3.214368e+01 2.487439e+01 3.235977e+01 3.064482e+01 2.207891e+01 2.196756e+01 1.935394e+01 3.645219e+01 2.773680e+00 5.919535e-01 9.427779e-01 1.061515e+00 1.534495e+00 2.636227e+00 1.864723e+00 2.571240e+00 2.581450e+00 1.816696e+00 1.683176e+00 1.738992e+00 2.222918e+00 4.921994e-01 1.088747e-01 1.666637e-01 2.035902e-01 2.926703e-01 5.054760e-01 3.587712e-01 4.734400e-01 5.104060e-01 3.530014e-01 3.240620e-01 3.400293e-01 3.947653e-01
<GCONST> 1.046745e+02
<STATE> 4
<MEAN> 39
 -4.792465e-01 1.312305e-01 3.369048e-02 -1.043636e-01 2.798421e-02 -2.777968e-02 -7.498489e-02 -7.188070e-02 -1.680634e-01 -7.399607e-02 -6.440154e-02 9.781735e-02 3.531301e-01 7.183322e-02 -5.839004e-03 -2.588118e-03 -1.390374e-03 5.527233e-03 -1.170476e-02 -2.491846e-03 -9.014999e-04 6.829920e-03 -3.049991e-04 1.573645e-02 -2.569638e-03 -5.766874e-02 5.256181e-04 -1.107889e-04 -1.008494e-03 1.496452e-03 -2.662681e-04 -4.255379e-03 -8.785904e-05 1.172028e-03 -7.035217e-04 6.101892e-04 1.338836e-03 6.042046e-05 -4.279569e-04
<VARIANCE> 39
 3.763176e+01 7.984324e+00 1.312812e+01 1.144205e+01 1.576708e+01 2.678777e+01 2.135366e+01 2.589856e+01 2.573872e+01 2.017181e+01 1.935965e+01 1.913280e+01 2.362008e+01 1.285147e+00 5.017632e-01 8.838186e-01 9.233303e-01 1.237821e+00 1.947841e+00 1.723062e+00 2.079802e+00 2.163579e+00 1.782823e+00 1.612227e+00 1.728272e+00 9.744777e-01 2.349707e-01 9.270521e-02 1.725562e-01 1.851358e-01 2.357524e-01 3.742847e-01 3.353444e-01 3.953345e-01 4.268274e-01 3.566655e-01 3.220655e-01 3.399656e-01 1.806609e-01
<GCONST> 9.642406e+01
<TRANSP> 5
 0.000000e+00 1.000000e+00 0.000000e+00 0.000000e+00 0.000000e+00
 0.000000e+00 9.255757e-01 7.442431e-02 0.000000e+00 0.000000e+00
 0.000000e+00 0.000000e+00 9.791287e-01 2.087138e-02 0.000000e+00
 0.000000e+00 0.000000e+00 0.000000e+00 9.958487e-01 4.151335e-03
 0.000000e+00 0.000000e+00 0.000000e+00 0.000000e+00 0.000000e+00
<ENDHMM>
~h "cm"
<BEGINHMM>
<NUMSTATES> 5
<STATE> 2
<MEAN> 39
 -3.279140e+00 2.202290e-01 1.583244e-01 -6.339104e-01 1.096591e-01 8.716542e-01 1.299939e+00 2.091418e+00 1.692267e+00 1.489668e+00 1.737171e+00 8.913480e-01 -5.258507e+00 9.586551e-02 -3.552295e-02 -6.194007e-02 -9.683310e-02 -7.809145e-02 -1.155202e-01 -1.109737e-01 -9.981322e-02 -7.831942e-02 -5.230230e-02 -9.080075e-02 -6.236962e-03 5.314092e-01 2.528834e-02 -9.364240e-04 -9.480448e-03 7.083404e-04 -6.576761e-03 -5.618068e-03 -8.523174e-03 -1.894800e-02 -2.306439e-02 -8.096967e-03 -7.079622e-03 -1.386716e-02 2.012629e-02
<VARIANCE> 39
 1.357041e+01 1.390212e+01 1.218988e+01 1.589268e+01 1.446065e+01 1.562066e+01 1.651318e+01 1.766406e+01 1.678886e+01 1.590089e+01 1.738750e+01 1.423289e+01 3.031034e+01 5.744712e-01 6.896117e-01 7.657237e-01 1.058002e+00 1.200471e+00 1.460509e+00 1.542815e+00 1.666607e+00 1.584766e+00 1.507200e+00 1.524576e+00 1.372008e+00 9.630574e-01 7.472588e-02 1.082426e-01 1.344451e-01 1.797055e-01 2.186013e-01 2.672518e-01 2.899702e-01 3.073681e-01 2.940301e-01 2.911040e-01 2.768897e-01 2.556554e-01 1.151570e-01
<GCONST> 8.866389e+01
<STATE> 3
<MEAN> 39
 -4.717769e-01 -8.216959e-01 -6.334548e-01 -9.253916e-01 -6.194206e-01 -4.570365e-01 -4.580198e-01 -1.119623e-01 -1.630248e-01 4.675445e-02 -7.318669e-02 1.081236e-01 2.834904e+00 3.591705e-02 -2.027722e-02 -2.059401e-03 1.231041e-02 9.085502e-03 1.717418e-03 -1.126972e-02 -2.508189e-02 -1.317357e-02 -2.110859e-02 -2.617948e-02 -1.727537e-02 1.083614e-01 -2.344429e-03 5.046657e-03 7.265996e-03 1.139555e-02 9.343616e-03 9.728409e-03 9.778853e-03 5.928399e-03 3.278996e-03 -4.234290e-04 3.791844e-03 1.368930e-03 -2.350038e-02
<VARIANCE> 39
 8.936151e+00 8.232991e+00 8.304133e+00 1.086977e+01 1.242477e+01 1.379673e+01 1.435590e+01 1.559567e+01 1.558557e+01 1.446066e+01 1.467647e+01 1.228783e+01 2.545419e+01 2.713413e-01 3.969941e-01 5.533463e-01 7.939491e-01 9.932345e-01 1.222046e+00 1.295742e+00 1.356671e+00 1.454555e+00 1.403607e+00 1.324111e+00 1.209090e+00 4.169172e-01 4.194300e-02 6.997775e-02 1.047353e-01 1.532258e-01 1.973454e-01 2.501887e-01 2.604662e-01 2.711872e-01 2.970892e-01 2.880254e-01 2.670723e-01 2.443106e-01 5.220937e-02
<GCONST> 7.913738e+01
<STATE> 4
<MEAN> 39
 1.633914e+00 8.041725e-01 6.238891e-01 1.209218e+00 6.256109e-01 1.894301e-01 4.306943e-02 -5.999590e-01 -4.078899e-01 -5.628106e-01 -5.195559e-01 -4.225931e-01 -1.226010e+00 5.493473e-02 6.271523e-02 6.528720e-02 8.534105e-02 6.733220e-02 4.730498e-02 5.101296e-02 -5.700616e-04 5.846316e-03 7.727282e-03 2.108050e-02 7.329615e-03 -3.389313e-01 -4.079176e-03 -3.609404e-03 -4.139503e-03 -8.258378e-03 -4.857445e-03 -2.568281e-03 -1.522465e-03 1.822843e-03 3.689069e-03 1.168147e-03 1.989471e-04 3.449566e-03 6.638397e-04
<VARIANCE> 39
 9.763379e+00 6.649662e+00 7.376945e+00 9.541794e+00 1.077121e+01 1.176576e+01 1.326565e+01 1.407055e+01 1.356693e+01 1.291656e+01 1.310577e+01 1.145550e+01 3.777116e+01 1.761421e-01 2.786205e-01 4.292676e-01 6.442167e-01 8.404972e-01 9.899561e-01 1.157708e+00 1.238404e+00 1.295165e+00 1.291294e+00 1.260334e+00 1.139833e+00 1.952951e-01 2.565031e-02 4.885045e-02 8.054113e-02 1.239659e-01 1.638141e-01 1.930680e-01 2.282460e-01 2.456891e-01 2.574882e-01 2.627051e-01 2.531790e-01 2.291835e-01 1.554710e-02
<GCONST> 7.177699e+01
<TRANSP> 5
 0.000000e+00 1.000000e+00 0.000000e+00 0.000000e+00 0.000000e+00
 0.000000e+00 9.413318e-01 5.866814e-02 0.000000e+00 0.000000e+00
 0.000000e+00 0.000000e+00 9.811439e-01 1.885605e-02 0.000000e+00
 0.000000e+00 0.000000e+00 0.000000e+00 9.798065e-01 2.019354e-02
 0.000000e+00 0.000000e+00 0.000000e+00 0.000000e+00 0.000000e+00
<ENDHMM>
~h "co"
<BEGINHMM>
<NUMSTATES> 5
<STATE> 2
<MEAN> 39
 -1.316941e+00 -3.263691e-01 -4.950972e-01 -4.947645e-01 -5.647497e+00 -3.255041e-01 1.265412e+00 4.304196e+00 4.227150e+00 1.716450e+00 4.698132e-01 1.566541e+00 -6.660644e-01 -4.769842e-01 -9.844310e-02 1.926203e-01 -3.045473e-01 -3.788691e-01 -6.131703e-01 -1.652246e-01 -5.469444e-01 -7.314188e-01 -7.012902e-01 -2.898569e-01 -2.340042e-01 1.878072e+00 -2.834750e-02 2.967657e-02 -2.133381e-02 2.937418e-02 2.593130e-01 1.551037e-01 1.274800e-01 3.288116e-02 -4.523779e-02 7.083576e-02 1.236758e-01 4.319505e-02 -1.173457e-01
<VARIANCE> 39
 1.507349e+01 2.430154e+01 2.692360e+01 2.569977e+01 8.606594e+01 4.861708e+01 5.726377e+01 5.798037e+01 5.673706e+01 4.100380e+01 3.925258e+01 2.649433e+01 9.893346e+01 1.042761e+00 2.053261e+00 1.695333e+00 1.830561e+00 6.103303e+00 3.332803e+00 4.014467e+00 3.192237e+00 5.088278e+00 3.206493e+00 2.654754e+00 2.575178e+00 4.354753e+00 1.251617e-01 3.481840e-01 2.671455e-01 2.576019e-01 7.731509e-01 5.223951e-01 6.647337e-01 5.416546e-01 9.299631e-01 5.675992e-01 4.452033e-01 4.457023e-01 4.574749e-01
<GCONST> 1.227273e+02
<STATE> 3
<MEAN> 39
 -1.720941e+00 -1.361836e+00 -1.562218e+00 -1.234205e+00 -2.010064e+00 -1.780461e+00 -1.577835e-01 -1.080495e+00 -2.398627e-01 -1.878494e-01 -3.958147e-01 -3.824767e-01 4.767246e+00 9.848055e-02 -2.170788e-02 -1.757811e-02 4.629552e-02 1.441701e-01 3.985161e-02 -7.575702e-02 -7.436350e-02 -2.306835e-02 3.524378e-02 1.824730e-02 -4.178185e-02 -1.206050e-01 2.072139e-02 7.539258e-03 8.399493e-03 1.232898e-02 -5.380969e-03 -1.613783e-05 -8.593255e-03 5.166585e-03 9.490822e-03 -8.175748e-05 -9.127893e-03 -2.652589e-03 -3.343732e-02
<VARIANCE> 39
 1.181563e+01 9.689941e+00 1.466581e+01 1.629479e+01 2.725690e+01 2.133806e+01 3.548311e+01 3.458685e+01 2.972999e+01 2.621071e+01 2.558809e+01 2.465292e+01 3.288533e+01 4.407770e-01 7.279958e-01 9.012286e-01 1.111029e+00 2.129984e+00 1.537534e+00 2.112553e+00 2.244728e+00 2.817415e+00 2.306143e+00 2.064187e+00 1.709031e+00 9.741020e-01 6.342337e-02 1.399920e-01 1.589869e-01 2.036021e-01 3.770719e-01 2.935150e-01 3.774466e-01 4.217280e-01 5.752887e-01 4.634683e-01 4.012639e-01 3.203801e-01 1.144921e-01
<GCONST> 9.894997e+01
<STATE> 4
<MEAN> 39
 1.720647e+00 1.256706e+00 1.459311e+00 1.168095e+00 2.611949e+00 1.628184e+00 -4.538549e-02 3.283518e-01 -4.065705e-01 -8.479431e-02 2.825063e-01 1.099373e-01 -4.134192e+00 4.362855e-02 1.042674e-01 4.596921e-02 4.044932e-02 1.143895e-01 8.320343e-02 6.919090e-02 7.572119e-02 6.080685e-03 1.145642e-02 2.051042e-02 4.330893e-02 -2.604244e-01 -5.661401e-03 -2.387825e-03 -1.045706e-02 -6.744704e-03 -1.043857e-02 -7.442419e-03 6.448825e-04 2.457779e-03 3.264286e-03 2.253725e-03 -4.246296e-04 -1.683956e-03 6.819461e-03
<VARIANCE> 39
 1.037073e+01 1.475210e+01 1.529565e+01 1.666968e+01 3.382760e+01 2.259205e+01 3.981359e+01 3.253928e+01 2.277880e+01 2.597045e+01 2.398226e+01 2.094208e+01 6.052066e+01 3.074927e-01 5.683232e-01 7.054598e-01 9.685134e-01 1.853946e+00 1.434115e+00 1.758873e+00 1.690101e+00 1.806671e+00 1.818311e+00 1.721382e+00 1.525212e+00 1.012594e+00 4.421585e-02 1.021428e-01 1.279396e-01 1.860095e-01 3.353372e-01 2.745949e-01 3.246496e-01 3.149053e-01 3.507940e-01 3.643818e-01 3.464641e-01 3.062820e-01 9.363076e-02
<GCONST> 9.439585e+01
<TRANSP> 5
 0.000000e+00 1.000000e+00 0.000000e+00 0.000000e+00 0.000000e+00
 0.000000e+00 8.877461e-01 1.122539e-01 0.000000e+00 0.000000e+00
 0.000000e+00 0.000000e+00 9.814674e-01 1.853260e-02 0.000000e+00
 0.000000e+00 0.000000e+00 0.000000e+00 9.835490e-01 1.645103e-02
 0.000000e+00 0.000000e+00 0.000000e+00 0.000000e+00 0.000000e+00
<ENDHMM>
~h "ds"
<BEGINHMM>
<NUMSTATES> 5
<STATE> 2
<MEAN> 39
 -1.812215e+00 -1.036343e+00 -5.182227e-01 -1.197879e+00 -1.628646e+00 -1.859868e+00 1.975569e+00 -3.699430e-01 9.275905e-01 1.743828e+00 1.808966e+00 1.540404e+00 3.684269e+00 -3.246406e-01 3.840993e-02 -2.158561e-01 -2.113747e-01 -3.079691e-01 -2.579128e-01 -9.315445e-02 -7.721858e-02 4.494755e-02 1.595270e-01 -1.683313e-03 -1.094906e-02 8.724625e-01 -1.051261e-02 -1.077047e-03 -1.006139e-02 3.443273e-03 8.718169e-03 4.222152e-02 -4.122551e-03 2.142174e-02 -1.337007e-02 -4.221284e-02 3.210124e-03 1.140199e-03 2.152351e-02
<VARIANCE> 39
 2.071357e+01 1.134914e+01 1.562551e+01 1.807688e+01 2.485720e+01 2.236998e+01 2.739978e+01 3.817656e+01 2.730576e+01 2.255938e+01 1.935654e+01 1.692632e+01 6.061275e+01 1.687799e+00 7.314150e-01 1.263954e+00 1.549557e+00 2.570778e+00 2.199519e+00 2.259309e+00 2.413836e+00 1.945063e+00 2.239653e+00 1.932004e+00 1.740863e+00 3.641957e+00 2.147330e-01 1.272645e-01 1.986388e-01 2.740341e-01 4.409218e-01 4.353726e-01 3.629487e-01 4.608493e-01 3.261744e-01 4.274269e-01 3.598450e-01 3.245566e-01 4.364394e-01
<GCONST> 1.057666e+02
<STATE> 3
<MEAN> 39
 -5.797792e+00 -1.214919e+00 -4.083899e+00 -3.732021e+00 -6.391767e+00 -4.082474e+00 -1.910227e+00 -9.714785e-01 7.034242e-01 1.305343e+00 9.965743e-01 1.081921e+00 9.915880e+00 2.699623e-01 6.542698e-02 5.178859e-01 6.906691e-01 7.841593e-01 7.701976e-01 4.326822e-01 3.856856e-01 5.521592e-02 -3.475008e-01 4.255937e-02 7.508277e-02 3.275049e-01 2.603001e-01 5.421512e-02 1.610446e-01 1.896664e-01 1.913560e-01 1.181624e-01 5.793157e-02 2.374284e-03 2.429224e-02 3.264539e-02 -5.379865e-02 7.045039e-03 -5.381625e-01
<VARIANCE> 39
 2.466053e+01 1.660337e+01 1.326758e+01 1.302180e+01 2.144584e+01 1.840681e+01 2.120576e+01 1.593073e+01 1.569175e+01 1.901686e+01 1.635757e+01 1.713993e+01 3.063633e+02 4.006605e+00 2.501725e+00 1.691416e+00 1.500633e+00 1.673591e+00 1.955718e+00 2.355684e+00 2.010200e+00 2.090480e+00 1.786020e+00 1.695200e+00 1.656415e+00 3.254063e+01 8.501918e-01 4.170684e-01 3.386472e-01 3.645073e-01 4.412759e-01 4.559422e-01 5.692577e-01 3.747376e-01 4.484076e-01 3.540722e-01 3.385686e-01 3.712734e-01 5.912151e+00
<GCONST> 1.150992e+02
<STATE> 4
<MEAN> 39
 3.226115e-01 1.183273e-01 1.686640e-01 2.100863e-01 3.271394e-01 2.722652e-01 -9.245466e-02 5.917886e-02 -9.381567e-02 -1.758316e-01 -1.711382e-01 -1.530781e-01 -5.969419e-01 5.177460e-02 1.684969e-03 2.731152e-02 1.961720e-02 4.438014e-02 2.678739e-02 1.271330e-02 7.004631e-03 -6.124603e-03 -1.586969e-02 -1.550157e-02 -1.613102e-02 -1.221821e-01 -1.354242e-03 -2.348212e-04 -3.035309e-03 -4.970011e-03 -5.208679e-03 -4.318389e-03 -2.145990e-03 -1.451531e-03 -1.107945e-03 1.174708e-03 1.119166e-03 8.309397e-04 9.809403e-04
<VARIANCE> 39
 1.318422e+01 9.995423e+00 1.442947e+01 1.472893e+01 1.809906e+01 2.016887e+01 2.172857e+01 1.811996e+01 2.293906e+01 2.166865e+01 1.748177e+01 1.635423e+01 5.096795e+01 5.726039e-01 4.771277e-01 6.686204e-01 9.040130e-01 1.282434e+00 1.417020e+00 1.573589e+00 1.536500e+00 1.741889e+00 1.746284e+00 1.582369e+00 1.353068e+00 8.265531e-01 9.609037e-02 8.445235e-02 1.245209e-01 1.733884e-01 2.515625e-01 2.771397e-01 3.086514e-01 3.057500e-01 3.455546e-01 3.513505e-01 3.209182e-01 2.716767e-01 1.018505e-01
<GCONST> 9.044518e+01
<TRANSP> 5
 0.000000e+00 1.000000e+00 0.000000e+00 0.000000e+00 0.000000e+00
 0.000000e+00 9.198829e-01 8.011709e-02 0.000000e+00 0.000000e+00
 0.000000e+00 0.000000e+00 8.034909e-01 1.965091e-01 0.000000e+00
 0.000000e+00 0.000000e+00 0.000000e+00 9.938106e-01 6.189357e-03
 0.000000e+00 0.000000e+00 0.000000e+00 0.000000e+00 0.000000e+00
<ENDHMM>
~h "kj"
<BEGINHMM>
<NUMSTATES> 5
<STATE> 2
<MEAN> 39
 6.499022e+00 -4.499286e-02 -2.390379e+00 -3.090308e-01 8.700732e-01 -1.251964e+00 -1.447127e+00 -7.406348e-01 -2.302475e-01 2.589946e-01 -1.163544e+00 -2.447759e-01 -3.831965e+00 -3.450080e-01 -2.132282e-01 -7.800879e-02 2.979295e-02 -1.408936e-01 -7.992017e-02 -6.035113e-02 -1.846391e-01 1.266474e-02 -2.039515e-02 4.837491e-02 3.428530e-02 4.951423e-01 2.566282e-03 -7.119236e-03 5.856941e-03 -6.803514e-03 8.232747e-03 1.141366e-02 1.345617e-02 1.784746e-02 3.030720e-03 2.470660e-03 -9.239984e-03 -6.060216e-03 -2.823349e-03
<VARIANCE> 39
 1.845104e+01 2.336935e+01 1.275333e+01 1.711235e+01 1.979361e+01 2.612696e+01 2.178900e+01 2.156615e+01 1.964308e+01 1.836357e+01 1.518253e+01 1.738167e+01 1.975973e+01 9.998716e-01 1.276247e+00 1.074443e+00 1.063408e+00 1.579414e+00 1.834758e+00 2.215163e+00 1.914657e+00 1.816943e+00 1.973739e+00 1.416453e+00 1.364272e+00 1.020957e+00 1.516166e-01 2.081038e-01 1.725830e-01 1.942181e-01 2.677276e-01 3.316363e-01 4.152834e-01 3.481323e-01 3.364187e-01 3.728708e-01 2.687543e-01 2.462539e-01 1.388058e-01
<GCONST> 9.684682e+01
<STATE> 3
<MEAN> 39
 3.803467e+00 -4.370314e+00 -4.386142e+00 -2.484514e-01 1.053501e+00 -2.887878e+00 -4.270589e+00 -2.983044e+00 -7.226678e-01 -2.762338e-01 -8.274222e-02 7.123373e-01 2.549467e+00 -1.265000e-01 1.631978e-01 3.034241e-02 6.403749e-03 6.372017e-02 7.261920e-02 3.333145e-02 7.008599e-02 -1.713753e-02 3.155543e-02 1.632298e-02 1.218701e-02 -8.024532e-02 -1.213186e-02 3.402563e-02 3.591248e-02 -4.645101e-03 -5.123914e-03 1.507394e-02 2.183126e-02 3.143338e-02 5.333727e-03 2.111459e-03 4.451043e-03 2.890599e-03 -2.232267e-02
<VARIANCE> 39
 1.233789e+01 1.658804e+01 1.031513e+01 1.541603e+01 1.406437e+01 2.010929e+01 2.430610e+01 1.688212e+01 1.823866e+01 1.750405e+01 1.613977e+01 1.488789e+01 1.698972e+01 5.237002e-01 7.241751e-01 6.795337e-01 8.634937e-01 1.125836e+00 1.321876e+00 1.582447e+00 1.650333e+00 1.534743e+00 1.625453e+00 1.575706e+00 1.281653e+00 5.702981e-01 9.275629e-02 1.197157e-01 1.298652e-01 1.652941e-01 2.288776e-01 2.487001e-01 3.217096e-01 3.351589e-01 3.078436e-01 3.332478e-01 3.248409e-01 2.547802e-01 9.287366e-02
<GCONST> 8.813971e+01
<STATE> 4
<MEAN> 39
 -6.264302e-01 3.567998e-01 4.727799e-01 3.527064e-02 -1.280286e-01 2.955436e-01 4.172762e-01 2.782589e-01 6.989480e-02 9.748065e-03 6.361376e-02 -4.582608e-02 -1.946290e-02 3.608956e-02 -1.199977e-02 1.912747e-04 -5.068658e-03 4.595542e-03 -2.886467e-03 1.429579e-03 -1.213124e-03 5.734649e-03 -4.878609e-03 6.683122e-04 2.925043e-04 -2.051525e-02 2.522146e-03 -1.369060e-03 -1.898216e-03 7.789540e-05 4.702226e-04 -4.444891e-04 3.143401e-04 -7.142119e-04 7.672259e-04 8.322705e-05 -2.991228e-04 1.999933e-04 -1.236891e-03
<VARIANCE> 39
 2.690310e+01 3.053842e+01 1.451068e+01 1.359623e+01 1.513842e+01 2.280004e+01 2.615167e+01 2.067288e+01 1.724284e+01 1.934222e+01 1.573179e+01 1.431306e+01 2.882232e+01 5.672475e-01 7.497596e-01 7.046900e-01 9.399242e-01 1.179700e+00 1.451421e+00 1.634076e+00 1.604151e+00 1.625096e+00 1.669721e+00 1.469187e+00 1.320817e+00 6.371576e-01 9.335745e-02 1.279400e-01 1.311175e-01 1.830508e-01 2.295822e-01 2.854787e-01 3.178917e-01 3.210961e-01 3.307602e-01 3.339980e-01 2.959707e-01 2.687545e-01 9.064411e-02
<GCONST> 9.154301e+01
<TRANSP> 5
 0.000000e+00 1.000000e+00 0.000000e+00 0.000000e+00 0.000000e+00
 0.000000e+00 9.266242e-01 7.337583e-02 0.000000e+00 0.000000e+00
 0.000000e+00 0.000000e+00 9.557750e-01 4.422493e-02 0.000000e+00
 0.000000e+00 0.000000e+00 0.000000e+00 9.964117e-01 3.588322e-03
 0.000000e+00 0.000000e+00 0.000000e+00 0.000000e+00 0.000000e+00
<ENDHMM>
~h "kn"
<BEGINHMM>
<NUMSTATES> 5
<STATE> 2
<MEAN> 39
 -4.045038e+00 -3.474970e-01 -1.633557e+00 -2.873431e+00 -2.974616e+00 -8.119934e-01 -6.760588e-02 -1.357880e+00 7.163997e-01 -5.164080e-01 -1.351584e-01 -1.975592e+00 1.572256e+00 2.072090e-01 2.531302e-01 -7.291707e-02 1.939683e-01 2.890510e-01 -4.522886e-01 6.173238e-01 -9.891704e-02 1.182719e+00 3.446892e-01 1.838583e-01 3.612420e-01 2.414502e+00 -6.828178e-02 1.160904e-01 1.294102e-01 1.132342e-01 2.423884e-01 2.566149e-01 -4.077959e-02 6.828882e-02 -2.235398e-01 -5.475659e-02 2.446278e-03 1.310347e-01 -5.199855e-01
<VARIANCE> 39
 2.095327e+01 1.580915e+01 1.793614e+01 9.895362e+00 1.648020e+01 2.489978e+01 2.484515e+01 4.873025e+01 3.279082e+01 2.146397e+01 2.125723e+01 1.912934e+01 9.062290e+01 2.796960e+00 1.686392e+00 2.067508e+00 1.023556e+00 1.645592e+00 2.205510e+00 2.961000e+00 6.325076e+00 3.483485e+00 2.164109e+00 1.998079e+00 2.392457e+00 6.971973e+00 3.968672e-01 2.036144e-01 3.007714e-01 1.447392e-01 2.117998e-01 3.338015e-01 4.916190e-01 8.849328e-01 6.703314e-01 3.426450e-01 3.010514e-01 3.500954e-01 1.190915e+00
<GCONST> 1.122145e+02
<STATE> 3
<MEAN> 39
 4.097658e-01 -2.589009e-01 -4.942949e-01 -5.694343e-02 -8.010681e-02 -5.533444e-01 -7.329245e-02 -3.624578e-01 4.113537e-01 1.255716e-01 2.774080e-01 2.380429e-01 1.289930e+00 5.073204e-02 -3.145570e-02 1.029755e-02 4.449909e-02 2.950160e-02 5.880547e-03 4.051420e-04 1.118634e-02 -2.506558e-02 8.639207e-04 2.480783e-03 2.325788e-02 -3.017123e-02 3.171253e-03 -4.226634e-03 -2.484826e-03 -9.933184e-04 -6.872278e-03 -6.442153e-04 -8.311949e-03 -6.219213e-03 -1.224592e-02 -2.083281e-03 -5.930773e-03 -9.813536e-03 -1.078278e-02
<VARIANCE> 39
 8.621595e+00 1.096631e+01 1.061719e+01 9.466917e+00 1.280763e+01 1.478026e+01 1.596025e+01 2.107825e+01 1.840886e+01 1.569267e+01 1.470390e+01 1.478900e+01 2.281314e+01 4.289601e-01 8.461556e-01 8.039388e-01 9.689072e-01 1.347084e+00 1.369512e+00 1.481702e+00 2.006581e+00 1.809496e+00 1.542023e+00 1.383342e+00 1.438885e+00 2.036870e+00 7.464217e-02 1.636084e-01 1.469914e-01 2.015575e-01 2.838733e-01 2.740286e-01 3.034523e-01 4.202415e-01 3.808662e-01 3.246184e-01 2.770720e-01 2.879263e-01 3.499926e-01
<GCONST> 9.073193e+01
<STATE> 4
<MEAN> 39
 -2.989449e-01 7.063521e-01 1.521477e+00 6.538880e-01 7.295771e-01 1.522027e+00 1.944753e-01 1.144204e+00 -1.151572e+00 -2.205063e-01 -6.663914e-01 -2.403767e-01 -3.490919e+00 -1.265678e-01 1.235524e-01 1.839513e-01 -3.076019e-02 9.128857e-03 1.982543e-01 -3.256824e-02 1.582497e-01 -1.394374e-01 -1.996554e-02 -6.816760e-02 -6.917626e-02 -5.406605e-01 -1.540827e-02 -1.070151e-02 -9.863791e-03 -2.570654e-02 -2.477595e-02 -1.486704e-02 1.943905e-02 1.029939e-02 1.777701e-02 -1.848543e-03 9.331417e-03 -9.090167e-03 2.078860e-02
<VARIANCE> 39
 1.009769e+01 1.013522e+01 9.548136e+00 8.105859e+00 1.166111e+01 1.604777e+01 1.360422e+01 1.596371e+01 1.551587e+01 1.515868e+01 1.311098e+01 1.276105e+01 2.603440e+01 1.780295e-01 3.372929e-01 4.861025e-01 6.461402e-01 9.993373e-01 1.102856e+00 1.276091e+00 1.300377e+00 1.486964e+00 1.369249e+00 1.249619e+00 1.179574e+00 1.246447e-01 2.263359e-02 5.652009e-02 9.192027e-02 1.312905e-01 2.013690e-01 2.148319e-01 2.640361e-01 2.612410e-01 3.035488e-01 2.782267e-01 2.518869e-01 2.402673e-01 9.389503e-03
<GCONST> 7.391878e+01
<TRANSP> 5
 0.000000e+00 1.000000e+00 0.000000e+00 0.000000e+00 0.000000e+00
 0.000000e+00 7.890370e-01 2.109630e-01 0.000000e+00 0.000000e+00
 0.000000e+00 0.000000e+00 9.848932e-01 1.510679e-02 0.000000e+00
 0.000000e+00 0.000000e+00 0.000000e+00 9.623986e-01 3.760130e-02
 0.000000e+00 0.000000e+00 0.000000e+00 0.000000e+00 0.000000e+00
<ENDHMM>
~h "kt"
<BEGINHMM>
<NUMSTATES> 5
<STATE> 2
<MEAN> 39
 -2.174585e-02 -4.109280e-01 2.391077e-01 -6.151389e-01 -5.042214e-01 -8.620244e-02 -2.136238e-02 4.241999e-01 4.617404e-01 4.097389e-01 2.475532e-01 2.524640e-01 2.908289e-01 -9.351490e-02 1.710509e-02 -4.456061e-02 2.277594e-02 -1.040261e-02 -5.800297e-02 1.091702e-03 -1.962567e-04 1.592002e-02 -3.570539e-03 -3.008802e-03 -2.129990e-03 1.286027e-01 1.036899e-02 -7.111026e-04 7.800119e-03 7.743276e-03 7.808081e-03 8.746431e-03 2.197646e-03 -1.487132e-03 -4.650758e-03 -5.409350e-03 7.668740e-03 -1.697605e-03 -1.321560e-02
<VARIANCE> 39
 1.489092e+01 8.632764e+00 9.205913e+00 1.135772e+01 1.313581e+01 1.701894e+01 1.662219e+01 1.753503e+01 1.677364e+01 1.536211e+01 1.472998e+01 1.317812e+01 2.211292e+01 1.159929e+00 5.766062e-01 8.111566e-01 9.567397e-01 1.222831e+00 1.640660e+00 1.655161e+00 1.749461e+00 1.712027e+00 1.719151e+00 1.535623e+00 1.359011e+00 1.660554e+00 2.083611e-01 1.075828e-01 1.614737e-01 1.831556e-01 2.428918e-01 3.250291e-01 3.387853e-01 3.525099e-01 3.433392e-01 3.468464e-01 3.053346e-01 2.746553e-01 2.821420e-01
<GCONST> 9.175559e+01
<STATE> 3
<MEAN> 39
 -1.169332e+00 1.465178e-01 -2.123428e-01 7.941165e-01 2.106281e-01 -8.507968e-01 -3.966346e-01 -6.558526e-01 -1.971631e-01 -2.245936e-01 -3.466825e-01 4.064546e-03 1.509202e+00 3.229464e-02 6.713902e-03 5.182393e-03 -3.867475e-04 6.900502e-03 1.903610e-02 2.210477e-02 -1.269467e-02 -4.155314e-03 -1.020021e-02 6.482771e-03 -8.516301e-03 -4.641566e-02 3.772346e-03 -1.786177e-04 3.186469e-04 -5.789605e-03 -9.435617e-04 1.480112e-03 5.633287e-04 5.796660e-03 5.684426e-03 5.388128e-03 -2.925814e-03 1.388924e-03 -8.244342e-03
<VARIANCE> 39
 8.194473e+00 5.191077e+00 7.374901e+00 1.072400e+01 1.270614e+01 1.637005e+01 1.696521e+01 1.584647e+01 1.757457e+01 1.813985e+01 1.640346e+01 1.312434e+01 1.374823e+01 7.538680e-01 4.265984e-01 6.840205e-01 9.210938e-01 1.250652e+00 1.675065e+00 1.723046e+00 1.582470e+00 1.734619e+00 2.058177e+00 1.624285e+00 1.318375e+00 1.372881e+00 1.493034e-01 8.333999e-02 1.376259e-01 1.860388e-01 2.557313e-01 3.550369e-01 3.570425e-01 3.244515e-01 3.503637e-01 4.383025e-01 3.222643e-01 2.685729e-01 2.673359e-01
<GCONST> 8.873824e+01
<STATE> 4
<MEAN> 39
 4.988449e-01 4.258689e-02 2.883638e-02 -1.787418e-01 3.924143e-02 3.808334e-01 1.727609e-01 1.689216e-01 -3.412826e-02 -9.345806e-03 8.336704e-02 -6.585459e-02 -7.105921e-01 2.152378e-02 -7.786714e-03 9.156683e-03 -1.017592e-02 5.718853e-03 1.099052e-02 -9.318142e-04 4.285906e-03 -3.158220e-03 3.469613e-03 3.080952e-03 -1.481346e-05 -2.502600e-02 -1.295368e-03 -7.489020e-04 -3.000460e-04 9.115742e-04 5.445958e-04 -7.050082e-04 -1.615316e-03 -4.956636e-04 -9.904482e-04 -5.388259e-04 -7.347759e-04 4.588494e-04 2.131243e-03
<VARIANCE> 39
 9.584525e+00 6.792366e+00 8.364413e+00 9.933491e+00 1.276193e+01 1.539348e+01 1.479492e+01 1.550370e+01 1.621045e+01 1.566911e+01 1.408515e+01 1.273820e+01 1.078701e+01 6.885462e-01 4.808453e-01 6.480221e-01 8.283430e-01 1.129780e+00 1.334095e+00 1.493742e+00 1.533267e+00 1.578752e+00 1.598559e+00 1.452374e+00 1.255768e+00 7.349209e-01 1.290963e-01 9.304845e-02 1.273680e-01 1.652862e-01 2.279095e-01 2.725750e-01 3.089538e-01 3.135048e-01 3.232100e-01 3.308370e-01 2.945191e-01 2.521299e-01 1.321389e-01
<GCONST> 8.456891e+01
<TRANSP> 5
 0.000000e+00 1.000000e+00 0.000000e+00 0.000000e+00 0.000000e+00
 0.000000e+00 9.799998e-01 2.000017e-02 0.000000e+00 0.000000e+00
 0.000000e+00 0.000000e+00 9.879560e-01 1.204398e-02 0.000000e+00
 0.000000e+00 0.000000e+00 0.000000e+00 9.949188e-01 5.081160e-03
 0.000000e+00 0.000000e+00 0.000000e+00 0.000000e+00 0.000000e+00
<ENDHMM>
~h "pr"
<BEGINHMM>
<NUMSTATES> 5
<STATE> 2
<MEAN> 39
 -1.043498e+00 1.933455e-02 -1.362526e-01 7.787624e-02 1.714028e+00 9.543541e-02 -9.626027e-01 -1.617937e+00 -3.934448e-01 -7.357322e-03 6.950793e-01 3.440456e-01 1.191677e+00 -1.040990e-01 -5.618746e-02 2.530591e-02 -1.975005e-02 1.215479e-02 1.843615e-02 4.265097e-03 -7.529715e-02 6.135044e-03 -5.554528e-02 -6.055483e-03 7.784284e-02 1.061128e-01 2.931379e-02 8.193965e-03 -1.161601e-02 7.183929e-03 5.353257e-04 -4.426651e-03 -4.724278e-03 1.064325e-02 -3.865293e-03 6.426171e-03 -2.249135e-04 -1.842090e-02 -2.461643e-02
<VARIANCE> 39
 1.878117e+01 1.990692e+01 2.317281e+01 3.230784e+01 4.834682e+01 4.285131e+01 5.001131e+01 5.418702e+01 4.192359e+01 3.546296e+01 5.249238e+01 4.801217e+01 1.268600e+01 1.181131e+00 9.507551e-01 1.290905e+00 1.832297e+00 1.919388e+00 2.384882e+00 2.543521e+00 3.003244e+00 2.700729e+00 2.300640e+00 3.094412e+00 2.497864e+00 8.089111e-01 1.763197e-01 1.561877e-01 2.221852e-01 3.177358e-01 3.369787e-01 4.219710e-01 4.590173e-01 5.182909e-01 5.082737e-01 4.096994e-01 5.638781e-01 4.434396e-01 1.137066e-01
<GCONST> 1.108695e+02
<STATE> 3
<MEAN> 39
 -4.740788e+00 -7.530295e-01 1.936010e+00 1.969443e-01 1.767878e+00 1.910398e+00 -2.035577e+00 -2.862034e+00 2.461529e+00 -3.581845e+00 7.249005e-01 9.492088e-01 3.708416e+00 4.046064e-02 -1.874301e-02 1.721431e-03 -3.674009e-02 5.341050e-04 8.700327e-03 -3.168720e-04 1.720624e-02 2.611403e-02 5.134651e-03 -2.547375e-02 2.569731e-02 -4.167785e-02 2.268654e-03 2.215165e-03 2.615565e-03 -3.504827e-03 -2.580144e-04 -4.402700e-03 1.132847e-03 9.866497e-03 -3.820323e-03 6.913861e-03 -1.960207e-03 -4.323285e-03 -2.369687e-03
<VARIANCE> 39
 9.411329e+00 1.893539e+01 1.312051e+01 1.580475e+01 5.031502e+01 3.344743e+01 2.852824e+01 2.395429e+01 2.269457e+01 2.320446e+01 2.913291e+01 2.334590e+01 5.784672e+00 4.754375e-01 4.087575e-01 5.627435e-01 8.539809e-01 1.255714e+00 1.626151e+00 1.560673e+00 1.416750e+00 1.651651e+00 1.776612e+00 1.876392e+00 1.271747e+00 2.052082e-01 1.070396e-01 7.639190e-02 1.051639e-01 1.687428e-01 2.581528e-01 3.374957e-01 3.164155e-01 2.881302e-01 3.406865e-01 3.446760e-01 3.809742e-01 2.589807e-01 4.478690e-02
<GCONST> 8.895559e+01
<STATE> 4
<MEAN> 39
 1.793305e+00 2.512198e-01 -6.301583e-01 -8.076987e-02 -9.094578e-01 -6.635893e-01 8.634888e-01 1.262131e+00 -7.611997e-01 1.213005e+00 -3.715090e-01 -3.836089e-01 -1.470998e+00 3.782028e-02 2.208235e-02 -1.927357e-02 2.359357e-02 -8.450947e-03 -1.123242e-02 -1.520191e-04 8.505239e-03 -1.536265e-02 1.210499e-02 9.731989e-03 -2.248387e-02 -3.363845e-02 -1.007934e-03 -2.565904e-04 1.607534e-04 2.091789e-03 -3.304461e-05 3.123629e-04 -2.744049e-04 -2.176841e-03 4.529730e-04 -7.724064e-04 1.396994e-03 -1.336431e-03 7.610670e-04
<VARIANCE> 39
 2.470807e+01 1.935797e+01 2.997538e+01 4.177448e+01 3.195209e+01 3.773551e+01 3.069355e+01 3.766010e+01 4.301716e+01 4.189405e+01 3.661734e+01 4.033766e+01 1.665316e+01 3.591949e-01 4.764745e-01 6.574052e-01 9.579248e-01 1.127177e+00 1.465469e+00 1.519664e+00 1.648141e+00 1.718116e+00 1.709561e+00 1.569318e+00 1.409870e+00 2.183174e-01 6.240259e-02 8.262465e-02 1.213580e-01 1.728184e-01 2.171819e-01 2.817752e-01 2.951332e-01 3.097118e-01 3.259714e-01 3.312652e-01 3.037323e-01 2.680632e-01 3.431886e-02
<GCONST> 9.385268e+01
<TRANSP> 5
 0.000000e+00 1.000000e+00 0.000000e+00 0.000000e+00 0.000000e+00
 0.000000e+00 9.773905e-01 2.260950e-02 0.000000e+00 0.000000e+00
 0.000000e+00 0.000000e+00 9.878565e-01 1.214347e-02 0.000000e+00
 0.000000e+00 0.000000e+00 0.000000e+00 9.958921e-01 4.107866e-03
 0.000000e+00 0.000000e+00 0.000000e+00 0.000000e+00 0.000000e+00
<ENDHMM>
~h "pw"
<BEGINHMM>
<NUMSTATES> 5
<STATE> 2
<MEAN> 39
 -7.862764e-01 8.778411e-01 2.303025e-01 2.293194e-01 4.305232e-01 8.362421e-01 6.844777e-01 8.089272e-01 3.208483e-01 1.911352e-01 -1.836651e-02 -1.349301e-01 -1.022358e+00 -4.001680e-03 -4.673481e-03 2.772373e-03 -7.608649e-04 -8.173124e-04 -6.085764e-03 8.834804e-04 -4.461326e-03 -7.400684e-04 -7.616788e-04 1.934278e-03 -1.131949e-04 7.067623e-03 1.671663e-04 -1.238393e-03 -2.487377e-03 2.711342e-04 -1.399997e-03 -2.597178e-03 -1.374026e-03 -5.025555e-04 -1.802567e-03 1.218458e-03 -1.029050e-03 6.143459e-04 2.335188e-03
<VARIANCE> 39
 1.447955e+01 1.902854e+01 1.022767e+01 1.081875e+01 1.381587e+01 1.592647e+01 1.626124e+01 1.773402e+01 1.588185e+01 1.485436e+01 1.440408e+01 1.257246e+01 1.946121e+01 5.567021e-01 7.450401e-01 6.951002e-01 8.881708e-01 1.120532e+00 1.385895e+00 1.438654e+00 1.533669e+00 1.551183e+00 1.461133e+00 1.463705e+00 1.258918e+00 5.315405e-01 9.069115e-02 1.279171e-01 1.336034e-01 1.759037e-01 2.213136e-01 2.829357e-01 2.919693e-01 3.080070e-01 3.178280e-01 2.936852e-01 3.016617e-01 2.563891e-01 7.798842e-02
<GCONST> 8.648890e+01
<STATE> 3
<MEAN> 39
 5.785078e-01 -2.631985e+00 -8.208748e-01 -6.392447e-01 -1.010764e+00 -2.615900e+00 -2.329078e+00 -2.824568e+00 -1.346532e+00 -9.943227e-01 -2.879105e-01 1.517507e-01 5.326166e+00 -1.317742e-03 -7.454138e-02 -1.702065e-02 3.253153e-03 -1.757737e-02 -6.161261e-02 -5.607136e-02 -6.472788e-02 -3.314258e-02 -2.701255e-02 -3.707299e-03 8.860366e-03 1.090809e-01 7.750110e-03 8.604319e-03 2.348217e-03 1.451523e-03 1.040520e-02 1.568483e-02 8.939249e-03 9.249907e-03 6.327887e-03 3.144904e-03 3.929659e-03 -3.422958e-03 -2.141759e-02
<VARIANCE> 39
 1.735532e+01 2.721498e+01 1.289137e+01 1.232579e+01 1.672350e+01 2.508544e+01 2.312775e+01 2.724665e+01 1.830059e+01 1.612187e+01 1.439569e+01 1.291332e+01 8.075048e+01 6.445434e-01 1.078160e+00 7.332089e-01 8.764449e-01 1.477592e+00 1.900864e+00 1.730997e+00 1.836700e+00 1.563949e+00 1.472245e+00 1.389600e+00 1.308482e+00 3.891005e+00 1.072111e-01 1.653558e-01 1.360055e-01 1.680476e-01 2.904001e-01 3.627085e-01 3.349359e-01 3.537251e-01 3.156039e-01 2.968999e-01 2.834522e-01 2.729163e-01 5.328425e-01
<GCONST> 9.711430e+01
<STATE> 4
<MEAN> 39
 1.943579e-01 2.433856e-01 9.407299e-02 5.238236e-02 5.445078e-02 2.570359e-01 2.539481e-01 3.168133e-01 1.780959e-01 1.506401e-01 7.440951e-02 2.118942e-02 -8.075260e-01 9.188279e-03 1.102361e-02 3.796884e-03 -1.316255e-03 4.845772e-03 1.621062e-02 1.140444e-02 1.333479e-02 7.447490e-03 6.076661e-03 2.073604e-03 -3.198898e-03 -2.945409e-02 1.120331e-04 -7.936242e-04 -2.352526e-04 -9.290830e-04 -1.269418e-03 -9.027330e-04 -9.951771e-04 -1.913238e-03 -1.362586e-03 -5.592631e-04 -7.287473e-05 -1.245398e-05 1.434912e-03
<VARIANCE> 39
 1.467658e+01 1.958991e+01 1.076716e+01 1.095380e+01 1.374871e+01 1.938784e+01 1.779768e+01 2.115006e+01 1.739327e+01 1.570607e+01 1.406802e+01 1.294375e+01 3.092951e+01 5.349538e-01 7.732392e-01 6.647534e-01 8.562876e-01 1.145019e+00 1.466316e+00 1.460263e+00 1.569287e+00 1.530429e+00 1.504806e+00 1.410248e+00 1.283155e+00 9.045271e-01 8.756535e-02 1.277076e-01 1.249094e-01 1.673537e-01 2.263190e-01 2.935646e-01 2.907929e-01 3.126249e-01 3.102682e-01 3.086810e-01 2.873017e-01 2.638760e-01 1.289399e-01
<GCONST> 8.865524e+01
<TRANSP> 5
 0.000000e+00 1.000000e+00 0.000000e+00 0.000000e+00 0.000000e+00
 0.000000e+00 9.935060e-01 6.494000e-03 0.000000e+00 0.000000e+00
 0.000000e+00 0.000000e+00 9.882969e-01 1.170307e-02 0.000000e+00
 0.000000e+00 0.000000e+00 0.000000e+00 9.972873e-01 2.712767e-03
 0.000000e+00 0.000000e+00 0.000000e+00 0.000000e+00 0.000000e+00
<ENDHMM>
~h "si"
<BEGINHMM>
<NUMSTATES> 5
<STATE> 2
<MEAN> 39
 -2.865040e-01 7.758289e-02 2.628398e-01 3.141992e-01 4.055147e-02 -2.512362e-01 -1.434170e-01 -5.213650e-01 -4.067430e-02 -2.321939e-01 -2.897255e-01 1.368539e-01 6.337883e-01 -5.339877e-03 -4.720454e-03 -1.015554e-02 -1.593740e-02 -1.196768e-02 3.685792e-04 8.595432e-03 1.651589e-02 7.016148e-03 1.376079e-02 7.847679e-03 -1.732322e-03 -2.327308e-02 1.359130e-03 1.144034e-03 -8.588025e-05 2.456258e-04 1.023125e-03 2.283854e-03 1.063364e-03 1.056669e-03 6.843468e-04 1.299522e-03 1.551690e-03 2.113589e-04 -1.481082e-03
<VARIANCE> 39
 1.418257e+01 1.234197e+01 1.103464e+01 1.265050e+01 1.646846e+01 1.764877e+01 1.758978e+01 1.994690e+01 1.697143e+01 1.642640e+01 1.544990e+01 1.392865e+01 1.785212e+01 3.362657e-01 4.935746e-01 5.787784e-01 8.014761e-01 1.038579e+00 1.259543e+00 1.381847e+00 1.454333e+00 1.445187e+00 1.442414e+00 1.383997e+00 1.212267e+00 3.137825e-01 5.324771e-02 8.610433e-02 1.091615e-01 1.547673e-01 2.032290e-01 2.480695e-01 2.754488e-01 2.870453e-01 2.884371e-01 2.897455e-01 2.781001e-01 2.428299e-01 4.520195e-02
<GCONST> 8.242853e+01
<STATE> 3
<MEAN> 39
 6.607394e-01 1.810059e-01 -7.624710e-02 -1.667905e-01 9.175873e-02 4.294976e-01 7.003964e-02 4.825961e-01 -2.237578e-02 1.040317e-01 1.375298e-01 -2.377463e-01 -9.943897e-01 -8.302826e-04 3.747689e-03 -6.652540e-03 -3.766831e-03 -1.434904e-03 3.293343e-03 1.923849e-03 8.457776e-03 1.998388e-03 2.316265e-03 3.618414e-03 1.207463e-03 -1.012746e-02 -2.009739e-03 -6.709698e-04 8.874985e-05 1.720805e-04 -8.488041e-04 -2.330263e-03 -1.555517e-03 -2.046038e-03 -4.975371e-04 -7.712712e-04 -9.799800e-04 5.158912e-04 2.447446e-03
<VARIANCE> 39
 3.988560e+00 4.393203e+00 6.303224e+00 8.078341e+00 1.146877e+01 1.258242e+01 1.342694e+01 1.491250e+01 1.447331e+01 1.448379e+01 1.365994e+01 1.215078e+01 2.707483e+00 1.430064e-01 2.770843e-01 4.630386e-01 6.726987e-01 9.222325e-01 1.098199e+00 1.245218e+00 1.368053e+00 1.391915e+00 1.420365e+00 1.319291e+00 1.144301e+00 5.244117e-02 2.584627e-02 5.361070e-02 9.161783e-02 1.347449e-01 1.856920e-01 2.223936e-01 2.524119e-01 2.796748e-01 2.847111e-01 2.922706e-01 2.710347e-01 2.334353e-01 8.600999e-03
<GCONST> 6.767522e+01
<STATE> 4
<MEAN> 39
 -1.367198e+00 -5.637617e-01 -1.208186e-01 5.186467e-02 -2.872707e-01 -8.099033e-01 -7.866397e-03 -6.201792e-01 1.073771e-01 1.156665e-02 -5.606807e-03 4.510061e-01 1.811936e+00 -1.780480e-02 -3.707858e-03 4.339402e-03 2.582796e-03 -4.919912e-03 -1.450685e-02 -7.344867e-03 -1.854817e-02 2.666099e-03 1.704539e-03 2.899037e-03 8.685524e-03 4.581247e-02 2.549192e-03 1.192425e-04 9.009315e-04 1.404342e-04 7.867596e-04 2.125443e-03 1.043699e-03 9.943710e-04 1.845482e-04 -2.074673e-04 1.438782e-04 -1.388690e-03 -1.610284e-04
<VARIANCE> 39
 1.732985e+01 1.761031e+01 1.135856e+01 1.357808e+01 1.709596e+01 1.911642e+01 1.911687e+01 2.252950e+01 1.908279e+01 1.714762e+01 1.629428e+01 1.535413e+01 2.915148e+01 5.448622e-01 6.598603e-01 6.610238e-01 8.902278e-01 1.147512e+00 1.399760e+00 1.492125e+00 1.624743e+00 1.586799e+00 1.543493e+00 1.441536e+00 1.285322e+00 7.546371e-01 8.459042e-02 1.109416e-01 1.220468e-01 1.708140e-01 2.205744e-01 2.723200e-01 2.934269e-01 3.190657e-01 3.158286e-01 3.087168e-01 2.878916e-01 2.568569e-01 1.081381e-01
<GCONST> 8.913727e+01
<TRANSP> 5
 0.000000e+00 1.000000e+00 0.000000e+00 0.000000e+00 0.000000e+00
 0.000000e+00 9.856483e-01 1.435172e-02 0.000000e+00 0.000000e+00
 0.000000e+00 0.000000e+00 9.932944e-01 6.705653e-03 0.000000e+00
 0.000000e+00 0.000000e+00 0.000000e+00 9.825993e-01 1.740070e-02
 0.000000e+00 0.000000e+00 0.000000e+00 0.000000e+00 0.000000e+00
<ENDHMM>
~h "st"
<BEGINHMM>
<NUMSTATES> 5
<STATE> 2
<MEAN> 39
 -4.265832e-01 -5.919816e-01 -8.550366e-02 -3.819657e-01 -3.335057e-01 -1.128672e+00 -3.746933e-01 4.077100e-01 3.810770e-01 -3.088692e-01 -3.601281e-01 -2.773453e-01 1.829196e+00 -6.154177e-02 -1.978042e-01 8.621537e-02 -1.871444e-01 -1.355976e-01 -2.112492e-01 -6.999241e-02 6.722180e-04 2.072601e-02 -3.103575e-02 -1.120095e-04 1.582426e-02 4.431793e-01 2.879667e-02 3.118068e-02 1.829048e-04 3.074205e-02 2.888301e-02 4.675304e-02 3.605639e-02 4.745871e-03 2.288091e-03 1.203543e-02 -3.689263e-04 4.101627e-03 -8.683065e-02
<VARIANCE> 39
 1.560946e+01 2.517677e+01 1.580188e+01 2.493043e+01 2.341911e+01 2.994015e+01 2.237420e+01 2.058096e+01 1.855001e+01 2.126405e+01 1.844604e+01 1.482085e+01 6.362109e+01 9.593177e-01 1.211256e+00 1.024894e+00 1.686777e+00 1.985289e+00 2.293034e+00 1.881977e+00 1.780177e+00 1.699596e+00 1.961953e+00 1.914896e+00 1.502123e+00 3.684253e+00 1.459303e-01 1.870124e-01 1.766320e-01 2.879346e-01 3.572953e-01 3.838412e-01 3.423377e-01 3.387301e-01 3.244638e-01 3.724176e-01 3.739113e-01 2.885822e-01 5.434329e-01
<GCONST> 1.033699e+02
<STATE> 3
<MEAN> 39
 1.059775e-01 -2.025585e-02 8.428767e-02 -7.818960e-02 1.192178e-02 -1.249490e-02 -9.729160e-02 -8.124363e-02 -6.280382e-02 2.214302e-02 4.136121e-02 -7.198993e-04 7.096260e-02 -3.260659e-03 1.075322e-02 3.638560e-03 1.288163e-04 2.128046e-04 8.773641e-03 3.488254e-03 -1.559735e-03 -2.304902e-03 -1.348056e-03 -3.205799e-03 6.457584e-04 -2.417817e-02 -3.978045e-05 9.488240e-04 -1.739810e-03 2.082909e-03 7.040898e-04 6.798558e-04 -5.925428e-04 -3.922903e-04 -1.216924e-03 -6.440784e-04 -4.298356e-04 -2.986116e-05 -1.807095e-03
<VARIANCE> 39
 1.436897e+01 1.356234e+01 1.173169e+01 1.914741e+01 1.806153e+01 2.167393e+01 1.818729e+01 1.834690e+01 1.821566e+01 1.707977e+01 1.511236e+01 1.389668e+01 4.314833e+01 5.857782e-01 6.455844e-01 7.104173e-01 1.165014e+00 1.294071e+00 1.546939e+00 1.560121e+00 1.611458e+00 1.585137e+00 1.564522e+00 1.510053e+00 1.334313e+00 1.661599e+00 9.138282e-02 1.082699e-01 1.353013e-01 2.160329e-01 2.507073e-01 3.032826e-01 3.157938e-01 3.312124e-01 3.229318e-01 3.210247e-01 3.133738e-01 2.741186e-01 2.278609e-01
<GCONST> 9.238432e+01
<STATE> 4
<MEAN> 39
 -4.318028e-02 1.172334e-01 -7.540337e-02 1.445886e-01 4.134185e-02 1.958541e-01 1.636373e-01 2.004518e-02 4.833707e-03 2.653302e-02 1.448010e-02 4.563780e-02 -3.711109e-01 8.559545e-03 2.135811e-02 -1.498861e-02 3.031880e-02 2.537637e-02 4.239905e-02 1.984932e-02 -1.302545e-03 -1.766332e-03 4.954404e-03 1.079394e-03 2.940034e-03 -6.012297e-02 -5.629787e-04 -1.833459e-03 -5.395852e-04 -3.520613e-03 -2.834194e-03 -1.087489e-03 -1.637115e-03 1.297062e-03 1.684773e-03 1.848086e-03 1.213987e-03 6.022871e-04 4.274858e-03
<VARIANCE> 39
 7.427878e+00 7.890581e+00 8.569454e+00 1.357681e+01 1.507656e+01 1.814890e+01 1.644915e+01 1.683845e+01 1.559444e+01 1.508336e+01 1.371533e+01 1.249419e+01 1.277657e+01 3.481976e-01 4.937131e-01 6.081365e-01 9.564824e-01 1.144627e+00 1.390706e+00 1.417498e+00 1.502835e+00 1.512310e+00 1.496258e+00 1.376329e+00 1.238424e+00 4.539526e-01 5.681895e-02 8.703094e-02 1.165884e-01 1.768380e-01 2.222573e-01 2.710406e-01 2.812293e-01 3.013890e-01 3.075092e-01 3.072675e-01 2.800536e-01 2.524590e-01 6.166099e-02
<GCONST> 8.210784e+01
<TRANSP> 5
 0.000000e+00 1.000000e+00 0.000000e+00 0.000000e+00 0.000000e+00
 0.000000e+00 9.428398e-01 5.716018e-02 0.000000e+00 0.000000e+00
 0.000000e+00 0.000000e+00 9.912644e-01 8.735571e-03 0.000000e+00
 0.000000e+00 0.000000e+00 0.000000e+00 9.907511e-01 9.248851e-03
 0.000000e+00 0.000000e+00 0.000000e+00 0.000000e+00 0.000000e+00
<ENDHMM>
~h "spe"
<BEGINHMM>
<NUMSTATES> 5
<STATE> 2
<MEAN> 39
 -3.623918e-01 3.828955e-01 2.320509e-01 -7.779874e-01 -1.427999e-01 -8.549007e-02 1.810516e-01 2.519860e-01 -1.260655e-01 1.857305e-01 8.620309e-02 6.756347e-02 6.337538e-01 4.356906e-02 -1.431959e-01 8.185003e-02 -1.072291e-01 -8.052208e-02 -4.898534e-02 -7.560202e-02 3.329843e-02 3.594771e-02 6.653125e-02 -2.117389e-02 -4.141172e-02 2.032416e-01 -4.735278e-03 -1.222183e-02 6.870143e-04 1.683894e-02 4.053338e-04 -1.037553e-03 -2.424964e-03 -1.114458e-02 -4.984160e-03 -3.412255e-03 -1.200312e-02 4.201039e-03 -4.653387e-03
<VARIANCE> 39
 3.045181e+01 3.293930e+01 6.404243e+01 6.702021e+01 4.485909e+01 5.244442e+01 4.662346e+01 5.105249e+01 3.649334e+01 3.251831e+01 3.286101e+01 2.867616e+01 3.139531e+01 8.548328e-01 1.317402e+00 1.620953e+00 2.022632e+00 2.317770e+00 2.270012e+00 2.356118e+00 2.787002e+00 2.728898e+00 2.198819e+00 2.216192e+00 1.929635e+00 6.635760e-01 1.125765e-01 1.816952e-01 2.229433e-01 3.152676e-01 3.651711e-01 4.145261e-01 3.979062e-01 4.780123e-01 4.686309e-01 4.021790e-01 4.053665e-01 3.647833e-01 7.072777e-02
<GCONST> 1.112266e+02
<STATE> 3
<MEAN> 39
 6.760581e-01 -1.089451e+00 1.375913e+00 -1.431011e+00 -9.882002e-01 -5.636772e-01 -2.505996e+00 -1.022261e+00 -1.517986e+00 -7.767015e-01 -6.016021e-01 -1.058051e+00 2.970508e+00 -2.804953e-02 5.664739e-02 -2.639889e-02 6.112142e-02 3.062836e-02 -2.704286e-02 -5.841989e-04 -3.286232e-02 -3.700037e-02 -4.516032e-02 -1.281861e-02 -4.989861e-03 -4.517834e-02 -2.183079e-03 9.965888e-03 -8.119078e-03 5.020943e-03 6.051807e-03 5.260541e-03 1.459909e-02 5.757121e-03 5.693127e-03 3.441821e-03 5.285978e-03 1.881873e-03 -1.063727e-02
<VARIANCE> 39
 1.865740e+01 3.254116e+01 5.432733e+01 2.820230e+01 5.710878e+01 4.306207e+01 2.515590e+01 3.977956e+01 2.849938e+01 3.029499e+01 3.266535e+01 2.956827e+01 1.094184e+01 5.762421e-01 9.399145e-01 1.112462e+00 1.193725e+00 1.951464e+00 1.801672e+00 1.576043e+00 2.032303e+00 1.808489e+00 1.898505e+00 1.718483e+00 1.708901e+00 2.375931e-01 7.345457e-02 1.245113e-01 1.611315e-01 2.027560e-01 3.196295e-01 3.210694e-01 3.017187e-01 3.658620e-01 3.502192e-01 3.680845e-01 3.211655e-01 3.047412e-01 2.829564e-02
<GCONST> 9.859444e+01
<STATE> 4
<MEAN> 39
 -1.333178e-01 2.407330e-01 -3.961857e-01 4.811562e-01 2.814721e-01 1.610758e-01 6.438450e-01 2.397024e-01 4.203601e-01 1.828609e-01 1.490602e-01 2.729810e-01 -8.724347e-01 -1.666860e-03 8.154667e-04 -1.036824e-02 1.120732e-02 1.406930e-02 1.884963e-02 1.663917e-02 7.907226e-03 9.439538e-03 1.036535e-02 7.332998e-03 8.648952e-03 -2.119487e-02 -2.375088e-05 -1.755341e-04 8.867327e-04 -5.645292e-04 -5.403675e-05 7.162314e-04 -7.463310e-04 -3.958709e-04 -1.212849e-03 -1.246927e-05 -6.909453e-04 1.703960e-04 3.227640e-04
<VARIANCE> 39
 1.226871e+01 1.995120e+01 2.942322e+01 2.187608e+01 3.887365e+01 3.093707e+01 3.204009e+01 2.797934e+01 2.604819e+01 2.447099e+01 2.645301e+01 2.353058e+01 1.436729e+01 3.233864e-01 6.125622e-01 8.118815e-01 9.802371e-01 1.376991e+00 1.449822e+00 1.541097e+00 1.673042e+00 1.710731e+00 1.631395e+00 1.635843e+00 1.470200e+00 2.102245e-01 4.481689e-02 8.937480e-02 1.253667e-01 1.631067e-01 2.274588e-01 2.587058e-01 2.820726e-01 3.187599e-01 3.271970e-01 3.141917e-01 3.090308e-01 2.799134e-01 2.170807e-02
<GCONST> 9.002260e+01
<TRANSP> 5
 0.000000e+00 1.000000e+00 0.000000e+00 0.000000e+00 0.000000e+00
 0.000000e+00 9.720640e-01 2.793605e-02 0.000000e+00 0.000000e+00
 0.000000e+00 0.000000e+00 9.864872e-01 1.351277e-02 0.000000e+00
 0.000000e+00 0.000000e+00 0.000000e+00 9.964026e-01 3.597445e-03
 0.000000e+00 0.000000e+00 0.000000e+00 0.000000e+00 0.000000e+00
<ENDHMM>
