~o
<STREAMINFO> 1 39
<VECSIZE> 39<NULLD><MFCC_D_A_Z_0><DIAGC>
~h "ap"
<BEGINHMM>
<NUMSTATES> 5
<STATE> 2
<NUMMIXES> 2
<MIXTURE> 1 5.929723e-01
<MEAN> 39
 -5.955398e+00 1.103022e+00 -4.366846e-01 -2.033592e+00 -3.780489e+00 -1.154203e+00 -1.620712e+00 3.729103e-01 1.621466e+00 1.034552e+00 -3.366921e-01 2.445680e-01 9.120433e+00 4.012898e-01 -1.607509e-01 -4.462940e-01 -6.487514e-01 3.268020e-01 7.315030e-01 1.823157e-01 -6.719057e-03 1.138765e-01 1.635969e-01 1.989694e-02 -6.378592e-01 -4.083385e-01 1.104451e-01 2.276142e-01 2.125601e-01 2.584003e-01 2.856832e-01 1.935050e-01 1.736832e-01 9.063669e-02 2.532938e-02 1.226144e-03 -1.389819e-01 1.040936e-02 -6.390100e-01
<VARIANCE> 39
 3.717867e+01 5.496278e+01 3.854842e+01 1.775983e+01 2.475914e+01 5.174896e+01 2.642464e+01 2.588428e+01 2.333698e+01 2.773936e+01 2.191325e+01 1.657520e+01 1.897201e+02 3.257043e-01 4.314058e-01 7.164805e-01 1.091865e+00 1.820152e+00 1.488537e+00 1.448292e+00 1.476912e+00 1.507576e+00 1.984610e+00 1.452620e+00 1.481543e+00 8.477568e-01 3.844999e-01 4.107404e-01 1.687355e-01 1.739333e-01 4.142463e-01 5.460098e-01 2.709071e-01 2.623053e-01 2.696590e-01 2.730639e-01 2.758399e-01 2.644621e-01 1.786356e+00
<GCONST> 1.042205e+02
<MIXTURE> 2 4.070282e-01
<MEAN> 39
 -3.707248e+00 4.757448e+00 2.024948e+00 4.040636e-01 -2.726062e+00 1.461338e-01 -1.094643e+00 1.926871e+00 2.642880e+00 -1.571578e-01 -1.938654e+00 5.902420e-01 1.882721e+00 -2.827353e+00 -3.136556e+00 -1.273422e+00 2.203740e-01 -1.924772e+00 -2.774376e+00 -1.246422e+00 -1.433945e+00 -7.636296e-01 -8.596234e-01 -5.879342e-01 7.982196e-02 6.960311e+00 3.893880e-01 1.631943e-01 -8.549354e-02 -4.394174e-01 2.801752e-01 5.008460e-01 1.861353e-01 9.495375e-02 9.481335e-02 3.107700e-01 2.417896e-01 -1.418615e-01 -6.321160e-01
<VARIANCE> 39
 5.759504e+01 6.359477e+01 2.296002e+01 2.095068e+01 4.321057e+01 6.872550e+01 3.500741e+01 2.990842e+01 2.643069e+01 2.869078e+01 2.326521e+01 1.716448e+01 2.402671e+02 4.399711e+00 3.967118e+00 2.288570e+00 2.910645e+00 3.978522e+00 3.948492e+00 2.724229e+00 2.451554e+00 2.544243e+00 2.408238e+00 3.173359e+00 2.091581e+00 7.624447e+00 1.100282e+00 9.900635e-01 3.018225e-01 3.072373e-01 8.471631e-01 1.076591e+00 4.567080e-01 4.852976e-01 4.063801e-01 4.344911e-01 3.513456e-01 3.417778e-01 4.232772e+00
<GCONST> 1.279555e+02
<STATE> 3
<NUMMIXES> 2
<MIXTURE> 1 5.383490e-01
<MEAN> 39
 1.665057e+00 4.721993e+00 2.878129e+00 6.332248e-01 2.938636e+00 3.726966e+00 1.381003e+00 1.810742e+00 1.830067e+00 8.822096e-01 3.307543e-01 1.019807e-01 -7.729478e+00 2.206848e-01 2.978533e-01 1.263091e-01 -5.258507e-02 2.858842e-02 1.860059e-01 8.254012e-02 1.891516e-01 1.530171e-01 1.208258e-01 4.553923e-02 -2.746051e-02 -4.407799e-01 -1.933922e-02 -1.616030e-02 -3.411367e-02 -4.705571e-02 -6.005881e-02 -5.831656e-02 -3.743486e-02 -3.587530e-02 -2.271009e-02 -2.757655e-02 -3.148273e-02 -1.312847e-03 1.912949e-02
<VARIANCE> 39
 1.164364e+01 2.568668e+01 1.135832e+01 1.544811e+01 1.919486e+01 1.821234e+01 1.542967e+01 1.726521e+01 1.796600e+01 1.646103e+01 1.322950e+01 1.089506e+01 3.051213e+01 1.644846e-01 2.775896e-01 4.478176e-01 6.670129e-01 8.473192e-01 1.001062e+00 1.033463e+00 1.168334e+00 1.247660e+00 1.334900e+00 1.270971e+00 1.140694e+00 1.306516e-01 2.109062e-02 4.617833e-02 7.979472e-02 1.260768e-01 1.538209e-01 1.887391e-01 1.945535e-01 2.379302e-01 2.527593e-01 2.849590e-01 2.594227e-01 2.325608e-01 5.999118e-03
<GCONST> 7.394052e+01
<MIXTURE> 2 4.616505e-01
<MEAN> 39
 -2.903725e+00 -2.701358e+00 -2.747220e+00 -1.146711e+00 -1.016562e+00 -1.738506e+00 -1.192088e+00 -2.079109e+00 -1.041408e+00 -1.042244e+00 -1.073006e+00 -3.569241e-01 6.504278e+00 2.409295e-01 8.716404e-02 1.782794e-01 1.728224e-01 3.031017e-01 1.785114e-01 1.220835e-01 -8.143196e-02 -1.312023e-01 -5.456724e-02 7.240842e-02 8.539461e-02 -7.585564e-01 1.027983e-02 3.675745e-02 5.276225e-02 6.316707e-02 3.061312e-02 2.954260e-02 2.794857e-02 5.829732e-02 3.901884e-02 3.369496e-02 4.394212e-02 2.180240e-02 6.451762e-03
<VARIANCE> 39
 1.206637e+01 1.870031e+01 1.740207e+01 1.328156e+01 2.102188e+01 1.930372e+01 1.802755e+01 2.101713e+01 1.731852e+01 1.923688e+01 1.454567e+01 1.441604e+01 5.155585e+01 1.212284e-01 2.230580e-01 3.699305e-01 5.677258e-01 8.640756e-01 1.058792e+00 1.100858e+00 1.161631e+00 1.287573e+00 1.399933e+00 1.189231e+00 1.210319e+00 1.947968e-01 2.095324e-02 4.333368e-02 7.623661e-02 1.115163e-01 1.755827e-01 2.365518e-01 2.208829e-01 2.353780e-01 2.691497e-01 2.976416e-01 2.474854e-01 2.644806e-01 1.109861e-02
<GCONST> 7.622134e+01
<STATE> 4
<NUMMIXES> 2
<MIXTURE> 1 8.066869e-01
<MEAN> 39
 4.472084e-01 -7.676133e-01 -8.922041e-02 8.197319e-02 2.640911e-01 -9.031823e-02 2.142220e-01 -3.761057e-01 -3.739679e-01 -4.344977e-02 2.746263e-01 -2.030143e-02 -3.306518e-01 2.883293e-01 2.284542e-01 2.035260e-01 1.393891e-01 2.647663e-01 2.288600e-01 1.263940e-01 1.017544e-01 4.269589e-02 5.577815e-02 6.138623e-02 1.707620e-02 -7.929584e-01 -1.485073e-02 1.801724e-02 1.798267e-03 9.413671e-03 -2.410590e-02 -1.890569e-02 -1.174724e-02 1.829563e-02 9.546886e-03 1.472610e-03 -2.692863e-03 1.307890e-02 1.608096e-02
<VARIANCE> 39
 1.452481e+01 3.375708e+01 1.899989e+01 1.713046e+01 2.359855e+01 2.694352e+01 1.988441e+01 2.323795e+01 2.115557e+01 1.774828e+01 1.547888e+01 1.440541e+01 8.188538e+01 1.085931e-01 2.423243e-01 3.518917e-01 6.215931e-01 9.372200e-01 1.049180e+00 1.031514e+00 1.169959e+00 1.392421e+00 1.373777e+00 1.233904e+00 1.326927e+00 8.492012e-02 2.214798e-02 4.671086e-02 7.079993e-02 1.278404e-01 1.896950e-01 2.216565e-01 2.066674e-01 2.267586e-01 2.847352e-01 2.936285e-01 2.505938e-01 2.878952e-01 1.465586e-02
<GCONST> 7.853629e+01
<MIXTURE> 2 1.933142e-01
<MEAN> 39
 -8.385369e-01 1.686212e+00 4.258782e-02 -4.008472e-02 -1.723918e+00 -6.626310e-01 -9.010600e-01 1.432690e+00 8.439857e-01 1.199196e-01 -7.310487e-01 1.394805e-01 1.699083e+00 -1.185381e+00 -1.025951e+00 -8.697264e-01 -5.163909e-01 -1.098494e+00 -1.019188e+00 -5.363976e-01 -4.206685e-01 -1.947920e-01 -2.434839e-01 -2.568077e-01 -7.798484e-02 3.314655e+00 6.112615e-02 -7.529219e-02 -8.094485e-03 -3.724739e-02 1.031234e-01 7.902034e-02 4.604467e-02 -7.362973e-02 -4.366150e-02 -8.153058e-03 6.601703e-03 -5.583600e-02 -6.584747e-02
<VARIANCE> 39
 3.393941e+01 4.673173e+01 2.477873e+01 2.221083e+01 3.995259e+01 4.974045e+01 2.731670e+01 2.326105e+01 2.355976e+01 2.095558e+01 2.003781e+01 1.360034e+01 2.068184e+02 3.002700e+00 4.091798e+00 1.792681e+00 2.141539e+00 3.611351e+00 4.926600e+00 2.665464e+00 2.350516e+00 2.369395e+00 2.209498e+00 1.950334e+00 1.513272e+00 1.629330e+01 7.375371e-01 7.799893e-01 3.927960e-01 4.103637e-01 8.623832e-01 1.111057e+00 5.251830e-01 4.366576e-01 4.519121e-01 4.265891e-01 3.769288e-01 2.901991e-01 4.511003e+00
<GCONST> 1.243969e+02
<TRANSP> 5
 0.000000e+00 1.000000e+00 0.000000e+00 0.000000e+00 0.000000e+00
 0.000000e+00 8.220450e-01 1.779550e-01 0.000000e+00 0.000000e+00
 0.000000e+00 0.000000e+00 9.765395e-01 2.346049e-02 0.000000e+00
 0.000000e+00 0.000000e+00 0.000000e+00 9.957960e-01 4.203946e-03
 0.000000e+00 0.000000e+00 0.000000e+00 0.000000e+00 0.000000e+00
<ENDHMM>
~h "cl"
<BEGINHMM>
<NUMSTATES> 5
<STATE> 2
<NUMMIXES> 2
<MIXTURE> 1 6.569068e-01
<MEAN> 39
 8.405347e+00 -1.806429e+00 -2.291068e+00 5.960739e-01 2.695860e+00 -3.711579e+00 1.678271e+00 3.159164e+00 -2.301121e+00 9.502032e-01 3.157954e+00 -3.752883e+00 -6.054631e+00 3.234621e-01 -4.295336e-02 8.739416e-02 4.150273e-02 9.475666e-02 1.592459e-01 1.803406e-01 1.985156e-01 2.174825e-01 1.838748e-01 1.879945e-01 4.713890e-02 -2.155088e-01 -7.819153e-02 2.484876e-02 1.504131e-02 3.447697e-02 1.209502e-02 3.421116e-02 -3.226013e-04 3.016552e-02 4.387281e-02 8.321454e-02 -1.990139e-02 2.222549e-02 5.501575e-02
<VARIANCE> 39
 3.361812e+01 1.820338e+01 1.275181e+01 7.929258e+00 1.764624e+01 2.955211e+01 2.016380e+01 3.241349e+01 3.286297e+01 2.616704e+01 3.570537e+01 3.026155e+01 1.673087e+01 4.710391e-01 4.309008e-01 6.297616e-01 6.931090e-01 9.071876e-01 1.320076e+00 1.298891e+00 1.342799e+00 1.828551e+00 1.406634e+00 1.552700e+00 1.414660e+00 1.756009e-01 1.720279e-01 8.440135e-02 1.104555e-01 1.265472e-01 1.750281e-01 2.327678e-01 2.658551e-01 3.350769e-01 3.747630e-01 2.986032e-01 3.589893e-01 2.855720e-01 7.860463e-02
<GCONST> 8.918105e+01
<MIXTURE> 2 3.430924e-01
<MEAN> 39
 6.894705e+00 -8.435941e-01 -2.173137e+00 1.920863e+00 3.993876e+00 -3.536683e+00 2.495801e+00 5.034777e+00 -1.878524e+00 2.241079e+00 4.324860e+00 -3.681063e+00 -5.388810e+00 -1.407704e+00 2.605316e-01 -3.337062e-02 -9.821800e-02 -5.384182e-01 9.275109e-02 -3.978044e-01 -8.907800e-01 -7.392221e-02 -2.188698e-01 -8.257684e-01 1.160932e-01 1.022906e+00 -5.592824e-02 -2.629744e-02 -3.812524e-03 -1.281871e-01 -1.433474e-01 -1.689628e-02 -8.283589e-02 -2.038080e-01 -3.453194e-02 -2.375043e-01 -1.146255e-01 4.241100e-02 5.673178e-02
<VARIANCE> 39
 4.412115e+01 1.925945e+01 1.245225e+01 1.225260e+01 2.049195e+01 3.519799e+01 2.193296e+01 3.516824e+01 3.043337e+01 2.289292e+01 4.227250e+01 3.307435e+01 2.621110e+01 4.077547e+00 1.572772e+00 7.856989e-01 1.163087e+00 1.743566e+00 2.832996e+00 2.043078e+00 3.253630e+00 3.225023e+00 2.663733e+00 3.213467e+00 2.273884e+00 2.475610e+00 6.724818e-01 2.008713e-01 1.089380e-01 1.949029e-01 2.389919e-01 3.945592e-01 3.021766e-01 4.949430e-01 4.456872e-01 4.059452e-01 5.171152e-01 3.159544e-01 4.123063e-01
<GCONST> 1.095173e+02
<STATE> 3
<NUMMIXES> 2
<MIXTURE> 1 6.876922e-01
<MEAN> 39
 -6.583784e-01 -9.934124e-02 8.497548e-01 -2.445398e-01 -1.238204e-01 1.349632e+00 1.975726e-02 -5.121675e-01 7.691619e-01 -2.600936e-02 -4.318282e-01 3.850854e-01 -2.470971e-03 5.735186e-01 8.410954e-02 1.236131e-01 -9.581687e-02 3.557948e-02 1.109715e-01 2.123821e-02 -6.968197e-02 2.430213e-01 4.715228e-02 4.125171e-02 7.836711e-03 -5.835559e-01 -4.284287e-02 2.245226e-02 -4.182679e-02 4.161004e-02 1.782416e-03 -1.200944e-01 1.915621e-02 8.092576e-02 -3.121454e-02 1.941497e-02 1.932473e-02 -1.028505e-02 3.361350e-02
<VARIANCE> 39
 2.873951e+01 7.006045e+00 1.140788e+01 1.133398e+01 1.673322e+01 2.327163e+01 2.062746e+01 2.613650e+01 2.534833e+01 1.993575e+01 1.994691e+01 1.817792e+01 2.260611e+01 2.395605e-01 3.311306e-01 6.400465e-01 7.761667e-01 1.021395e+00 1.353591e+00 1.373839e+00 1.566458e+00 1.655475e+00 1.467914e+00 1.394349e+00 1.363452e+00 1.527060e-01 1.191182e-01 7.403780e-02 1.364101e-01 1.668995e-01 2.265594e-01 3.088118e-01 3.007732e-01 3.507714e-01 3.732644e-01 3.257063e-01 3.015206e-01 2.962966e-01 9.254064e-02
<GCONST> 8.651868e+01
<MIXTURE> 2 3.123142e-01
<MEAN> 39
 -2.180515e+00 1.538612e-01 -7.035192e-01 6.691294e-01 -2.643459e-01 -1.026333e+00 1.286560e-01 8.681411e-01 -1.357389e-01 -7.334216e-02 -7.590179e-02 -1.519887e-02 1.952341e+00 -1.304241e+00 -1.877431e-01 -2.614536e-01 1.651077e-01 -9.771875e-02 -2.210508e-01 -8.214455e-02 1.217261e-01 -5.685418e-01 -1.354369e-01 -1.274891e-01 1.243145e-02 1.362648e+00 1.273666e-01 -5.215068e-02 8.210582e-02 -9.077544e-02 1.405812e-02 2.478221e-01 -3.979554e-02 -1.594034e-01 5.611540e-02 -3.367591e-02 -2.520702e-02 9.946899e-03 -1.012319e-01
<VARIANCE> 39
 4.198667e+01 1.083301e+01 1.646733e+01 1.379195e+01 1.914898e+01 3.349182e+01 2.408166e+01 3.326513e+01 3.185819e+01 2.320568e+01 1.990939e+01 1.984791e+01 3.396053e+01 3.104125e+00 9.846610e-01 1.576497e+00 1.462384e+00 2.148118e+00 4.270609e+00 2.676606e+00 4.099377e+00 3.507824e+00 2.721035e+00 2.211973e+00 2.416621e+00 2.100121e+00 8.083753e-01 1.637411e-01 2.817268e-01 2.616982e-01 3.434974e-01 6.460018e-01 4.409554e-01 6.039650e-01 6.645209e-01 4.725053e-01 3.882307e-01 4.051624e-01 6.958601e-01
<GCONST> 1.128921e+02
<STATE> 4
<NUMMIXES> 2
<MIXTURE> 1 6.636189e-01
<MEAN> 39
 8.265675e-01 4.208918e-01 1.602959e-01 -3.957889e-01 -1.557611e-01 4.360643e-01 -2.220209e-01 -6.785855e-01 -1.793780e-02 4.947937e-02 -3.052633e-01 4.729482e-01 -7.329684e-01 4.965127e-01 -8.309235e-02 5.441990e-02 -7.549702e-03 6.850923e-02 9.771589e-02 1.759588e-02 5.074245e-02 2.090462e-01 1.224636e-01 9.200752e-02 6.523762e-02 -4.272406e-01 -3.024060e-02 -7.135239e-03 -3.979030e-02 4.285236e-02 8.627905e-03 -7.500530e-02 2.642838e-02 6.133085e-02 -3.151157e-02 -4.601460e-03 4.416521e-02 -4.862051e-02 2.235401e-02
<VARIANCE> 39
 3.501793e+01 7.134140e+00 1.086761e+01 1.024105e+01 1.402503e+01 2.238180e+01 1.910996e+01 2.223756e+01 2.270190e+01 1.883617e+01 1.860678e+01 1.785948e+01 1.969914e+01 2.530667e-01 3.304367e-01 5.964288e-01 7.155810e-01 9.367701e-01 1.311756e+00 1.358417e+00 1.464642e+00 1.638546e+00 1.431589e+00 1.368392e+00 1.409050e+00 1.337807e-01 7.677996e-02 6.652659e-02 1.231095e-01 1.444351e-01 1.918468e-01 2.713093e-01 2.862064e-01 3.131853e-01 3.496360e-01 3.038096e-01 2.870560e-01 3.004837e-01 4.590390e-02
<GCONST> 8.316680e+01
<MIXTURE> 2 3.363791e-01
<MEAN> 39
 7.099424e-01 -2.990317e-01 -1.155631e+00 2.926119e-01 5.580946e-02 -2.288707e+00 -3.791279e-01 5.257640e-01 -1.340964e+00 -3.491873e-01 8.623714e-01 -8.890585e-01 6.739457e-01 -7.078602e-01 1.345125e-01 -1.206866e-01 3.972869e-02 -9.091873e-02 -2.677926e-01 -4.674584e-02 -8.143111e-02 -3.934277e-01 -2.522093e-01 -8.825528e-02 -1.709311e-01 5.906886e-01 6.207240e-02 1.265038e-02 8.367714e-02 -8.120967e-02 -1.950887e-02 1.415896e-01 -5.271500e-02 -1.170461e-01 6.060014e-02 1.208725e-02 -8.526050e-02 9.433743e-02 -4.587019e-02
<VARIANCE> 39
 6.353484e+01 1.190886e+01 1.795512e+01 1.361994e+01 1.884902e+01 3.290014e+01 2.844039e+01 2.870032e+01 2.992070e+01 2.186267e+01 2.103481e+01 2.290916e+01 3.070438e+01 1.826469e+00 7.195262e-01 1.184531e+00 1.170638e+00 1.621626e+00 2.535845e+00 2.386333e+00 2.737002e+00 2.626748e+00 2.113321e+00 2.012438e+00 2.566802e+00 1.065859e+00 4.255596e-01 1.199780e-01 2.025041e-01 2.156888e-01 2.782765e-01 4.161686e-01 4.152289e-01 4.381830e-01 5.120018e-01 3.989105e-01 3.574873e-01 4.491053e-01 2.737545e-01
<GCONST> 1.056574e+02
<TRANSP> 5
 0.000000e+00 1.000000e+00 0.000000e+00 0.000000e+00 0.000000e+00
 0.000000e+00 9.186151e-01 8.138490e-02 0.000000e+00 0.000000e+00
 0.000000e+00 0.000000e+00 9.940925e-01 5.907526e-03 0.000000e+00
 0.000000e+00 0.000000e+00 0.000000e+00 9.917130e-01 8.286959e-03
 0.000000e+00 0.000000e+00 0.000000e+00 0.000000e+00 0.000000e+00
<ENDHMM>
~h "cm"
<BEGINHMM>
<NUMSTATES> 5
<STATE> 2
<NUMMIXES> 2
<MIXTURE> 1 6.863782e-01
<MEAN> 39
 -2.428052e+00 3.272479e-02 -3.348451e-02 -4.318089e-01 2.367698e-01 1.195632e+00 1.117941e+00 1.464129e+00 1.123261e+00 1.385643e+00 1.519973e+00 8.089486e-01 -2.888689e+00 -1.571709e-02 1.279519e-02 2.048248e-02 5.908246e-02 1.298960e-01 1.524529e-01 1.015075e-01 8.766823e-02 6.379472e-02 6.294886e-02 5.169807e-02 2.653083e-02 6.161757e-02 5.489392e-03 -3.030518e-03 -4.196384e-03 -1.212916e-02 -3.111687e-02 -5.241840e-02 -4.370197e-02 -2.919593e-02 -2.713142e-02 -3.381101e-02 -3.379925e-02 -2.358055e-02 1.956873e-02
<VARIANCE> 39
 1.317890e+01 1.033648e+01 1.041842e+01 1.301226e+01 1.263457e+01 1.304478e+01 1.450398e+01 1.698179e+01 1.645159e+01 1.488324e+01 1.584966e+01 1.259810e+01 2.681421e+01 2.140627e-01 3.483070e-01 4.931222e-01 7.527146e-01 8.871421e-01 1.099967e+00 1.211599e+00 1.347656e+00 1.421193e+00 1.357434e+00 1.303212e+00 1.163218e+00 2.225353e-01 3.071056e-02 5.754393e-02 8.650381e-02 1.347570e-01 1.727581e-01 2.268946e-01 2.437575e-01 2.703249e-01 2.751119e-01 2.735925e-01 2.534747e-01 2.238410e-01 1.573638e-02
<GCONST> 7.629088e+01
<MIXTURE> 2 3.136220e-01
<MEAN> 39
 -1.617943e+00 -8.945173e-01 -1.665848e-01 -9.773782e-01 -9.274377e-01 -1.303355e+00 -5.203735e-01 3.063229e-01 3.350562e-01 3.487252e-02 6.035493e-02 1.621266e-01 -2.093665e-01 2.334916e-01 -1.112465e-01 -1.282497e-01 -2.444815e-01 -3.708119e-01 -4.738092e-01 -4.052799e-01 -3.638215e-01 -2.917823e-01 -2.658493e-01 -2.915249e-01 -1.085272e-01 8.501095e-01 2.135549e-02 9.133520e-03 5.304663e-03 4.372424e-02 7.338071e-02 1.172738e-01 9.427683e-02 4.963370e-02 3.133681e-02 5.345623e-02 6.456972e-02 3.364763e-02 -4.045925e-02
<VARIANCE> 39
 1.603039e+01 1.618102e+01 1.378121e+01 1.736655e+01 1.780581e+01 1.892617e+01 1.975182e+01 2.092397e+01 1.949218e+01 1.743184e+01 1.757540e+01 1.517000e+01 5.576255e+01 8.758027e-01 1.047915e+00 1.106261e+00 1.352922e+00 1.518232e+00 1.763696e+00 1.845456e+00 1.896323e+00 1.809146e+00 1.746158e+00 1.615332e+00 1.534771e+00 1.520795e+00 1.209884e-01 1.687462e-01 2.042674e-01 2.546699e-01 3.106481e-01 3.497325e-01 3.652079e-01 3.701268e-01 3.755407e-01 3.486725e-01 3.082033e-01 3.036156e-01 2.530856e-01
<GCONST> 9.818086e+01
<STATE> 3
<NUMMIXES> 2
<MIXTURE> 1 5.422953e-01
<MEAN> 39
 3.574042e-01 -5.629759e-01 -5.916740e-01 -4.792212e-01 -3.531391e-01 -2.483123e-01 -3.928221e-01 -2.505095e-01 -2.984589e-02 2.082612e-02 -9.445658e-02 2.761677e-02 3.497659e+00 4.083381e-02 8.255162e-02 1.267151e-01 2.643978e-01 3.069431e-01 3.349780e-01 3.398574e-01 2.493701e-01 2.353188e-01 2.035084e-01 1.675306e-01 7.501199e-02 -1.448635e-01 1.289228e-03 1.153525e-02 1.128652e-02 6.648137e-03 4.833532e-03 -1.034256e-02 -8.771991e-03 -1.441710e-02 -5.423954e-02 -6.180849e-02 -5.889608e-02 -4.022161e-02 -1.723377e-02
<VARIANCE> 39
 5.783972e+00 5.377681e+00 5.839326e+00 7.966010e+00 9.689435e+00 1.123872e+01 1.265087e+01 1.339534e+01 1.337474e+01 1.221163e+01 1.250951e+01 1.105748e+01 1.437375e+01 1.533805e-01 2.630847e-01 4.075842e-01 5.919067e-01 7.463105e-01 9.301567e-01 1.078032e+00 1.133918e+00 1.234914e+00 1.202942e+00 1.191524e+00 1.144597e+00 1.764743e-01 2.846187e-02 4.959977e-02 8.205628e-02 1.220485e-01 1.626805e-01 2.105956e-01 2.409668e-01 2.385681e-01 2.577903e-01 2.578047e-01 2.527215e-01 2.291679e-01 1.936649e-02
<GCONST> 6.874265e+01
<MIXTURE> 2 4.577001e-01
<MEAN> 39
 5.469382e-01 -4.608377e-01 -5.855102e-01 -6.653836e-01 -7.108899e-01 -8.882715e-01 -9.384592e-01 -7.328710e-01 -9.797860e-01 -1.008390e+00 -1.177485e+00 -6.232688e-01 3.893650e+00 4.116816e-02 -7.715379e-02 -1.321830e-01 -2.301936e-01 -3.163767e-01 -3.673761e-01 -3.883475e-01 -3.312650e-01 -2.804093e-01 -2.405747e-01 -2.127789e-01 -9.812927e-02 1.086313e-01 -6.067581e-03 -4.620649e-03 1.741132e-03 9.565105e-03 1.196741e-02 2.838894e-02 2.851476e-02 2.921788e-02 7.632301e-02 8.149310e-02 7.637063e-02 5.174939e-02 -2.636047e-02
<VARIANCE> 39
 6.335998e+00 6.676649e+00 6.655112e+00 1.018915e+01 1.134035e+01 1.186369e+01 1.301841e+01 1.456111e+01 1.390319e+01 1.335947e+01 1.342471e+01 1.190488e+01 1.949038e+01 2.714858e-01 3.580212e-01 4.877182e-01 6.827891e-01 8.394775e-01 9.824849e-01 1.067434e+00 1.206951e+00 1.297917e+00 1.340691e+00 1.308048e+00 1.180201e+00 3.820197e-01 3.974405e-02 6.534082e-02 9.774075e-02 1.489736e-01 1.899846e-01 2.243115e-01 2.435589e-01 2.599241e-01 2.754474e-01 2.758951e-01 2.598695e-01 2.426311e-01 4.251425e-02
<GCONST> 7.511271e+01
<STATE> 4
<NUMMIXES> 2
<MIXTURE> 1 5.203710e-01
<MEAN> 39
 2.018510e+00 1.738399e+00 1.938893e+00 2.807341e+00 2.030368e+00 1.252967e+00 1.489406e+00 5.217291e-02 4.914491e-01 4.182578e-01 6.662366e-01 1.458130e-01 -7.023378e+00 7.122139e-02 1.387865e-01 2.481817e-01 2.959006e-01 3.262616e-01 3.128797e-01 3.329748e-01 2.164282e-01 1.986572e-01 1.185914e-01 1.175284e-01 4.595491e-02 -5.177155e-01 1.063451e-02 1.369046e-02 -1.230124e-03 -2.480130e-02 -3.445711e-02 -2.609358e-02 -6.010000e-02 -5.872467e-02 -7.124478e-02 -1.039190e-01 -9.464652e-02 -5.128376e-02 2.928759e-02
<VARIANCE> 39
 1.279049e+01 7.326607e+00 7.608379e+00 8.401058e+00 1.000147e+01 1.197205e+01 1.351420e+01 1.466216e+01 1.401554e+01 1.237689e+01 1.196947e+01 1.155461e+01 2.299432e+01 1.842960e-01 2.874877e-01 4.156457e-01 5.795971e-01 8.022825e-01 9.637842e-01 1.085775e+00 1.247452e+00 1.326303e+00 1.341956e+00 1.229473e+00 1.097308e+00 1.293385e-01 2.428424e-02 4.984609e-02 7.773208e-02 1.188259e-01 1.609479e-01 2.011894e-01 2.381729e-01 2.645733e-01 2.726892e-01 2.542995e-01 2.287661e-01 2.256040e-01 1.128388e-02
<GCONST> 7.047278e+01
<MIXTURE> 2 4.796274e-01
<MEAN> 39
 2.919244e+00 1.680632e+00 1.216887e+00 1.948638e+00 9.245132e-01 5.064822e-02 -3.347410e-01 -1.362473e+00 -1.105883e+00 -1.394682e+00 -1.277758e+00 -8.205650e-01 -4.529407e+00 5.639679e-02 1.682891e-02 -3.767754e-02 -1.067069e-01 -1.516360e-01 -2.181416e-01 -1.960384e-01 -2.392475e-01 -2.048963e-01 -1.385546e-01 -7.184873e-02 -3.281440e-02 -5.197188e-01 -2.707772e-02 -3.254795e-02 -2.882605e-02 -1.445488e-02 2.379009e-03 1.336872e-02 5.017218e-02 5.738994e-02 7.532713e-02 1.058808e-01 1.051365e-01 6.574786e-02 -7.862801e-04
<VARIANCE> 39
 1.169484e+01 6.954450e+00 7.213224e+00 8.810209e+00 1.051916e+01 1.103382e+01 1.091286e+01 1.261370e+01 1.259491e+01 1.261505e+01 1.299803e+01 1.180687e+01 2.265634e+01 1.830430e-01 2.785828e-01 4.446633e-01 6.441334e-01 7.895243e-01 8.815573e-01 1.042603e+00 1.165978e+00 1.258741e+00 1.220811e+00 1.312905e+00 1.226879e+00 1.798083e-01 2.345145e-02 4.688734e-02 8.814873e-02 1.313654e-01 1.631856e-01 1.738583e-01 1.871878e-01 2.219697e-01 2.381519e-01 2.450256e-01 2.560766e-01 2.257964e-01 1.350835e-02
<GCONST> 6.991488e+01
<TRANSP> 5
 0.000000e+00 1.000000e+00 0.000000e+00 0.000000e+00 0.000000e+00
 0.000000e+00 9.737855e-01 2.621442e-02 0.000000e+00 0.000000e+00
 0.000000e+00 0.000000e+00 9.828031e-01 1.719690e-02 0.000000e+00
 0.000000e+00 0.000000e+00 0.000000e+00 9.570860e-01 4.291403e-02
 0.000000e+00 0.000000e+00 0.000000e+00 0.000000e+00 0.000000e+00
<ENDHMM>
~h "co"
<BEGINHMM>
<NUMSTATES> 5
<STATE> 2
<NUMMIXES> 2
<MIXTURE> 1 6.557722e-01
<MEAN> 39
 -3.052708e+00 4.524761e-01 1.112103e+00 -1.236098e+00 -4.628745e+00 4.429306e-01 3.859938e+00 5.548369e+00 1.683064e+00 -5.849160e-01 -8.157285e-01 1.882220e+00 2.451082e+00 -7.057360e-01 -1.696325e-01 1.700730e-01 7.392574e-03 4.267867e-01 1.033939e-01 3.730272e-01 -4.205183e-01 -6.584107e-01 -1.408117e-01 4.295288e-01 2.412484e-01 1.294358e+00 1.743956e-01 -1.370962e-01 -1.432492e-01 8.020499e-02 -3.169806e-02 -8.370878e-03 -7.541623e-02 8.758356e-02 2.823351e-01 2.605629e-01 3.035739e-02 -1.380950e-02 -3.093075e-01
<VARIANCE> 39
 1.767600e+01 2.000487e+01 1.866669e+01 2.527889e+01 5.657749e+01 4.737106e+01 3.334220e+01 4.047377e+01 2.488291e+01 3.971956e+01 2.542731e+01 2.432626e+01 1.110486e+02 8.894735e-01 1.047850e+00 1.144728e+00 1.368593e+00 3.205781e+00 2.858587e+00 2.714380e+00 2.456746e+00 2.463621e+00 2.576558e+00 1.572964e+00 1.968045e+00 1.329348e+00 1.127406e-01 1.856190e-01 2.155100e-01 1.770729e-01 3.998840e-01 4.851026e-01 4.392053e-01 4.174424e-01 3.553454e-01 3.440773e-01 2.966970e-01 3.690966e-01 3.706523e-01
<GCONST> 1.088158e+02
<MIXTURE> 2 3.442270e-01
<MEAN> 39
 -3.276825e-01 -1.107936e+00 -1.482812e+00 -7.640652e-01 -1.101472e+01 -4.160848e-01 7.765836e-01 6.078064e+00 8.773885e+00 4.073575e+00 -3.578918e-01 1.184083e+00 -2.169604e+00 -5.500810e-01 -1.303468e-01 3.216705e-01 -7.927738e-01 -1.546462e+00 -1.757028e+00 -8.699369e-01 -1.112069e+00 -1.428633e+00 -1.742115e+00 -1.246893e+00 -1.051309e+00 4.040647e+00 -2.411040e-01 2.874999e-01 9.502731e-02 2.636455e-02 8.626086e-01 4.269439e-01 4.157519e-01 -5.882185e-02 -5.296903e-01 -1.672884e-01 3.302568e-01 1.185810e-01 -4.432242e-02
<VARIANCE> 39
 1.036535e+01 2.879187e+01 2.446408e+01 2.766442e+01 8.721148e+01 5.285271e+01 8.643705e+01 7.596034e+01 5.671209e+01 4.820730e+01 3.595887e+01 2.953365e+01 8.108721e+01 1.161983e+00 3.347944e+00 2.739487e+00 2.357559e+00 9.183763e+00 3.282031e+00 4.897410e+00 4.548251e+00 5.495997e+00 3.174682e+00 2.439153e+00 2.746459e+00 2.155875e+00 1.262210e-01 4.012746e-01 3.242241e-01 3.489860e-01 6.803580e-01 5.874338e-01 7.845808e-01 7.673056e-01 7.181743e-01 7.492260e-01 4.754027e-01 5.998089e-01 5.951430e-01
<GCONST> 1.266782e+02
<STATE> 3
<NUMMIXES> 2
<MIXTURE> 1 7.424576e-01
<MEAN> 39
 -8.678264e-01 -8.497878e-01 -7.611592e-01 -6.621481e-01 3.007425e-03 -6.851748e-01 -1.434515e-01 -9.742706e-01 -6.455323e-01 -1.181155e-01 3.069738e-01 1.802659e-01 2.295033e+00 1.753331e-01 4.626225e-02 1.714277e-02 1.197264e-01 3.975317e-01 1.200991e-01 3.283776e-02 -6.647675e-02 -1.956303e-02 1.141041e-01 1.023892e-01 6.851782e-02 -5.249580e-01 2.245658e-02 1.423273e-02 2.088730e-03 4.829396e-03 -6.963431e-02 -2.082559e-02 -1.917493e-02 1.769179e-02 2.667139e-02 -1.583286e-02 -5.041589e-02 -2.694066e-02 -2.057180e-02
<VARIANCE> 39
 1.271269e+01 9.706861e+00 1.435316e+01 1.527417e+01 2.153694e+01 2.068978e+01 3.972528e+01 3.258480e+01 2.366553e+01 2.442382e+01 2.295963e+01 2.335655e+01 4.982844e+01 2.056499e-01 3.733432e-01 6.058509e-01 7.974558e-01 1.083153e+00 1.204376e+00 1.455031e+00 1.579988e+00 1.734140e+00 1.690745e+00 1.509057e+00 1.385139e+00 1.517250e-01 4.104066e-02 7.384031e-02 1.187022e-01 1.705089e-01 2.220531e-01 2.503300e-01 2.959515e-01 3.129570e-01 3.626449e-01 3.538504e-01 3.110125e-01 2.817977e-01 2.748176e-02
<GCONST> 8.638196e+01
<MIXTURE> 2 2.575449e-01
<MEAN> 39
 -4.805314e-01 -1.130830e+00 -1.386109e+00 -5.587856e-01 -4.447150e+00 -1.945180e+00 -1.336453e+00 -5.992031e-01 1.288740e+00 6.128069e-02 -1.778001e+00 -1.572490e+00 3.022574e+00 -1.837989e-01 -1.445530e-01 6.467897e-03 -2.071814e-01 -7.603235e-01 -2.460056e-01 -3.501079e-01 5.191403e-02 6.689215e-02 -2.685965e-01 -2.723292e-01 -2.874965e-01 1.045436e+00 -3.804146e-02 -1.479638e-02 2.414814e-02 4.441897e-03 1.886542e-01 7.297414e-02 6.034705e-02 -3.287843e-02 -5.555329e-02 4.175602e-02 1.280566e-01 8.318897e-02 3.710973e-03
<VARIANCE> 39
 9.648386e+00 1.750880e+01 2.077753e+01 2.213166e+01 4.269859e+01 2.857994e+01 4.229278e+01 4.110921e+01 4.799643e+01 3.982120e+01 3.676833e+01 2.868632e+01 5.283064e+01 8.997673e-01 1.910599e+00 1.674167e+00 2.094715e+00 4.747757e+00 2.669546e+00 3.856102e+00 3.710907e+00 5.626138e+00 3.699152e+00 3.559002e+00 2.685341e+00 2.319568e+00 9.999041e-02 3.563485e-01 2.609770e-01 3.530378e-01 8.990182e-01 4.723347e-01 6.041503e-01 6.421582e-01 1.101948e+00 7.371681e-01 6.601564e-01 4.812289e-01 4.028163e-01
<GCONST> 1.193340e+02
<STATE> 4
<NUMMIXES> 2
<MIXTURE> 1 8.563328e-01
<MEAN> 39
 3.206470e+00 3.000320e+00 2.701015e+00 2.279339e+00 6.011941e+00 3.424775e+00 9.398052e-01 1.201350e+00 -6.996966e-01 -4.791969e-02 9.149683e-01 2.977521e-01 -8.559013e+00 7.769092e-02 2.334400e-01 1.660242e-03 4.276676e-02 1.989537e-01 1.808928e-01 2.208615e-01 1.964613e-01 3.751681e-04 1.872582e-02 8.258064e-03 8.191340e-02 -5.591173e-01 -1.528967e-02 -6.401342e-03 -2.855203e-02 -2.251508e-02 -3.599966e-02 -3.135288e-02 -1.988141e-02 -1.643077e-03 -1.331085e-03 -1.523719e-03 1.942856e-04 -1.635827e-03 2.187039e-02
<VARIANCE> 39
 7.851810e+00 1.155937e+01 1.307708e+01 1.471038e+01 1.574373e+01 1.624048e+01 2.577426e+01 2.757462e+01 1.689889e+01 1.819539e+01 1.939827e+01 1.472912e+01 2.915209e+01 1.825963e-01 2.904966e-01 5.328955e-01 6.803712e-01 8.256550e-01 9.510939e-01 1.174515e+00 1.319172e+00 1.318896e+00 1.442012e+00 1.384126e+00 1.187262e+00 9.838720e-02 2.643129e-02 5.477411e-02 9.523895e-02 1.232099e-01 1.580020e-01 1.808191e-01 2.214618e-01 2.581931e-01 2.573531e-01 2.810036e-01 2.803593e-01 2.336877e-01 7.601816e-03
<GCONST> 7.574525e+01
<MIXTURE> 2 1.436620e-01
<MEAN> 39
 1.920782e-01 8.036537e-01 2.031295e+00 1.149943e+00 -3.723612e-01 -3.919345e-01 -1.664186e+00 -6.680643e-03 -4.123475e-01 -1.327382e-01 3.724989e-01 6.705082e-01 -4.454959e-01 -6.651898e-02 -4.581947e-02 1.262851e-01 4.555972e-02 -6.703198e-02 -2.066821e-01 -2.102848e-01 -2.433415e-01 -9.353089e-02 -1.039931e-02 2.053840e-02 -4.859284e-02 3.470872e-01 1.738415e-02 8.684777e-03 3.904280e-02 4.709452e-02 9.553601e-02 7.798886e-02 8.706022e-02 1.641282e-02 -3.580074e-02 3.322614e-04 -1.982119e-02 -4.441142e-02 -1.247662e-02
<VARIANCE> 39
 1.139972e+01 9.022763e+00 1.309410e+01 1.414888e+01 3.819699e+01 2.823251e+01 3.994308e+01 2.896167e+01 1.894732e+01 2.307269e+01 2.291867e+01 1.845149e+01 6.204689e+01 6.406156e-01 6.315891e-01 9.167793e-01 1.043305e+00 4.022547e+00 1.906324e+00 3.518023e+00 1.895648e+00 1.763131e+00 2.039886e+00 1.821368e+00 1.683097e+00 2.354433e+00 1.033660e-01 1.152077e-01 1.880968e-01 1.964259e-01 7.062297e-01 3.667305e-01 7.522155e-01 3.794066e-01 3.467161e-01 4.415861e-01 3.604598e-01 3.527163e-01 2.830898e-01
<GCONST> 1.025313e+02
<TRANSP> 5
 0.000000e+00 1.000000e+00 0.000000e+00 0.000000e+00 0.000000e+00
 0.000000e+00 8.723091e-01 1.276909e-01 0.000000e+00 0.000000e+00
 0.000000e+00 0.000000e+00 9.883757e-01 1.162426e-02 0.000000e+00
 0.000000e+00 0.000000e+00 0.000000e+00 9.664383e-01 3.356169e-02
 0.000000e+00 0.000000e+00 0.000000e+00 0.000000e+00 0.000000e+00
<ENDHMM>
~h "ds"
<BEGINHMM>
<NUMSTATES> 5
<STATE> 2
<NUMMIXES> 2
<MIXTURE> 1 8.001810e-01
<MEAN> 39
 -1.925144e-01 -5.679526e-01 -3.747193e-01 -4.385006e-01 -1.417015e-01 -3.059336e-02 -1.669421e-02 3.141463e-01 -2.204442e-01 -1.438173e-02 -6.451887e-02 -1.305814e-01 -1.599991e+00 1.558262e-01 4.457887e-02 9.660716e-02 1.075107e-01 1.655861e-01 1.265871e-01 6.874353e-02 6.119547e-02 -4.899224e-03 1.864764e-02 -3.074780e-02 -6.475482e-03 -2.756996e-01 -1.403208e-02 9.297052e-03 -1.117263e-02 -9.509051e-03 -3.205813e-02 -1.989547e-02 -3.065141e-02 -1.815453e-02 4.029495e-03 2.297209e-02 2.088909e-02 -6.043242e-03 7.950058e-03
<VARIANCE> 39
 1.289535e+01 8.770434e+00 1.137301e+01 1.175313e+01 1.582549e+01 2.041571e+01 2.040414e+01 2.101780e+01 2.476121e+01 2.335494e+01 1.715521e+01 1.606796e+01 3.985243e+01 2.762523e-01 3.458206e-01 5.224537e-01 7.384425e-01 1.031590e+00 1.205389e+00 1.357102e+00 1.450588e+00 1.540424e+00 1.585286e+00 1.424038e+00 1.259867e+00 2.155991e-01 5.622208e-02 6.709585e-02 1.093416e-01 1.568978e-01 2.153854e-01 2.509621e-01 2.760415e-01 2.976692e-01 3.247960e-01 3.341903e-01 2.968560e-01 2.539639e-01 4.990778e-02
<GCONST> 8.347625e+01
<MIXTURE> 2 1.998212e-01
<MEAN> 39
 -1.021613e+00 -6.671377e-01 -1.569818e+00 -1.703515e+00 -1.971311e+00 -1.132868e+00 -9.927495e-01 -6.697752e-01 2.938540e-01 6.962397e-01 1.155461e+00 4.355087e-01 8.793222e-01 -7.616210e-01 -1.572602e-01 -4.978361e-01 -4.914402e-01 -7.999611e-01 -6.439069e-01 -3.747436e-01 -2.830733e-01 3.387994e-02 6.603391e-02 1.448956e-01 6.187856e-02 1.500837e+00 4.387950e-03 -1.702559e-02 1.537963e-02 3.964903e-03 6.507885e-02 4.096079e-02 1.123531e-01 5.333022e-02 -1.305056e-02 -8.330698e-02 -7.516916e-02 1.181375e-02 7.335845e-02
<VARIANCE> 39
 2.387242e+01 1.396440e+01 1.963613e+01 1.942289e+01 2.690258e+01 3.061117e+01 3.317293e+01 2.791324e+01 3.052220e+01 3.228347e+01 2.438561e+01 2.295137e+01 5.299678e+01 1.968707e+00 1.211775e+00 1.611644e+00 1.883877e+00 2.586158e+00 2.596231e+00 2.993377e+00 2.799833e+00 3.026070e+00 3.086242e+00 2.372928e+00 1.901426e+00 2.522906e+00 3.482539e-01 1.915093e-01 2.727148e-01 3.345962e-01 5.002044e-01 4.928744e-01 5.107768e-01 5.018405e-01 4.719652e-01 4.868649e-01 4.171736e-01 3.567965e-01 6.094011e-01
<GCONST> 1.131078e+02
<STATE> 3
<NUMMIXES> 2
<MIXTURE> 1 6.358097e-01
<MEAN> 39
 -4.054515e+00 1.023231e+00 -2.262740e+00 -2.210255e+00 -4.620109e+00 -4.097385e+00 -5.687047e-01 -1.937245e+00 9.893036e-01 3.754704e-01 1.309923e+00 6.371855e-01 1.587877e+01 1.040073e+00 7.110231e-01 8.555326e-01 1.049674e+00 1.351622e+00 1.224324e+00 6.206931e-01 2.837207e-01 -1.525760e-01 -7.766950e-01 -3.426470e-01 -1.462733e-02 8.467922e-01 1.278832e-01 -1.193352e-01 1.868278e-02 6.627967e-02 1.945361e-02 1.396879e-01 -1.390644e-01 1.217026e-01 7.665131e-03 1.744204e-01 -5.798591e-02 6.170992e-02 -1.053314e+00
<VARIANCE> 39
 2.032689e+01 1.488221e+01 1.458845e+01 1.722682e+01 2.285673e+01 1.904903e+01 2.032362e+01 1.765964e+01 1.682013e+01 2.243177e+01 1.995506e+01 1.730642e+01 4.115698e+01 2.652044e+00 2.440185e+00 1.281930e+00 1.343015e+00 1.633856e+00 1.710001e+00 2.626934e+00 2.170434e+00 2.595326e+00 2.552971e+00 2.377247e+00 1.687537e+00 6.785555e+00 7.539039e-01 4.183989e-01 3.190885e-01 4.200971e-01 5.057561e-01 4.618726e-01 5.668223e-01 3.794944e-01 5.472088e-01 4.999475e-01 4.609349e-01 3.605838e-01 1.185349e+00
<GCONST> 1.116693e+02
<MIXTURE> 2 3.641893e-01
<MEAN> 39
 -6.666378e+00 -2.117966e+00 -5.727262e+00 -4.724247e+00 -8.163132e+00 -5.813309e+00 -4.286733e+00 -1.585841e+00 1.722879e-01 3.383878e+00 6.621156e-01 1.233843e+00 2.035630e+00 -1.478072e+00 -3.963956e-01 -4.123702e-01 -6.500252e-01 -8.215195e-01 -7.419934e-01 3.777914e-02 -6.900137e-02 4.807602e-01 9.265248e-02 2.927865e-01 -2.163933e-01 2.007925e+00 6.498773e-01 1.939576e-01 4.745766e-01 5.073770e-01 8.245103e-01 5.852814e-01 4.575333e-01 1.028180e-01 -2.863793e-02 -4.848354e-01 -7.038346e-02 5.658914e-02 7.926039e-02
<VARIANCE> 39
 3.310410e+01 2.252513e+01 1.355751e+01 1.000301e+01 1.670442e+01 2.274523e+01 2.339144e+01 2.098635e+01 1.789758e+01 3.019482e+01 1.926036e+01 1.456539e+01 5.477637e+02 6.035302e+00 2.279403e+00 2.521479e+00 1.934142e+00 3.404486e+00 2.724343e+00 3.274455e+00 1.751585e+00 2.529499e+00 2.201254e+00 1.885409e+00 1.881879e+00 6.867842e+01 1.198994e+00 4.387323e-01 2.662729e-01 2.868657e-01 6.293017e-01 5.898269e-01 5.062404e-01 4.271568e-01 5.225162e-01 6.133213e-01 4.925031e-01 3.626527e-01 1.062242e+01
<GCONST> 1.227311e+02
<STATE> 4
<NUMMIXES> 2
<MIXTURE> 1 6.287048e-01
<MEAN> 39
 6.414176e-01 9.056116e-01 1.415883e+00 1.516715e+00 1.411894e+00 1.067032e+00 9.945110e-01 2.104385e-01 4.664532e-01 -4.067955e-01 -1.182100e-01 3.892865e-01 1.416089e+00 1.771864e-01 3.900165e-02 1.807686e-01 2.103968e-01 3.248923e-01 3.093622e-01 2.339298e-01 2.328838e-01 1.048498e-01 6.225372e-02 -4.106936e-03 -1.170656e-02 -4.525057e-01 -1.428704e-02 -1.144630e-02 -2.289455e-02 -3.690391e-02 -4.782246e-02 -5.003101e-02 -4.893779e-02 -3.284280e-02 -1.749049e-02 2.873816e-02 1.754568e-02 -2.272746e-02 -8.225859e-03
<VARIANCE> 39
 1.235847e+01 1.034120e+01 1.566295e+01 1.608229e+01 1.774634e+01 1.773224e+01 2.159351e+01 1.583496e+01 2.208387e+01 1.960272e+01 1.660494e+01 1.447120e+01 6.754073e+01 2.464640e-01 3.208247e-01 4.856621e-01 6.914327e-01 8.775864e-01 1.080021e+00 1.245685e+00 1.278705e+00 1.472172e+00 1.527869e+00 1.461599e+00 1.263908e+00 1.784346e-01 4.825366e-02 6.643285e-02 1.032539e-01 1.504700e-01 1.916199e-01 2.399522e-01 2.620819e-01 2.686833e-01 3.167293e-01 3.229811e-01 3.052560e-01 2.532929e-01 2.761165e-02
<GCONST> 8.182263e+01
<MIXTURE> 2 3.713103e-01
<MEAN> 39
 5.278386e-01 -2.970281e-01 -5.139266e-01 -5.934646e-01 -3.105687e-01 -4.641795e-01 -9.106334e-01 -2.836908e-01 -6.671525e-01 1.682861e-01 -3.578359e-01 -7.720831e-01 -2.004501e+00 -1.079324e-01 -9.862153e-02 -2.089730e-01 -2.947406e-01 -3.896999e-01 -4.173429e-01 -3.410260e-01 -3.469967e-01 -2.011085e-01 -1.477756e-01 -4.624761e-02 -4.469729e-02 1.827981e-01 1.696796e-02 1.813269e-02 2.427756e-02 4.264353e-02 5.921968e-02 5.988695e-02 7.066105e-02 4.481776e-02 2.318580e-02 -4.549915e-02 -2.376488e-02 3.823745e-02 1.858611e-02
<VARIANCE> 39
 1.297464e+01 7.893496e+00 1.052865e+01 1.127456e+01 1.657871e+01 1.721321e+01 1.912345e+01 1.872151e+01 1.908774e+01 1.746869e+01 1.722018e+01 1.758860e+01 2.894291e+01 7.804543e-01 6.037642e-01 7.410750e-01 9.786694e-01 1.410044e+00 1.453517e+00 1.733206e+00 1.639617e+00 1.899746e+00 1.814193e+00 1.721225e+00 1.531912e+00 1.247190e+00 1.222708e-01 9.687719e-02 1.369109e-01 1.837273e-01 3.009085e-01 3.029466e-01 3.411892e-01 3.402728e-01 3.495539e-01 3.404411e-01 3.324795e-01 3.103656e-01 1.593153e-01
<GCONST> 9.171789e+01
<TRANSP> 5
 0.000000e+00 1.000000e+00 0.000000e+00 0.000000e+00 0.000000e+00
 0.000000e+00 9.866756e-01 1.332442e-02 0.000000e+00 0.000000e+00
 0.000000e+00 0.000000e+00 8.420844e-01 1.579156e-01 0.000000e+00
 0.000000e+00 0.000000e+00 0.000000e+00 9.897703e-01 1.022971e-02
 0.000000e+00 0.000000e+00 0.000000e+00 0.000000e+00 0.000000e+00
<ENDHMM>
~h "kj"
<BEGINHMM>
<NUMSTATES> 5
<STATE> 2
<NUMMIXES> 2
<MIXTURE> 1 6.865718e-01
<MEAN> 39
 7.432344e+00 5.666850e-02 -2.776008e+00 -2.118860e-01 1.317131e+00 -7.393821e-01 -1.263417e+00 -6.190688e-01 -1.682676e-01 -2.304537e-02 -1.146168e+00 -4.366145e-01 -4.520200e+00 -9.591717e-02 1.139659e-01 -3.804703e-02 -1.466201e-02 7.293357e-02 1.535686e-01 7.264267e-02 1.230257e-01 1.100661e-01 5.445800e-02 1.206591e-01 8.973437e-02 7.954273e-03 -5.653984e-02 -9.206153e-03 2.442338e-02 -1.535183e-02 -5.707592e-02 -4.517277e-02 1.637585e-02 8.712002e-03 -3.655351e-03 2.704622e-02 -1.660801e-02 1.821512e-02 3.797245e-02
<VARIANCE> 39
 1.317434e+01 1.687856e+01 9.309602e+00 1.729943e+01 1.774854e+01 2.111837e+01 1.875135e+01 1.866046e+01 1.844139e+01 1.612959e+01 1.573248e+01 1.715847e+01 1.165112e+01 5.347129e-01 5.887331e-01 5.046802e-01 8.669161e-01 1.034570e+00 1.270489e+00 1.887645e+00 1.756668e+00 1.529759e+00 1.758312e+00 1.432791e+00 1.224832e+00 2.918333e-01 8.047419e-02 1.105811e-01 9.454937e-02 1.783250e-01 1.956604e-01 2.469334e-01 3.673384e-01 3.476485e-01 2.907336e-01 3.339650e-01 2.778896e-01 2.285356e-01 4.642547e-02
<GCONST> 8.545501e+01
<MIXTURE> 2 3.134284e-01
<MEAN> 39
 4.909378e+00 -1.251739e+00 -1.894320e+00 2.079380e-02 2.981527e-01 -2.380879e+00 -1.311712e+00 -1.522533e+00 -1.803543e-01 8.015064e-01 -1.136778e+00 5.975842e-01 -2.194373e+00 -7.559208e-01 -7.652296e-01 -5.577056e-02 9.240716e-02 -5.350268e-01 -5.159152e-01 -3.137751e-01 -6.926020e-01 -1.412953e-01 -1.276931e-01 -1.220066e-01 -8.527902e-02 1.287355e+00 1.298216e-01 -3.124866e-02 -3.507774e-02 2.952344e-03 1.278214e-01 1.297617e-01 -2.451812e-02 5.119362e-02 9.441699e-03 -6.059408e-02 9.068002e-03 -4.885167e-02 -7.317990e-02
<VARIANCE> 39
 2.186111e+01 3.335404e+01 1.750542e+01 1.654816e+01 1.952930e+01 2.920753e+01 2.583521e+01 2.587188e+01 2.197374e+01 1.975634e+01 1.411261e+01 1.736559e+01 2.973918e+01 1.481238e+00 2.001294e+00 1.993234e+00 1.483508e+00 2.143746e+00 2.449656e+00 2.552204e+00 1.702790e+00 2.052670e+00 2.036881e+00 1.379120e+00 1.491803e+00 1.320475e+00 2.533805e-01 3.529693e-01 2.985194e-01 2.281207e-01 3.451895e-01 4.451338e-01 4.657043e-01 3.339183e-01 3.727231e-01 4.067303e-01 2.598345e-01 2.723007e-01 2.921771e-01
<GCONST> 1.048844e+02
<STATE> 3
<NUMMIXES> 2
<MIXTURE> 1 5.854682e-01
<MEAN> 39
 3.508274e+00 -4.073079e+00 -4.570585e+00 -1.734165e-01 1.363356e+00 -2.855707e+00 -4.325833e+00 -3.273159e+00 -1.177692e+00 -4.201955e-01 -7.066495e-03 6.531705e-01 2.356068e+00 -7.261751e-02 4.213996e-01 1.839941e-01 1.514060e-01 2.374632e-01 3.349394e-01 3.160683e-01 3.995717e-01 1.948952e-01 2.256778e-01 1.869857e-01 1.136344e-01 -3.481155e-01 -4.056765e-02 1.199909e-02 5.859392e-02 -5.331202e-03 -3.414023e-02 3.721570e-02 4.027070e-02 5.790881e-02 4.378306e-02 2.749467e-02 3.055544e-02 2.408675e-02 1.885228e-02
<VARIANCE> 39
 1.165762e+01 1.566241e+01 1.031371e+01 1.444829e+01 1.346049e+01 1.970638e+01 2.510299e+01 1.661770e+01 1.710811e+01 1.698376e+01 1.547509e+01 1.571611e+01 1.212733e+01 3.784043e-01 4.022890e-01 5.801131e-01 7.271107e-01 8.657690e-01 1.107550e+00 1.265946e+00 1.318511e+00 1.318000e+00 1.527804e+00 1.513263e+00 1.328804e+00 2.096909e-01 6.833730e-02 6.868911e-02 1.121844e-01 1.407366e-01 1.875421e-01 2.183149e-01 2.813327e-01 3.040884e-01 2.856604e-01 3.133268e-01 3.217276e-01 2.772079e-01 3.575916e-02
<GCONST> 8.139935e+01
<MIXTURE> 2 4.145307e-01
<MEAN> 39
 3.407331e+00 -5.071107e+00 -4.072851e+00 -6.523992e-01 4.928842e-01 -3.206902e+00 -4.906191e+00 -2.500809e+00 -1.873578e-01 -1.275830e-01 -3.089526e-02 7.262567e-01 3.847713e+00 -1.944301e-01 -1.935045e-01 -2.301051e-01 -1.940624e-01 -1.631690e-01 -2.734264e-01 -3.995918e-01 -4.286587e-01 -3.446477e-01 -2.802829e-01 -2.118358e-01 -1.304271e-01 2.964717e-01 3.063898e-02 9.189384e-02 5.687853e-03 6.220122e-03 4.026845e-02 -9.082435e-03 3.844454e-03 -2.506031e-02 -5.349169e-02 -2.328418e-02 -3.217922e-02 -3.578542e-02 -9.668814e-02
<VARIANCE> 39
 1.094369e+01 1.814480e+01 1.247614e+01 1.633256e+01 1.602694e+01 2.141448e+01 2.139616e+01 1.751471e+01 1.864440e+01 1.929470e+01 1.653313e+01 1.268836e+01 1.813616e+01 6.631001e-01 9.920440e-01 7.929313e-01 9.551064e-01 1.454941e+00 1.436544e+00 1.667897e+00 1.669352e+00 1.780743e+00 1.678678e+00 1.516288e+00 1.177633e+00 8.912773e-01 1.206600e-01 1.996664e-01 1.630723e-01 1.942064e-01 2.995337e-01 2.880516e-01 3.769179e-01 3.676091e-01 3.647677e-01 3.689212e-01 3.165160e-01 2.234903e-01 1.732938e-01
<GCONST> 9.279134e+01
<STATE> 4
<NUMMIXES> 2
<MIXTURE> 1 7.374673e-01
<MEAN> 39
 -1.553950e+00 2.123925e+00 1.304599e+00 3.059464e-01 5.106042e-03 1.351790e+00 1.588225e+00 1.040163e+00 3.020389e-01 3.174304e-01 1.494868e-01 -3.192627e-01 -1.340255e+00 1.300566e-01 6.586662e-02 -3.604811e-03 -2.847685e-02 2.777949e-02 5.822680e-02 4.083651e-02 3.486417e-02 2.798378e-02 2.393865e-02 1.021410e-02 -1.632327e-02 -1.367653e-01 -5.923507e-03 -1.342624e-02 -1.591343e-02 -3.961091e-03 -1.458420e-02 -3.227651e-02 -2.246349e-02 -1.026776e-02 -8.509742e-03 -4.334708e-03 -4.698883e-03 7.191211e-03 9.264432e-03
<VARIANCE> 39
 1.999659e+01 1.079678e+01 9.994939e+00 1.167097e+01 1.359626e+01 1.576752e+01 1.866094e+01 1.667616e+01 1.648555e+01 1.813877e+01 1.547752e+01 1.375398e+01 1.111418e+01 3.825530e-01 3.819340e-01 5.697938e-01 8.420803e-01 1.060011e+00 1.272959e+00 1.495644e+00 1.499386e+00 1.560092e+00 1.636544e+00 1.447666e+00 1.288001e+00 1.899206e-01 7.073627e-02 7.363228e-02 1.087716e-01 1.657927e-01 2.069904e-01 2.527467e-01 2.894104e-01 3.017158e-01 3.210157e-01 3.282426e-01 2.956957e-01 2.626894e-01 3.300023e-02
<GCONST> 8.185918e+01
<MIXTURE> 2 2.625393e-01
<MEAN> 39
 1.950607e+00 -4.593830e+00 -1.871451e+00 -7.223147e-01 -5.162992e-01 -2.662893e+00 -2.869373e+00 -1.876291e+00 -5.900701e-01 -8.552948e-01 -1.718997e-01 7.231452e-01 3.711080e+00 -2.311917e-01 -2.338172e-01 1.140107e-02 6.180762e-02 -6.268375e-02 -1.789499e-01 -1.054954e-01 -1.033642e-01 -5.800705e-02 -8.393672e-02 -2.780962e-02 4.611599e-02 3.098601e-01 2.577966e-02 3.207929e-02 3.784135e-02 1.091850e-02 4.347619e-02 8.849886e-02 6.553297e-02 2.769461e-02 2.795117e-02 1.183514e-02 1.221725e-02 -1.886439e-02 -3.044841e-02
<VARIANCE> 39
 3.717007e+01 5.277417e+01 1.978462e+01 1.820746e+01 1.918686e+01 3.076164e+01 3.263752e+01 2.572323e+01 1.883010e+01 2.176340e+01 1.642373e+01 1.515160e+01 5.967789e+01 1.003858e+00 1.718030e+00 1.087343e+00 1.207890e+00 1.517173e+00 1.916118e+00 2.017124e+00 1.892811e+00 1.805107e+00 1.763672e+00 1.535979e+00 1.418850e+00 1.750328e+00 1.570814e-01 2.795834e-01 1.923063e-01 2.314239e-01 2.914854e-01 3.683490e-01 3.933860e-01 3.759620e-01 3.570355e-01 3.509154e-01 2.982978e-01 2.859348e-01 2.518870e-01
<GCONST> 1.033038e+02
<TRANSP> 5
 0.000000e+00 1.000000e+00 0.000000e+00 0.000000e+00 0.000000e+00
 0.000000e+00 9.356309e-01 6.436913e-02 0.000000e+00 0.000000e+00
 0.000000e+00 0.000000e+00 9.526463e-01 4.735375e-02 0.000000e+00
 0.000000e+00 0.000000e+00 0.000000e+00 9.964064e-01 3.593647e-03
 0.000000e+00 0.000000e+00 0.000000e+00 0.000000e+00 0.000000e+00
<ENDHMM>
~h "kn"
<BEGINHMM>
<NUMSTATES> 5
<STATE> 2
<NUMMIXES> 2
<MIXTURE> 1 5.957633e-01
<MEAN> 39
 -2.181368e+00 -7.717342e-01 -3.496777e+00 -2.539146e+00 -3.534181e+00 -2.204498e+00 1.920594e-01 -3.178615e+00 1.806207e+00 -1.162295e+00 9.675205e-02 -2.788833e+00 7.422047e+00 -4.800506e-01 7.336385e-01 4.124998e-01 1.113875e-02 6.706579e-01 -1.639724e-01 1.276461e+00 1.158802e+00 2.103712e+00 7.390372e-01 4.499313e-01 9.081493e-01 2.237598e+00 -1.770435e-01 1.767585e-01 2.843329e-01 1.552478e-01 3.481663e-01 4.117180e-01 -1.655396e-01 -1.894983e-02 -5.599750e-01 -1.014558e-01 -4.335744e-02 1.790130e-01 -1.097233e+00
<VARIANCE> 39
 1.379263e+01 1.689461e+01 1.281016e+01 9.996075e+00 1.498554e+01 2.520850e+01 2.738553e+01 3.768338e+01 3.992933e+01 2.180968e+01 1.991803e+01 1.805951e+01 2.446671e+01 2.095045e+00 1.225379e+00 1.476057e+00 1.071574e+00 1.208265e+00 1.846802e+00 2.343839e+00 3.612318e+00 2.448721e+00 1.822568e+00 1.545515e+00 1.527284e+00 5.043870e+00 3.965345e-01 2.394139e-01 2.498255e-01 1.609055e-01 1.846115e-01 3.452455e-01 5.094721e-01 9.207268e-01 5.204117e-01 3.712448e-01 2.773654e-01 3.323002e-01 5.766190e-01
<GCONST> 1.053621e+02
<MIXTURE> 2 4.042364e-01
<MEAN> 39
 -7.023539e+00 3.369056e-01 1.346455e+00 -3.200520e+00 -1.972058e+00 1.483726e+00 -6.111747e-01 8.950272e-01 -1.403573e+00 5.194587e-01 -7.519503e-01 -8.447858e-01 -7.559755e+00 1.223971e+00 -5.071068e-01 -8.361668e-01 4.473186e-01 -3.214743e-01 -1.000130e+00 -3.703961e-01 -2.071889e+00 -1.986568e-01 -3.299897e-01 -2.329600e-01 -4.655320e-01 2.818672e+00 1.078962e-01 1.242714e-02 -1.191880e-01 1.080993e-02 7.369664e-02 8.272752e-03 1.669569e-01 2.721773e-01 3.441566e-01 3.162880e-02 8.653124e-02 8.137895e-02 3.648970e-01
<VARIANCE> 39
 1.741036e+01 1.262210e+01 1.240114e+01 9.028399e+00 1.888266e+01 1.751517e+01 2.086365e+01 5.760061e+01 1.469720e+01 1.988408e+01 2.321133e+01 1.786708e+01 5.656656e+01 2.212869e+00 1.469756e+00 2.061557e+00 8.455941e-01 1.687120e+00 2.144167e+00 2.394773e+00 4.229712e+00 1.827772e+00 1.936736e+00 2.387465e+00 2.624806e+00 9.494042e+00 3.694749e-01 1.397905e-01 2.807624e-01 1.051787e-01 2.258310e-01 2.143376e-01 3.971303e-01 7.492261e-01 3.830858e-01 2.967818e-01 3.299984e-01 3.671178e-01 8.573501e-01
<GCONST> 1.059428e+02
<STATE> 3
<NUMMIXES> 2
<MIXTURE> 1 4.528321e-01
<MEAN> 39
 6.440721e-01 -1.464154e+00 -1.858808e+00 -1.064699e+00 -1.345413e+00 -2.362084e+00 1.792208e-01 -7.844130e-01 1.481553e+00 -1.394861e-01 7.646561e-01 3.692858e-01 4.088685e+00 1.207573e-01 2.526669e-01 1.643741e-01 2.088583e-01 3.438463e-01 2.223210e-01 1.740549e-01 4.950950e-01 3.489658e-01 3.592639e-01 2.455463e-01 3.722224e-01 -3.755372e-02 -2.567492e-02 1.425573e-01 1.673868e-01 2.154185e-01 2.307546e-01 2.597280e-01 -4.962586e-02 -3.697668e-02 -1.850684e-01 3.673070e-02 -7.756390e-02 -3.538513e-02 -3.533663e-01
<VARIANCE> 39
 1.020142e+01 1.292092e+01 1.016507e+01 9.883518e+00 1.212347e+01 1.362157e+01 1.786765e+01 2.494271e+01 1.936147e+01 1.783595e+01 1.520699e+01 1.656766e+01 1.973098e+01 4.641301e-01 7.341558e-01 7.226238e-01 1.015601e+00 1.248909e+00 1.320793e+00 1.504014e+00 1.738393e+00 1.892708e+00 1.309744e+00 1.247438e+00 1.203505e+00 1.866626e+00 9.332558e-02 1.900465e-01 1.440941e-01 1.888863e-01 2.706556e-01 2.331640e-01 3.455041e-01 4.642089e-01 3.861328e-01 3.435829e-01 2.796332e-01 2.947563e-01 2.883983e-01
<GCONST> 9.075622e+01
<MIXTURE> 2 5.471695e-01
<MEAN> 39
 2.677624e-01 7.016522e-01 5.980587e-01 7.903609e-01 9.728620e-01 8.843376e-01 -2.675564e-01 -4.845446e-02 -4.494723e-01 3.372791e-01 -1.276539e-01 1.701427e-01 -8.983355e-01 -3.496474e-03 -2.521103e-01 -1.001452e-01 -8.353872e-02 -2.234385e-01 -1.540407e-01 -1.422866e-01 -3.822783e-01 -3.376402e-01 -2.871585e-01 -1.979477e-01 -2.623264e-01 -6.271241e-02 2.380282e-02 -1.279287e-01 -1.429525e-01 -1.806007e-01 -2.062554e-01 -2.156557e-01 2.792677e-02 1.936084e-02 1.262508e-01 -3.554650e-02 5.031696e-02 4.980673e-03 2.687215e-01
<VARIANCE> 39
 7.250681e+00 7.174166e+00 8.059119e+00 7.545902e+00 1.079968e+01 1.096620e+01 1.428967e+01 1.718942e+01 1.572790e+01 1.368776e+01 1.393505e+01 1.318082e+01 1.399874e+01 3.838427e-01 8.066483e-01 8.240044e-01 8.765064e-01 1.272805e+00 1.357630e+00 1.412914e+00 1.836899e+00 1.506552e+00 1.527581e+00 1.407412e+00 1.444681e+00 2.103177e+00 5.601057e-02 1.047881e-01 1.035057e-01 1.390706e-01 2.065803e-01 2.075398e-01 2.662249e-01 3.760197e-01 3.291542e-01 3.016082e-01 2.685368e-01 2.825011e-01 2.119863e-01
<GCONST> 8.425848e+01
<STATE> 4
<NUMMIXES> 2
<MIXTURE> 1 5.067425e-01
<MEAN> 39
 -3.675889e-01 8.548334e-01 1.650421e+00 2.718285e-01 -7.252261e-02 7.210459e-01 -8.982576e-01 6.465200e-01 -1.845057e+00 -4.640766e-01 -7.605700e-01 -1.967422e-01 -4.289021e+00 -9.037227e-02 2.649896e-01 3.769964e-01 1.785790e-01 2.018315e-01 3.688129e-01 1.422956e-01 4.296557e-01 2.114189e-01 1.765735e-01 6.622344e-02 -6.700444e-03 -5.015541e-01 -3.748396e-03 1.462226e-02 2.985585e-02 7.825121e-02 1.555183e-01 1.743805e-01 1.927139e-01 1.581789e-01 1.234085e-01 5.043706e-02 3.603710e-02 -3.510461e-02 3.055479e-02
<VARIANCE> 39
 9.838459e+00 9.745106e+00 8.851157e+00 7.236916e+00 1.073013e+01 1.451689e+01 1.187558e+01 1.523325e+01 1.466242e+01 1.478909e+01 1.285649e+01 1.308737e+01 2.105100e+01 1.598763e-01 2.967072e-01 4.108637e-01 5.837147e-01 9.607303e-01 1.009556e+00 1.164347e+00 1.209464e+00 1.406590e+00 1.317358e+00 1.165363e+00 1.287073e+00 1.037618e-01 2.429093e-02 5.600629e-02 9.122048e-02 1.162165e-01 1.746565e-01 1.861697e-01 2.307790e-01 2.415154e-01 3.129737e-01 2.745875e-01 2.404156e-01 2.366152e-01 8.547666e-03
<GCONST> 7.124731e+01
<MIXTURE> 2 4.932569e-01
<MEAN> 39
 -4.883641e-01 8.034196e-01 1.764231e+00 1.069519e+00 1.612179e+00 2.801712e+00 1.337667e+00 2.051704e+00 -6.711193e-01 -1.666517e-02 -6.677116e-01 -4.864469e-01 -3.707324e+00 -2.016189e-01 -3.252746e-02 -3.330752e-02 -2.781672e-01 -2.048129e-01 9.523911e-03 -2.137315e-01 -1.019761e-01 -4.962915e-01 -2.345629e-01 -2.141827e-01 -1.517811e-01 -5.462387e-01 -2.323331e-02 -2.790724e-02 -4.814259e-02 -1.277033e-01 -2.007656e-01 -2.081316e-01 -1.645110e-01 -1.506276e-01 -8.483750e-02 -5.449184e-02 -9.019066e-03 3.488321e-02 1.917070e-02
<VARIANCE> 39
 1.015954e+01 1.035444e+01 9.734862e+00 8.835752e+00 1.141874e+01 1.417191e+01 1.252778e+01 1.503242e+01 1.584560e+01 1.569449e+01 1.298836e+01 1.236104e+01 2.493607e+01 1.689444e-01 3.220474e-01 4.869126e-01 5.971342e-01 9.402084e-01 1.081780e+00 1.304596e+00 1.276850e+00 1.365632e+00 1.385295e+00 1.279194e+00 1.033798e+00 1.344599e-01 1.865701e-02 5.168094e-02 8.980963e-02 1.224452e-01 1.556278e-01 1.582563e-01 2.288736e-01 2.349063e-01 2.803125e-01 2.838019e-01 2.549639e-01 2.312568e-01 7.204216e-03
<GCONST> 7.183796e+01
<TRANSP> 5
 0.000000e+00 1.000000e+00 0.000000e+00 0.000000e+00 0.000000e+00
 0.000000e+00 7.853748e-01 2.146252e-01 0.000000e+00 0.000000e+00
 0.000000e+00 0.000000e+00 9.853221e-01 1.467787e-02 0.000000e+00
 0.000000e+00 0.000000e+00 0.000000e+00 9.595817e-01 4.041827e-02
 0.000000e+00 0.000000e+00 0.000000e+00 0.000000e+00 0.000000e+00
<ENDHMM>
~h "kt"
<BEGINHMM>
<NUMSTATES> 5
<STATE> 2
<NUMMIXES> 2
<MIXTURE> 1 6.621495e-01
<MEAN> 39
 3.000903e-01 -2.426108e-01 -5.099421e-02 -1.043621e-01 -1.174793e-01 1.216956e-01 2.577116e-01 -3.918554e-03 8.877043e-02 -3.344556e-02 3.811707e-01 7.555194e-02 -9.987313e-02 3.815576e-01 -4.355447e-02 1.569873e-01 9.393535e-02 2.347252e-01 3.034371e-01 2.693252e-01 8.585513e-02 5.078853e-02 7.257072e-02 1.650735e-01 1.232461e-02 -4.667838e-01 -5.815465e-03 1.878419e-02 1.098623e-02 1.003029e-03 8.160447e-03 -4.350061e-03 -3.276310e-02 1.254274e-02 4.982923e-03 2.022275e-02 -3.945978e-02 1.388387e-02 -2.860679e-02
<VARIANCE> 39
 8.212681e+00 5.598609e+00 7.005533e+00 9.038243e+00 1.127986e+01 1.243758e+01 1.360441e+01 1.524797e+01 1.519004e+01 1.507690e+01 1.394486e+01 1.275043e+01 1.227490e+01 2.106857e-01 3.086335e-01 4.994263e-01 6.723983e-01 8.877158e-01 1.063055e+00 1.295141e+00 1.418555e+00 1.428191e+00 1.570746e+00 1.362885e+00 1.210878e+00 1.937231e-01 8.262146e-02 7.114214e-02 1.155056e-01 1.480073e-01 2.022773e-01 2.375793e-01 2.818048e-01 3.067647e-01 3.088688e-01 3.440199e-01 2.892511e-01 2.492722e-01 1.062689e-01
<GCONST> 7.764547e+01
<MIXTURE> 2 3.378597e-01
<MEAN> 39
 -1.672069e-01 9.100408e-02 1.458950e-01 -1.682222e-01 -1.388384e-01 6.527789e-03 -3.814380e-01 4.479199e-01 2.687072e-01 3.292421e-01 -3.419536e-01 1.052833e-01 -8.760684e-02 -8.270518e-01 1.114185e-01 -3.475172e-01 -1.804209e-01 -4.693415e-01 -6.567335e-01 -5.360565e-01 -1.653980e-01 -8.222827e-02 -1.436861e-01 -3.300568e-01 -2.985393e-02 1.010296e+00 7.183347e-03 -3.933328e-02 -1.967309e-02 3.643166e-03 -1.289015e-02 9.148532e-03 6.011133e-02 -2.339212e-02 -1.068615e-02 -4.493158e-02 7.453325e-02 -2.982917e-02 6.246375e-02
<VARIANCE> 39
 1.603405e+01 8.121275e+00 9.380136e+00 1.297365e+01 1.485045e+01 2.063219e+01 1.912414e+01 1.710902e+01 1.750505e+01 1.677159e+01 1.536989e+01 1.358276e+01 2.034069e+01 1.257902e+00 8.253292e-01 9.139079e-01 1.291939e+00 1.391725e+00 1.690652e+00 1.761357e+00 1.953083e+00 1.992476e+00 2.053848e+00 1.665540e+00 1.446088e+00 1.799285e+00 3.247799e-01 1.353597e-01 1.805273e-01 2.316628e-01 3.039840e-01 4.309359e-01 4.241698e-01 3.686112e-01 3.696260e-01 4.001213e-01 3.346627e-01 2.772205e-01 4.222304e-01
<GCONST> 9.673160e+01
<STATE> 3
<NUMMIXES> 2
<MIXTURE> 1 6.005343e-01
<MEAN> 39
 -2.017628e+00 -3.270703e-02 -7.678629e-01 7.254792e-01 -1.833841e-02 -1.187239e+00 -3.398770e-01 -9.121934e-01 -1.508318e-01 -4.279918e-01 -1.539581e-01 -1.761760e-01 2.719216e+00 4.649836e-01 -2.470507e-02 1.963690e-01 1.773517e-01 3.239187e-01 4.835216e-01 3.853899e-01 8.928748e-02 1.597254e-01 5.006395e-02 2.894228e-01 4.680806e-03 -6.003278e-01 5.693090e-02 6.304498e-02 4.359785e-02 1.769664e-02 2.616764e-02 -3.125303e-02 -5.882931e-03 2.842939e-02 7.863753e-03 4.480279e-02 -3.996722e-02 4.482502e-02 -1.343440e-01
<VARIANCE> 39
 6.599079e+00 5.000579e+00 8.047027e+00 1.166092e+01 1.244499e+01 1.447654e+01 1.523174e+01 1.622795e+01 1.900451e+01 1.897176e+01 1.570198e+01 1.301094e+01 1.142486e+01 2.171002e-01 3.358694e-01 5.191224e-01 7.073220e-01 9.368352e-01 1.201519e+00 1.268436e+00 1.396595e+00 1.531779e+00 1.831198e+00 1.310856e+00 1.240218e+00 2.870339e-01 1.102668e-01 7.171192e-02 1.316278e-01 1.778535e-01 2.332245e-01 2.799083e-01 3.039820e-01 3.321902e-01 3.608457e-01 4.214992e-01 2.895700e-01 2.637283e-01 1.973743e-01
<GCONST> 8.170677e+01
<MIXTURE> 2 3.994649e-01
<MEAN> 39
 -1.258743e+00 9.549240e-01 -2.358493e-01 1.067923e+00 1.818577e-01 -1.430585e+00 -5.268128e-01 -3.428820e-01 -1.203901e-01 2.704476e-02 -8.514248e-01 2.002490e-01 9.890809e-01 -5.785791e-01 3.364189e-02 -2.641536e-01 -2.123015e-01 -4.402927e-01 -6.378787e-01 -4.894621e-01 -1.797556e-01 -2.562709e-01 -1.148845e-01 -4.036270e-01 -1.110660e-02 7.564658e-01 -3.701387e-02 -8.985225e-02 -4.810444e-02 -4.453125e-02 -3.467266e-02 6.898096e-02 2.743453e-02 -3.236475e-02 2.701526e-04 -4.856830e-02 6.588076e-02 -6.313298e-02 1.277058e-01
<VARIANCE> 39
 9.698414e+00 5.162053e+00 7.613006e+00 1.075713e+01 1.493914e+01 2.243561e+01 1.919100e+01 1.567749e+01 1.782191e+01 1.797503e+01 1.706367e+01 1.292564e+01 1.573643e+01 8.729604e-01 5.524058e-01 8.539345e-01 1.112287e+00 1.496236e+00 1.735381e+00 1.901127e+00 1.906958e+00 2.021350e+00 2.232220e+00 1.809614e+00 1.406373e+00 1.787983e+00 2.135490e-01 9.294020e-02 1.549096e-01 1.946624e-01 3.084907e-01 4.831641e-01 4.260476e-01 3.486498e-01 3.590616e-01 4.218158e-01 3.638281e-01 2.734902e-01 3.412066e-01
<GCONST> 9.342036e+01
<STATE> 4
<NUMMIXES> 2
<MIXTURE> 1 5.442274e-01
<MEAN> 39
 5.991593e-01 -5.714681e-02 -2.770780e-02 -6.743074e-01 -1.089921e-01 2.987487e-01 6.442644e-02 -1.648417e-02 -2.408483e-01 -8.033940e-02 -1.978314e-01 -4.475044e-01 -9.035386e-01 2.901222e-01 -2.614297e-02 2.181069e-01 1.621559e-01 3.074960e-01 4.236297e-01 3.923171e-01 2.916074e-01 2.877640e-01 2.849283e-01 2.556920e-01 4.706371e-02 -2.387754e-01 4.588995e-02 4.286616e-03 5.453081e-02 5.171327e-02 5.192534e-02 6.174339e-02 2.902612e-02 2.694172e-02 1.876624e-02 1.185130e-02 3.633555e-02 4.995391e-02 -3.999826e-02
<VARIANCE> 39
 8.513792e+00 7.670082e+00 8.776440e+00 9.550277e+00 1.275529e+01 1.496268e+01 1.457787e+01 1.605338e+01 1.676251e+01 1.551675e+01 1.367931e+01 1.192327e+01 8.836303e+00 2.701843e-01 3.403083e-01 4.970445e-01 6.585979e-01 8.759224e-01 9.914161e-01 1.184148e+00 1.330204e+00 1.424846e+00 1.393446e+00 1.305420e+00 1.217342e+00 1.909234e-01 8.020691e-02 8.300942e-02 1.151625e-01 1.519541e-01 2.035960e-01 2.424276e-01 2.804050e-01 2.960633e-01 3.190425e-01 2.974983e-01 2.659941e-01 2.367494e-01 6.444240e-02
<GCONST> 7.771255e+01
<MIXTURE> 2 4.557743e-01
<MEAN> 39
 1.184438e+00 1.143574e-01 7.851571e-01 9.321186e-02 5.970755e-01 1.172930e+00 3.494004e-01 3.670204e-01 -1.766517e-01 6.143839e-02 2.636287e-01 1.894270e-01 -1.492968e+00 -2.423703e-01 -9.081550e-03 -2.184267e-01 -2.534268e-01 -3.515511e-01 -4.437956e-01 -4.669954e-01 -3.310748e-01 -3.644573e-01 -3.230718e-01 -2.894672e-01 -6.534854e-02 1.690053e-01 -6.288004e-02 -9.106345e-03 -6.939869e-02 -5.751606e-02 -5.909497e-02 -7.725538e-02 -4.343227e-02 -3.245693e-02 -2.706357e-02 -1.549090e-02 -4.267802e-02 -5.521920e-02 5.909441e-02
<VARIANCE> 39
 8.786617e+00 8.334153e+00 9.052498e+00 9.954767e+00 1.329827e+01 1.562188e+01 1.541710e+01 1.564018e+01 1.676417e+01 1.630089e+01 1.458142e+01 1.312053e+01 7.674701e+00 7.697643e-01 7.058649e-01 7.020693e-01 8.563266e-01 1.131724e+00 1.187208e+00 1.352676e+00 1.449365e+00 1.536995e+00 1.490228e+00 1.362969e+00 1.319016e+00 6.903836e-01 1.253266e-01 1.112448e-01 1.275354e-01 1.603339e-01 2.327066e-01 2.615340e-01 3.080052e-01 2.997712e-01 3.250894e-01 3.249734e-01 2.968955e-01 2.675787e-01 9.309142e-02
<GCONST> 8.459153e+01
<TRANSP> 5
 0.000000e+00 1.000000e+00 0.000000e+00 0.000000e+00 0.000000e+00
 0.000000e+00 9.944797e-01 5.520292e-03 0.000000e+00 0.000000e+00
 0.000000e+00 0.000000e+00 9.832991e-01 1.670085e-02 0.000000e+00
 0.000000e+00 0.000000e+00 0.000000e+00 9.887393e-01 1.126072e-02
 0.000000e+00 0.000000e+00 0.000000e+00 0.000000e+00 0.000000e+00
<ENDHMM>
~h "pr"
<BEGINHMM>
<NUMSTATES> 5
<STATE> 2
<NUMMIXES> 2
<MIXTURE> 1 3.250963e-01
<MEAN> 39
 -9.709656e-01 1.945931e-02 -4.357423e-01 2.042763e-01 1.759025e+00 -1.363926e+00 -2.470487e+00 -1.532389e+00 -4.042775e-01 -4.581063e-01 -6.623514e-01 8.308846e-01 1.030432e+00 -5.476840e-01 -1.087505e-01 1.049273e-01 8.548792e-03 2.421546e-01 9.837554e-02 1.261540e-01 -5.318323e-02 1.498660e-01 9.013041e-02 1.121925e-01 2.478188e-01 5.615067e-01 4.937332e-02 1.981731e-02 2.590200e-02 5.229890e-02 7.412890e-02 1.378872e-01 1.159882e-01 5.156448e-02 4.256057e-02 2.196167e-02 8.960846e-02 4.346342e-02 -2.864470e-02
<VARIANCE> 39
 2.368793e+01 2.120492e+01 2.482020e+01 3.091935e+01 6.360690e+01 4.463496e+01 5.565487e+01 5.251278e+01 3.608729e+01 3.517753e+01 4.685903e+01 4.444853e+01 1.549652e+01 1.620216e+00 1.398570e+00 1.790461e+00 2.146255e+00 2.302116e+00 2.905335e+00 3.100936e+00 3.620977e+00 3.035434e+00 2.668688e+00 3.412904e+00 2.967954e+00 1.066990e+00 2.737775e-01 2.186699e-01 2.910698e-01 3.494914e-01 4.062050e-01 4.634854e-01 4.998860e-01 5.669956e-01 4.932793e-01 4.522101e-01 5.444238e-01 4.375270e-01 1.893922e-01
<GCONST> 1.163240e+02
<MIXTURE> 2 6.748933e-01
<MEAN> 39
 -1.144286e+00 -6.589942e-01 7.283944e-01 2.178652e-01 3.349928e+00 7.325073e-01 -1.922737e+00 -4.707906e-01 5.040482e-01 -9.572320e-01 -1.173087e-01 1.796914e+00 6.827505e-01 1.972090e-01 3.910015e-03 -2.773831e-02 -2.008407e-02 -1.428517e-01 -2.372164e-03 -2.909561e-02 -3.838570e-02 -6.208996e-02 -8.666352e-02 -5.665988e-02 -7.710636e-02 -2.002498e-01 -2.237265e-03 -5.261886e-03 -1.918610e-02 -1.841494e-02 -3.858482e-02 -6.731811e-02 -5.963390e-02 -2.062257e-02 -2.464960e-02 -5.155182e-03 -4.474754e-02 -3.245834e-02 -3.465174e-03
<VARIANCE> 39
 1.394986e+01 1.562194e+01 1.878041e+01 2.239275e+01 6.137831e+01 4.328688e+01 4.698052e+01 3.986185e+01 3.337263e+01 3.169124e+01 4.155111e+01 4.154939e+01 6.876682e+00 2.328761e-01 4.487793e-01 6.429538e-01 1.085416e+00 1.233207e+00 1.477826e+00 1.873172e+00 1.895786e+00 1.768786e+00 1.691839e+00 1.955345e+00 1.591221e+00 1.339699e-01 4.913933e-02 7.847187e-02 1.205096e-01 2.058663e-01 2.335662e-01 2.881486e-01 3.729832e-01 3.766745e-01 3.718454e-01 3.256635e-01 4.016324e-01 3.366285e-01 2.981609e-02
<GCONST> 9.279830e+01
<STATE> 3
<NUMMIXES> 2
<MIXTURE> 1 4.859921e-01
<MEAN> 39
 -4.927442e+00 -4.797985e-01 1.473577e+00 -6.384863e-01 -1.669838e+00 2.468540e+00 -1.527162e+00 -4.516488e+00 2.385166e+00 -4.284677e+00 1.246081e+00 -4.569443e-01 4.159278e+00 -5.223151e-02 1.487204e-01 1.988019e-01 1.884307e-01 3.831797e-01 5.096361e-02 3.016595e-01 3.711029e-01 1.112152e-01 1.273491e-01 2.212914e-01 3.595684e-02 4.334113e-02 -3.217461e-02 5.863112e-02 7.885751e-02 7.214487e-02 1.212215e-01 7.272619e-02 1.517428e-01 1.097700e-01 3.479266e-02 5.129575e-02 1.029349e-01 6.164844e-02 3.573028e-02
<VARIANCE> 39
 9.083085e+00 1.936446e+01 1.104955e+01 1.504568e+01 1.473451e+01 1.955344e+01 1.600767e+01 1.765935e+01 2.446006e+01 2.322062e+01 2.185945e+01 1.877881e+01 4.641277e+00 6.224649e-01 3.533746e-01 4.701239e-01 7.356853e-01 1.127043e+00 1.683954e+00 1.339525e+00 1.267023e+00 1.736044e+00 1.899472e+00 1.885059e+00 1.309834e+00 2.357645e-01 1.339633e-01 6.898101e-02 9.455731e-02 1.550074e-01 2.515122e-01 3.609578e-01 2.823479e-01 2.824233e-01 3.580886e-01 3.703395e-01 3.798272e-01 2.562392e-01 5.119541e-02
<GCONST> 8.525121e+01
<MIXTURE> 2 5.140054e-01
<MEAN> 39
 -5.109907e+00 -4.539230e-01 2.049193e+00 4.778989e-01 -3.319157e-02 3.489004e+00 3.557036e-01 -3.009820e+00 2.635961e+00 -3.708030e+00 2.611104e+00 1.581088e-03 4.500097e+00 1.106867e-01 -1.713060e-01 -1.866752e-01 -2.359883e-01 -3.375999e-01 -8.797107e-02 -3.033183e-01 -3.154291e-01 -5.241650e-02 -8.818405e-02 -2.711154e-01 2.847666e-02 -1.182245e-01 3.467577e-02 -4.740533e-02 -6.800292e-02 -7.548153e-02 -1.062362e-01 -8.736026e-02 -1.391260e-01 -7.455139e-02 -3.751787e-02 -2.760560e-02 -9.991950e-02 -7.034789e-02 -4.137890e-02
<VARIANCE> 39
 8.221888e+00 2.083021e+01 1.128873e+01 1.421152e+01 1.410613e+01 1.941506e+01 1.632129e+01 1.694183e+01 2.180730e+01 2.164049e+01 1.921309e+01 1.647180e+01 4.318928e+00 4.605264e-01 4.044924e-01 4.993575e-01 8.039271e-01 1.087147e+00 1.658671e+00 1.552887e+00 1.346600e+00 1.563461e+00 1.757216e+00 1.782715e+00 1.259517e+00 1.990865e-01 1.160872e-01 8.224952e-02 9.407167e-02 1.622462e-01 2.425478e-01 3.362401e-01 3.070267e-01 2.790102e-01 3.388504e-01 3.394413e-01 3.695293e-01 2.624128e-01 4.804927e-02
<GCONST> 8.412071e+01
<STATE> 4
<NUMMIXES> 2
<MIXTURE> 1 4.238450e-01
<MEAN> 39
 3.787743e-01 -2.354410e-01 -4.379484e-01 -9.599456e-01 -1.720301e+00 -8.004332e-01 -1.561989e-01 -4.107251e-01 -6.011839e-01 3.730672e-02 -8.084988e-01 -1.272844e-01 -4.416685e-01 1.912296e-02 1.133659e-01 1.760681e-01 1.890353e-01 2.367737e-01 2.216453e-01 2.386621e-01 2.264410e-01 2.328705e-01 1.611600e-01 1.526659e-01 9.495299e-02 4.966778e-02 2.661499e-02 5.802142e-02 7.372892e-02 9.031177e-02 1.115261e-01 1.225578e-01 1.473075e-01 1.394543e-01 1.240493e-01 1.067319e-01 6.760518e-02 4.010198e-02 5.648415e-04
<VARIANCE> 39
 2.836624e+01 2.067093e+01 3.033546e+01 4.161839e+01 3.192813e+01 4.131548e+01 3.124879e+01 3.734885e+01 4.880643e+01 4.544344e+01 3.810997e+01 3.793200e+01 1.932474e+01 5.592283e-01 5.873892e-01 7.953200e-01 1.202178e+00 1.241339e+00 1.652004e+00 1.488842e+00 1.744274e+00 1.891399e+00 1.841798e+00 1.773126e+00 1.518836e+00 3.313472e-01 9.842095e-02 1.030449e-01 1.513748e-01 2.086909e-01 2.441977e-01 3.160906e-01 2.962297e-01 3.209872e-01 3.547405e-01 3.568055e-01 3.540445e-01 2.895210e-01 5.558893e-02
<GCONST> 9.883448e+01
<MIXTURE> 2 5.761527e-01
<MEAN> 39
 3.176259e+00 7.403960e-01 -8.709010e-01 5.846649e-01 -3.627959e-01 -1.034467e+00 1.944565e+00 2.880647e+00 -1.042379e+00 2.666251e+00 -2.224435e-01 -8.713551e-01 -2.552830e+00 6.627668e-02 -4.025512e-02 -1.688816e-01 -1.005149e-01 -1.799453e-01 -1.841219e-01 -1.852242e-01 -1.434373e-01 -2.013192e-01 -9.864134e-02 -9.413361e-02 -1.069936e-01 -1.061705e-01 -2.132885e-02 -4.307568e-02 -5.481824e-02 -6.343764e-02 -8.295403e-02 -8.855522e-02 -1.091736e-01 -1.065305e-01 -9.099219e-02 -8.149169e-02 -4.688087e-02 -3.265208e-02 1.262918e-03
<VARIANCE> 39
 2.103590e+01 1.889066e+01 3.311937e+01 4.652196e+01 3.284913e+01 3.554874e+01 2.637086e+01 3.358394e+01 4.213303e+01 3.683507e+01 3.779263e+01 4.236300e+01 1.439276e+01 1.602138e-01 3.404739e-01 4.762216e-01 7.176802e-01 9.262457e-01 1.233264e+00 1.295436e+00 1.378715e+00 1.507522e+00 1.548568e+00 1.340596e+00 1.202382e+00 7.430724e-02 2.794248e-02 5.726219e-02 8.891646e-02 1.311749e-01 1.739208e-01 2.333423e-01 2.363032e-01 2.520801e-01 2.848141e-01 2.952941e-01 2.546216e-01 2.342163e-01 1.063719e-02
<GCONST> 8.494752e+01
<TRANSP> 5
 0.000000e+00 1.000000e+00 0.000000e+00 0.000000e+00 0.000000e+00
 0.000000e+00 9.889079e-01 1.109207e-02 0.000000e+00 0.000000e+00
 0.000000e+00 0.000000e+00 9.847234e-01 1.527653e-02 0.000000e+00
 0.000000e+00 0.000000e+00 0.000000e+00 9.953358e-01 4.664223e-03
 0.000000e+00 0.000000e+00 0.000000e+00 0.000000e+00 0.000000e+00
<ENDHMM>
~h "pw"
<BEGINHMM>
<NUMSTATES> 5
<STATE> 2
<NUMMIXES> 2
<MIXTURE> 1 6.232691e-01
<MEAN> 39
 -7.909139e-02 1.594311e+00 1.487393e-01 1.480932e-01 6.809573e-01 1.394410e+00 9.730724e-01 1.017814e+00 5.229771e-01 2.460262e-01 1.166238e-01 -2.918709e-01 -2.055470e+00 1.333471e-01 2.086394e-01 5.673882e-02 6.014310e-02 1.294426e-01 1.903617e-01 1.762100e-01 1.793299e-01 1.031595e-01 1.193350e-01 8.159754e-02 4.949884e-02 -2.324446e-01 -3.574341e-02 -1.150030e-02 1.547006e-02 1.088600e-02 -2.607577e-02 -4.632271e-02 -1.871939e-02 -3.353100e-03 -1.213328e-02 7.873314e-03 -7.850919e-03 2.308734e-02 3.085385e-02
<VARIANCE> 39
 1.178605e+01 1.551531e+01 9.084226e+00 9.551496e+00 1.186416e+01 1.247944e+01 1.425845e+01 1.661085e+01 1.510091e+01 1.383647e+01 1.366445e+01 1.157940e+01 1.477688e+01 2.870218e-01 3.839374e-01 4.864566e-01 7.094496e-01 9.097258e-01 1.059255e+00 1.202191e+00 1.341156e+00 1.405348e+00 1.290025e+00 1.329236e+00 1.190530e+00 1.658391e-01 4.623313e-02 7.270221e-02 1.017706e-01 1.459157e-01 1.857194e-01 2.227766e-01 2.537850e-01 2.901388e-01 2.997918e-01 2.680546e-01 2.840549e-01 2.400765e-01 2.336280e-02
<GCONST> 7.667965e+01
<MIXTURE> 2 3.767307e-01
<MEAN> 39
 -2.152623e+00 -2.625523e-01 2.684411e-01 3.107464e-01 -6.057508e-02 -1.522342e-01 2.659715e-01 4.903182e-01 9.411073e-02 1.265485e-01 -2.789124e-01 1.851269e-01 9.526798e-01 -2.404231e-01 -3.671803e-01 -8.381541e-02 -9.875391e-02 -2.158216e-01 -3.384870e-01 -2.945412e-01 -3.099485e-01 -1.707772e-01 -1.964693e-01 -1.315589e-01 -7.840260e-02 4.232703e-01 5.633088e-02 1.150868e-02 -3.200527e-02 -1.897287e-02 3.607023e-02 6.721197e-02 2.436177e-02 2.972936e-03 1.645141e-02 -1.073253e-02 9.598768e-03 -3.679514e-02 -3.747533e-02
<VARIANCE> 39
 1.618191e+01 2.442250e+01 1.291447e+01 1.368249e+01 1.729586e+01 2.095329e+01 1.921315e+01 1.986245e+01 1.723612e+01 1.699713e+01 1.496007e+01 1.364265e+01 2.610340e+01 9.270132e-01 1.198571e+00 1.070469e+00 1.194565e+00 1.460465e+00 1.783193e+00 1.709620e+00 1.734068e+00 1.768408e+00 1.647958e+00 1.609246e+00 1.339056e+00 9.416909e-01 1.625949e-01 2.296326e-01 1.937274e-01 2.299468e-01 2.903207e-01 3.779205e-01 3.581035e-01 3.465091e-01 3.520541e-01 3.273655e-01 3.199151e-01 2.792295e-01 1.836690e-01
<GCONST> 9.613507e+01
<STATE> 3
<NUMMIXES> 2
<MIXTURE> 1 7.636103e-01
<MEAN> 39
 1.124809e+00 -2.947189e+00 -9.980465e-01 -3.950507e-01 -4.887611e-01 -2.340403e+00 -2.366586e+00 -3.313012e+00 -1.773435e+00 -1.229796e+00 3.738068e-02 1.891109e-01 4.669244e+00 1.483072e-01 2.347907e-01 6.655195e-02 8.925735e-02 1.467799e-01 1.976270e-01 1.189909e-01 1.300629e-01 8.857597e-03 5.126126e-02 2.000843e-02 3.871911e-02 -6.913546e-01 -2.643940e-02 2.014885e-02 1.550322e-02 3.586015e-03 -2.666636e-02 -2.681376e-02 4.714793e-03 3.620656e-02 2.735414e-02 2.040911e-02 -2.330067e-02 2.435852e-03 1.110067e-02
<VARIANCE> 39
 1.459821e+01 2.380401e+01 1.167200e+01 1.119895e+01 1.340803e+01 2.035174e+01 2.068726e+01 2.388425e+01 1.746571e+01 1.468158e+01 1.321816e+01 1.211555e+01 6.178935e+01 2.212259e-01 3.389718e-01 4.629745e-01 6.455044e-01 9.003068e-01 1.048031e+00 1.202823e+00 1.408668e+00 1.437910e+00 1.295302e+00 1.229127e+00 1.120759e+00 1.462310e-01 3.991598e-02 6.449647e-02 9.375004e-02 1.272612e-01 1.884430e-01 2.203697e-01 2.490206e-01 2.963504e-01 3.022352e-01 2.671077e-01 2.552617e-01 2.363350e-01 3.263492e-02
<GCONST> 7.972445e+01
<MIXTURE> 2 2.363919e-01
<MEAN> 39
 -1.165798e+00 -1.357663e+00 1.150840e-01 -6.740376e-01 -2.308060e+00 -3.341266e+00 -2.160946e+00 -1.253276e+00 -2.655528e-01 -2.993243e-01 -9.437082e-01 1.047916e-01 6.267260e+00 -4.209723e-01 -9.147179e-01 -2.358702e-01 -2.509356e-01 -4.877751e-01 -7.511643e-01 -5.345065e-01 -6.174111e-01 -1.583360e-01 -2.348185e-01 -6.116503e-02 -8.137960e-02 2.352217e+00 1.152475e-01 -1.762405e-02 -4.068768e-02 -4.322798e-03 1.262978e-01 1.492538e-01 3.091617e-02 -7.982781e-02 -6.662875e-02 -4.973098e-02 8.479629e-02 -2.332967e-02 -1.244401e-01
<VARIANCE> 39
 1.955643e+01 3.212845e+01 1.477792e+01 1.476659e+01 2.232325e+01 3.438903e+01 2.721337e+01 2.980266e+01 1.826813e+01 1.883791e+01 1.684822e+01 1.559668e+01 1.145559e+02 1.541981e+00 2.257222e+00 1.389454e+00 1.404269e+00 2.656752e+00 3.596359e+00 2.814595e+00 2.565264e+00 1.843801e+00 1.958470e+00 1.836648e+00 1.856911e+00 7.606889e+00 2.678179e-01 4.456874e-01 2.465313e-01 2.723086e-01 5.231315e-01 7.199185e-01 5.452213e-01 4.817444e-01 3.375460e-01 3.872760e-01 3.524260e-01 3.709634e-01 1.902248e+00
<GCONST> 1.131239e+02
<STATE> 4
<NUMMIXES> 2
<MIXTURE> 1 6.934835e-01
<MEAN> 39
 8.773928e-01 1.219561e+00 2.003021e-01 1.198199e-01 5.611210e-01 1.295939e+00 8.666328e-01 8.793430e-01 3.718293e-01 3.615989e-01 2.701773e-01 -6.787615e-02 -2.620273e+00 1.230973e-01 1.880231e-01 1.562868e-02 1.092902e-02 6.916901e-02 1.504878e-01 1.276721e-01 1.264113e-01 6.978105e-02 6.664925e-02 1.953246e-02 -2.722235e-03 -2.604793e-01 -2.885110e-02 -1.665563e-02 9.259232e-04 -2.982569e-03 -3.638276e-02 -5.229588e-02 -2.680580e-02 -7.992941e-03 -7.499224e-03 -8.783259e-03 -1.965649e-02 1.023741e-02 3.295476e-02
<VARIANCE> 39
 1.160324e+01 1.403529e+01 8.759331e+00 9.436654e+00 1.142238e+01 1.437359e+01 1.457711e+01 1.750585e+01 1.577257e+01 1.436913e+01 1.324088e+01 1.219095e+01 1.491232e+01 2.907922e-01 3.870681e-01 5.101404e-01 7.175551e-01 9.475815e-01 1.164860e+00 1.263420e+00 1.390079e+00 1.424521e+00 1.392088e+00 1.312577e+00 1.205748e+00 1.714402e-01 4.689004e-02 7.138319e-02 9.870744e-02 1.417746e-01 1.871708e-01 2.346438e-01 2.546995e-01 2.818280e-01 2.898870e-01 2.889565e-01 2.665526e-01 2.450591e-01 2.348349e-02
<GCONST> 7.720222e+01
<MIXTURE> 2 3.065289e-01
<MEAN> 39
 -1.334717e+00 -1.738253e+00 -7.838611e-02 -1.537453e-01 -1.014524e+00 -1.794848e+00 -9.064352e-01 -6.470816e-01 -1.020910e-01 -2.154448e-01 -3.997354e-01 1.579066e-01 2.805565e+00 -2.564289e-01 -4.095332e-01 -3.282407e-02 -3.564999e-02 -1.514209e-01 -3.075449e-01 -2.607026e-01 -2.507004e-01 -1.331206e-01 -1.387919e-01 -3.992699e-02 -8.476616e-03 5.413901e-01 6.715053e-02 3.405395e-02 -3.191253e-03 4.163354e-03 7.953080e-02 1.157453e-01 5.622730e-02 1.187232e-02 1.220868e-02 1.765447e-02 4.558915e-02 -2.253144e-02 -7.179008e-02
<VARIANCE> 39
 1.838139e+01 2.479480e+01 1.490885e+01 1.418246e+01 1.732103e+01 2.349544e+01 2.250015e+01 2.687586e+01 2.042785e+01 1.828545e+01 1.605889e+01 1.479512e+01 4.368706e+01 1.017554e+00 1.381291e+00 1.016361e+00 1.181068e+00 1.569481e+00 2.020700e+00 1.827106e+00 1.881159e+00 1.749240e+00 1.753932e+00 1.671051e+00 1.475750e+00 2.056343e+00 1.780726e-01 2.533471e-01 1.838111e-01 2.285569e-01 3.089671e-01 4.145423e-01 3.749727e-01 3.829496e-01 3.563936e-01 3.580024e-01 3.403482e-01 3.094652e-01 3.573449e-01
<GCONST> 1.007908e+02
<TRANSP> 5
 0.000000e+00 1.000000e+00 0.000000e+00 0.000000e+00 0.000000e+00
 0.000000e+00 9.932973e-01 6.702653e-03 0.000000e+00 0.000000e+00
 0.000000e+00 0.000000e+00 9.895900e-01 1.041002e-02 0.000000e+00
 0.000000e+00 0.000000e+00 0.000000e+00 9.972437e-01 2.756282e-03
 0.000000e+00 0.000000e+00 0.000000e+00 0.000000e+00 0.000000e+00
<ENDHMM>
~h "si"
<BEGINHMM>
<NUMSTATES> 5
<STATE> 2
<NUMMIXES> 2
<MIXTURE> 1 7.241974e-01
<MEAN> 39
 4.744662e-01 6.739352e-01 3.511374e-01 4.855879e-01 4.528029e-01 3.972234e-01 1.890337e-01 5.384915e-03 -8.806948e-02 -2.823270e-01 -2.999063e-01 -8.537864e-02 -6.127118e-01 3.670622e-02 6.572296e-02 2.484710e-02 4.454443e-02 7.880784e-02 1.248204e-01 1.116427e-01 1.326279e-01 7.448754e-02 6.648981e-02 4.583053e-02 4.881171e-03 -1.076362e-01 -1.273405e-02 -1.114365e-02 -6.455355e-03 -8.770369e-03 -1.624367e-02 -2.321549e-02 -1.995761e-02 -1.149506e-02 8.592692e-04 4.883104e-03 3.178791e-03 5.638922e-03 1.150170e-02
<VARIANCE> 39
 1.011378e+01 7.284744e+00 8.024749e+00 9.991997e+00 1.260041e+01 1.375027e+01 1.464385e+01 1.666675e+01 1.548373e+01 1.467253e+01 1.400995e+01 1.287511e+01 1.030498e+01 1.649393e-01 2.784501e-01 4.431621e-01 6.511225e-01 8.610903e-01 1.037488e+00 1.204127e+00 1.287883e+00 1.333967e+00 1.338412e+00 1.301573e+00 1.149384e+00 7.938750e-02 2.592466e-02 4.997284e-02 8.515466e-02 1.277897e-01 1.724876e-01 2.055316e-01 2.420050e-01 2.593972e-01 2.678040e-01 2.702918e-01 2.628351e-01 2.323801e-01 9.546004e-03
<GCONST> 7.106805e+01
<MIXTURE> 2 2.758114e-01
<MEAN> 39
 -1.489620e+00 -1.112008e+00 1.790250e-01 -5.236137e-02 -8.802146e-01 -1.584284e+00 -1.006831e+00 -1.686260e+00 1.146109e-02 -2.489707e-01 -4.034790e-01 5.327577e-01 3.057617e+00 -1.031342e-01 -1.785959e-01 -1.022858e-01 -1.669150e-01 -2.379200e-01 -3.031183e-01 -2.461237e-01 -2.639878e-01 -1.493313e-01 -1.119913e-01 -8.157611e-02 -1.494634e-02 1.840529e-01 3.577354e-02 3.002291e-02 1.412268e-02 2.091493e-02 4.231764e-02 6.319623e-02 5.138359e-02 3.060449e-02 -1.565592e-03 -8.590925e-03 -2.520803e-03 -1.433058e-02 -3.347397e-02
<VARIANCE> 39
 1.858176e+01 1.986110e+01 1.762157e+01 1.793941e+01 2.416483e+01 2.393329e+01 2.284101e+01 2.512063e+01 2.033972e+01 2.031536e+01 1.909853e+01 1.619183e+01 2.319304e+01 6.932156e-01 9.138564e-01 8.672887e-01 1.093427e+00 1.359578e+00 1.633534e+00 1.666866e+00 1.720300e+00 1.663295e+00 1.657809e+00 1.574743e+00 1.359825e+00 7.330671e-01 1.112607e-01 1.645158e-01 1.618863e-01 2.127767e-01 2.684991e-01 3.383740e-01 3.417607e-01 3.478473e-01 3.365684e-01 3.354920e-01 3.171346e-01 2.690896e-01 1.174723e-01
<GCONST> 9.508469e+01
<STATE> 3
<NUMMIXES> 2
<MIXTURE> 1 4.952795e-01
<MEAN> 39
 6.376659e-01 -7.247347e-02 -3.904799e-01 -5.634721e-01 -2.721669e-01 6.874946e-02 -3.259681e-01 1.568107e-01 -3.689896e-01 -1.242340e-01 2.935430e-02 -3.322699e-01 -1.064388e+00 7.216621e-02 1.543732e-01 2.203793e-01 2.901216e-01 3.492539e-01 3.734962e-01 3.708915e-01 3.643788e-01 3.231098e-01 2.659056e-01 1.865965e-01 9.549812e-02 1.236902e-02 1.398852e-02 3.062906e-02 4.446845e-02 5.279756e-02 5.587739e-02 5.686130e-02 5.732530e-02 5.622458e-02 5.239127e-02 3.961986e-02 2.482540e-02 1.153768e-02 8.759589e-03
<VARIANCE> 39
 3.303953e+00 4.002993e+00 6.095706e+00 7.784441e+00 1.122701e+01 1.222267e+01 1.315818e+01 1.472527e+01 1.419138e+01 1.429591e+01 1.354447e+01 1.214268e+01 2.106916e+00 1.244998e-01 2.399612e-01 4.052603e-01 5.769560e-01 7.912459e-01 9.458923e-01 1.090674e+00 1.230762e+00 1.275326e+00 1.338780e+00 1.271784e+00 1.130654e+00 4.137856e-02 2.427242e-02 5.139504e-02 9.074734e-02 1.334659e-01 1.844230e-01 2.204754e-01 2.501037e-01 2.778328e-01 2.799681e-01 2.913329e-01 2.711816e-01 2.346369e-01 7.246213e-03
<GCONST> 6.506409e+01
<MIXTURE> 2 5.046844e-01
<MEAN> 39
 7.960752e-01 3.468446e-01 1.871634e-01 1.486202e-01 4.623702e-01 8.265236e-01 4.470696e-01 9.009047e-01 3.141038e-01 3.871908e-01 3.485347e-01 -1.905354e-01 -9.830881e-01 -7.617949e-02 -1.483204e-01 -2.328260e-01 -2.969778e-01 -3.518896e-01 -3.684672e-01 -3.676289e-01 -3.501387e-01 -3.216108e-01 -2.608707e-01 -1.795934e-01 -9.309179e-02 -2.810385e-02 -1.771314e-02 -3.046470e-02 -4.262360e-02 -5.058705e-02 -5.579415e-02 -5.955914e-02 -5.838253e-02 -5.908532e-02 -5.247870e-02 -4.108615e-02 -2.693075e-02 -1.002767e-02 -3.553508e-03
<VARIANCE> 39
 3.541350e+00 4.083188e+00 5.907052e+00 7.626613e+00 1.087353e+01 1.202700e+01 1.285309e+01 1.437311e+01 1.424035e+01 1.420094e+01 1.333191e+01 1.177500e+01 2.281117e+00 1.346934e-01 2.533989e-01 4.121910e-01 5.874128e-01 8.040088e-01 9.695526e-01 1.122979e+00 1.237162e+00 1.292858e+00 1.358457e+00 1.293887e+00 1.127222e+00 4.859302e-02 2.505490e-02 5.182658e-02 8.833006e-02 1.293739e-01 1.807510e-01 2.176152e-01 2.482055e-01 2.728660e-01 2.826238e-01 2.896778e-01 2.690808e-01 2.291334e-01 8.160005e-03
<GCONST> 6.549572e+01
<STATE> 4
<NUMMIXES> 2
<MIXTURE> 1 7.481072e-01
<MEAN> 39
 -6.608288e-01 1.589283e-01 -4.361883e-02 1.131797e-01 5.019022e-04 -1.042603e-01 2.613223e-01 -7.901315e-02 1.652536e-01 8.576038e-02 -4.209557e-03 2.109065e-01 1.791098e-01 7.021871e-02 9.415094e-02 1.707636e-02 3.169988e-02 5.162360e-02 8.952263e-02 4.745398e-02 7.620777e-02 2.542548e-02 2.748394e-02 1.773524e-02 -1.449461e-02 -1.303751e-01 -1.533860e-02 -1.083532e-02 -3.984259e-03 -6.790181e-03 -1.582051e-02 -1.876891e-02 -1.326329e-02 -1.111316e-02 -2.530072e-03 3.831917e-03 -6.976421e-04 2.670792e-03 1.830743e-02
<VARIANCE> 39
 1.114440e+01 1.015605e+01 8.304236e+00 1.086876e+01 1.338790e+01 1.489793e+01 1.616048e+01 1.813925e+01 1.634476e+01 1.544259e+01 1.440766e+01 1.333997e+01 1.325214e+01 2.183316e-01 3.287828e-01 4.902514e-01 7.102309e-01 9.194887e-01 1.120355e+00 1.281153e+00 1.379568e+00 1.418265e+00 1.420508e+00 1.316517e+00 1.180261e+00 1.346882e-01 3.267106e-02 5.911469e-02 9.346608e-02 1.380599e-01 1.813610e-01 2.236474e-01 2.570212e-01 2.778437e-01 2.861646e-01 2.868062e-01 2.650891e-01 2.373028e-01 1.532488e-02
<GCONST> 7.541681e+01
<MIXTURE> 2 2.519333e-01
<MEAN> 39
 -3.020923e+00 -2.255395e+00 -4.211852e-01 -2.562867e-01 -1.082604e+00 -2.373537e+00 -6.548794e-01 -1.732783e+00 -5.802621e-02 -8.877224e-02 -3.995281e-03 9.292021e-01 5.297311e+00 -2.660652e-01 -2.833099e-01 -2.781177e-02 -7.625138e-02 -1.580730e-01 -3.048626e-01 -1.557460e-01 -2.758568e-01 -5.949925e-02 -7.566909e-02 -4.024915e-02 7.457020e-02 5.324537e-01 5.430217e-02 3.203474e-02 1.466426e-02 2.093023e-02 5.034485e-02 6.332882e-02 4.294022e-02 3.719914e-02 9.766171e-03 -1.015407e-02 3.160541e-03 -1.260890e-02 -5.505333e-02
<VARIANCE> 39
 2.673653e+01 2.972461e+01 1.811826e+01 1.946379e+01 2.497933e+01 2.555038e+01 2.550556e+01 2.993450e+01 2.464035e+01 2.156281e+01 2.076562e+01 1.975143e+01 4.544264e+01 1.223966e+00 1.360841e+00 1.071562e+00 1.329566e+00 1.686194e+00 1.950358e+00 1.980245e+00 2.156636e+00 1.991827e+00 1.858324e+00 1.736271e+00 1.533715e+00 1.877066e+00 2.042254e-01 2.368230e-01 1.918826e-01 2.538031e-01 3.176511e-01 3.854695e-01 3.818790e-01 4.278342e-01 3.912359e-01 3.690372e-01 3.437629e-01 3.062007e-01 3.244146e-01
<GCONST> 1.045748e+02
<TRANSP> 5
 0.000000e+00 1.000000e+00 0.000000e+00 0.000000e+00 0.000000e+00
 0.000000e+00 9.866462e-01 1.335381e-02 0.000000e+00 0.000000e+00
 0.000000e+00 0.000000e+00 9.923489e-01 7.651060e-03 0.000000e+00
 0.000000e+00 0.000000e+00 0.000000e+00 9.858542e-01 1.414579e-02
 0.000000e+00 0.000000e+00 0.000000e+00 0.000000e+00 0.000000e+00
<ENDHMM>
~h "st"
<BEGINHMM>
<NUMSTATES> 5
<STATE> 2
<NUMMIXES> 2
<MIXTURE> 1 6.693456e-01
<MEAN> 39
 -1.027067e+00 -3.289165e+00 1.208013e+00 -3.095509e+00 -1.671841e+00 -4.768362e+00 -2.624630e+00 -2.319052e-01 2.427607e-01 -5.362035e-01 2.001725e-01 -2.288236e-02 8.246698e+00 2.244152e-01 6.797650e-02 2.392467e-01 1.598919e-01 2.142009e-01 3.118963e-01 3.780928e-01 8.498652e-02 1.275373e-01 2.144517e-02 5.832870e-03 1.025704e-01 -5.906150e-01 1.913885e-02 1.241631e-01 -4.766864e-02 1.107134e-01 1.027201e-01 1.090983e-01 2.823759e-02 -2.194620e-02 -4.296124e-02 -4.275082e-02 -3.275144e-02 -1.802395e-02 -2.095020e-01
<VARIANCE> 39
 1.560710e+01 1.659102e+01 1.303320e+01 1.902990e+01 2.158532e+01 2.530239e+01 2.026548e+01 2.307311e+01 1.828999e+01 1.976754e+01 1.818306e+01 1.368277e+01 5.721722e+01 3.112890e-01 4.895811e-01 7.419590e-01 9.234192e-01 1.280991e+00 1.551091e+00 1.536971e+00 1.917968e+00 1.474815e+00 1.798731e+00 1.600987e+00 1.369371e+00 4.414033e-01 6.867217e-02 1.428655e-01 1.191534e-01 1.959881e-01 2.506863e-01 3.373248e-01 3.070215e-01 3.837215e-01 2.847200e-01 3.278954e-01 2.971775e-01 2.439516e-01 2.606277e-01
<GCONST> 9.177235e+01
<MIXTURE> 2 3.306541e-01
<MEAN> 39
 -1.225268e+00 -6.820984e-01 -4.772761e-01 -1.342117e+00 -9.148154e-01 -2.312632e+00 -1.785945e+00 5.056459e-01 5.575442e-01 -3.890957e-01 2.080688e-01 -1.310530e-01 3.856612e+00 -6.870921e-01 -1.194065e+00 1.523613e-01 -1.193087e+00 -9.318321e-01 -1.682099e+00 -1.040874e+00 -2.406148e-01 -1.059234e-01 -2.258830e-01 -1.826611e-02 -8.268718e-02 3.198242e+00 1.583666e-01 2.099129e-02 6.119690e-02 8.298027e-02 9.883242e-02 2.130081e-01 2.059314e-01 5.129258e-02 4.352272e-02 1.382216e-01 -1.239251e-03 4.464484e-02 -2.651042e-01
<VARIANCE> 39
 1.966900e+01 2.078210e+01 1.445032e+01 2.656415e+01 2.439509e+01 3.791356e+01 3.058360e+01 2.598659e+01 1.794749e+01 1.838589e+01 2.028056e+01 1.512280e+01 8.430910e+01 2.060220e+00 1.868276e+00 1.650657e+00 2.306060e+00 2.870439e+00 3.132552e+00 2.898388e+00 3.031941e+00 2.017924e+00 2.328310e+00 2.584512e+00 1.715134e+00 3.986203e+00 2.729347e-01 3.126400e-01 2.955900e-01 4.495476e-01 5.152451e-01 6.755564e-01 6.027972e-01 5.647254e-01 3.129016e-01 3.836513e-01 4.293874e-01 2.854802e-01 1.292730e+00
<GCONST> 1.140065e+02
<STATE> 3
<NUMMIXES> 2
<MIXTURE> 1 7.510297e-01
<MEAN> 39
 5.869646e-01 5.497451e-03 2.482945e-01 4.166287e-01 3.959338e-01 2.463711e-01 1.654623e-01 -1.242147e-01 -1.701033e-01 -6.735294e-02 -7.839949e-02 5.692021e-02 -7.926835e-01 1.179056e-01 1.240676e-01 -2.198101e-02 1.900938e-01 1.470782e-01 1.928211e-01 1.018630e-01 4.195640e-02 -2.434329e-03 3.168888e-02 4.283414e-03 8.524319e-03 -4.794419e-01 -9.999937e-03 -1.204687e-02 -1.325611e-02 -1.882985e-02 -2.754549e-02 -2.541764e-02 -2.115912e-02 -1.612388e-03 -3.141306e-03 6.079845e-05 3.491950e-03 -5.096818e-03 2.838657e-02
<VARIANCE> 39
 1.261249e+01 1.303453e+01 1.093460e+01 1.634550e+01 1.501590e+01 1.961085e+01 1.645499e+01 1.752169e+01 1.745522e+01 1.684409e+01 1.471309e+01 1.353159e+01 3.142695e+01 2.195514e-01 3.273051e-01 5.008460e-01 6.968500e-01 8.851820e-01 1.093613e+00 1.237356e+00 1.373811e+00 1.372995e+00 1.432561e+00 1.399847e+00 1.237196e+00 1.857751e-01 3.568739e-02 6.005952e-02 9.854651e-02 1.396353e-01 1.779977e-01 2.241613e-01 2.576808e-01 2.840919e-01 2.841303e-01 2.956693e-01 2.935221e-01 2.549666e-01 2.030873e-02
<GCONST> 7.886142e+01
<MIXTURE> 2 2.489743e-01
<MEAN> 39
 -1.323522e+00 -2.774371e-02 -4.091292e-01 -1.414343e+00 -1.271836e+00 -9.113756e-01 -6.890103e-01 2.096322e-01 3.991455e-01 1.956277e-01 1.813994e-01 -1.394472e-01 2.432115e+00 -3.558197e-01 -3.303769e-01 6.637364e-02 -5.378640e-01 -4.308750e-01 -5.260414e-01 -2.778985e-01 -1.214333e-01 -3.722432e-03 -9.389725e-02 -1.985264e-02 -1.434912e-02 1.335544e+00 2.916882e-02 3.599625e-02 3.287194e-02 5.723486e-02 7.509968e-02 7.165099e-02 5.679278e-02 4.767990e-03 6.940313e-03 4.111198e-03 -3.583962e-03 1.634571e-02 -8.348834e-02
<VARIANCE> 39
 1.763575e+01 1.974488e+01 1.524658e+01 2.628730e+01 2.604901e+01 2.744905e+01 2.275052e+01 2.178218e+01 2.057951e+01 2.001498e+01 1.736623e+01 1.556206e+01 6.676110e+01 1.577833e+00 1.575950e+00 1.374556e+00 2.292032e+00 2.424552e+00 2.572076e+00 2.328338e+00 2.198662e+00 2.188167e+00 2.071138e+00 1.935147e+00 1.641290e+00 4.014886e+00 2.657591e-01 2.658544e-01 2.463094e-01 4.547262e-01 4.835696e-01 5.295762e-01 4.637731e-01 4.411290e-01 4.279911e-01 4.180942e-01 3.933250e-01 3.309383e-01 9.047939e-01
<GCONST> 1.100535e+02
<STATE> 4
<NUMMIXES> 2
<MIXTURE> 1 7.064419e-01
<MEAN> 39
 -9.123164e-03 4.704939e-01 -4.655764e-02 1.020737e+00 8.381584e-01 1.117952e+00 7.353701e-01 1.619071e-01 -1.980886e-02 1.031111e-01 1.005589e-01 1.135333e-01 -1.425861e+00 3.469582e-02 8.866417e-02 7.233625e-03 1.173870e-01 1.244655e-01 1.971096e-01 1.286535e-01 6.918857e-02 2.939420e-02 4.860551e-02 2.739315e-02 3.395130e-03 -1.945096e-01 -7.810662e-03 -1.510783e-02 -1.136304e-02 -3.541495e-02 -3.891201e-02 -4.243894e-02 -2.974464e-02 -3.443205e-03 -1.598791e-04 -5.256964e-03 -9.946404e-03 -5.782887e-03 2.284391e-02
<VARIANCE> 39
 5.146105e+00 5.107508e+00 6.843635e+00 9.207603e+00 1.174434e+01 1.351387e+01 1.362691e+01 1.464263e+01 1.443110e+01 1.442798e+01 1.307416e+01 1.182628e+01 6.725325e+00 1.862151e-01 2.934563e-01 4.701468e-01 6.790248e-01 9.053126e-01 1.083362e+00 1.207326e+00 1.348055e+00 1.417409e+00 1.447368e+00 1.338843e+00 1.160452e+00 1.002321e-01 2.938212e-02 5.164099e-02 8.961268e-02 1.262769e-01 1.792592e-01 2.171762e-01 2.429819e-01 2.708665e-01 2.894358e-01 3.016699e-01 2.717733e-01 2.377462e-01 1.138958e-02
<GCONST> 7.042401e+01
<MIXTURE> 2 2.935636e-01
<MEAN> 39
 -1.802318e-01 -5.921649e-01 -3.645679e-01 -1.752695e+00 -1.630727e+00 -1.662185e+00 -1.070891e+00 -2.296474e-01 8.432698e-02 -1.344271e-01 -2.319177e-01 -2.921890e-01 1.909627e+00 -8.310686e-02 -1.779100e-01 -5.375221e-02 -2.542278e-01 -2.636834e-01 -3.935793e-01 -2.769440e-01 -1.763070e-01 -7.371012e-02 -1.105707e-01 -6.658193e-02 -7.252926e-03 3.848900e-01 1.941162e-02 3.145955e-02 2.886745e-02 7.515281e-02 8.822370e-02 1.003729e-01 7.173099e-02 1.351739e-02 8.630193e-03 1.532428e-02 2.434370e-02 1.658404e-02 -4.730769e-02
<VARIANCE> 39
 1.209306e+01 1.322184e+01 1.280023e+01 1.859823e+01 1.943247e+01 2.294614e+01 2.096565e+01 2.105735e+01 1.830960e+01 1.618729e+01 1.517455e+01 1.389066e+01 2.007564e+01 7.724536e-01 9.671378e-01 9.953279e-01 1.570686e+00 1.679913e+00 1.944988e+00 1.890830e+00 1.880605e+00 1.813988e+00 1.603967e+00 1.500417e+00 1.469184e+00 1.146516e+00 1.335977e-01 1.787912e-01 1.915294e-01 3.012412e-01 3.309870e-01 4.001045e-01 3.809223e-01 3.855097e-01 3.692716e-01 3.213356e-01 3.063507e-01 2.993145e-01 2.040896e-01
<GCONST> 9.642243e+01
<TRANSP> 5
 0.000000e+00 1.000000e+00 0.000000e+00 0.000000e+00 0.000000e+00
 0.000000e+00 8.551401e-01 1.448599e-01 0.000000e+00 0.000000e+00
 0.000000e+00 0.000000e+00 9.920194e-01 7.980594e-03 0.000000e+00
 0.000000e+00 0.000000e+00 0.000000e+00 9.907308e-01 9.269243e-03
 0.000000e+00 0.000000e+00 0.000000e+00 0.000000e+00 0.000000e+00
<ENDHMM>
~h "spe"
<BEGINHMM>
<NUMSTATES> 5
<STATE> 2
<NUMMIXES> 2
<MIXTURE> 1 5.025636e-01
<MEAN> 39
 -1.940800e+00 2.625807e+00 6.718361e-01 1.742333e+00 1.496508e+00 1.603245e+00 2.751369e+00 6.707267e-01 -2.831455e-01 7.470952e-01 1.600968e+00 1.015512e+00 -4.403589e-01 -7.361871e-02 1.031018e-01 1.046200e-01 1.086848e-01 3.404630e-02 1.738259e-01 6.580773e-03 -6.040799e-02 4.037541e-02 1.051800e-01 1.436993e-01 6.299745e-02 -1.625874e-01 2.655251e-02 -4.364777e-02 -2.472124e-02 -1.580537e-02 -5.055417e-02 -5.859357e-02 -6.811588e-02 -9.640803e-04 2.464874e-03 -5.315217e-03 -3.150555e-02 -3.282385e-02 9.276749e-03
<VARIANCE> 39
 3.639785e+01 1.856580e+01 6.472591e+01 7.855419e+01 3.814608e+01 5.055979e+01 3.526889e+01 3.516960e+01 3.008323e+01 2.783759e+01 2.725113e+01 2.221199e+01 4.463962e+01 4.206728e-01 5.302088e-01 9.025797e-01 1.239873e+00 1.413332e+00 1.535928e+00 1.504246e+00 1.529949e+00 1.633678e+00 1.370002e+00 1.583396e+00 1.285440e+00 2.695030e-01 7.265816e-02 8.979892e-02 1.665572e-01 2.069098e-01 2.829239e-01 3.071867e-01 3.016371e-01 2.985099e-01 2.945050e-01 2.669102e-01 2.989986e-01 2.449570e-01 3.756765e-02
<GCONST> 9.708603e+01
<MIXTURE> 2 4.974361e-01
<MEAN> 39
 1.185208e+00 -1.997652e+00 -1.214285e-01 -3.548252e+00 -1.919399e+00 -1.748632e+00 -2.293361e+00 1.991057e-02 3.079130e-01 -1.371482e-01 -1.398010e+00 -9.282395e-01 1.758491e+00 1.601965e-01 -3.942204e-01 5.959066e-02 -3.144975e-01 -1.942625e-01 -2.969812e-01 -1.821877e-01 8.778659e-02 1.815404e-02 2.725997e-02 -1.962041e-01 -1.498499e-01 5.673621e-01 -3.493144e-02 2.649960e-02 2.661664e-02 5.157601e-02 5.665709e-02 5.692179e-02 6.786545e-02 -1.905500e-02 -1.362806e-02 -5.210120e-03 1.498554e-02 4.443522e-02 -2.146601e-02
<VARIANCE> 39
 2.030681e+01 3.596464e+01 6.384109e+01 4.360582e+01 4.497943e+01 4.900230e+01 4.621434e+01 6.705827e+01 4.393024e+01 3.921877e+01 3.345164e+01 3.316679e+01 1.491423e+01 1.216483e+00 1.962350e+00 2.309941e+00 2.692716e+00 3.168518e+00 2.874748e+00 3.133832e+00 4.016706e+00 3.781881e+00 3.037790e+00 2.756359e+00 2.495435e+00 7.801646e-01 1.435998e-01 2.757225e-01 2.766904e-01 4.168376e-01 4.322170e-01 5.064555e-01 4.844393e-01 6.618311e-01 6.369804e-01 5.387258e-01 5.028459e-01 4.732506e-01 1.029042e-01
<GCONST> 1.178415e+02
<STATE> 3
<NUMMIXES> 2
<MIXTURE> 1 4.770408e-01
<MEAN> 39
 -1.349444e+00 1.510828e+00 8.948926e-01 -2.716864e-01 -1.087103e+00 -2.667814e+00 -1.501284e+00 -1.477681e+00 -1.256230e+00 -5.509536e-01 8.209869e-01 1.027194e+00 1.911782e+00 -1.128424e-01 -2.255595e-02 -1.382817e-02 -9.538903e-02 -1.060506e-01 1.974504e-02 2.511027e-01 3.152152e-01 3.181490e-01 2.602298e-01 1.763290e-01 4.878595e-02 1.051231e-01 4.322924e-02 -2.551464e-02 1.609632e-02 2.321197e-02 8.695567e-02 1.194517e-01 5.186648e-02 5.556413e-02 1.804625e-03 -3.331894e-02 -7.684501e-02 -8.501409e-02 1.129656e-02
<VARIANCE> 39
 2.423796e+01 3.111326e+01 4.265247e+01 2.893559e+01 5.198664e+01 3.859569e+01 2.603048e+01 3.488111e+01 2.559279e+01 3.005930e+01 2.606700e+01 2.515899e+01 8.816825e+00 9.566215e-01 1.313200e+00 1.437487e+00 1.449650e+00 2.274727e+00 2.085462e+00 1.661743e+00 2.194580e+00 1.947971e+00 2.011957e+00 1.763965e+00 1.920946e+00 2.832359e-01 1.124712e-01 1.733174e-01 1.963248e-01 2.312527e-01 3.670093e-01 3.405299e-01 3.327926e-01 4.080858e-01 3.790250e-01 4.162023e-01 3.252183e-01 3.265277e-01 3.741933e-02
<GCONST> 1.018013e+02
<MIXTURE> 2 5.229595e-01
<MEAN> 39
 2.220938e+00 -2.784458e+00 1.575832e+00 -1.876243e+00 -7.357721e-01 9.429303e-01 -2.618476e+00 -4.640339e-01 -1.729088e+00 -1.029519e+00 -1.517116e+00 -2.604427e+00 3.424618e+00 4.212558e-02 1.317047e-01 -2.940375e-02 1.967966e-01 1.536029e-01 -3.872767e-02 -1.911072e-01 -3.400300e-01 -3.407455e-01 -2.947067e-01 -1.713435e-01 -3.669355e-02 -1.859434e-01 -4.329137e-02 3.734928e-02 -2.870791e-02 -1.783295e-02 -7.032701e-02 -1.004556e-01 -2.285849e-02 -3.806918e-02 1.209844e-02 3.726263e-02 7.007704e-02 7.905555e-02 -2.695680e-02
<VARIANCE> 39
 7.384635e+00 2.381054e+01 5.809072e+01 2.748719e+01 5.749485e+01 3.847143e+01 2.391592e+01 4.307901e+01 2.967906e+01 2.798041e+01 3.573494e+01 2.525507e+01 1.258311e+01 2.330411e-01 5.706165e-01 7.869478e-01 9.251471e-01 1.517163e+00 1.426563e+00 1.414618e+00 1.675131e+00 1.525643e+00 1.575623e+00 1.574030e+00 1.422707e+00 1.578993e-01 3.522718e-02 7.827152e-02 1.217320e-01 1.694089e-01 2.501214e-01 2.603178e-01 2.682815e-01 3.286894e-01 3.326349e-01 3.092974e-01 3.019096e-01 2.588928e-01 1.814300e-02
<GCONST> 9.029098e+01
<STATE> 4
<NUMMIXES> 2
<MIXTURE> 1 5.579582e-01
<MEAN> 39
 -1.265190e+00 1.523300e+00 -1.867617e+00 1.889448e+00 2.433215e+00 1.558956e+00 2.922427e+00 5.232590e-01 6.163990e-01 5.011058e-01 9.324222e-01 1.719089e+00 -3.311235e+00 -2.771134e-02 4.240695e-02 -2.957240e-02 7.899430e-02 7.618906e-02 1.341316e-01 1.657847e-01 8.322983e-02 8.445521e-02 8.276936e-02 1.008941e-01 1.151456e-01 -1.043320e-01 1.914029e-02 -1.048227e-02 2.321189e-02 -1.951482e-02 -3.681918e-02 -2.949965e-02 -3.966835e-02 -1.064523e-02 -9.879042e-03 -1.502053e-02 -2.422754e-02 -4.283332e-02 2.579155e-02
<VARIANCE> 39
 1.069159e+01 1.042508e+01 1.532564e+01 1.294941e+01 1.865614e+01 2.207826e+01 2.009942e+01 2.120651e+01 2.018472e+01 1.930574e+01 1.745567e+01 1.587926e+01 5.318888e+00 2.392969e-01 3.442416e-01 5.614539e-01 7.226707e-01 9.663112e-01 1.222844e+00 1.280490e+00 1.418622e+00 1.443204e+00 1.449061e+00 1.451011e+00 1.310746e+00 8.031845e-02 3.923311e-02 6.024583e-02 1.047040e-01 1.384638e-01 1.875817e-01 2.385518e-01 2.489695e-01 2.840163e-01 2.851824e-01 2.852102e-01 2.876934e-01 2.576386e-01 1.121664e-02
<GCONST> 7.760402e+01
<MIXTURE> 2 4.420407e-01
<MEAN> 39
 1.339569e+00 -1.488774e+00 1.363256e+00 -1.304313e+00 -2.352656e+00 -1.381726e+00 -2.248162e+00 -7.884965e-02 3.108687e-01 -1.449830e-01 -9.186717e-01 -1.551373e+00 2.014913e+00 3.661847e-02 -5.736307e-02 1.179131e-02 -7.778372e-02 -6.529295e-02 -1.302372e-01 -1.808636e-01 -8.106548e-02 -8.646003e-02 -8.680386e-02 -1.127352e-01 -1.304174e-01 8.754753e-02 -2.432394e-02 1.271287e-02 -2.702496e-02 2.486186e-02 4.600608e-02 3.903764e-02 4.760907e-02 1.100437e-02 8.151578e-03 1.906659e-02 3.120711e-02 5.463329e-02 -3.172280e-02
<VARIANCE> 39
 9.809668e+00 2.664587e+01 4.124061e+01 2.624484e+01 5.151878e+01 3.659209e+01 3.346376e+01 3.530359e+01 3.317326e+01 3.058929e+01 3.561807e+01 2.757247e+01 9.998727e+00 4.023654e-01 9.214255e-01 1.111475e+00 1.270228e+00 1.871459e+00 1.707868e+00 1.802372e+00 1.946785e+00 2.008234e+00 1.845098e+00 1.857202e+00 1.656503e+00 3.507327e-01 4.857253e-02 1.215291e-01 1.489260e-01 1.920885e-01 2.716022e-01 2.839970e-01 3.184561e-01 3.547168e-01 3.751187e-01 3.493439e-01 3.361394e-01 3.064770e-01 3.286894e-02
<GCONST> 9.696700e+01
<TRANSP> 5
 0.000000e+00 1.000000e+00 0.000000e+00 0.000000e+00 0.000000e+00
 0.000000e+00 9.723717e-01 2.762830e-02 0.000000e+00 0.000000e+00
 0.000000e+00 0.000000e+00 9.882985e-01 1.170151e-02 0.000000e+00
 0.000000e+00 0.000000e+00 0.000000e+00 9.962423e-01 3.757688e-03
 0.000000e+00 0.000000e+00 0.000000e+00 0.000000e+00 0.000000e+00
<ENDHMM>
