~o
<STREAMINFO> 1 39
<VECSIZE> 39<NULLD><MFCC_D_A_Z_0><DIAGC>
~h "ap"
<BEGINHMM>
<NUMSTATES> 5
<STATE> 2
<MEAN> 39
 -4.258363e+00 3.224131e+00 1.474548e+00 -1.179688e+00 -3.241098e+00 2.341409e-02 -5.910211e-01 1.226093e+00 2.286489e+00 8.715571e-01 -1.060093e+00 4.956341e-02 3.855683e+00 -7.958688e-01 -1.252295e+00 -7.302420e-01 -2.342836e-01 -5.157467e-01 -6.859772e-01 -3.808477e-01 -5.259837e-01 -2.484577e-01 -2.500399e-01 -1.896662e-01 -3.012567e-01 2.362141e+00 1.916146e-01 1.686127e-01 6.917787e-02 -3.615935e-02 2.461330e-01 2.870928e-01 1.575177e-01 7.427701e-02 5.105862e-02 1.127450e-01 1.594402e-02 -4.703583e-02 -5.496004e-01
<VARIANCE> 39
 4.621595e+01 5.670512e+01 3.437113e+01 2.107614e+01 2.943347e+01 6.086789e+01 3.233294e+01 2.710276e+01 2.553440e+01 2.878259e+01 2.164191e+01 1.641451e+01 2.224597e+02 4.338244e+00 3.913707e+00 1.515557e+00 2.082073e+00 3.612214e+00 5.221990e+00 2.474818e+00 2.373988e+00 2.224198e+00 2.488653e+00 2.109174e+00 1.833511e+00 1.606487e+01 6.652766e-01 6.195172e-01 2.439700e-01 3.546276e-01 5.616995e-01 8.069614e-01 3.809356e-01 3.703308e-01 3.611121e-01 4.061658e-01 3.232050e-01 3.038900e-01 2.684247e+00
<GCONST> 1.234708e+02
<STATE> 3
<MEAN> 39
 -4.612596e-01 8.083338e-01 2.229262e-01 -1.730015e-02 1.130396e+00 1.144505e+00 2.735798e-01 -2.066651e-01 4.381348e-01 -7.911882e-02 -1.760074e-01 -1.372663e-01 -9.573027e-01 2.368984e-01 2.060599e-01 1.634360e-01 6.425550e-02 1.700599e-01 1.916044e-01 1.037411e-01 6.969889e-02 3.350926e-02 5.471622e-02 6.043744e-02 2.813252e-02 -6.134974e-01 -5.367543e-03 1.132440e-02 8.189923e-03 5.789025e-03 -1.724556e-02 -1.787925e-02 -8.569679e-03 7.268077e-03 3.949770e-03 2.409942e-04 1.384315e-03 7.991425e-03 1.239689e-02
<VARIANCE> 39
 1.687594e+01 3.637535e+01 2.115977e+01 1.605883e+01 2.377140e+01 2.667108e+01 1.868370e+01 2.273351e+01 1.988007e+01 1.870505e+01 1.478282e+01 1.300267e+01 8.780596e+01 1.378475e-01 2.603883e-01 4.015289e-01 6.400067e-01 8.837602e-01 1.012806e+00 1.050829e+00 1.174605e+00 1.278655e+00 1.383794e+00 1.229596e+00 1.201902e+00 1.755007e-01 2.104415e-02 4.602918e-02 7.838867e-02 1.246348e-01 1.682063e-01 2.107043e-01 2.048753e-01 2.383769e-01 2.595992e-01 2.940013e-01 2.547911e-01 2.567764e-01 8.310888e-03
<GCONST> 7.869900e+01
<STATE> 4
<MEAN> 39
 2.058210e-01 -2.437048e-01 -8.336671e-02 3.587232e-02 -1.268990e-01 -2.197035e-01 -3.604927e-02 5.713939e-03 -1.469669e-01 -8.913212e-03 6.294786e-02 2.490405e-02 7.680572e-02 2.993455e-05 -1.552418e-02 -6.578531e-03 9.240241e-03 -2.980327e-03 -1.381201e-02 -2.354071e-03 -4.535117e-04 -4.678066e-03 -4.489351e-03 -1.383854e-03 -2.190640e-03 8.684066e-03 -9.337893e-05 -5.190737e-04 -3.197832e-04 3.704604e-04 4.840359e-04 -7.367500e-05 -3.275751e-04 6.830870e-04 -5.797983e-04 -3.767924e-04 -6.239747e-04 -1.303652e-05 2.226006e-04
<VARIANCE> 39
 1.859028e+01 3.730199e+01 2.014504e+01 1.795679e+01 2.746437e+01 3.121515e+01 2.140167e+01 2.375403e+01 2.177378e+01 1.830115e+01 1.647518e+01 1.419193e+01 1.075240e+02 1.009512e+00 1.235294e+00 8.125237e-01 9.794059e-01 1.751008e+00 2.045985e+00 1.417404e+00 1.441781e+00 1.589141e+00 1.543060e+00 1.391134e+00 1.360338e+00 5.882095e+00 1.618006e-01 1.904179e-01 1.335593e-01 1.820886e-01 3.234191e-01 3.953743e-01 2.687558e-01 2.683217e-01 3.173774e-01 3.178451e-01 2.755901e-01 2.875948e-01 8.906180e-01
<GCONST> 1.016772e+02
<TRANSP> 5
 0.000000e+00 1.000000e+00 0.000000e+00 0.000000e+00 0.000000e+00
 0.000000e+00 8.456401e-01 1.543599e-01 0.000000e+00 0.000000e+00
 0.000000e+00 0.000000e+00 9.777402e-01 2.225981e-02 0.000000e+00
 0.000000e+00 0.000000e+00 0.000000e+00 9.957395e-01 4.260512e-03
 0.000000e+00 0.000000e+00 0.000000e+00 0.000000e+00 0.000000e+00
<ENDHMM>
~h "cl"
<BEGINHMM>
<NUMSTATES> 5
<STATE> 2
<MEAN> 39
 7.802849e+00 -1.236683e+00 -2.109703e+00 9.837394e-01 2.996191e+00 -3.695160e+00 1.795782e+00 3.684750e+00 -2.073846e+00 1.421364e+00 3.572203e+00 -3.636242e+00 -5.828307e+00 -3.635445e-01 7.166972e-02 4.792298e-02 1.433162e-03 -1.486122e-01 1.553152e-01 -5.435961e-02 -2.103160e-01 1.392445e-01 3.294682e-02 -1.906126e-01 1.395584e-01 2.865289e-01 -8.666876e-02 1.711088e-03 1.988511e-02 -1.427321e-02 -4.176534e-02 3.414866e-02 -3.080437e-02 -5.999463e-02 3.155315e-02 -3.188018e-02 -5.966278e-02 4.167267e-02 6.997231e-02
<VARIANCE> 39
 3.916809e+01 1.868988e+01 1.350363e+01 1.001219e+01 1.926309e+01 3.035648e+01 2.183483e+01 3.438086e+01 3.183127e+01 2.504192e+01 3.645017e+01 3.069541e+01 1.995658e+01 2.842286e+00 8.325946e-01 7.572257e-01 9.131653e-01 1.374883e+00 1.907054e+00 1.707462e+00 2.405798e+00 2.474874e+00 1.949202e+00 2.368403e+00 1.937923e+00 1.616544e+00 3.864733e-01 1.228488e-01 1.190957e-01 1.627453e-01 2.125938e-01 2.989467e-01 2.850957e-01 4.127067e-01 4.108006e-01 3.725903e-01 4.137996e-01 3.113507e-01 2.204112e-01
<GCONST> 1.019886e+02
<STATE> 3
<MEAN> 39
 2.285603e-01 -3.161818e-01 4.226520e-01 2.337000e-01 -1.007604e+00 1.209998e+00 -1.366241e-01 -6.850954e-01 1.467122e+00 -3.028262e-02 -7.194862e-01 5.584826e-01 -1.347259e-01 -1.445832e-01 -2.707946e-03 1.168064e-02 -2.469488e-02 -3.753276e-04 1.106935e-02 -2.530424e-02 -7.818227e-05 -6.401497e-02 -4.128523e-02 -2.688877e-02 -1.277676e-02 1.347596e-01 4.274415e-02 -2.416997e-03 -4.851312e-03 -5.344872e-03 2.058541e-02 -7.700203e-03 3.963363e-03 2.230646e-02 -1.664434e-02 1.141581e-02 1.772860e-02 -2.024715e-02 -3.549328e-02
<VARIANCE> 39
 4.369662e+01 1.083000e+01 1.610414e+01 1.452998e+01 2.063609e+01 3.225425e+01 2.493682e+01 3.229200e+01 3.047115e+01 2.219467e+01 2.200124e+01 1.931625e+01 3.634210e+01 2.792047e+00 5.957276e-01 9.410618e-01 1.063936e+00 1.545156e+00 2.648976e+00 1.875416e+00 2.555310e+00 2.528125e+00 1.823686e+00 1.696164e+00 1.725934e+00 2.238154e+00 4.956550e-01 1.093446e-01 1.662960e-01 2.038669e-01 2.944389e-01 5.079271e-01 3.610004e-01 4.706279e-01 4.978141e-01 3.540590e-01 3.260468e-01 3.359986e-01 3.969131e-01
<GCONST> 1.046968e+02
<STATE> 4
<MEAN> 39
 -4.830305e-01 1.313880e-01 3.571636e-02 -1.010273e-01 2.905786e-02 -2.944121e-02 -7.410494e-02 -7.278094e-02 -1.708659e-01 -7.390254e-02 -5.972485e-02 9.485358e-02 3.537492e-01 7.158375e-02 -5.884210e-03 -2.530498e-03 -1.441816e-03 5.381652e-03 -1.145854e-02 -2.679409e-03 -8.943616e-04 6.569277e-03 -1.454312e-04 1.549153e-02 -2.331474e-03 -5.721589e-02 5.446616e-04 -8.508509e-05 -1.048345e-03 1.508172e-03 -2.647954e-04 -4.273030e-03 -7.788742e-05 1.228980e-03 -6.748915e-04 6.827436e-04 1.324596e-03 6.116692e-05 -4.067784e-04
<VARIANCE> 39
 3.758221e+01 7.976860e+00 1.312484e+01 1.143897e+01 1.575837e+01 2.677241e+01 2.134680e+01 2.594194e+01 2.577587e+01 2.016365e+01 1.935031e+01 1.914531e+01 2.360102e+01 1.285548e+00 5.017558e-01 8.847674e-01 9.234005e-01 1.237116e+00 1.948638e+00 1.722222e+00 2.085668e+00 2.174659e+00 1.783300e+00 1.611152e+00 1.731507e+00 9.756035e-01 2.350919e-01 9.273530e-02 1.727117e-01 1.852117e-01 2.356521e-01 3.743739e-01 3.351170e-01 3.962241e-01 4.294383e-01 3.568074e-01 3.218699e-01 3.408122e-01 1.809400e-01
<GCONST> 9.644677e+01
<TRANSP> 5
 0.000000e+00 1.000000e+00 0.000000e+00 0.000000e+00 0.000000e+00
 0.000000e+00 9.262463e-01 7.375365e-02 0.000000e+00 0.000000e+00
 0.000000e+00 0.000000e+00 9.788493e-01 2.115072e-02 0.000000e+00
 0.000000e+00 0.000000e+00 0.000000e+00 9.958574e-01 4.142561e-03
 0.000000e+00 0.000000e+00 0.000000e+00 0.000000e+00 0.000000e+00
<ENDHMM>
~h "cm"
<BEGINHMM>
<NUMSTATES> 5
<STATE> 2
<MEAN> 39
 -3.362573e+00 1.131491e-01 1.857398e-02 -7.470268e-01 3.204519e-03 8.132619e-01 1.142901e+00 1.965014e+00 1.567132e+00 1.501164e+00 1.756952e+00 9.585455e-01 -4.814269e+00 9.300768e-02 -4.022774e-02 -5.863060e-02 -8.541238e-02 -6.544154e-02 -1.033845e-01 -1.009602e-01 -8.754911e-02 -7.236908e-02 -5.263327e-02 -9.679046e-02 -1.492444e-02 5.058883e-01 2.258403e-02 -6.587048e-04 -6.046440e-03 2.169244e-03 -3.372859e-03 -3.024345e-03 -5.156915e-03 -1.451427e-02 -1.938508e-02 -9.717734e-03 -6.235385e-03 -1.312489e-02 1.709391e-02
<VARIANCE> 39
 1.300303e+01 1.369836e+01 1.203761e+01 1.546762e+01 1.463390e+01 1.570188e+01 1.681897e+01 1.764816e+01 1.661530e+01 1.549102e+01 1.718970e+01 1.413046e+01 2.963782e+01 5.425262e-01 6.494219e-01 7.375296e-01 1.032003e+00 1.203200e+00 1.424880e+00 1.528811e+00 1.645812e+00 1.582157e+00 1.477231e+00 1.506625e+00 1.380010e+00 9.063367e-01 7.106510e-02 1.022727e-01 1.299970e-01 1.784343e-01 2.227995e-01 2.629897e-01 2.907273e-01 3.075075e-01 2.984558e-01 2.869565e-01 2.754928e-01 2.604648e-01 1.077632e-01
<GCONST> 8.801757e+01
<STATE> 3
<MEAN> 39
 -1.869218e-01 -8.035647e-01 -6.037152e-01 -8.072090e-01 -5.818155e-01 -5.061311e-01 -5.052180e-01 -2.225977e-01 -2.300782e-01 -1.305980e-01 -2.828937e-01 -4.140116e-02 3.257506e+00 3.683484e-02 -1.365173e-02 2.260545e-03 1.820637e-02 8.599441e-03 4.441077e-03 -7.106483e-03 -2.817951e-02 -1.312729e-02 -1.770419e-02 -1.829742e-02 -1.305790e-02 7.214772e-02 -2.488670e-03 4.720594e-03 6.727477e-03 1.016198e-02 8.374080e-03 8.452388e-03 8.857351e-03 5.103351e-03 2.893715e-03 1.323608e-03 4.380526e-03 2.188756e-03 -2.294974e-02
<VARIANCE> 39
 7.924434e+00 7.701328e+00 7.894350e+00 1.050799e+01 1.198811e+01 1.326343e+01 1.380744e+01 1.514371e+01 1.518804e+01 1.422195e+01 1.427176e+01 1.202270e+01 2.368277e+01 2.556673e-01 3.828438e-01 5.381640e-01 7.731459e-01 9.650609e-01 1.197781e+00 1.269455e+00 1.330897e+00 1.424273e+00 1.402658e+00 1.318734e+00 1.189894e+00 3.878294e-01 4.007398e-02 6.803146e-02 1.023426e-01 1.496182e-01 1.915375e-01 2.453561e-01 2.550808e-01 2.651062e-01 2.899611e-01 2.893424e-01 2.678839e-01 2.408382e-01 4.817731e-02
<GCONST> 7.788025e+01
<STATE> 4
<MEAN> 39
 1.823815e+00 1.067559e+00 8.329403e-01 1.472533e+00 8.095596e-01 3.274605e-01 1.729422e-01 -6.032270e-01 -4.078270e-01 -5.158314e-01 -4.224495e-01 -3.879117e-01 -2.302811e+00 5.503405e-02 7.179177e-02 7.354152e-02 9.150225e-02 7.784005e-02 5.297869e-02 5.772687e-02 6.844120e-03 1.025309e-02 1.022600e-02 2.527393e-02 9.376156e-03 -3.830775e-01 -4.527179e-03 -4.530691e-03 -6.118743e-03 -1.021521e-02 -6.690128e-03 -3.373089e-03 -2.828030e-03 1.586436e-03 4.104458e-03 2.196254e-04 -1.049914e-03 3.219300e-03 3.239546e-03
<VARIANCE> 39
 1.051521e+01 6.464365e+00 7.403038e+00 9.355294e+00 1.070590e+01 1.183863e+01 1.352743e+01 1.430509e+01 1.377745e+01 1.301790e+01 1.314836e+01 1.157799e+01 3.490144e+01 1.779467e-01 2.779939e-01 4.281384e-01 6.430300e-01 8.383371e-01 9.842951e-01 1.161427e+00 1.244604e+00 1.301796e+00 1.279877e+00 1.252238e+00 1.140825e+00 1.830596e-01 2.510175e-02 4.825524e-02 7.979861e-02 1.226836e-01 1.625854e-01 1.903367e-01 2.278113e-01 2.473958e-01 2.583109e-01 2.579531e-01 2.495731e-01 2.283556e-01 1.423767e-02
<GCONST> 7.153892e+01
<TRANSP> 5
 0.000000e+00 1.000000e+00 0.000000e+00 0.000000e+00 0.000000e+00
 0.000000e+00 9.485821e-01 5.141786e-02 0.000000e+00 0.000000e+00
 0.000000e+00 0.000000e+00 9.828522e-01 1.714786e-02 0.000000e+00
 0.000000e+00 0.000000e+00 0.000000e+00 9.760961e-01 2.390391e-02
 0.000000e+00 0.000000e+00 0.000000e+00 0.000000e+00 0.000000e+00
<ENDHMM>
~h "co"
<BEGINHMM>
<NUMSTATES> 5
<STATE> 2
<MEAN> 39
 -1.331080e+00 -3.260625e-01 -4.923617e-01 -5.057249e-01 -5.660160e+00 -3.380316e-01 1.264658e+00 4.294627e+00 4.210863e+00 1.696689e+00 4.629286e-01 1.560746e+00 -6.206043e-01 -4.780312e-01 -9.984997e-02 1.916613e-01 -3.049697e-01 -3.739963e-01 -6.093164e-01 -1.618915e-01 -5.454571e-01 -7.302954e-01 -6.982617e-01 -2.867579e-01 -2.342556e-01 1.875070e+00 -2.701009e-02 2.884416e-02 -2.214103e-02 3.025378e-02 2.583380e-01 1.545598e-01 1.257938e-01 3.345792e-02 -4.314544e-02 7.121938e-02 1.232042e-01 4.310856e-02 -1.191829e-01
<VARIANCE> 39
 1.510369e+01 2.426650e+01 2.690734e+01 2.571906e+01 8.591727e+01 4.863604e+01 5.719227e+01 5.793716e+01 5.669796e+01 4.104193e+01 3.922691e+01 2.648283e+01 9.929157e+01 1.041675e+00 2.046741e+00 1.694203e+00 1.830284e+00 6.097740e+00 3.333493e+00 4.015833e+00 3.184724e+00 5.078712e+00 3.208587e+00 2.655768e+00 2.571575e+00 4.347923e+00 1.256441e-01 3.478821e-01 2.672713e-01 2.575150e-01 7.718006e-01 5.221397e-01 6.655032e-01 5.414736e-01 9.296350e-01 5.683468e-01 4.455009e-01 4.458762e-01 4.573261e-01
<GCONST> 1.227193e+02
<STATE> 3
<MEAN> 39
 -1.557356e+00 -1.284382e+00 -1.572103e+00 -1.217219e+00 -1.856435e+00 -1.629509e+00 -8.183075e-02 -1.066151e+00 -2.640914e-01 -1.508473e-01 -4.697700e-01 -4.094247e-01 4.411660e+00 9.431707e-02 -1.948713e-02 -1.394255e-02 4.647747e-02 1.313535e-01 3.565776e-02 -8.472371e-02 -7.732490e-02 -1.987110e-02 3.227821e-02 2.211836e-02 -4.367141e-02 -1.103836e-01 1.901841e-02 7.119616e-03 8.453714e-03 1.153471e-02 -5.072000e-03 1.823879e-04 -7.713131e-03 5.355807e-03 9.207422e-03 1.127662e-03 -8.012658e-03 -2.352254e-03 -3.096907e-02
<VARIANCE> 39
 1.214172e+01 1.028226e+01 1.493474e+01 1.675730e+01 2.850831e+01 2.177036e+01 3.589034e+01 3.633522e+01 2.999712e+01 2.648383e+01 2.563609e+01 2.441226e+01 3.637532e+01 4.353291e-01 7.449704e-01 9.088053e-01 1.141097e+00 2.220452e+00 1.557750e+00 2.125211e+00 2.256495e+00 2.817274e+00 2.299196e+00 2.077757e+00 1.718516e+00 1.034168e+00 6.208619e-02 1.426472e-01 1.602154e-01 2.095727e-01 3.932781e-01 2.981218e-01 3.786442e-01 4.217819e-01 5.725195e-01 4.606191e-01 4.051559e-01 3.244819e-01 1.190938e-01
<GCONST> 9.964684e+01
<STATE> 4
<MEAN> 39
 1.770041e+00 1.339407e+00 1.654006e+00 1.300059e+00 2.745396e+00 1.687518e+00 -1.151793e-01 3.996813e-01 -3.919118e-01 -1.133298e-01 3.990801e-01 1.672862e-01 -4.329157e+00 4.484885e-02 1.100333e-01 4.628479e-02 4.012612e-02 1.248852e-01 8.975784e-02 8.661257e-02 8.788845e-02 4.797390e-03 1.281822e-02 1.641662e-02 5.055626e-02 -2.796724e-01 -5.761318e-03 -2.456617e-03 -1.153129e-02 -7.264612e-03 -1.102252e-02 -8.080598e-03 5.333517e-04 1.999534e-03 2.863456e-03 1.093202e-03 -9.929514e-04 -1.932191e-03 7.140052e-03
<VARIANCE> 39
 1.030891e+01 1.444285e+01 1.440675e+01 1.592670e+01 3.299097e+01 2.250833e+01 3.967818e+01 3.057515e+01 2.209770e+01 2.568377e+01 2.368605e+01 2.091276e+01 5.992992e+01 3.046441e-01 5.413685e-01 6.858967e-01 9.292199e-01 1.746441e+00 1.406671e+00 1.719345e+00 1.642675e+00 1.745347e+00 1.795142e+00 1.686529e+00 1.503711e+00 9.497706e-01 4.432885e-02 9.711999e-02 1.247050e-01 1.789254e-01 3.165972e-01 2.687603e-01 3.200289e-01 3.082561e-01 3.397074e-01 3.609817e-01 3.391512e-01 3.012199e-01 8.762191e-02
<GCONST> 9.332715e+01
<TRANSP> 5
 0.000000e+00 1.000000e+00 0.000000e+00 0.000000e+00 0.000000e+00
 0.000000e+00 8.880594e-01 1.119406e-01 0.000000e+00 0.000000e+00
 0.000000e+00 0.000000e+00 9.825945e-01 1.740552e-02 0.000000e+00
 0.000000e+00 0.000000e+00 0.000000e+00 9.825381e-01 1.746192e-02
 0.000000e+00 0.000000e+00 0.000000e+00 0.000000e+00 0.000000e+00
<ENDHMM>
~h "ds"
<BEGINHMM>
<NUMSTATES> 5
<STATE> 2
<MEAN> 39
 -1.604737e+00 -1.001783e+00 -2.729642e-01 -9.564620e-01 -1.188194e+00 -1.525946e+00 2.069100e+00 -1.788332e-01 9.528177e-01 1.526926e+00 1.839066e+00 1.454956e+00 3.046104e+00 -2.597815e-01 5.110496e-02 -1.800097e-01 -1.704416e-01 -2.697296e-01 -2.389019e-01 -7.083553e-02 -8.540303e-02 4.842407e-02 1.760620e-01 -1.666026e-02 1.316115e-03 7.468256e-01 -2.997679e-02 7.135753e-03 -3.708594e-02 -2.799407e-02 -3.512498e-02 4.584226e-04 -2.000495e-02 2.040492e-03 -2.068151e-02 -2.244185e-02 -3.993589e-03 -1.497155e-02 6.313451e-02
<VARIANCE> 39
 1.986006e+01 1.161362e+01 1.415318e+01 1.682895e+01 2.180800e+01 2.057384e+01 2.710613e+01 3.754562e+01 2.759520e+01 2.272725e+01 1.940311e+01 1.767634e+01 5.361058e+01 1.555135e+00 7.001352e-01 1.228672e+00 1.485412e+00 2.468404e+00 2.156570e+00 2.183679e+00 2.435123e+00 1.915534e+00 2.225816e+00 1.917447e+00 1.711303e+00 3.347702e+00 1.991818e-01 1.217548e-01 1.775449e-01 2.433169e-01 3.866165e-01 3.907273e-01 3.511081e-01 4.507179e-01 3.251741e-01 4.170857e-01 3.529240e-01 3.160294e-01 3.719883e-01
<GCONST> 1.039848e+02
<STATE> 3
<MEAN> 39
 -5.793303e+00 -1.121817e+00 -4.299714e+00 -4.000845e+00 -6.662936e+00 -4.513633e+00 -2.024623e+00 -1.371783e+00 5.828421e-01 1.567128e+00 8.611040e-01 9.599761e-01 1.005235e+01 7.304004e-02 2.296172e-02 3.663029e-01 5.064986e-01 6.019762e-01 6.449939e-01 3.321539e-01 3.651479e-01 3.309170e-02 -3.578614e-01 7.992312e-02 7.523795e-02 6.673753e-01 2.818268e-01 2.730983e-02 2.165393e-01 2.508036e-01 2.824644e-01 2.206693e-01 1.036589e-01 6.852090e-02 4.493842e-02 -2.084015e-02 -2.623529e-02 4.973749e-02 -5.954677e-01
<VARIANCE> 39
 2.433262e+01 1.742197e+01 1.443884e+01 1.374104e+01 2.266706e+01 2.026469e+01 2.082202e+01 1.802132e+01 1.596989e+01 2.058556e+01 1.656014e+01 1.675135e+01 2.979200e+02 4.336422e+00 2.554508e+00 1.954776e+00 1.816781e+00 2.133358e+00 2.167209e+00 2.597600e+00 2.020901e+00 2.234541e+00 1.885630e+00 1.767560e+00 1.693792e+00 3.174563e+01 8.361173e-01 4.274023e-01 3.656716e-01 3.928646e-01 5.079507e-01 5.152798e-01 5.716063e-01 4.004554e-01 4.601304e-01 3.977358e-01 3.670814e-01 3.887316e-01 5.665293e+00
<GCONST> 1.173511e+02
<STATE> 4
<MEAN> 39
 3.159636e-01 1.139780e-01 1.643665e-01 2.066087e-01 3.131666e-01 2.672312e-01 -9.050090e-02 5.944993e-02 -9.224799e-02 -1.689616e-01 -1.692432e-01 -1.431973e-01 -5.682373e-01 5.263955e-02 2.048432e-03 2.849881e-02 2.118070e-02 4.584340e-02 2.787386e-02 1.348789e-02 7.536292e-03 -5.717998e-03 -1.601065e-02 -1.569909e-02 -1.723728e-02 -1.238386e-01 -1.078599e-03 -6.582733e-05 -3.133196e-03 -4.961363e-03 -5.251045e-03 -4.732740e-03 -2.571906e-03 -2.164504e-03 -1.296854e-03 1.350956e-03 8.531682e-04 6.256867e-04 7.317592e-04
<VARIANCE> 39
 1.324712e+01 9.948852e+00 1.443148e+01 1.475391e+01 1.820381e+01 2.018719e+01 2.172342e+01 1.809615e+01 2.292701e+01 2.164040e+01 1.747708e+01 1.633988e+01 5.142241e+01 5.714343e-01 4.742768e-01 6.662285e-01 9.055037e-01 1.284314e+00 1.418512e+00 1.572970e+00 1.534584e+00 1.738926e+00 1.743530e+00 1.581000e+00 1.353838e+00 8.238370e-01 9.588730e-02 8.401678e-02 1.240576e-01 1.735031e-01 2.517128e-01 2.773340e-01 3.087630e-01 3.055609e-01 3.449653e-01 3.508672e-01 3.205660e-01 2.715115e-01 1.015944e-01
<GCONST> 9.042558e+01
<TRANSP> 5
 0.000000e+00 1.000000e+00 0.000000e+00 0.000000e+00 0.000000e+00
 0.000000e+00 9.189110e-01 8.108906e-02 0.000000e+00 0.000000e+00
 0.000000e+00 0.000000e+00 8.143905e-01 1.856094e-01 0.000000e+00
 0.000000e+00 0.000000e+00 0.000000e+00 9.938049e-01 6.195091e-03
 0.000000e+00 0.000000e+00 0.000000e+00 0.000000e+00 0.000000e+00
<ENDHMM>
~h "kj"
<BEGINHMM>
<NUMSTATES> 5
<STATE> 2
<MEAN> 39
 6.427858e+00 -5.479845e-02 -2.372450e+00 -2.971781e-01 8.192953e-01 -1.173067e+00 -1.421230e+00 -7.456554e-01 -2.704980e-01 2.372786e-01 -1.152977e+00 -2.354344e-01 -3.807910e+00 -3.409306e-01 -2.109476e-01 -7.678778e-02 2.390244e-02 -1.420284e-01 -8.106048e-02 -6.288706e-02 -1.766594e-01 1.576626e-02 -2.334750e-02 5.076004e-02 3.812862e-02 4.897491e-01 1.658848e-03 -9.206863e-03 6.174035e-03 -6.393555e-03 9.291585e-03 1.040334e-02 1.338019e-02 1.758728e-02 3.000310e-03 2.723391e-03 -8.093667e-03 -5.401675e-03 -1.032592e-03
<VARIANCE> 39
 1.863094e+01 2.276819e+01 1.276000e+01 1.707282e+01 1.970645e+01 2.655268e+01 2.178294e+01 2.144841e+01 1.965986e+01 1.835137e+01 1.522441e+01 1.734754e+01 1.932503e+01 1.014292e+00 1.259327e+00 1.072163e+00 1.071821e+00 1.571093e+00 1.830469e+00 2.205714e+00 1.923181e+00 1.810492e+00 1.977591e+00 1.420383e+00 1.375895e+00 1.016473e+00 1.534741e-01 2.040642e-01 1.723782e-01 1.962649e-01 2.651715e-01 3.315255e-01 4.166777e-01 3.512298e-01 3.347091e-01 3.751153e-01 2.694556e-01 2.485761e-01 1.374056e-01
<GCONST> 9.682487e+01
<STATE> 3
<MEAN> 39
 3.782487e+00 -4.413783e+00 -4.395973e+00 -2.712410e-01 1.055667e+00 -2.909194e+00 -4.308241e+00 -2.999937e+00 -7.084148e-01 -2.786050e-01 -6.487913e-02 7.114326e-01 2.615318e+00 -1.289017e-01 1.644225e-01 3.074995e-02 8.540310e-03 6.441966e-02 7.265730e-02 3.506245e-02 6.899917e-02 -1.839768e-02 3.186212e-02 1.496636e-02 9.598470e-03 -8.215655e-02 -1.145229e-02 3.550625e-02 3.597048e-02 -4.152793e-03 -5.068685e-03 1.538067e-02 2.293009e-02 3.112379e-02 5.466684e-03 2.076422e-03 3.477492e-03 2.560257e-03 -2.399350e-02
<VARIANCE> 39
 1.245157e+01 1.664254e+01 1.036956e+01 1.540472e+01 1.414719e+01 2.007734e+01 2.422032e+01 1.688827e+01 1.827720e+01 1.758574e+01 1.609766e+01 1.487562e+01 1.682673e+01 5.212184e-01 7.273932e-01 6.814361e-01 8.549606e-01 1.126080e+00 1.320288e+00 1.588220e+00 1.645773e+00 1.541137e+00 1.631575e+00 1.573679e+00 1.276274e+00 5.703190e-01 9.327158e-02 1.211719e-01 1.306602e-01 1.634523e-01 2.298831e-01 2.484027e-01 3.228823e-01 3.337146e-01 3.094559e-01 3.346396e-01 3.246516e-01 2.541074e-01 9.368224e-02
<GCONST> 8.817625e+01
<STATE> 4
<MEAN> 39
 -6.255310e-01 3.571944e-01 4.717838e-01 3.665791e-02 -1.257897e-01 2.923487e-01 4.171208e-01 2.782393e-01 7.042954e-02 1.049635e-02 6.292684e-02 -4.534494e-02 -1.940131e-02 3.637451e-02 -1.183247e-02 2.125347e-04 -4.975387e-03 4.812996e-03 -2.679815e-03 1.515454e-03 -1.254713e-03 5.653092e-03 -4.706548e-03 6.167478e-04 2.793332e-04 -2.073198e-02 2.500405e-03 -1.346592e-03 -1.895244e-03 2.165287e-05 3.991309e-04 -4.188079e-04 2.332957e-04 -6.700362e-04 7.593934e-04 7.240080e-05 -2.640535e-04 2.030229e-04 -1.208596e-03
<VARIANCE> 39
 2.690628e+01 3.054581e+01 1.451271e+01 1.359592e+01 1.513450e+01 2.278209e+01 2.615347e+01 2.067259e+01 1.723800e+01 1.933621e+01 1.573403e+01 1.431349e+01 2.882811e+01 5.661429e-01 7.497142e-01 7.042094e-01 9.399959e-01 1.179554e+00 1.451212e+00 1.633348e+00 1.603896e+00 1.624602e+00 1.668653e+00 1.469298e+00 1.320575e+00 6.368419e-01 9.315793e-02 1.279177e-01 1.310162e-01 1.830689e-01 2.295849e-01 2.854246e-01 3.176163e-01 3.210413e-01 3.306901e-01 3.337296e-01 2.960076e-01 2.687066e-01 9.059117e-02
<GCONST> 9.153138e+01
<TRANSP> 5
 0.000000e+00 1.000000e+00 0.000000e+00 0.000000e+00 0.000000e+00
 0.000000e+00 9.282987e-01 7.170127e-02 0.000000e+00 0.000000e+00
 0.000000e+00 0.000000e+00 9.553038e-01 4.469623e-02 0.000000e+00
 0.000000e+00 0.000000e+00 0.000000e+00 9.964107e-01 3.589354e-03
 0.000000e+00 0.000000e+00 0.000000e+00 0.000000e+00 0.000000e+00
<ENDHMM>
~h "kn"
<BEGINHMM>
<NUMSTATES> 5
<STATE> 2
<MEAN> 39
 -4.058783e+00 -3.199366e-01 -1.603892e+00 -2.867649e+00 -2.935073e+00 -8.003169e-01 -4.045810e-03 -1.344715e+00 7.551016e-01 -5.108308e-01 -1.465759e-01 -1.940313e+00 1.634788e+00 2.078238e-01 2.583512e-01 -6.112750e-02 2.048091e-01 3.052056e-01 -4.289385e-01 6.021863e-01 -1.043434e-01 1.148036e+00 3.394335e-01 1.845871e-01 3.711700e-01 2.348459e+00 -6.132109e-02 1.092161e-01 1.260197e-01 1.140990e-01 2.358350e-01 2.537480e-01 -4.710021e-02 6.043230e-02 -2.284892e-01 -5.474154e-02 -9.415016e-04 1.250919e-01 -5.217121e-01
<VARIANCE> 39
 2.078204e+01 1.564709e+01 1.780516e+01 9.821199e+00 1.656874e+01 2.480538e+01 2.473277e+01 4.858906e+01 3.247663e+01 2.142400e+01 2.133899e+01 1.899467e+01 8.991743e+01 2.742869e+00 1.654412e+00 2.031960e+00 1.018370e+00 1.644353e+00 2.204067e+00 2.929113e+00 6.244779e+00 3.496691e+00 2.134027e+00 1.986067e+00 2.370105e+00 6.999550e+00 3.932473e-01 2.025764e-01 2.969597e-01 1.439716e-01 2.129520e-01 3.320976e-01 4.896793e-01 8.775306e-01 6.644369e-01 3.399027e-01 2.991278e-01 3.468250e-01 1.173258e+00
<GCONST> 1.119530e+02
<STATE> 3
<MEAN> 39
 4.297337e-01 -2.759567e-01 -5.035322e-01 -4.243271e-02 -7.081462e-02 -5.704579e-01 -7.469894e-02 -3.702341e-01 4.077472e-01 1.269866e-01 2.742547e-01 2.455363e-01 1.323066e+00 5.066790e-02 -2.922287e-02 1.276273e-02 4.450121e-02 2.901555e-02 7.099811e-03 -1.655178e-03 1.051712e-02 -2.775535e-02 -8.677740e-04 9.045225e-04 2.318451e-02 -4.085398e-02 2.333641e-03 -4.547938e-03 -2.166992e-03 -2.140083e-03 -7.540449e-03 -9.320067e-04 -6.838833e-03 -5.745845e-03 -1.271858e-02 -2.142378e-03 -6.500240e-03 -1.057045e-02 -1.039497e-02
<VARIANCE> 39
 8.587168e+00 1.094791e+01 1.055131e+01 9.428744e+00 1.275672e+01 1.477088e+01 1.593101e+01 2.094197e+01 1.834242e+01 1.565415e+01 1.472045e+01 1.473720e+01 2.272051e+01 4.256305e-01 8.422518e-01 8.000867e-01 9.644181e-01 1.342003e+00 1.372556e+00 1.480049e+00 1.993747e+00 1.801310e+00 1.535835e+00 1.382243e+00 1.433573e+00 2.018795e+00 7.379261e-02 1.628420e-01 1.463541e-01 2.008652e-01 2.836022e-01 2.749374e-01 3.031930e-01 4.180400e-01 3.789279e-01 3.235920e-01 2.777581e-01 2.879175e-01 3.445497e-01
<GCONST> 9.058843e+01
<STATE> 4
<MEAN> 39
 -3.542454e-01 7.830098e-01 1.622394e+00 6.554521e-01 7.425356e-01 1.645020e+00 1.962791e-01 1.224316e+00 -1.210569e+00 -2.353885e-01 -6.899962e-01 -2.743109e-01 -3.773267e+00 -1.340321e-01 1.212643e-01 1.822853e-01 -3.641239e-02 5.310768e-03 2.001690e-01 -2.852200e-02 1.671701e-01 -1.359754e-01 -1.688078e-02 -6.774651e-02 -7.601836e-02 -5.313756e-01 -1.490317e-02 -9.380242e-03 -1.096683e-02 -2.436048e-02 -2.366262e-02 -1.534743e-02 1.799785e-02 1.082438e-02 2.211354e-02 -1.434926e-03 1.200712e-02 -6.629404e-03 2.375066e-02
<VARIANCE> 39
 1.003558e+01 1.004084e+01 9.413826e+00 8.150501e+00 1.172271e+01 1.572874e+01 1.357043e+01 1.585822e+01 1.546996e+01 1.521239e+01 1.294614e+01 1.280494e+01 2.428996e+01 1.744123e-01 3.307880e-01 4.867672e-01 6.448917e-01 9.960573e-01 1.084592e+00 1.273488e+00 1.299368e+00 1.495486e+00 1.381827e+00 1.246764e+00 1.180423e+00 1.208910e-01 2.219787e-02 5.469874e-02 9.154143e-02 1.308259e-01 1.994233e-01 2.101859e-01 2.626888e-01 2.602891e-01 3.045433e-01 2.795646e-01 2.493097e-01 2.389999e-01 8.217484e-03
<GCONST> 7.347094e+01
<TRANSP> 5
 0.000000e+00 1.000000e+00 0.000000e+00 0.000000e+00 0.000000e+00
 0.000000e+00 7.943725e-01 2.056275e-01 0.000000e+00 0.000000e+00
 0.000000e+00 0.000000e+00 9.850857e-01 1.491431e-02 0.000000e+00
 0.000000e+00 0.000000e+00 0.000000e+00 9.609641e-01 3.903582e-02
 0.000000e+00 0.000000e+00 0.000000e+00 0.000000e+00 0.000000e+00
<ENDHMM>
~h "kt"
<BEGINHMM>
<NUMSTATES> 5
<STATE> 2
<MEAN> 39
 1.401799e-01 -4.446979e-01 2.249635e-01 -5.335959e-01 -4.613619e-01 2.384213e-02 -6.483587e-04 3.894913e-01 4.301640e-01 3.283358e-01 2.827582e-01 2.182222e-01 1.373167e-01 -7.589733e-02 1.852207e-02 -3.797013e-02 1.777745e-02 -8.636349e-03 -5.104119e-02 4.187002e-04 8.979915e-04 1.135851e-02 -4.665419e-03 -1.488926e-03 -2.145710e-03 1.016854e-01 6.817406e-03 -6.337787e-04 6.161187e-03 6.431980e-03 6.785371e-03 6.067943e-03 4.322906e-04 -2.167199e-03 -3.875914e-03 -5.417622e-03 4.410297e-03 -1.946934e-03 -8.983538e-03
<VARIANCE> 39
 1.397786e+01 8.286012e+00 9.298686e+00 1.112149e+01 1.310032e+01 1.660135e+01 1.608439e+01 1.703019e+01 1.640038e+01 1.548189e+01 1.470202e+01 1.300139e+01 2.028453e+01 1.086946e+00 5.603799e-01 8.060135e-01 9.316105e-01 1.237305e+00 1.594380e+00 1.601224e+00 1.688220e+00 1.677828e+00 1.711064e+00 1.533269e+00 1.320015e+00 1.515582e+00 1.950635e-01 1.051101e-01 1.581601e-01 1.792613e-01 2.470285e-01 3.177849e-01 3.275830e-01 3.402088e-01 3.375648e-01 3.471137e-01 3.063826e-01 2.643929e-01 2.572676e-01
<GCONST> 9.072586e+01
<STATE> 3
<MEAN> 39
 -1.177964e+00 2.117881e-01 -2.553282e-01 7.276027e-01 1.751801e-01 -8.652278e-01 -3.457543e-01 -6.332112e-01 -1.487945e-01 -1.882034e-01 -3.267956e-01 1.583359e-02 1.463867e+00 2.638253e-02 4.109893e-03 5.702038e-03 3.018569e-03 7.025042e-03 1.749273e-02 1.891746e-02 -1.326092e-02 -2.682293e-03 -6.220543e-03 5.640072e-03 -5.001766e-03 -3.671750e-02 4.147636e-03 -4.777530e-04 -3.482300e-05 -5.282984e-03 -1.247171e-03 2.154439e-03 1.445580e-03 5.331218e-03 5.036958e-03 5.334832e-03 -1.770010e-03 1.590056e-03 -8.748041e-03
<VARIANCE> 39
 8.229010e+00 5.097175e+00 7.277972e+00 1.062040e+01 1.256772e+01 1.627173e+01 1.683968e+01 1.575686e+01 1.770947e+01 1.794227e+01 1.617406e+01 1.303368e+01 1.359864e+01 7.697791e-01 4.255863e-01 6.753161e-01 9.097252e-01 1.237609e+00 1.663305e+00 1.731874e+00 1.607126e+00 1.742406e+00 2.025492e+00 1.608687e+00 1.320099e+00 1.365702e+00 1.528598e-01 8.368790e-02 1.360071e-01 1.831588e-01 2.522772e-01 3.535036e-01 3.604000e-01 3.318772e-01 3.528506e-01 4.310844e-01 3.192495e-01 2.696309e-01 2.665666e-01
<GCONST> 8.860359e+01
<STATE> 4
<MEAN> 39
 5.844764e-01 4.239839e-02 5.827920e-02 -2.038630e-01 6.795134e-02 4.571179e-01 1.862487e-01 2.037436e-01 -7.117687e-02 -1.417735e-02 7.641148e-02 -8.523834e-02 -8.358536e-01 2.533107e-02 -9.409080e-03 1.030611e-02 -1.300707e-02 6.007068e-03 1.336471e-02 -5.485400e-04 5.556360e-03 -3.527428e-03 3.024181e-03 3.184335e-03 -1.232510e-03 -2.945171e-02 -1.324290e-03 -6.531639e-04 -9.978890e-05 1.072936e-03 6.872404e-04 -8.779191e-04 -1.853530e-03 -3.339614e-04 -1.092318e-03 -5.596022e-04 -6.216899e-04 5.207413e-04 2.560777e-03
<VARIANCE> 39
 9.464139e+00 6.909950e+00 8.373328e+00 9.948135e+00 1.282779e+01 1.532456e+01 1.480685e+01 1.555351e+01 1.614622e+01 1.561428e+01 1.402301e+01 1.279545e+01 1.040685e+01 6.713592e-01 4.841956e-01 6.416908e-01 8.291312e-01 1.118122e+00 1.315487e+00 1.483194e+00 1.524369e+00 1.568212e+00 1.582508e+00 1.445467e+00 1.257943e+00 6.909305e-01 1.254490e-01 9.338933e-02 1.265477e-01 1.657509e-01 2.256045e-01 2.673966e-01 3.061454e-01 3.106123e-01 3.209021e-01 3.268818e-01 2.933504e-01 2.526763e-01 1.231111e-01
<GCONST> 8.422308e+01
<TRANSP> 5
 0.000000e+00 1.000000e+00 0.000000e+00 0.000000e+00 0.000000e+00
 0.000000e+00 9.837047e-01 1.629530e-02 0.000000e+00 0.000000e+00
 0.000000e+00 0.000000e+00 9.893517e-01 1.064830e-02 0.000000e+00
 0.000000e+00 0.000000e+00 0.000000e+00 9.942711e-01 5.728878e-03
 0.000000e+00 0.000000e+00 0.000000e+00 0.000000e+00 0.000000e+00
<ENDHMM>
~h "pr"
<BEGINHMM>
<NUMSTATES> 5
<STATE> 2
<MEAN> 39
 -1.014050e+00 -5.493563e-02 -1.592254e-01 1.131516e-01 1.772566e+00 -3.314538e-02 -1.083764e+00 -1.431240e+00 -4.083400e-01 -6.026497e-02 5.509750e-01 4.645292e-01 1.142379e+00 -9.764571e-02 -5.114457e-02 2.328777e-02 -1.868521e-02 1.533523e-02 1.685835e-02 6.181028e-03 -6.756932e-02 1.298526e-02 -4.992859e-02 -7.831971e-03 6.397161e-02 9.704901e-02 2.648500e-02 8.448615e-03 -9.462406e-03 6.469547e-03 -1.142510e-05 -2.309137e-03 -3.011722e-03 9.288635e-03 -2.173499e-03 6.234261e-03 5.516200e-04 -1.746880e-02 -2.244574e-02
<VARIANCE> 39
 1.893976e+01 1.909903e+01 2.233449e+01 3.117517e+01 5.245882e+01 4.174159e+01 5.012050e+01 5.229997e+01 4.227612e+01 3.557999e+01 5.136364e+01 4.865817e+01 1.236862e+01 1.150367e+00 9.088367e-01 1.254348e+00 1.759955e+00 1.877309e+00 2.342857e+00 2.502086e+00 2.906000e+00 2.652515e+00 2.308488e+00 2.997893e+00 2.496655e+00 7.706636e-01 1.731074e-01 1.494925e-01 2.166189e-01 3.051178e-01 3.304372e-01 4.176055e-01 4.545885e-01 5.035608e-01 5.001155e-01 4.091510e-01 5.456027e-01 4.421647e-01 1.089874e-01
<GCONST> 1.101467e+02
<STATE> 3
<MEAN> 39
 -4.712799e+00 -7.503457e-01 1.950029e+00 1.868837e-01 1.616351e+00 1.940738e+00 -1.927524e+00 -2.876646e+00 2.487491e+00 -3.604594e+00 7.858039e-01 8.895411e-01 3.703266e+00 4.149791e-02 -1.883766e-02 1.136143e-03 -3.587925e-02 -5.933482e-04 1.146147e-02 6.614843e-04 1.765489e-02 2.341024e-02 6.291587e-03 -2.443411e-02 2.929279e-02 -4.132460e-02 2.449295e-03 1.780311e-03 2.143284e-03 -3.449750e-03 1.305724e-04 -5.563494e-03 4.928461e-04 1.002321e-02 -4.725283e-03 7.003845e-03 -2.713031e-03 -4.117120e-03 -2.382534e-03
<VARIANCE> 39
 9.412071e+00 1.899922e+01 1.307715e+01 1.577390e+01 4.710851e+01 3.319946e+01 2.806178e+01 2.393093e+01 2.234887e+01 2.308466e+01 2.873870e+01 2.274260e+01 5.832975e+00 4.733245e-01 4.121011e-01 5.602696e-01 8.491314e-01 1.259106e+00 1.621241e+00 1.559988e+00 1.418284e+00 1.650721e+00 1.776089e+00 1.871986e+00 1.251494e+00 2.070744e-01 1.068146e-01 7.684679e-02 1.045440e-01 1.678087e-01 2.585521e-01 3.363214e-01 3.159443e-01 2.876922e-01 3.409894e-01 3.447072e-01 3.798040e-01 2.547620e-01 4.500593e-02
<GCONST> 8.876847e+01
<STATE> 4
<MEAN> 39
 1.824746e+00 2.689924e-01 -6.380170e-01 -8.710323e-02 -9.138754e-01 -6.603120e-01 8.815703e-01 1.278021e+00 -7.723767e-01 1.251049e+00 -3.814609e-01 -3.996395e-01 -1.503723e+00 3.862672e-02 2.244140e-02 -1.943187e-02 2.381461e-02 -9.061420e-03 -1.237112e-02 -9.524174e-04 8.248335e-03 -1.617732e-02 1.174522e-02 9.995813e-03 -2.264223e-02 -3.435925e-02 -1.023993e-03 -3.046231e-04 9.324111e-05 2.126831e-03 -6.602048e-05 3.639394e-04 -3.228105e-04 -2.175427e-03 4.955259e-04 -8.869445e-04 1.525725e-03 -1.303876e-03 7.666221e-04
<VARIANCE> 39
 2.480683e+01 1.948262e+01 3.024989e+01 4.216847e+01 3.203548e+01 3.792906e+01 3.055899e+01 3.778828e+01 4.302259e+01 4.189611e+01 3.669380e+01 4.028140e+01 1.672201e+01 3.519069e-01 4.755808e-01 6.546137e-01 9.590067e-01 1.120768e+00 1.459687e+00 1.510494e+00 1.643771e+00 1.711089e+00 1.697988e+00 1.563964e+00 1.398342e+00 2.152963e-01 6.118213e-02 8.253969e-02 1.209463e-01 1.731716e-01 2.163010e-01 2.806436e-01 2.933519e-01 3.092107e-01 3.243530e-01 3.300076e-01 3.033352e-01 2.667222e-01 3.383163e-02
<GCONST> 9.374570e+01
<TRANSP> 5
 0.000000e+00 1.000000e+00 0.000000e+00 0.000000e+00 0.000000e+00
 0.000000e+00 9.793344e-01 2.066564e-02 0.000000e+00 0.000000e+00
 0.000000e+00 0.000000e+00 9.878442e-01 1.215584e-02 0.000000e+00
 0.000000e+00 0.000000e+00 0.000000e+00 9.958221e-01 4.177839e-03
 0.000000e+00 0.000000e+00 0.000000e+00 0.000000e+00 0.000000e+00
<ENDHMM>
~h "pw"
<BEGINHMM>
<NUMSTATES> 5
<STATE> 2
<MEAN> 39
 -7.836941e-01 8.567663e-01 2.160611e-01 2.145412e-01 4.009306e-01 7.999241e-01 6.619387e-01 7.861603e-01 3.198647e-01 1.834650e-01 -2.478402e-02 -1.286771e-01 -9.884597e-01 -2.777240e-03 -4.864228e-03 2.887726e-03 -3.438596e-04 -5.647967e-04 -5.807682e-03 1.215923e-03 -4.175915e-03 -5.917656e-04 -4.521429e-04 1.835691e-03 3.086724e-04 6.400153e-03 5.768531e-05 -1.173293e-03 -2.457956e-03 1.827555e-04 -1.497377e-03 -2.436307e-03 -1.431249e-03 -6.210718e-04 -1.967862e-03 1.040441e-03 -9.774235e-04 4.952471e-04 2.377147e-03
<VARIANCE> 39
 1.449259e+01 1.895053e+01 1.026607e+01 1.082212e+01 1.383715e+01 1.606058e+01 1.634031e+01 1.789461e+01 1.591268e+01 1.489236e+01 1.441603e+01 1.260257e+01 1.962927e+01 5.563021e-01 7.423733e-01 6.942070e-01 8.895801e-01 1.122270e+00 1.387734e+00 1.440830e+00 1.534734e+00 1.558386e+00 1.462749e+00 1.469881e+00 1.262099e+00 5.334153e-01 9.082072e-02 1.273592e-01 1.332073e-01 1.760616e-01 2.219834e-01 2.832688e-01 2.923698e-01 3.081494e-01 3.193543e-01 2.941310e-01 3.032276e-01 2.571463e-01 7.818908e-02
<GCONST> 8.656496e+01
<STATE> 3
<MEAN> 39
 6.332959e-01 -2.680228e+00 -8.375887e-01 -6.392123e-01 -9.720374e-01 -2.597945e+00 -2.337250e+00 -2.840868e+00 -1.363423e+00 -9.819665e-01 -2.777039e-01 1.430510e-01 5.367695e+00 -2.663970e-03 -7.458200e-02 -1.809871e-02 2.541895e-03 -1.912882e-02 -6.393961e-02 -5.868760e-02 -6.697235e-02 -3.456818e-02 -2.823967e-02 -3.604165e-03 8.956898e-03 1.117874e-01 7.976237e-03 8.822056e-03 2.550554e-03 1.633245e-03 1.082606e-02 1.575437e-02 9.313944e-03 9.701641e-03 6.958292e-03 3.499495e-03 4.088828e-03 -3.258373e-03 -2.200158e-02
<VARIANCE> 39
 1.728420e+01 2.725723e+01 1.292410e+01 1.246004e+01 1.691645e+01 2.537073e+01 2.329514e+01 2.752128e+01 1.831226e+01 1.616230e+01 1.438493e+01 1.285658e+01 8.184390e+01 6.453866e-01 1.085616e+00 7.365265e-01 8.769626e-01 1.481191e+00 1.910309e+00 1.734128e+00 1.845914e+00 1.558010e+00 1.473182e+00 1.383029e+00 1.304725e+00 3.953657e+00 1.069180e-01 1.663865e-01 1.368983e-01 1.680145e-01 2.903027e-01 3.640724e-01 3.353118e-01 3.550303e-01 3.143275e-01 2.974402e-01 2.818180e-01 2.722813e-01 5.416622e-01
<GCONST> 9.723340e+01
<STATE> 4
<MEAN> 39
 1.910864e-01 2.445065e-01 9.853888e-02 5.394286e-02 5.005508e-02 2.500771e-01 2.496924e-01 3.113761e-01 1.740325e-01 1.454259e-01 7.395189e-02 2.246428e-02 -8.011014e-01 9.037143e-03 1.085318e-02 3.905446e-03 -1.316161e-03 5.036507e-03 1.645447e-02 1.163654e-02 1.351639e-02 7.591622e-03 6.129659e-03 2.066602e-03 -3.372294e-03 -2.945923e-02 1.423916e-04 -8.235571e-04 -2.623518e-04 -9.320862e-04 -1.268263e-03 -8.955352e-04 -1.006623e-03 -1.925894e-03 -1.395998e-03 -5.621894e-04 -1.043377e-04 -2.033156e-05 1.435978e-03
<VARIANCE> 39
 1.468546e+01 1.963644e+01 1.075601e+01 1.093334e+01 1.374045e+01 1.939814e+01 1.779169e+01 2.110646e+01 1.739358e+01 1.570252e+01 1.406553e+01 1.294802e+01 3.100346e+01 5.352544e-01 7.743677e-01 6.644201e-01 8.553781e-01 1.145191e+00 1.466033e+00 1.459997e+00 1.568222e+00 1.528652e+00 1.504104e+00 1.408535e+00 1.282971e+00 9.064977e-01 8.763953e-02 1.278830e-01 1.248507e-01 1.672211e-01 2.263921e-01 2.935241e-01 2.907289e-01 3.124961e-01 3.098594e-01 3.084401e-01 2.868591e-01 2.638031e-01 1.291607e-01
<GCONST> 8.865221e+01
<TRANSP> 5
 0.000000e+00 1.000000e+00 0.000000e+00 0.000000e+00 0.000000e+00
 0.000000e+00 9.936381e-01 6.361875e-03 0.000000e+00 0.000000e+00
 0.000000e+00 0.000000e+00 9.880582e-01 1.194179e-02 0.000000e+00
 0.000000e+00 0.000000e+00 0.000000e+00 9.972762e-01 2.723762e-03
 0.000000e+00 0.000000e+00 0.000000e+00 0.000000e+00 0.000000e+00
<ENDHMM>
~h "si"
<BEGINHMM>
<NUMSTATES> 5
<STATE> 2
<MEAN> 39
 -2.797212e-01 6.938650e-02 2.654966e-01 3.085756e-01 4.659718e-02 -2.452371e-01 -1.370732e-01 -5.067231e-01 -3.977431e-02 -2.283283e-01 -2.853487e-01 1.346789e-01 6.120856e-01 -5.417307e-03 -4.611514e-03 -1.001298e-02 -1.569040e-02 -1.184031e-02 2.852506e-04 8.473058e-03 1.610956e-02 6.874499e-03 1.354932e-02 7.667329e-03 -1.711231e-03 -2.271837e-02 1.332636e-03 1.142851e-03 -6.153037e-05 2.382062e-04 1.023866e-03 2.238080e-03 1.053820e-03 1.015725e-03 6.175735e-04 1.193028e-03 1.481102e-03 2.022254e-04 -1.445786e-03
<VARIANCE> 39
 1.421078e+01 1.234523e+01 1.097598e+01 1.261073e+01 1.641706e+01 1.757923e+01 1.753977e+01 1.992142e+01 1.693283e+01 1.637761e+01 1.541141e+01 1.388552e+01 1.784496e+01 3.374676e-01 4.949832e-01 5.784038e-01 8.010931e-01 1.038968e+00 1.259041e+00 1.381473e+00 1.452872e+00 1.444053e+00 1.442123e+00 1.383884e+00 1.210838e+00 3.136128e-01 5.347004e-02 8.629819e-02 1.092409e-01 1.547386e-01 2.033679e-01 2.480524e-01 2.753863e-01 2.868331e-01 2.882956e-01 2.898327e-01 2.781330e-01 2.425294e-01 4.520015e-02
<GCONST> 8.240630e+01
<STATE> 3
<MEAN> 39
 6.578479e-01 1.819474e-01 -7.870751e-02 -1.696171e-01 8.946201e-02 4.280320e-01 6.882273e-02 4.805209e-01 -2.239403e-02 1.038767e-01 1.357512e-01 -2.389401e-01 -9.904910e-01 -7.505203e-04 3.712461e-03 -6.613760e-03 -3.761758e-03 -1.371442e-03 3.219029e-03 1.859940e-03 8.384076e-03 1.924257e-03 2.271933e-03 3.542325e-03 1.165627e-03 -1.011324e-02 -1.996919e-03 -6.887519e-04 9.283653e-05 1.844250e-04 -8.305830e-04 -2.290743e-03 -1.538378e-03 -2.030823e-03 -5.079221e-04 -7.408099e-04 -9.641725e-04 5.130502e-04 2.446081e-03
<VARIANCE> 39
 3.994052e+00 4.400902e+00 6.305599e+00 8.085865e+00 1.147007e+01 1.258463e+01 1.342900e+01 1.490688e+01 1.447947e+01 1.449500e+01 1.366717e+01 1.216074e+01 2.711108e+00 1.432036e-01 2.775869e-01 4.631664e-01 6.733345e-01 9.225507e-01 1.098700e+00 1.245707e+00 1.367764e+00 1.392197e+00 1.420989e+00 1.319932e+00 1.144919e+00 5.269223e-02 2.589649e-02 5.371502e-02 9.163225e-02 1.349023e-01 1.857887e-01 2.225248e-01 2.525469e-01 2.796409e-01 2.847513e-01 2.923855e-01 2.711736e-01 2.335451e-01 8.648439e-03
<GCONST> 6.770919e+01
<STATE> 4
<MEAN> 39
 -1.399979e+00 -5.733547e-01 -1.268232e-01 6.103327e-02 -2.977465e-01 -8.306921e-01 -9.709873e-03 -6.390206e-01 1.101867e-01 1.253798e-02 -1.604193e-04 4.665314e-01 1.865707e+00 -1.826701e-02 -3.751540e-03 4.431860e-03 2.713014e-03 -5.095399e-03 -1.461014e-02 -7.424582e-03 -1.874883e-02 2.942997e-03 1.804551e-03 3.211684e-03 9.039837e-03 4.687768e-02 2.591042e-03 1.464596e-04 8.849920e-04 1.143372e-04 7.368003e-04 2.088343e-03 1.017795e-03 1.013843e-03 2.873330e-04 -1.874233e-04 1.615508e-04 -1.413265e-03 -1.792059e-04
<VARIANCE> 39
 1.736665e+01 1.774975e+01 1.144444e+01 1.364631e+01 1.718697e+01 1.924233e+01 1.923096e+01 2.266579e+01 1.917896e+01 1.720556e+01 1.635412e+01 1.541541e+01 2.943307e+01 5.489904e-01 6.618672e-01 6.637222e-01 8.918086e-01 1.149418e+00 1.403308e+00 1.494646e+00 1.632221e+00 1.591434e+00 1.544917e+00 1.441712e+00 1.287650e+00 7.667836e-01 8.509935e-02 1.111839e-01 1.223066e-01 1.709224e-01 2.206593e-01 2.727213e-01 2.936987e-01 3.203019e-01 3.166359e-01 3.087964e-01 2.877589e-01 2.573469e-01 1.098133e-01
<GCONST> 8.929519e+01
<TRANSP> 5
 0.000000e+00 1.000000e+00 0.000000e+00 0.000000e+00 0.000000e+00
 0.000000e+00 9.859152e-01 1.408483e-02 0.000000e+00 0.000000e+00
 0.000000e+00 0.000000e+00 9.933023e-01 6.697680e-03 0.000000e+00
 0.000000e+00 0.000000e+00 0.000000e+00 9.821339e-01 1.786618e-02
 0.000000e+00 0.000000e+00 0.000000e+00 0.000000e+00 0.000000e+00
<ENDHMM>
~h "st"
<BEGINHMM>
<NUMSTATES> 5
<STATE> 2
<MEAN> 39
 -6.044084e-01 -6.938654e-01 -9.360363e-02 -5.953221e-01 -4.211804e-01 -1.468609e+00 -6.222861e-01 3.653342e-01 4.228168e-01 -3.481964e-01 -2.988214e-01 -2.617237e-01 2.290464e+00 -7.098515e-02 -2.375689e-01 1.052047e-01 -2.208786e-01 -1.640396e-01 -2.556539e-01 -8.457380e-02 -2.550226e-04 2.641264e-02 -4.258261e-02 -4.421942e-03 1.619665e-02 5.298468e-01 3.465241e-02 3.842875e-02 -1.581099e-04 3.960206e-02 3.791482e-02 5.902686e-02 4.420797e-02 6.040299e-03 2.855758e-03 1.376508e-02 -1.454592e-03 3.931931e-03 -1.066408e-01
<VARIANCE> 39
 1.586587e+01 2.597818e+01 1.638601e+01 2.582205e+01 2.453131e+01 3.195218e+01 2.278603e+01 2.011269e+01 1.845649e+01 2.062213e+01 1.904081e+01 1.465472e+01 6.752073e+01 9.968750e-01 1.244208e+00 1.050953e+00 1.735295e+00 2.051107e+00 2.474433e+00 1.983441e+00 1.829621e+00 1.726861e+00 1.989575e+00 2.025857e+00 1.546697e+00 3.844809e+00 1.482970e-01 1.905139e-01 1.788625e-01 2.937247e-01 3.688566e-01 4.120120e-01 3.594449e-01 3.478419e-01 3.279490e-01 3.770754e-01 3.961439e-01 2.962689e-01 5.640539e-01
<GCONST> 1.044948e+02
<STATE> 3
<MEAN> 39
 1.100056e-01 -2.238348e-02 8.612717e-02 -6.070676e-02 1.582821e-02 1.644326e-03 -7.546118e-02 -6.146498e-02 -5.331621e-02 1.921779e-02 2.086559e-02 -6.955815e-03 6.149821e-02 -3.771331e-03 1.033361e-02 3.076377e-03 -8.382820e-04 3.608652e-05 8.881267e-03 3.253628e-03 -1.402849e-03 -2.496098e-03 -8.518384e-04 -2.421905e-03 1.018456e-03 -2.288297e-02 1.304560e-05 8.356395e-04 -1.711830e-03 1.693685e-03 2.391385e-04 2.463281e-04 -6.809533e-04 -4.756144e-04 -1.154327e-03 -4.786169e-04 -2.709655e-04 9.340894e-05 -1.586013e-03
<VARIANCE> 39
 1.435434e+01 1.372805e+01 1.176924e+01 1.913360e+01 1.802923e+01 2.153995e+01 1.822684e+01 1.848101e+01 1.823130e+01 1.726794e+01 1.513502e+01 1.393512e+01 4.295421e+01 5.907413e-01 6.539046e-01 7.145779e-01 1.170480e+00 1.302360e+00 1.540850e+00 1.555797e+00 1.609330e+00 1.583448e+00 1.572341e+00 1.507052e+00 1.332102e+00 1.685992e+00 9.241833e-02 1.096664e-01 1.359983e-01 2.168846e-01 2.517604e-01 3.013557e-01 3.142782e-01 3.300484e-01 3.221714e-01 3.219216e-01 3.122276e-01 2.733033e-01 2.327171e-01
<GCONST> 9.249343e+01
<STATE> 4
<MEAN> 39
 -3.976161e-02 1.176502e-01 -8.204366e-02 1.465261e-01 3.910564e-02 1.951685e-01 1.663496e-01 1.851000e-02 1.852178e-03 2.559298e-02 1.716123e-02 4.274272e-02 -3.747576e-01 8.786506e-03 2.125466e-02 -1.466040e-02 3.072086e-02 2.564281e-02 4.213524e-02 2.005272e-02 -1.285388e-03 -1.658572e-03 5.144256e-03 9.077571e-04 2.926402e-03 -6.001895e-02 -5.858743e-04 -1.833053e-03 -4.632366e-04 -3.493282e-03 -2.749304e-03 -9.515334e-04 -1.592545e-03 1.370753e-03 1.655537e-03 1.809766e-03 1.195651e-03 6.109857e-04 4.294135e-03
<VARIANCE> 39
 7.387368e+00 7.894788e+00 8.547679e+00 1.358612e+01 1.509433e+01 1.816203e+01 1.643470e+01 1.682183e+01 1.558621e+01 1.507114e+01 1.370889e+01 1.249683e+01 1.272846e+01 3.470351e-01 4.943030e-01 6.082497e-01 9.568972e-01 1.145009e+00 1.392075e+00 1.416924e+00 1.502802e+00 1.513383e+00 1.494880e+00 1.375614e+00 1.239169e+00 4.512782e-01 5.671009e-02 8.712289e-02 1.166055e-01 1.769166e-01 2.223863e-01 2.713974e-01 2.811236e-01 3.015038e-01 3.078414e-01 3.070536e-01 2.798828e-01 2.526239e-01 6.138246e-02
<GCONST> 8.208656e+01
<TRANSP> 5
 0.000000e+00 1.000000e+00 0.000000e+00 0.000000e+00 0.000000e+00
 0.000000e+00 9.306715e-01 6.932850e-02 0.000000e+00 0.000000e+00
 0.000000e+00 0.000000e+00 9.915341e-01 8.465832e-03 0.000000e+00
 0.000000e+00 0.000000e+00 0.000000e+00 9.907014e-01 9.298571e-03
 0.000000e+00 0.000000e+00 0.000000e+00 0.000000e+00 0.000000e+00
<ENDHMM>
~h "spe"
<BEGINHMM>
<NUMSTATES> 5
<STATE> 2
<MEAN> 39
 -3.243505e-01 3.414451e-01 2.462702e-01 -8.680083e-01 -1.484874e-01 -2.496621e-02 1.735584e-01 2.703145e-01 -1.024245e-01 2.281129e-01 8.795932e-02 4.438233e-02 6.637723e-01 4.193450e-02 -1.417368e-01 8.296414e-02 -1.067389e-01 -7.710191e-02 -5.155768e-02 -7.950187e-02 2.912216e-02 3.644431e-02 6.796658e-02 -2.089813e-02 -3.745332e-02 2.040719e-01 -5.134135e-03 -1.083507e-02 8.075401e-05 1.702653e-02 6.043900e-04 -1.876514e-03 -2.624968e-03 -1.105181e-02 -5.309976e-03 -4.489016e-03 -1.163811e-02 5.217778e-03 -5.469855e-03
<VARIANCE> 39
 3.036559e+01 3.284130e+01 6.387786e+01 6.810287e+01 4.476765e+01 5.270884e+01 4.647241e+01 5.114857e+01 3.650170e+01 3.292880e+01 3.300358e+01 2.860785e+01 3.145027e+01 8.472892e-01 1.310164e+00 1.616875e+00 2.020580e+00 2.316478e+00 2.266192e+00 2.353526e+00 2.779043e+00 2.723163e+00 2.197621e+00 2.218810e+00 1.918506e+00 6.607866e-01 1.117804e-01 1.810586e-01 2.226188e-01 3.148418e-01 3.641658e-01 4.135036e-01 3.975284e-01 4.770525e-01 4.681424e-01 4.015364e-01 4.058083e-01 3.632760e-01 7.053168e-02
<GCONST> 1.111867e+02
<STATE> 3
<MEAN> 39
 5.774708e-01 -8.909997e-01 1.257421e+00 -1.204549e+00 -9.335527e-01 -6.935447e-01 -2.271269e+00 -1.043705e+00 -1.456475e+00 -8.146580e-01 -5.799922e-01 -9.336476e-01 2.831426e+00 -2.924505e-02 5.522801e-02 -2.333384e-02 5.391515e-02 2.696249e-02 -2.097429e-02 3.581652e-03 -3.465782e-02 -3.292852e-02 -3.504878e-02 -1.354663e-02 -3.890876e-03 -4.227291e-02 -2.267404e-03 9.182762e-03 -7.289047e-03 3.959389e-03 5.879784e-03 4.675791e-03 1.399986e-02 5.893337e-03 6.001886e-03 3.527635e-03 3.810083e-03 1.001097e-03 -9.631943e-03
<VARIANCE> 39
 1.856079e+01 3.237086e+01 5.197450e+01 2.949529e+01 5.581694e+01 4.229477e+01 2.518609e+01 3.949078e+01 2.826505e+01 2.924212e+01 3.222171e+01 2.881695e+01 1.128574e+01 5.841691e-01 9.424029e-01 1.117778e+00 1.214465e+00 1.908895e+00 1.760190e+00 1.573880e+00 2.040057e+00 1.830859e+00 1.873541e+00 1.694110e+00 1.668220e+00 2.439255e-01 7.358038e-02 1.255875e-01 1.616005e-01 2.031002e-01 3.134917e-01 3.140668e-01 3.006263e-01 3.723668e-01 3.554999e-01 3.647082e-01 3.180564e-01 2.978089e-01 2.857024e-02
<GCONST> 9.843803e+01
<STATE> 4
<MEAN> 39
 -1.274213e-01 2.176809e-01 -4.037268e-01 4.705437e-01 2.951847e-01 2.079835e-01 6.472692e-01 2.721751e-01 4.433995e-01 2.101755e-01 1.595011e-01 2.696477e-01 -9.235773e-01 -5.348233e-04 -1.121175e-04 -1.112879e-02 1.223018e-02 1.439591e-02 1.849175e-02 1.638831e-02 9.894423e-03 9.203329e-03 8.405197e-03 7.989790e-03 8.147515e-03 -2.179300e-02 1.065656e-04 -3.486202e-04 9.262790e-04 -4.161030e-04 -1.683064e-04 8.984810e-04 -8.892091e-04 -5.794077e-04 -1.414287e-03 2.933333e-05 -4.303940e-04 2.536748e-04 3.864106e-04
<VARIANCE> 39
 1.218129e+01 1.982412e+01 2.959438e+01 2.129784e+01 3.885188e+01 3.076585e+01 3.239024e+01 2.771327e+01 2.603938e+01 2.454527e+01 2.641592e+01 2.367225e+01 1.428167e+01 3.158905e-01 6.048420e-01 8.034046e-01 9.688902e-01 1.376087e+00 1.454023e+00 1.540586e+00 1.662749e+00 1.701940e+00 1.632634e+00 1.640346e+00 1.477969e+00 2.076912e-01 4.418331e-02 8.828057e-02 1.243884e-01 1.620472e-01 2.272086e-01 2.593752e-01 2.819097e-01 3.157761e-01 3.250689e-01 3.139824e-01 3.095453e-01 2.815311e-01 2.146815e-02
<GCONST> 8.985332e+01
<TRANSP> 5
 0.000000e+00 1.000000e+00 0.000000e+00 0.000000e+00 0.000000e+00
 0.000000e+00 9.722272e-01 2.777281e-02 0.000000e+00 0.000000e+00
 0.000000e+00 0.000000e+00 9.875243e-01 1.247571e-02 0.000000e+00
 0.000000e+00 0.000000e+00 0.000000e+00 9.963183e-01 3.681707e-03
 0.000000e+00 0.000000e+00 0.000000e+00 0.000000e+00 0.000000e+00
<ENDHMM>
