~o
<STREAMINFO> 1 13
<VECSIZE> 13<NULLD><MFCC_0><DIAGC>
~h "ap"
<BEGINHMM>
<NUMSTATES> 5
<STATE> 2
<MEAN> 13
 -1.221606e+01 -7.429876e+00 -3.196609e+00 -5.642555e-01 2.175128e-01 -2.331504e+00 2.594069e+00 -2.206604e+00 -1.760286e+00 -4.651904e-01 6.978909e-01 -1.037481e+00 5.922509e+01
<VARIANCE> 13
 3.181926e+01 4.050640e+01 2.344551e+01 2.113303e+01 2.917400e+01 3.789839e+01 2.279023e+01 2.705860e+01 2.037429e+01 1.946642e+01 1.678605e+01 1.507849e+01 1.180287e+02
<GCONST> 6.697969e+01
<STATE> 3
<MEAN> 13
 -1.117105e+01 -1.606978e+01 -1.035231e+01 1.535669e+00 6.357370e-01 -9.076292e+00 7.634870e-02 -2.210902e+00 -5.904195e+00 -3.737058e+00 4.835621e-01 -1.395692e+00 6.953443e+01
<VARIANCE> 13
 1.414636e+01 2.050179e+01 1.798080e+01 2.234198e+01 3.351130e+01 2.413644e+01 2.743851e+01 1.980837e+01 2.398668e+01 2.091905e+01 1.715816e+01 1.521435e+01 8.344972e+01
<GCONST> 6.475892e+01
<STATE> 4
<MEAN> 13
 -1.003708e+01 -1.184635e+01 -4.651079e+00 2.158489e+00 -1.113358e-01 -4.697375e+00 3.017391e+00 -2.959728e+00 -4.018430e+00 -3.343186e-01 7.408518e-01 -1.671895e+00 6.048864e+01
<VARIANCE> 13
 2.347978e+01 5.160060e+01 2.269401e+01 2.445599e+01 3.950426e+01 3.302698e+01 2.532937e+01 2.945852e+01 2.306447e+01 2.028005e+01 1.838525e+01 1.460233e+01 1.188388e+02
<GCONST> 6.761816e+01
<TRANSP> 5
 0.000000e+00 1.000000e+00 0.000000e+00 0.000000e+00 0.000000e+00
 0.000000e+00 9.894739e-01 1.052611e-02 0.000000e+00 0.000000e+00
 0.000000e+00 0.000000e+00 9.873693e-01 1.263073e-02 0.000000e+00
 0.000000e+00 0.000000e+00 0.000000e+00 9.910668e-01 8.933173e-03
 0.000000e+00 0.000000e+00 0.000000e+00 0.000000e+00 0.000000e+00
<ENDHMM>
~h "cl"
<BEGINHMM>
<NUMSTATES> 5
<STATE> 2
<MEAN> 13
 -1.420813e+01 -6.755862e-01 9.698129e-01 -3.102643e+00 -1.578400e+00 6.382590e+00 3.456214e+00 -1.147078e+00 2.413281e+00 1.136379e+00 -4.213723e+00 1.611606e+00 5.409207e+01
<VARIANCE> 13
 6.549936e+01 2.193434e+01 3.481781e+01 1.472870e+01 1.897294e+01 3.990745e+01 2.303696e+01 2.828000e+01 3.068889e+01 2.441566e+01 3.357619e+01 2.370183e+01 4.590556e+01
<GCONST> 6.763634e+01
<STATE> 3
<MEAN> 13
 -1.962798e+01 2.825915e+00 -1.891279e-01 -5.348670e+00 -4.195208e+00 1.211506e+01 6.444888e-01 -3.629496e+00 7.605555e+00 -3.567797e+00 -3.438603e+00 5.353875e+00 5.876904e+01
<VARIANCE> 13
 5.085778e+01 9.792258e+00 1.971874e+01 1.254505e+01 1.764999e+01 3.417149e+01 2.577222e+01 2.227541e+01 2.630796e+01 2.020198e+01 1.937588e+01 1.987230e+01 2.077218e+01
<GCONST> 6.363145e+01
<STATE> 4
<MEAN> 13
 -2.243687e+01 1.090460e+00 6.542782e+00 -2.910046e+00 -6.905841e+00 1.070310e+01 1.422973e+00 -7.140869e+00 2.836529e+00 4.617545e+00 -1.191632e+01 4.989042e+00 5.792320e+01
<VARIANCE> 13
 3.609250e+01 8.826833e+00 1.448935e+01 1.697271e+01 2.639303e+01 2.993969e+01 2.920898e+01 4.615620e+01 3.468078e+01 2.939310e+01 2.804551e+01 3.050369e+01 3.341364e+01
<GCONST> 6.622768e+01
<TRANSP> 5
 0.000000e+00 1.000000e+00 0.000000e+00 0.000000e+00 0.000000e+00
 0.000000e+00 9.689356e-01 3.106436e-02 0.000000e+00 0.000000e+00
 0.000000e+00 0.000000e+00 9.920583e-01 7.941770e-03 0.000000e+00
 0.000000e+00 0.000000e+00 0.000000e+00 9.930617e-01 6.938334e-03
 0.000000e+00 0.000000e+00 0.000000e+00 0.000000e+00 0.000000e+00
<ENDHMM>
~h "cm"
<BEGINHMM>
<NUMSTATES> 5
<STATE> 2
<MEAN> 13
 -1.249931e+01 5.021796e-02 -2.543766e+00 -4.803160e+00 -4.815202e-02 9.928087e-01 -9.573529e-01 3.848474e-01 -1.849351e+00 8.555118e-01 2.759507e+00 -6.877629e-01 5.698166e+01
<VARIANCE> 13
 1.461167e+01 1.501436e+01 1.211490e+01 1.349495e+01 1.518121e+01 1.620311e+01 1.781508e+01 1.763557e+01 1.736739e+01 1.687430e+01 1.855302e+01 1.628640e+01 1.985913e+01
<GCONST> 6.001522e+01
<STATE> 3
<MEAN> 13
 -1.065133e+01 -1.376460e+00 -3.298450e+00 -4.301474e+00 -8.016309e-01 -7.298737e-01 -2.546620e+00 -1.695914e+00 -4.183337e+00 -1.003008e+00 3.221401e-01 -1.445250e+00 6.501778e+01
<VARIANCE> 13
 1.296696e+01 1.235655e+01 1.446255e+01 1.494819e+01 1.581638e+01 1.535772e+01 1.763540e+01 1.968241e+01 1.852523e+01 1.663684e+01 1.893906e+01 1.561603e+01 3.151910e+01
<GCONST> 6.055831e+01
<STATE> 4
<MEAN> 13
 -5.398294e+00 3.864240e-01 -2.685914e+00 -3.974574e+00 -9.079719e-01 -1.564619e+00 -3.225511e+00 -2.503132e+00 -4.044429e+00 -2.584558e+00 -1.665478e+00 -2.921346e+00 6.773299e+01
<VARIANCE> 13
 8.599663e+00 1.078625e+01 1.143904e+01 1.407480e+01 1.432294e+01 1.386747e+01 1.549188e+01 1.752452e+01 1.689282e+01 1.519815e+01 1.458505e+01 1.261839e+01 6.610744e+01
<GCONST> 5.935363e+01
<TRANSP> 5
 0.000000e+00 1.000000e+00 0.000000e+00 0.000000e+00 0.000000e+00
 0.000000e+00 9.651580e-01 3.484205e-02 0.000000e+00 0.000000e+00
 0.000000e+00 0.000000e+00 9.464029e-01 5.359709e-02 0.000000e+00
 0.000000e+00 0.000000e+00 0.000000e+00 9.861574e-01 1.384267e-02
 0.000000e+00 0.000000e+00 0.000000e+00 0.000000e+00 0.000000e+00
<ENDHMM>
~h "co"
<BEGINHMM>
<NUMSTATES> 5
<STATE> 2
<MEAN> 13
 -6.335464e+00 -5.346541e+00 2.973265e-01 -2.234207e-01 -6.589995e+00 -1.744104e+00 -1.056370e+00 4.629941e-01 1.672144e-01 -1.565297e+00 -2.621833e+00 -5.933168e+00 5.832751e+01
<VARIANCE> 13
 1.496671e+01 2.455878e+01 2.520477e+01 2.901600e+01 8.839153e+01 4.360182e+01 5.628509e+01 3.707683e+01 4.722911e+01 3.206046e+01 4.279631e+01 2.816505e+01 8.295264e+01
<GCONST> 7.112991e+01
<STATE> 3
<MEAN> 13
 -7.089395e+00 -6.625576e+00 -1.001704e+00 -2.637352e+00 -8.402369e+00 -8.482038e+00 -6.691405e+00 -7.040627e+00 -4.731793e+00 -5.020229e+00 -4.339647e+00 -9.659101e+00 6.931101e+01
<VARIANCE> 13
 1.652019e+01 1.142142e+01 2.376624e+01 2.085537e+01 3.455596e+01 3.149353e+01 5.680372e+01 5.532367e+01 4.422430e+01 4.175593e+01 3.626618e+01 4.230933e+01 3.365271e+01
<GCONST> 6.875661e+01
<STATE> 4
<MEAN> 13
 -3.582041e+00 -3.674001e+00 3.987033e+00 2.015338e+00 -1.955550e+00 -3.536042e+00 -5.574823e+00 -6.053151e+00 -4.453371e+00 -4.263203e+00 -4.134547e+00 -8.237725e+00 5.826748e+01
<VARIANCE> 13
 1.284668e+01 2.253618e+01 1.967537e+01 2.462228e+01 3.946264e+01 3.307493e+01 4.485554e+01 4.698256e+01 3.249430e+01 3.425039e+01 3.332057e+01 2.631996e+01 6.161916e+01
<GCONST> 6.848322e+01
<TRANSP> 5
 0.000000e+00 1.000000e+00 0.000000e+00 0.000000e+00 0.000000e+00
 0.000000e+00 9.080644e-01 9.193563e-02 0.000000e+00 0.000000e+00
 0.000000e+00 0.000000e+00 9.814337e-01 1.856632e-02 0.000000e+00
 0.000000e+00 0.000000e+00 0.000000e+00 9.830266e-01 1.697342e-02
 0.000000e+00 0.000000e+00 0.000000e+00 0.000000e+00 0.000000e+00
<ENDHMM>
~h "ds"
<BEGINHMM>
<NUMSTATES> 5
<STATE> 2
<MEAN> 13
 -1.465355e+01 3.552238e-02 -4.312228e-01 -1.077090e+00 -1.495933e+00 -2.483566e+00 3.184489e+00 -2.318942e+00 1.157528e+00 2.332585e+00 4.383605e+00 1.753813e-01 6.617604e+01
<VARIANCE> 13
 1.852436e+01 1.057510e+01 1.251058e+01 1.414294e+01 2.346819e+01 1.790887e+01 2.522244e+01 2.887767e+01 2.254831e+01 2.011965e+01 1.742479e+01 1.595404e+01 1.136502e+02
<GCONST> 6.345561e+01
<STATE> 3
<MEAN> 13
 -1.139990e+01 3.573200e+00 3.069309e+00 4.547145e+00 3.891871e+00 1.284254e+00 4.766572e+00 -2.171833e+00 2.373963e+00 1.654486e+00 3.665708e+00 2.228146e-01 6.856179e+01
<VARIANCE> 13
 1.395687e+01 1.036050e+01 1.169404e+01 1.171227e+01 1.869943e+01 1.471965e+01 1.784584e+01 1.427698e+01 1.631894e+01 1.489138e+01 1.470422e+01 1.343605e+01 4.090924e+01
<GCONST> 5.943473e+01
<STATE> 4
<MEAN> 13
 -9.764903e+00 1.362457e+00 2.045162e+00 5.474569e-01 2.960897e+00 7.142127e-01 2.872558e+00 -1.066742e+00 1.914136e-01 -5.412315e-01 2.029390e+00 -1.653191e+00 5.473869e+01
<VARIANCE> 13
 1.578035e+01 1.168117e+01 1.636953e+01 1.666958e+01 1.951215e+01 2.233604e+01 2.448468e+01 1.945227e+01 2.487252e+01 2.324393e+01 1.818824e+01 1.740273e+01 4.901959e+01
<GCONST> 6.297084e+01
<TRANSP> 5
 0.000000e+00 1.000000e+00 0.000000e+00 0.000000e+00 0.000000e+00
 0.000000e+00 9.553584e-01 4.464160e-02 0.000000e+00 0.000000e+00
 0.000000e+00 0.000000e+00 9.300175e-01 6.998251e-02 0.000000e+00
 0.000000e+00 0.000000e+00 0.000000e+00 9.929799e-01 7.020098e-03
 0.000000e+00 0.000000e+00 0.000000e+00 0.000000e+00 0.000000e+00
<ENDHMM>
~h "kj"
<BEGINHMM>
<NUMSTATES> 5
<STATE> 2
<MEAN> 13
 -1.784210e+01 5.150148e+00 4.447961e-01 -2.303820e+00 -6.399255e-01 2.814107e+00 8.303745e-01 3.429514e+00 -3.511053e-02 4.925694e-02 1.280111e+00 -1.318763e+00 5.332099e+01
<VARIANCE> 13
 3.089006e+01 1.582390e+01 1.195021e+01 1.348385e+01 1.760695e+01 2.819940e+01 2.537781e+01 2.213285e+01 1.874422e+01 2.426266e+01 1.781219e+01 1.647134e+01 1.666823e+01
<GCONST> 6.231996e+01
<STATE> 3
<MEAN> 13
 -1.455053e+01 -4.716843e+00 -4.219971e+00 -2.874477e-01 -7.754310e-01 -3.187382e+00 -9.890969e-01 -2.743266e+00 -2.430610e+00 1.223105e+00 5.152068e-01 -8.056678e-01 6.023861e+01
<VARIANCE> 13
 1.620826e+01 2.807854e+01 1.255833e+01 1.541748e+01 1.616648e+01 1.879104e+01 1.920017e+01 1.984170e+01 1.874072e+01 1.787445e+01 1.550051e+01 1.322034e+01 3.740626e+01
<GCONST> 6.169638e+01
<STATE> 4
<MEAN> 13
 -2.127396e+01 9.315944e-01 9.739873e-01 7.857825e-01 -2.353398e+00 1.114800e+00 5.073799e+00 4.848864e-02 -2.565314e+00 2.598277e+00 1.062817e+00 -2.211039e+00 5.779235e+01
<VARIANCE> 13
 3.275902e+01 3.532199e+01 2.153389e+01 2.861288e+01 1.699594e+01 3.717718e+01 3.482534e+01 2.215224e+01 2.107467e+01 2.647446e+01 1.756926e+01 1.801663e+01 3.823853e+01
<GCONST> 6.619207e+01
<TRANSP> 5
 0.000000e+00 1.000000e+00 0.000000e+00 0.000000e+00 0.000000e+00
 0.000000e+00 9.867895e-01 1.321052e-02 0.000000e+00 0.000000e+00
 0.000000e+00 0.000000e+00 9.745234e-01 2.547664e-02 0.000000e+00
 0.000000e+00 0.000000e+00 0.000000e+00 9.949993e-01 5.000674e-03
 0.000000e+00 0.000000e+00 0.000000e+00 0.000000e+00 0.000000e+00
<ENDHMM>
~h "kn"
<BEGINHMM>
<NUMSTATES> 5
<STATE> 2
<MEAN> 13
 2.729881e+00 1.889516e+00 -2.811934e+00 -2.173286e+00 1.365041e+00 -6.076593e-01 5.538291e-01 -3.439692e+00 1.973916e-01 3.461573e-01 1.372745e+00 -2.386148e+00 5.599462e+01
<VARIANCE> 13
 2.057925e+01 3.262385e+01 2.590421e+01 1.020417e+01 1.306393e+01 2.152326e+01 1.798082e+01 3.126848e+01 2.617607e+01 2.222786e+01 1.879370e+01 1.719561e+01 6.158748e+01
<GCONST> 6.421466e+01
<STATE> 3
<MEAN> 13
 4.555343e+00 -1.301095e+00 -2.224901e+00 2.335401e+00 5.849893e+00 -3.860552e-01 3.555905e+00 -3.820987e+00 8.441888e-02 -9.067918e-01 1.574176e+00 -1.301866e+00 6.289586e+01
<VARIANCE> 13
 8.259282e+00 1.655236e+01 1.040787e+01 1.218892e+01 1.655570e+01 2.335057e+01 1.925505e+01 2.246936e+01 2.034735e+01 2.068981e+01 1.723616e+01 1.824889e+01 2.267749e+01
<GCONST> 6.059571e+01
<STATE> 4
<MEAN> 13
 6.403136e+00 1.072035e+00 -1.398854e+00 1.115611e+00 5.103802e+00 3.454913e-01 7.866623e-01 -2.839534e+00 -2.532913e+00 -2.005892e+00 -2.745804e-01 -2.878912e+00 5.493179e+01
<VARIANCE> 13
 1.312778e+01 1.993765e+01 1.763914e+01 1.208626e+01 1.962130e+01 2.330185e+01 1.937469e+01 2.401993e+01 1.959260e+01 1.824504e+01 1.431116e+01 1.463263e+01 3.382447e+01
<GCONST> 6.183445e+01
<TRANSP> 5
 0.000000e+00 1.000000e+00 0.000000e+00 0.000000e+00 0.000000e+00
 0.000000e+00 9.604563e-01 3.954371e-02 0.000000e+00 0.000000e+00
 0.000000e+00 0.000000e+00 9.703857e-01 2.961436e-02 0.000000e+00
 0.000000e+00 0.000000e+00 0.000000e+00 9.740087e-01 2.599129e-02
 0.000000e+00 0.000000e+00 0.000000e+00 0.000000e+00 0.000000e+00
<ENDHMM>
~h "kt"
<BEGINHMM>
<NUMSTATES> 5
<STATE> 2
<MEAN> 13
 -1.070543e+01 6.485083e-02 -6.488210e+00 -1.356234e+00 1.359591e+00 1.522007e+00 4.854465e+00 8.566691e-01 1.171630e+00 9.050215e-01 1.650004e+00 -1.382339e+00 5.532555e+01
<VARIANCE> 13
 1.451366e+01 6.427097e+00 7.674928e+00 9.890099e+00 1.205941e+01 1.646181e+01 1.581659e+01 1.629909e+01 1.683270e+01 1.510324e+01 1.421235e+01 1.323455e+01 1.810709e+01
<GCONST> 5.727205e+01
<STATE> 3
<MEAN> 13
 -1.274403e+01 2.780123e+00 -3.733624e+00 8.181502e-01 9.113420e-01 -2.387048e+00 2.502642e+00 6.146714e-01 2.839972e-01 -4.614029e-01 -3.455465e-01 -1.416293e+00 5.486328e+01
<VARIANCE> 13
 8.132806e+00 6.495499e+00 9.387588e+00 1.201277e+01 1.419282e+01 1.685001e+01 1.797414e+01 1.699641e+01 1.812952e+01 1.961329e+01 1.773966e+01 1.413090e+01 2.124170e+01
<GCONST> 5.823768e+01
<STATE> 4
<MEAN> 13
 -9.841741e+00 3.154269e+00 -2.484453e+00 1.196067e-01 5.643507e-01 -1.760263e-01 3.109992e+00 2.104371e+00 5.896526e-01 -6.259365e-02 5.815749e-01 -2.055468e+00 4.896911e+01
<VARIANCE> 13
 9.494146e+00 8.775799e+00 1.109619e+01 1.179754e+01 1.651880e+01 1.627367e+01 1.683951e+01 1.727366e+01 1.728395e+01 1.750921e+01 1.518749e+01 1.301710e+01 1.212957e+01
<GCONST> 5.795141e+01
<TRANSP> 5
 0.000000e+00 1.000000e+00 0.000000e+00 0.000000e+00 0.000000e+00
 0.000000e+00 9.907477e-01 9.252335e-03 0.000000e+00 0.000000e+00
 0.000000e+00 0.000000e+00 9.840040e-01 1.599605e-02 0.000000e+00
 0.000000e+00 0.000000e+00 0.000000e+00 9.937201e-01 6.279958e-03
 0.000000e+00 0.000000e+00 0.000000e+00 0.000000e+00 0.000000e+00
<ENDHMM>
~h "pr"
<BEGINHMM>
<NUMSTATES> 5
<STATE> 2
<MEAN> 13
 -1.671058e+01 -8.891771e+00 5.144194e-02 -4.519084e+00 1.744647e+00 -1.721245e+00 6.977623e+00 3.023766e+00 1.462661e+00 -2.080473e+00 1.315275e-01 7.312986e-02 6.078724e+01
<VARIANCE> 13
 2.994135e+01 3.393406e+01 3.962028e+01 3.630828e+01 1.036207e+02 5.813705e+01 6.825501e+01 6.210112e+01 4.051046e+01 3.643592e+01 3.378509e+01 5.946175e+01 8.533758e+00
<GCONST> 7.218950e+01
<STATE> 3
<MEAN> 13
 -2.093065e+01 4.397396e+00 1.749462e+01 -1.516443e+01 1.973800e+00 1.273332e+01 -5.697645e+00 -6.022476e+00 1.197409e+01 -7.266588e+00 -7.286940e+00 8.245721e+00 5.411291e+01
<VARIANCE> 13
 1.097499e+01 1.642765e+01 1.522878e+01 2.726707e+01 2.173603e+01 2.498362e+01 1.838020e+01 2.703712e+01 2.427324e+01 3.115787e+01 2.739479e+01 1.858142e+01 7.164765e+00
<GCONST> 6.245166e+01
<STATE> 4
<MEAN> 13
 -1.222192e+01 -3.323974e+00 6.973167e+00 -8.411568e+00 4.918981e+00 3.442932e+00 6.426517e-01 3.377438e+00 1.223721e+00 -1.543924e+00 -2.229282e+00 3.935064e+00 5.071455e+01
<VARIANCE> 13
 3.187795e+01 5.132685e+01 6.032486e+01 6.619608e+01 4.450663e+01 1.110203e+02 4.734159e+01 6.750105e+01 7.240566e+01 5.078003e+01 9.709573e+01 7.119917e+01 2.847699e+01
<GCONST> 7.655984e+01
<TRANSP> 5
 0.000000e+00 1.000000e+00 0.000000e+00 0.000000e+00 0.000000e+00
 0.000000e+00 9.927489e-01 7.251143e-03 0.000000e+00 0.000000e+00
 0.000000e+00 0.000000e+00 9.807575e-01 1.924251e-02 0.000000e+00
 0.000000e+00 0.000000e+00 0.000000e+00 9.944485e-01 5.551421e-03
 0.000000e+00 0.000000e+00 0.000000e+00 0.000000e+00 0.000000e+00
<ENDHMM>
~h "pw"
<BEGINHMM>
<NUMSTATES> 5
<STATE> 2
<MEAN> 13
 -1.339856e+01 -1.508708e+00 -5.466561e-01 -3.661594e-01 1.490930e+00 -1.038332e+00 2.958086e+00 2.513439e-01 -6.770798e-01 9.069489e-01 6.168162e-02 -9.993811e-01 5.326821e+01
<VARIANCE> 13
 1.475493e+01 2.047662e+01 1.124527e+01 1.220878e+01 1.483433e+01 1.630580e+01 1.673161e+01 1.824681e+01 1.686162e+01 1.554865e+01 1.459746e+01 1.297947e+01 2.377745e+01
<GCONST> 5.971709e+01
<STATE> 3
<MEAN> 13
 -1.263749e+01 -6.418088e+00 -2.609783e+00 -1.519941e+00 -5.805562e-02 -4.216598e+00 -2.840220e-02 -3.764655e+00 -2.953755e+00 -7.674155e-01 -2.082855e-01 -5.914114e-01 6.109100e+01
<VARIANCE> 13
 2.383166e+01 2.192267e+01 1.244621e+01 1.215395e+01 1.660242e+01 2.345379e+01 2.130073e+01 2.468149e+01 1.849604e+01 1.622030e+01 1.471545e+01 1.319518e+01 5.803888e+01
<GCONST> 6.243307e+01
<STATE> 4
<MEAN> 13
 -1.163533e+01 -2.770893e+00 -1.600509e+00 -9.077681e-01 9.451573e-01 -8.376938e-01 3.010930e+00 -3.294388e-01 -7.613106e-01 8.315809e-01 4.300043e-01 -8.188908e-01 5.415205e+01
<VARIANCE> 13
 1.662395e+01 2.115907e+01 1.292700e+01 1.213327e+01 1.465878e+01 2.104107e+01 1.867526e+01 2.151184e+01 1.741167e+01 1.616904e+01 1.432360e+01 1.337275e+01 3.356954e+01
<GCONST> 6.094689e+01
<TRANSP> 5
 0.000000e+00 1.000000e+00 0.000000e+00 0.000000e+00 0.000000e+00
 0.000000e+00 9.923441e-01 7.655911e-03 0.000000e+00 0.000000e+00
 0.000000e+00 0.000000e+00 9.915214e-01 8.478620e-03 0.000000e+00
 0.000000e+00 0.000000e+00 0.000000e+00 9.972184e-01 2.781647e-03
 0.000000e+00 0.000000e+00 0.000000e+00 0.000000e+00 0.000000e+00
<ENDHMM>
~h "si"
<BEGINHMM>
<NUMSTATES> 5
<STATE> 2
<MEAN> 13
 -8.785111e+00 -3.403224e-01 1.273600e-01 -1.659962e+00 2.966780e-01 4.268502e-01 2.438810e+00 4.112550e-01 -1.299624e-01 4.544986e-01 6.227176e-01 -1.891598e+00 5.124581e+01
<VARIANCE> 13
 2.471608e+01 2.000734e+01 1.742523e+01 1.711059e+01 2.388939e+01 2.110733e+01 2.201155e+01 2.476120e+01 2.155879e+01 1.946082e+01 1.830754e+01 1.744509e+01 3.472171e+01
<GCONST> 6.367040e+01
<STATE> 3
<MEAN> 13
 -3.832393e+00 -3.952230e+00 -3.818855e+00 -3.223457e+00 1.500753e+00 3.861341e+00 4.491032e+00 7.154425e-01 -6.561067e-01 1.264308e+00 1.283623e+00 -2.526518e+00 5.048509e+01
<VARIANCE> 13
 6.831227e+00 7.246581e+00 7.070442e+00 8.381117e+00 1.320763e+01 1.479210e+01 1.508091e+01 1.579996e+01 1.505546e+01 1.483495e+01 1.428925e+01 1.285410e+01 3.832489e+00
<GCONST> 5.459007e+01
<STATE> 4
<MEAN> 13
 -6.552245e+00 1.764456e+00 9.544304e-01 -1.868090e+00 1.731099e+00 1.543549e+00 2.458791e+00 3.057724e+00 -2.447982e-01 5.704426e-01 9.014093e-01 -2.307874e+00 4.501453e+01
<VARIANCE> 13
 1.084976e+01 8.012330e+00 9.385921e+00 1.091763e+01 1.650113e+01 1.582876e+01 1.619988e+01 1.865002e+01 1.639201e+01 1.666619e+01 1.471703e+01 1.341677e+01 1.169703e+01
<GCONST> 5.761824e+01
<TRANSP> 5
 0.000000e+00 1.000000e+00 0.000000e+00 0.000000e+00 0.000000e+00
 0.000000e+00 9.864797e-01 1.352033e-02 0.000000e+00 0.000000e+00
 0.000000e+00 0.000000e+00 9.788062e-01 2.119378e-02 0.000000e+00
 0.000000e+00 0.000000e+00 0.000000e+00 9.935536e-01 6.446336e-03
 0.000000e+00 0.000000e+00 0.000000e+00 0.000000e+00 0.000000e+00
<ENDHMM>
~h "st"
<BEGINHMM>
<NUMSTATES> 5
<STATE> 2
<MEAN> 13
 -8.909939e+00 -2.871075e+00 -6.124562e-01 -5.422504e+00 -1.342979e+00 -1.854544e+00 1.987534e+00 -7.477837e-01 -1.291217e+00 -1.152532e+00 8.374104e-01 -2.344686e+00 5.836887e+01
<VARIANCE> 13
 1.752778e+01 2.228287e+01 1.504917e+01 2.340730e+01 2.073106e+01 2.590682e+01 2.085921e+01 1.977640e+01 1.909280e+01 1.938076e+01 1.639581e+01 1.475390e+01 4.280600e+01
<GCONST> 6.319160e+01
<STATE> 3
<MEAN> 13
 -5.613128e+00 -3.800668e+00 -3.016800e+00 -4.984424e+00 -6.205449e-01 2.196403e-01 2.607840e+00 1.402158e-01 -7.140576e-01 5.803450e-01 1.151240e+00 -2.586628e+00 5.463407e+01
<VARIANCE> 13
 7.978413e+00 1.033583e+01 1.216112e+01 1.664049e+01 1.874001e+01 2.280276e+01 1.919087e+01 1.822681e+01 1.752355e+01 1.729746e+01 1.526190e+01 1.382446e+01 2.116277e+01
<GCONST> 5.964785e+01
<STATE> 4
<MEAN> 13
 -1.027590e+01 7.103757e-01 8.016618e-01 -2.559082e+00 1.994755e-01 -7.794899e-01 2.068806e+00 3.456228e-01 1.440153e-01 -1.925212e-01 7.483171e-01 -2.271330e+00 5.236254e+01
<VARIANCE> 13
 1.471367e+01 1.009512e+01 1.112648e+01 1.753732e+01 1.669829e+01 1.922904e+01 1.818492e+01 1.982731e+01 1.810295e+01 1.653582e+01 1.480793e+01 1.343376e+01 3.716107e+01
<GCONST> 6.043607e+01
<TRANSP> 5
 0.000000e+00 1.000000e+00 0.000000e+00 0.000000e+00 0.000000e+00
 0.000000e+00 9.828887e-01 1.711128e-02 0.000000e+00 0.000000e+00
 0.000000e+00 0.000000e+00 9.833601e-01 1.663988e-02 0.000000e+00
 0.000000e+00 0.000000e+00 0.000000e+00 9.917731e-01 8.226833e-03
 0.000000e+00 0.000000e+00 0.000000e+00 0.000000e+00 0.000000e+00
<ENDHMM>
~h "spe"
<BEGINHMM>
<NUMSTATES> 5
<STATE> 2
<MEAN> 13
 -3.013490e+00 -1.988070e+00 5.095319e-01 -6.183661e+00 -1.574253e+00 -1.224528e+00 6.115525e-01 -7.949743e-01 -2.574617e+00 6.220248e-01 1.943813e-02 -4.339074e+00 5.581290e+01
<VARIANCE> 13
 2.578732e+01 2.893987e+01 3.450743e+01 3.800481e+01 3.668722e+01 4.127509e+01 3.640652e+01 3.625669e+01 2.461918e+01 2.345895e+01 3.172410e+01 1.860793e+01 1.754176e+01
<GCONST> 6.779848e+01
<STATE> 3
<MEAN> 13
 -1.053473e+00 -4.784231e+00 3.049880e+00 -1.142105e+01 -4.168212e+00 -4.341717e+00 -5.160598e+00 -2.938522e+00 -2.475759e+00 -2.164432e+00 -5.094778e+00 -5.063840e+00 6.112545e+01
<VARIANCE> 13
 2.095060e+01 3.402234e+01 7.823665e+01 6.512060e+01 6.673318e+01 6.233132e+01 3.746548e+01 5.252447e+01 4.044186e+01 4.179724e+01 5.248460e+01 4.127566e+01 2.330135e+01
<GCONST> 7.317744e+01
<STATE> 4
<MEAN> 13
 -9.982539e-01 -3.119424e+00 -5.726817e-02 -4.229826e+00 -2.623980e+00 -1.539178e-02 -3.349519e-01 -7.106139e-01 -1.796455e+00 -1.119687e-01 -1.100949e+00 -5.780290e+00 5.302325e+01
<VARIANCE> 13
 1.385226e+01 2.842154e+01 3.063012e+01 2.474913e+01 4.478669e+01 3.415408e+01 3.234933e+01 3.080561e+01 2.923411e+01 2.781104e+01 2.816319e+01 2.602061e+01 1.559364e+01
<GCONST> 6.678040e+01
<TRANSP> 5
 0.000000e+00 1.000000e+00 0.000000e+00 0.000000e+00 0.000000e+00
 0.000000e+00 9.784374e-01 2.156258e-02 0.000000e+00 0.000000e+00
 0.000000e+00 0.000000e+00 9.836203e-01 1.637965e-02 0.000000e+00
 0.000000e+00 0.000000e+00 0.000000e+00 9.964330e-01 3.567031e-03
 0.000000e+00 0.000000e+00 0.000000e+00 0.000000e+00 0.000000e+00
<ENDHMM>
