~o
<STREAMINFO> 1 13
<VECSIZE> 13<NULLD><MFCC_0><DIAGC>
~h "ap"
<BEGINHMM>
<NUMSTATES> 5
<STATE> 2
<NUMMIXES> 2
<MIXTURE> 1 4.745246e-01
<MEAN> 13
 -8.262066e+00 -4.224296e+00 -1.495059e+00 2.228790e-01 3.114191e+00 -1.790535e-01 3.768752e+00 -3.082070e-02 -1.222422e+00 2.066414e-01 1.302056e+00 -1.469940e+00 5.101641e+01
<VARIANCE> 13
 1.273346e+01 2.246561e+01 1.446113e+01 1.573386e+01 2.109782e+01 2.724690e+01 1.911399e+01 2.070790e+01 1.747301e+01 1.756492e+01 1.449783e+01 1.342217e+01 2.387256e+01
<GCONST> 6.148114e+01
<MIXTURE> 2 5.254717e-01
<MEAN> 13
 -1.579286e+01 -1.178215e+01 -7.261815e+00 -1.756932e+00 -5.481871e-01 -6.147362e+00 -4.401461e-03 -4.865763e+00 -3.892774e+00 -1.938089e+00 6.657983e-02 -9.062960e-01 6.907419e+01
<VARIANCE> 13
 1.701265e+01 2.590687e+01 2.709624e+01 2.393110e+01 3.411472e+01 3.164479e+01 2.388977e+01 2.255087e+01 2.291753e+01 2.000116e+01 1.937642e+01 1.610053e+01 5.749805e+01
<GCONST> 6.565132e+01
<STATE> 3
<NUMMIXES> 2
<MIXTURE> 1 4.841169e-01
<MEAN> 13
 -8.287912e+00 -1.346344e+01 -7.879814e+00 3.506536e+00 4.307957e+00 -6.825619e+00 1.099633e+00 -7.229606e-01 -4.747491e+00 -3.171977e+00 1.422631e+00 -6.213745e-01 6.089355e+01
<VARIANCE> 13
 7.897999e+00 1.869880e+01 1.249682e+01 2.006183e+01 2.508947e+01 1.869643e+01 2.248977e+01 1.900172e+01 2.325548e+01 2.000707e+01 1.476149e+01 1.410094e+01 3.034276e+01
<GCONST> 6.151358e+01
<MIXTURE> 2 5.158828e-01
<MEAN> 13
 -1.255086e+01 -1.790531e+01 -1.276015e+01 6.963283e-01 -1.470474e+00 -1.183091e+01 -1.480922e+00 -2.252548e+00 -6.702703e+00 -5.053642e+00 7.610473e-03 -1.593144e+00 7.605497e+01
<VARIANCE> 13
 8.613589e+00 9.981114e+00 1.112051e+01 1.800416e+01 2.544047e+01 1.656252e+01 2.532141e+01 1.691031e+01 2.528157e+01 1.915995e+01 1.661716e+01 1.605844e+01 3.345440e+01
<GCONST> 6.102864e+01
<STATE> 4
<NUMMIXES> 2
<MIXTURE> 1 4.660397e-01
<MEAN> 13
 -6.528775e+00 -8.501260e+00 -1.307828e+00 4.067084e+00 1.218054e+00 -1.047747e+00 5.346895e+00 -3.835441e-01 -2.475746e+00 1.110123e+00 1.665896e+00 -1.940911e+00 5.127577e+01
<VARIANCE> 13
 8.965820e+00 4.037203e+01 9.692413e+00 2.198623e+01 1.506254e+01 2.066627e+01 1.545406e+01 2.383777e+01 2.031524e+01 1.671061e+01 1.496382e+01 1.347219e+01 2.590852e+01
<GCONST> 6.118383e+01
<MIXTURE> 2 5.339566e-01
<MEAN> 13
 -1.238010e+01 -1.826136e+01 -6.398912e+00 2.892180e+00 -5.419241e+00 -7.833936e+00 3.507026e+00 -5.628369e+00 -5.587175e+00 -4.271780e-01 -2.747488e-01 -1.947400e+00 6.958896e+01
<VARIANCE> 13
 1.716565e+01 2.992379e+01 1.416321e+01 1.703999e+01 2.538503e+01 2.102262e+01 2.264996e+01 2.013309e+01 2.322871e+01 1.948351e+01 2.023254e+01 1.528004e+01 5.804097e+01
<GCONST> 6.393242e+01
<TRANSP> 5
 0.000000e+00 1.000000e+00 0.000000e+00 0.000000e+00 0.000000e+00
 0.000000e+00 9.926928e-01 7.307241e-03 0.000000e+00 0.000000e+00
 0.000000e+00 0.000000e+00 9.849619e-01 1.503812e-02 0.000000e+00
 0.000000e+00 0.000000e+00 0.000000e+00 9.879181e-01 1.208191e-02
 0.000000e+00 0.000000e+00 0.000000e+00 0.000000e+00 0.000000e+00
<ENDHMM>
~h "cl"
<BEGINHMM>
<NUMSTATES> 5
<STATE> 2
<NUMMIXES> 2
<MIXTURE> 1 6.676992e-01
<MEAN> 13
 -1.619165e+01 7.876356e-01 2.875955e+00 -3.204097e+00 -1.754098e+00 8.822370e+00 4.370408e+00 -1.104548e+00 3.663252e+00 1.973078e+00 -5.873622e+00 2.714290e+00 5.312159e+01
<VARIANCE> 13
 6.160957e+01 8.866527e+00 3.464492e+01 1.190317e+01 1.722859e+01 2.301415e+01 1.909592e+01 3.034382e+01 2.850406e+01 2.211971e+01 3.181105e+01 2.111798e+01 2.613850e+01
<GCONST> 6.478207e+01
<MIXTURE> 2 3.323013e-01
<MEAN> 13
 -1.040179e+01 -3.891185e+00 -2.284048e+00 -2.852767e+00 -1.270468e+00 1.036236e+00 1.800857e+00 -1.027590e+00 -2.849371e-01 -1.356989e-01 -1.200375e+00 -9.042142e-01 5.597354e+01
<VARIANCE> 13
 5.516406e+01 3.307353e+01 1.739642e+01 2.079672e+01 2.303078e+01 3.336575e+01 2.621487e+01 2.482560e+01 2.549948e+01 2.550279e+01 2.392833e+01 1.894306e+01 8.438117e+01
<GCONST> 6.744437e+01
<STATE> 3
<NUMMIXES> 2
<MIXTURE> 1 6.029443e-01
<MEAN> 13
 -2.199394e+01 3.257540e+00 7.698025e-01 -5.328825e+00 -3.757514e+00 1.428953e+01 1.613228e+00 -3.030795e+00 9.162305e+00 -3.618144e+00 -3.646845e+00 6.143674e+00 5.959213e+01
<VARIANCE> 13
 2.853718e+01 5.561845e+00 1.515030e+01 9.610687e+00 1.381392e+01 2.072470e+01 2.111736e+01 1.741757e+01 1.788796e+01 1.871731e+01 1.823566e+01 1.745528e+01 1.488845e+01
<GCONST> 5.978219e+01
<MIXTURE> 2 3.970555e-01
<MEAN> 13
 -1.585185e+01 2.137434e+00 -1.740637e+00 -5.346029e+00 -4.788528e+00 8.768254e+00 -8.078287e-01 -4.535513e+00 5.162850e+00 -3.478132e+00 -3.069238e+00 4.131711e+00 5.742301e+01
<VARIANCE> 13
 6.273424e+01 1.577311e+01 2.298100e+01 1.697020e+01 2.294802e+01 3.612128e+01 2.928617e+01 2.834625e+01 2.956297e+01 2.225657e+01 2.087944e+01 2.132344e+01 2.701479e+01
<GCONST> 6.608159e+01
<STATE> 4
<NUMMIXES> 2
<MIXTURE> 1 5.529107e-01
<MEAN> 13
 -2.089766e+01 1.742796e+00 6.471965e+00 -2.275529e+00 -5.073479e+00 1.061650e+01 3.885469e+00 -4.705912e+00 3.312398e+00 5.067796e+00 -1.005101e+01 3.512764e+00 5.527451e+01
<VARIANCE> 13
 3.940869e+01 7.286601e+00 1.295973e+01 1.811285e+01 2.089876e+01 2.310124e+01 1.968190e+01 3.194630e+01 2.924537e+01 3.285272e+01 2.028354e+01 1.872166e+01 2.589875e+01
<GCONST> 6.369566e+01
<MIXTURE> 2 4.470883e-01
<MEAN> 13
 -2.434848e+01 2.893142e-01 6.626027e+00 -3.688305e+00 -9.167169e+00 1.080901e+01 -1.613618e+00 -1.013544e+01 2.247082e+00 4.063572e+00 -1.421675e+01 6.809863e+00 6.119720e+01
<VARIANCE> 13
 2.526047e+01 9.566562e+00 1.635245e+01 1.446631e+01 2.391515e+01 3.835691e+01 2.425458e+01 4.740775e+01 4.078619e+01 2.452222e+01 2.804522e+01 3.904071e+01 2.329766e+01
<GCONST> 6.576965e+01
<TRANSP> 5
 0.000000e+00 1.000000e+00 0.000000e+00 0.000000e+00 0.000000e+00
 0.000000e+00 9.677063e-01 3.229375e-02 0.000000e+00 0.000000e+00
 0.000000e+00 0.000000e+00 9.921294e-01 7.870553e-03 0.000000e+00
 0.000000e+00 0.000000e+00 0.000000e+00 9.930658e-01 6.934193e-03
 0.000000e+00 0.000000e+00 0.000000e+00 0.000000e+00 0.000000e+00
<ENDHMM>
~h "cm"
<BEGINHMM>
<NUMSTATES> 5
<STATE> 2
<NUMMIXES> 2
<MIXTURE> 1 4.729650e-01
<MEAN> 13
 -1.234513e+01 3.004361e-01 -2.079119e+00 -4.003120e+00 8.580767e-01 2.342399e+00 9.713799e-01 2.283588e+00 -1.756344e-01 1.426462e+00 2.550039e+00 -1.181278e+00 5.570609e+01
<VARIANCE> 13
 1.364656e+01 1.353510e+01 1.263009e+01 1.299219e+01 1.275149e+01 1.404959e+01 1.260089e+01 1.400091e+01 1.446798e+01 1.471678e+01 1.503078e+01 1.310655e+01 2.056980e+01
<GCONST> 5.824070e+01
<MIXTURE> 2 5.270349e-01
<MEAN> 13
 -1.309123e+01 -9.384612e-01 -3.429816e+00 -6.073155e+00 -1.516273e+00 -8.372581e-01 -3.252539e+00 -1.910710e+00 -3.745716e+00 6.437647e-01 3.434008e+00 2.471583e-01 5.932246e+01
<VARIANCE> 13
 1.384454e+01 1.426499e+01 1.012634e+01 1.148853e+01 1.318903e+01 1.411512e+01 1.618636e+01 1.515247e+01 1.550466e+01 1.774459e+01 2.065516e+01 1.853328e+01 1.436380e+01
<GCONST> 5.889302e+01
<STATE> 3
<NUMMIXES> 2
<MIXTURE> 1 4.832355e-01
<MEAN> 13
 -1.000886e+01 -6.032211e-01 -2.132845e+00 -2.668830e+00 1.106967e+00 1.144170e+00 -6.535521e-01 -3.956884e-01 -2.964219e+00 -1.220564e+00 -3.723845e-02 -2.131519e+00 6.383786e+01
<VARIANCE> 13
 1.239408e+01 1.278928e+01 1.358057e+01 1.194588e+01 1.328261e+01 1.182541e+01 1.393098e+01 1.614743e+01 1.570042e+01 1.487084e+01 1.425058e+01 1.308745e+01 4.157427e+01
<GCONST> 5.892886e+01
<MIXTURE> 2 5.167630e-01
<MEAN> 13
 -8.270899e+00 -1.177555e+00 -4.415430e+00 -4.554439e+00 -2.543389e+00 -2.707387e+00 -4.715481e+00 -4.009086e+00 -5.947270e+00 -2.953051e+00 -2.344759e+00 -2.297045e+00 7.052971e+01
<VARIANCE> 13
 8.565108e+00 1.355073e+01 1.633146e+01 1.572613e+01 1.404171e+01 1.324747e+01 1.289300e+01 1.657556e+01 1.776538e+01 1.583764e+01 1.656877e+01 1.452574e+01 4.914363e+01
<GCONST> 5.980324e+01
<STATE> 4
<NUMMIXES> 2
<MIXTURE> 1 4.870671e-01
<MEAN> 13
 -4.796979e+00 2.163018e+00 -1.059013e+00 -2.011365e+00 1.183410e+00 2.046754e-01 -1.797525e+00 -1.570704e+00 -3.324037e+00 -1.926784e+00 -6.925116e-01 -2.774938e+00 6.192333e+01
<VARIANCE> 13
 1.019609e+01 8.820451e+00 9.659561e+00 9.585008e+00 1.074443e+01 1.119567e+01 1.362628e+01 1.810962e+01 1.696690e+01 1.594885e+01 1.387053e+01 1.295369e+01 5.673019e+01
<GCONST> 5.804809e+01
<MIXTURE> 2 5.129315e-01
<MEAN> 13
 -4.753409e+00 -6.344924e-01 -3.717391e+00 -6.047299e+00 -2.657577e+00 -3.279829e+00 -4.471620e+00 -2.975227e+00 -4.243530e+00 -3.058126e+00 -2.303678e+00 -3.257260e+00 7.195522e+01
<VARIANCE> 13
 3.403273e+00 7.276812e+00 6.525377e+00 9.787065e+00 9.839840e+00 9.515636e+00 1.279295e+01 1.531312e+01 1.467186e+01 1.366635e+01 1.337253e+01 1.170410e+01 2.662042e+01
<GCONST> 5.471126e+01
<TRANSP> 5
 0.000000e+00 1.000000e+00 0.000000e+00 0.000000e+00 0.000000e+00
 0.000000e+00 9.670349e-01 3.296511e-02 0.000000e+00 0.000000e+00
 0.000000e+00 0.000000e+00 9.678389e-01 3.216110e-02 0.000000e+00
 0.000000e+00 0.000000e+00 0.000000e+00 9.828091e-01 1.719083e-02
 0.000000e+00 0.000000e+00 0.000000e+00 0.000000e+00 0.000000e+00
<ENDHMM>
~h "co"
<BEGINHMM>
<NUMSTATES> 5
<STATE> 2
<NUMMIXES> 2
<MIXTURE> 1 3.998797e-01
<MEAN> 13
 -5.371944e+00 -3.540274e+00 7.238191e-01 2.034613e-01 8.496530e-02 1.791152e+00 2.911322e+00 1.333072e+00 7.617174e-01 -1.183211e+00 -1.417580e+00 -4.378964e+00 5.102348e+01
<VARIANCE> 13
 7.649030e+00 1.245750e+01 1.878265e+01 2.390967e+01 1.363938e+01 1.472594e+01 1.975738e+01 1.862953e+01 1.890502e+01 1.998734e+01 1.890356e+01 1.669555e+01 2.292310e+01
<GCONST> 6.058853e+01
<MIXTURE> 2 6.001197e-01
<MEAN> 13
 -6.405421e+00 -7.304822e+00 1.080528e+00 1.141770e+00 -1.235122e+01 -4.258419e+00 -5.800233e+00 -3.275309e+00 1.713918e-01 -2.879226e+00 -6.660200e+00 -8.795232e+00 6.576285e+01
<VARIANCE> 13
 1.604004e+01 2.425687e+01 3.229665e+01 3.103885e+01 6.714214e+01 4.083422e+01 4.761219e+01 5.261790e+01 5.114156e+01 4.570929e+01 5.730524e+01 2.948212e+01 3.708363e+01
<GCONST> 7.131111e+01
<STATE> 3
<NUMMIXES> 2
<MIXTURE> 1 4.659670e-01
<MEAN> 13
 -7.529230e+00 -5.974637e+00 1.355729e+00 -1.320117e+00 -4.960622e+00 -6.610583e+00 -3.789807e+00 -7.060030e+00 -5.567300e+00 -4.071007e+00 -2.661201e+00 -7.114384e+00 6.608877e+01
<VARIANCE> 13
 2.647001e+01 1.000677e+01 1.682896e+01 1.660212e+01 2.436880e+01 3.054418e+01 5.552948e+01 4.952392e+01 3.158921e+01 3.529017e+01 2.766331e+01 3.404582e+01 4.805744e+01
<GCONST> 6.737279e+01
<MIXTURE> 2 5.340329e-01
<MEAN> 13
 -5.902172e+00 -7.296491e+00 -2.693614e+00 -3.581129e+00 -9.661286e+00 -8.754822e+00 -9.580816e+00 -6.190964e+00 -4.032140e+00 -6.378467e+00 -6.033879e+00 -1.179166e+01 7.059879e+01
<VARIANCE> 13
 8.507290e+00 1.294377e+01 2.037972e+01 2.068527e+01 3.203514e+01 4.093929e+01 4.736413e+01 5.770216e+01 5.051591e+01 4.685922e+01 3.761337e+01 4.079723e+01 2.136828e+01
<GCONST> 6.789730e+01
<STATE> 4
<NUMMIXES> 2
<MIXTURE> 1 4.654015e-01
<MEAN> 13
 -2.938139e+00 -2.695838e-01 5.215090e+00 3.217426e+00 2.349711e+00 -1.232800e+00 -2.235716e+00 -4.086593e+00 -4.254921e+00 -3.767543e+00 -3.509798e+00 -7.376085e+00 5.150235e+01
<VARIANCE> 13
 1.069466e+01 1.309258e+01 1.426172e+01 2.080142e+01 1.801848e+01 1.752649e+01 2.367349e+01 3.222571e+01 2.396521e+01 2.088843e+01 2.053418e+01 1.763505e+01 2.980828e+01
<GCONST> 6.242159e+01
<MIXTURE> 2 5.345974e-01
<MEAN> 13
 -3.787480e+00 -4.957786e+00 4.313782e+00 1.957685e+00 -4.583068e+00 -6.108600e+00 -7.757825e+00 -8.657145e+00 -5.580263e+00 -3.888561e+00 -3.369315e+00 -8.422601e+00 6.174841e+01
<VARIANCE> 13
 1.433949e+01 1.645633e+01 1.891959e+01 2.635052e+01 3.725434e+01 3.081820e+01 3.773866e+01 5.405394e+01 3.675586e+01 3.749083e+01 3.888548e+01 2.643391e+01 3.192266e+01
<GCONST> 6.786134e+01
<TRANSP> 5
 0.000000e+00 1.000000e+00 0.000000e+00 0.000000e+00 0.000000e+00
 0.000000e+00 9.368439e-01 6.315612e-02 0.000000e+00 0.000000e+00
 0.000000e+00 0.000000e+00 9.837541e-01 1.624587e-02 0.000000e+00
 0.000000e+00 0.000000e+00 0.000000e+00 9.783859e-01 2.161413e-02
 0.000000e+00 0.000000e+00 0.000000e+00 0.000000e+00 0.000000e+00
<ENDHMM>
~h "ds"
<BEGINHMM>
<NUMSTATES> 5
<STATE> 2
<NUMMIXES> 2
<MIXTURE> 1 5.639297e-01
<MEAN> 13
 -1.240600e+01 9.066015e-01 1.380316e+00 1.550327e+00 1.859505e+00 -4.098316e-01 3.676399e+00 -3.006828e+00 1.517175e+00 1.937689e+00 4.471612e+00 -2.216223e-01 6.453310e+01
<VARIANCE> 13
 1.296573e+01 8.492532e+00 8.066360e+00 9.061942e+00 1.423411e+01 1.343884e+01 2.078666e+01 2.091565e+01 2.289479e+01 1.832646e+01 1.861695e+01 1.827685e+01 5.459867e+01
<GCONST> 6.008325e+01
<MIXTURE> 2 4.360681e-01
<MEAN> 13
 -1.668472e+01 -5.704558e-01 -2.200735e+00 -2.652862e+00 -3.857339e+00 -3.812032e+00 2.250189e+00 -2.110961e+00 7.218055e-01 2.626637e+00 4.031745e+00 6.328899e-02 6.812860e+01
<VARIANCE> 13
 1.095676e+01 8.925718e+00 7.823850e+00 1.212918e+01 1.768116e+01 1.651919e+01 2.457879e+01 3.067597e+01 2.020820e+01 1.973101e+01 1.465473e+01 1.357512e+01 1.318956e+02
<GCONST> 6.149377e+01
<STATE> 3
<NUMMIXES> 2
<MIXTURE> 1 5.536504e-01
<MEAN> 13
 -9.407214e+00 4.849494e+00 5.446921e+00 6.888535e+00 7.389584e+00 4.143523e+00 7.554848e+00 -3.326719e-01 3.409781e+00 2.042988e+00 3.981623e+00 1.015784e+00 6.682346e+01
<VARIANCE> 13
 1.449941e+01 5.242175e+00 5.519980e+00 5.589453e+00 8.204782e+00 1.046072e+01 1.064006e+01 1.167718e+01 1.366675e+01 1.278674e+01 1.289219e+01 1.159075e+01 4.350632e+01
<GCONST> 5.487022e+01
<MIXTURE> 2 4.463494e-01
<MEAN> 13
 -8.103213e+00 5.120225e+00 4.383132e+00 4.328784e+00 4.550778e+00 1.416032e+00 4.418508e+00 -3.187969e+00 3.945014e-01 -6.066539e-01 1.397411e+00 -1.441531e+00 6.707938e+01
<VARIANCE> 13
 1.266439e+01 1.271890e+01 8.341835e+00 7.287578e+00 1.040785e+01 1.317902e+01 1.222033e+01 1.194302e+01 1.398252e+01 1.384769e+01 1.321972e+01 1.171175e+01 7.879962e+01
<GCONST> 5.766131e+01
<STATE> 4
<NUMMIXES> 2
<MIXTURE> 1 3.859093e-01
<MEAN> 13
 -9.671618e+00 2.937862e+00 4.509917e+00 2.802625e+00 5.149921e+00 3.053712e+00 4.641076e+00 -7.621872e-02 1.964608e+00 -9.090661e-01 2.695294e+00 -6.337719e-01 5.585392e+01
<VARIANCE> 13
 1.516499e+01 1.070236e+01 1.347774e+01 1.477155e+01 1.590073e+01 2.157331e+01 2.762199e+01 1.778665e+01 2.705096e+01 2.851930e+01 1.825039e+01 1.520345e+01 8.474711e+01
<GCONST> 6.302417e+01
<MIXTURE> 2 6.140912e-01
<MEAN> 13
 -9.876481e+00 3.390001e-01 4.528105e-01 -9.783269e-01 1.468689e+00 -8.386151e-01 1.683881e+00 -1.576830e+00 -8.898528e-01 -3.638999e-01 1.593031e+00 -2.255740e+00 5.373856e+01
<VARIANCE> 13
 1.577949e+01 9.667694e+00 1.202499e+01 1.237225e+01 1.641304e+01 1.700436e+01 1.938060e+01 1.952022e+01 2.075898e+01 2.008357e+01 1.778575e+01 1.796180e+01 2.510569e+01
<GCONST> 6.051223e+01
<TRANSP> 5
 0.000000e+00 1.000000e+00 0.000000e+00 0.000000e+00 0.000000e+00
 0.000000e+00 9.674387e-01 3.256132e-02 0.000000e+00 0.000000e+00
 0.000000e+00 0.000000e+00 9.062300e-01 9.376997e-02 0.000000e+00
 0.000000e+00 0.000000e+00 0.000000e+00 9.927411e-01 7.258899e-03
 0.000000e+00 0.000000e+00 0.000000e+00 0.000000e+00 0.000000e+00
<ENDHMM>
~h "kj"
<BEGINHMM>
<NUMSTATES> 5
<STATE> 2
<NUMMIXES> 2
<MIXTURE> 1 5.537612e-01
<MEAN> 13
 -1.946573e+01 4.255701e+00 1.160197e+00 -3.286515e+00 -3.652764e-01 6.565193e+00 1.475797e+00 4.574916e+00 1.218179e+00 -2.707629e-01 2.784075e+00 -5.767267e-01 5.556542e+01
<VARIANCE> 13
 2.726228e+01 1.568784e+01 1.037048e+01 1.195177e+01 1.402085e+01 2.322428e+01 2.382919e+01 1.662568e+01 1.396991e+01 1.988159e+01 1.484582e+01 1.357300e+01 2.331131e+01
<GCONST> 6.061968e+01
<MIXTURE> 2 4.462377e-01
<MEAN> 13
 -1.839695e+01 1.238929e+00 -5.356186e-01 -3.480661e+00 -1.517780e+00 3.200624e+00 1.219233e+00 4.395410e-01 -1.610276e+00 -1.440006e-01 4.317930e-01 -1.695904e+00 5.693108e+01
<VARIANCE> 13
 3.678948e+01 2.073917e+01 1.717676e+01 1.599884e+01 1.998232e+01 3.519862e+01 2.440746e+01 1.907508e+01 1.699567e+01 2.225059e+01 1.593229e+01 1.552006e+01 2.789311e+01
<GCONST> 6.361903e+01
<STATE> 3
<NUMMIXES> 2
<MIXTURE> 1 5.665979e-01
<MEAN> 13
 -1.378961e+01 -3.012260e+00 -3.835226e+00 7.796213e-01 -3.027741e-01 -2.503084e+00 3.444874e-01 -1.637407e+00 -1.459016e+00 2.132715e+00 8.642693e-01 -9.322742e-01 5.742052e+01
<VARIANCE> 13
 1.134416e+01 2.011146e+01 1.319895e+01 1.451483e+01 1.367126e+01 1.522715e+01 1.650988e+01 1.617735e+01 1.762366e+01 1.615616e+01 1.650724e+01 1.337126e+01 1.937985e+01
<GCONST> 5.951634e+01
<MIXTURE> 2 4.334013e-01
<MEAN> 13
 -1.670729e+01 -9.307828e+00 -4.225218e+00 -2.554147e+00 -2.400845e+00 -5.671149e+00 -4.264486e+00 -5.315506e+00 -3.877079e+00 -9.610902e-02 3.502198e-01 -4.269694e-01 6.854559e+01
<VARIANCE> 13
 1.363727e+01 2.030066e+01 8.955635e+00 1.245877e+01 1.531762e+01 1.469628e+01 1.631170e+01 1.566725e+01 1.703186e+01 1.564113e+01 1.497916e+01 1.428334e+01 5.006457e+01
<GCONST> 6.005469e+01
<STATE> 4
<NUMMIXES> 2
<MIXTURE> 1 7.026423e-01
<MEAN> 13
 -2.357136e+01 3.522758e+00 2.745263e+00 3.726426e+00 -2.583791e+00 5.433488e-02 8.314578e+00 5.270730e-01 -3.429109e+00 4.470387e+00 6.654318e-01 -3.258482e+00 5.549005e+01
<VARIANCE> 13
 1.545504e+01 1.715364e+01 1.452288e+01 1.701815e+01 1.506804e+01 1.632964e+01 1.906458e+01 1.876770e+01 2.084935e+01 2.486128e+01 1.767026e+01 1.866316e+01 1.235204e+01
<GCONST> 6.093097e+01
<MIXTURE> 2 2.973583e-01
<MEAN> 13
 -1.532927e+01 -3.153032e+00 -3.146674e+00 -1.799723e-01 -2.406576e+00 -3.657871e+00 2.220053e-01 -2.405544e+00 -2.898017e+00 1.278296e+00 4.771516e-01 -1.196802e+00 5.886631e+01
<VARIANCE> 13
 3.928441e+01 6.285356e+01 2.096085e+01 1.694705e+01 2.305188e+01 2.201972e+01 2.288336e+01 2.252306e+01 1.941530e+01 2.094243e+01 1.781735e+01 1.589427e+01 7.891207e+01
<GCONST> 6.607373e+01
<TRANSP> 5
 0.000000e+00 1.000000e+00 0.000000e+00 0.000000e+00 0.000000e+00
 0.000000e+00 9.917638e-01 8.236164e-03 0.000000e+00 0.000000e+00
 0.000000e+00 0.000000e+00 9.719849e-01 2.801516e-02 0.000000e+00
 0.000000e+00 0.000000e+00 0.000000e+00 9.936633e-01 6.336685e-03
 0.000000e+00 0.000000e+00 0.000000e+00 0.000000e+00 0.000000e+00
<ENDHMM>
~h "kn"
<BEGINHMM>
<NUMSTATES> 5
<STATE> 2
<NUMMIXES> 2
<MIXTURE> 1 5.345479e-01
<MEAN> 13
 4.498332e+00 1.828537e+00 -4.598911e+00 -2.013739e+00 1.483964e+00 -1.149812e+00 1.196876e+00 -2.904822e+00 3.419930e+00 2.542911e+00 3.358548e+00 -2.735651e-01 5.809247e+01
<VARIANCE> 13
 1.342171e+01 1.770771e+01 1.403599e+01 1.093888e+01 1.073243e+01 2.070738e+01 1.978950e+01 1.929453e+01 1.688430e+01 1.563814e+01 1.418433e+01 1.610801e+01 2.853837e+01
<GCONST> 6.010477e+01
<MIXTURE> 2 4.654513e-01
<MEAN> 13
 2.561588e+00 2.199802e+00 -2.894338e+00 -2.603892e+00 1.978617e+00 -5.054252e-01 -3.013110e-01 -5.147861e+00 -1.796880e+00 -1.540380e+00 -7.372809e-01 -3.862963e+00 5.561487e+01
<VARIANCE> 13
 2.692598e+01 1.938390e+01 2.506133e+01 9.066497e+00 2.026843e+01 2.071511e+01 2.437586e+01 3.591075e+01 1.567031e+01 2.072159e+01 1.644615e+01 1.337728e+01 5.868413e+01
<GCONST> 6.363917e+01
<STATE> 3
<NUMMIXES> 2
<MIXTURE> 1 4.976545e-01
<MEAN> 13
 4.518604e+00 -7.699012e-01 -1.618024e+00 2.641905e+00 6.742350e+00 1.020695e+00 4.107770e+00 -2.109334e+00 1.164226e+00 3.593907e-01 2.199648e+00 -5.147998e-01 6.216654e+01
<VARIANCE> 13
 9.097286e+00 1.299830e+01 1.006779e+01 1.174820e+01 1.422371e+01 1.878627e+01 1.881409e+01 1.379391e+01 1.635575e+01 1.713344e+01 1.584778e+01 1.461174e+01 2.383135e+01
<GCONST> 5.883657e+01
<MIXTURE> 2 5.023431e-01
<MEAN> 13
 6.041935e+00 -2.923314e+00 -3.088022e+00 1.393641e+00 3.453145e+00 -3.056011e+00 1.016944e+00 -6.192168e+00 -2.651084e+00 -2.829637e+00 -1.158395e-01 -2.923303e+00 6.180804e+01
<VARIANCE> 13
 8.005895e+00 2.334878e+01 1.360042e+01 1.241147e+01 1.775413e+01 2.051792e+01 1.747968e+01 2.262010e+01 1.894149e+01 1.956625e+01 1.653702e+01 1.713969e+01 2.725217e+01
<GCONST> 6.099693e+01
<STATE> 4
<NUMMIXES> 2
<MIXTURE> 1 5.236468e-01
<MEAN> 13
 6.367205e+00 2.549750e+00 -9.123235e-01 2.211139e+00 7.289442e+00 2.818632e+00 2.289923e+00 -5.459073e-01 -2.034414e+00 -1.447559e+00 2.240847e-01 -2.862866e+00 5.265124e+01
<VARIANCE> 13
 1.778749e+01 1.192773e+01 1.440916e+01 8.267559e+00 1.397264e+01 1.703514e+01 1.554419e+01 1.737838e+01 1.638712e+01 1.298877e+01 1.000269e+01 1.165711e+01 2.168729e+01
<GCONST> 5.829734e+01
<MIXTURE> 2 4.763519e-01
<MEAN> 13
 3.721484e+00 4.142745e+00 1.493347e+00 -1.469240e-01 3.943516e+00 1.439970e+00 1.655435e-02 -1.888244e+00 -4.261595e+00 -3.040056e+00 -8.947645e-01 -3.911263e+00 5.004359e+01
<VARIANCE> 13
 1.999586e+01 2.092982e+01 1.639034e+01 1.209141e+01 1.685899e+01 1.480762e+01 1.541225e+01 2.723364e+01 1.879191e+01 1.767950e+01 1.521349e+01 1.514934e+01 3.155554e+01
<GCONST> 6.147565e+01
<TRANSP> 5
 0.000000e+00 1.000000e+00 0.000000e+00 0.000000e+00 0.000000e+00
 0.000000e+00 9.594906e-01 4.050938e-02 0.000000e+00 0.000000e+00
 0.000000e+00 0.000000e+00 9.789655e-01 2.103447e-02 0.000000e+00
 0.000000e+00 0.000000e+00 0.000000e+00 9.604802e-01 3.951979e-02
 0.000000e+00 0.000000e+00 0.000000e+00 0.000000e+00 0.000000e+00
<ENDHMM>
~h "kt"
<BEGINHMM>
<NUMSTATES> 5
<STATE> 2
<NUMMIXES> 2
<MIXTURE> 1 5.394040e-01
<MEAN> 13
 -1.057425e+01 4.999086e-01 -6.342493e+00 -4.490477e-01 2.229307e+00 2.511562e+00 6.117671e+00 1.807837e+00 1.997775e+00 2.004150e+00 2.649059e+00 -8.540668e-01 5.525721e+01
<VARIANCE> 13
 9.803557e+00 4.219647e+00 5.797179e+00 8.123460e+00 9.786238e+00 1.210387e+01 1.219398e+01 1.323068e+01 1.399395e+01 1.333872e+01 1.239436e+01 1.220814e+01 1.193408e+01
<GCONST> 5.405305e+01
<MIXTURE> 2 4.605958e-01
<MEAN> 13
 -1.153096e+01 -3.020634e-01 -6.662620e+00 -1.855146e+00 5.390121e-01 -6.095560e-02 3.019646e+00 -6.664399e-01 1.874619e-01 -4.825005e-01 3.705241e-01 -1.832352e+00 5.625879e+01
<VARIANCE> 13
 2.029151e+01 8.337590e+00 9.508889e+00 1.303532e+01 1.312749e+01 1.957966e+01 1.599303e+01 1.613949e+01 1.828371e+01 1.438885e+01 1.380211e+01 1.382005e+01 2.449632e+01
<GCONST> 5.896782e+01
<STATE> 3
<NUMMIXES> 2
<MIXTURE> 1 5.728175e-01
<MEAN> 13
 -1.097460e+01 3.424791e+00 -2.562384e+00 1.465225e+00 1.746755e+00 -8.292362e-01 3.828426e+00 2.115137e+00 8.915733e-01 -1.827489e-01 5.834660e-01 -1.443229e+00 5.088627e+01
<VARIANCE> 13
 5.241598e+00 4.878367e+00 7.101614e+00 9.695076e+00 1.042707e+01 1.114617e+01 1.325019e+01 1.509552e+01 1.514448e+01 1.546076e+01 1.318633e+01 1.198343e+01 1.005370e+01
<GCONST> 5.424627e+01
<MIXTURE> 2 4.271816e-01
<MEAN> 13
 -1.360426e+01 3.107049e+00 -3.838162e+00 1.440005e-01 -3.276390e-01 -4.077341e+00 1.196811e+00 2.394560e-02 -8.768003e-01 -1.389946e+00 -1.725800e+00 -1.839747e+00 5.571223e+01
<VARIANCE> 13
 6.736792e+00 7.507759e+00 9.263071e+00 1.335476e+01 1.576128e+01 1.713748e+01 1.916843e+01 1.771865e+01 1.950206e+01 2.282491e+01 1.956252e+01 1.609986e+01 1.748503e+01
<GCONST> 5.877269e+01
<STATE> 4
<NUMMIXES> 2
<MIXTURE> 1 5.545251e-01
<MEAN> 13
 -8.852679e+00 3.502582e+00 -1.815521e+00 3.756678e-01 1.775131e+00 1.321600e+00 4.071901e+00 3.495826e+00 1.428379e+00 4.402218e-01 1.233899e+00 -1.979200e+00 4.723782e+01
<VARIANCE> 13
 5.749605e+00 5.397371e+00 9.061813e+00 9.032030e+00 1.175840e+01 1.125004e+01 1.361995e+01 1.311727e+01 1.423077e+01 1.463687e+01 1.311616e+01 1.183777e+01 5.165841e+00
<GCONST> 5.382885e+01
<MIXTURE> 2 4.454731e-01
<MEAN> 13
 -1.067940e+01 2.632610e+00 -3.128724e+00 -6.100591e-01 -1.250627e+00 -1.885225e+00 1.756892e+00 4.665332e-01 -3.396187e-01 -4.574837e-01 -1.452148e-01 -2.282649e+00 5.061670e+01
<VARIANCE> 13
 1.280280e+01 1.324368e+01 1.303166e+01 1.416481e+01 1.859140e+01 1.680533e+01 1.816249e+01 1.772921e+01 1.963441e+01 2.072808e+01 1.667956e+01 1.462141e+01 1.463215e+01
<GCONST> 5.995136e+01
<TRANSP> 5
 0.000000e+00 1.000000e+00 0.000000e+00 0.000000e+00 0.000000e+00
 0.000000e+00 9.916313e-01 8.368669e-03 0.000000e+00 0.000000e+00
 0.000000e+00 0.000000e+00 9.858201e-01 1.417990e-02 0.000000e+00
 0.000000e+00 0.000000e+00 0.000000e+00 9.928479e-01 7.152167e-03
 0.000000e+00 0.000000e+00 0.000000e+00 0.000000e+00 0.000000e+00
<ENDHMM>
~h "pr"
<BEGINHMM>
<NUMSTATES> 5
<STATE> 2
<NUMMIXES> 2
<MIXTURE> 1 4.872573e-01
<MEAN> 13
 -1.771599e+01 -1.034333e+01 2.764231e+00 -4.575351e+00 6.109578e+00 -5.900173e-01 4.881766e+00 3.467622e+00 -5.954825e-01 -3.557965e+00 1.138749e+00 3.127443e+00 6.013185e+01
<VARIANCE> 13
 2.988576e+01 2.565653e+01 3.269452e+01 4.745691e+01 7.803977e+01 7.940122e+01 5.854818e+01 6.649862e+01 7.543150e+01 4.090751e+01 6.842786e+01 7.030724e+01 9.703321e+00
<GCONST> 7.366605e+01
<MIXTURE> 2 5.127433e-01
<MEAN> 13
 -1.393285e+01 -8.528988e+00 -1.113224e+00 -5.829096e+00 -1.569979e+00 2.932113e-02 8.396993e+00 2.146777e+00 9.114541e-01 -7.071704e-01 1.088187e+00 -2.370776e+00 5.957279e+01
<VARIANCE> 13
 2.650668e+01 3.775703e+01 4.146505e+01 3.010268e+01 7.725033e+01 5.399897e+01 7.126746e+01 6.367133e+01 3.695612e+01 3.533886e+01 2.968989e+01 4.574381e+01 1.436729e+01
<GCONST> 7.174016e+01
<STATE> 3
<NUMMIXES> 2
<MIXTURE> 1 6.166917e-01
<MEAN> 13
 -2.218399e+01 5.194341e+00 1.736067e+01 -1.481952e+01 1.705236e+00 1.464567e+01 -4.509720e+00 -6.010429e+00 1.384700e+01 -7.729790e+00 -6.178694e+00 8.661036e+00 5.400731e+01
<VARIANCE> 13
 6.846617e+00 6.235023e+00 7.383847e+00 1.194183e+01 1.698201e+01 1.458078e+01 1.356977e+01 1.529552e+01 1.633960e+01 2.057554e+01 2.238413e+01 1.297204e+01 3.521244e+00
<GCONST> 5.572060e+01
<MIXTURE> 2 3.833093e-01
<MEAN> 13
 -1.990341e+01 4.244226e+00 1.680227e+01 -1.393150e+01 1.090923e+00 9.968720e+00 -7.266013e+00 -7.700852e+00 9.853126e+00 -8.484134e+00 -7.913548e+00 6.666410e+00 5.519397e+01
<VARIANCE> 13
 1.158223e+01 2.834121e+01 2.491330e+01 3.859675e+01 2.097587e+01 2.909443e+01 2.176391e+01 3.290728e+01 2.477557e+01 3.234843e+01 2.922866e+01 2.082612e+01 8.417714e+00
<GCONST> 6.477075e+01
<STATE> 4
<NUMMIXES> 2
<MIXTURE> 1 5.450079e-01
<MEAN> 13
 -1.102182e+01 3.870334e-02 8.775733e+00 -9.333651e+00 7.880541e+00 -3.224999e-01 -1.477475e+00 7.071346e+00 1.473739e+00 3.211651e-01 -8.113582e+00 7.363716e+00 4.743613e+01
<VARIANCE> 13
 1.674189e+01 9.982657e+00 5.748998e+01 7.962822e+01 2.950166e+01 1.208457e+02 3.006390e+01 5.498278e+01 2.827780e+01 2.860029e+01 4.748187e+01 6.171107e+01 1.130620e+01
<GCONST> 7.013310e+01
<MIXTURE> 2 4.549907e-01
<MEAN> 13
 -1.385618e+01 -2.683505e+00 7.701473e+00 -8.566919e+00 2.213505e+00 7.537588e+00 -9.542394e-02 -3.590555e-01 4.587027e+00 -3.248567e+00 2.819333e-01 1.898757e+00 5.141112e+01
<VARIANCE> 13
 4.975357e+01 6.423655e+01 7.545794e+01 7.366357e+01 4.102478e+01 9.032867e+01 3.935779e+01 4.287413e+01 8.710290e+01 6.703748e+01 8.921068e+01 5.308265e+01 2.645369e+01
<GCONST> 7.664433e+01
<TRANSP> 5
 0.000000e+00 1.000000e+00 0.000000e+00 0.000000e+00 0.000000e+00
 0.000000e+00 9.943006e-01 5.699399e-03 0.000000e+00 0.000000e+00
 0.000000e+00 0.000000e+00 9.791011e-01 2.089898e-02 0.000000e+00
 0.000000e+00 0.000000e+00 0.000000e+00 9.931837e-01 6.816383e-03
 0.000000e+00 0.000000e+00 0.000000e+00 0.000000e+00 0.000000e+00
<ENDHMM>
~h "pw"
<BEGINHMM>
<NUMSTATES> 5
<STATE> 2
<NUMMIXES> 2
<MIXTURE> 1 5.565706e-01
<MEAN> 13
 -1.199901e+01 -2.583117e-01 2.734170e-01 1.535164e-01 1.913922e+00 -1.104477e-01 3.968642e+00 1.723794e+00 2.106397e-01 1.612121e+00 6.769394e-01 -6.371965e-01 5.053077e+01
<VARIANCE> 13
 1.318946e+01 1.359144e+01 8.523615e+00 1.115256e+01 1.248911e+01 1.264755e+01 1.284341e+01 1.431999e+01 1.503387e+01 1.473066e+01 1.354767e+01 1.232581e+01 1.268734e+01
<GCONST> 5.697133e+01
<MIXTURE> 2 4.434305e-01
<MEAN> 13
 -1.377556e+01 -5.478721e+00 -1.805317e+00 -1.048492e+00 4.170889e-03 -3.990878e+00 4.689611e-01 -2.677211e+00 -2.140608e+00 -1.640001e-02 -2.990595e-01 -8.104405e-01 5.795373e+01
<VARIANCE> 13
 2.081384e+01 2.566341e+01 1.374649e+01 1.367991e+01 1.741058e+01 1.969193e+01 1.744189e+01 2.010953e+01 1.752890e+01 1.633819e+01 1.561624e+01 1.466743e+01 3.596912e+01
<GCONST> 6.178111e+01
<STATE> 3
<NUMMIXES> 2
<MIXTURE> 1 4.686406e-01
<MEAN> 13
 -1.079609e+01 -4.306914e+00 -1.558532e+00 3.024294e-01 2.402088e+00 -2.401198e+00 9.230096e-01 -3.098619e+00 -3.121232e+00 -9.171449e-02 3.425755e-01 -4.077771e-01 5.576785e+01
<VARIANCE> 13
 2.420266e+01 1.790749e+01 1.045741e+01 8.696228e+00 1.159919e+01 1.439292e+01 1.653390e+01 1.813910e+01 1.696550e+01 1.506304e+01 1.290591e+01 1.243095e+01 3.678126e+01
<GCONST> 5.952173e+01
<MIXTURE> 2 5.313549e-01
<MEAN> 13
 -1.118417e+01 -8.854298e+00 -4.035512e+00 -2.511194e+00 -1.472447e+00 -7.466473e+00 -2.941455e+00 -7.430054e+00 -4.506811e+00 -1.793657e+00 -4.235871e-01 -8.443581e-01 6.749869e+01
<VARIANCE> 13
 2.170149e+01 1.616317e+01 1.203364e+01 1.234851e+01 1.592623e+01 1.641115e+01 1.631657e+01 1.752551e+01 1.841882e+01 1.666618e+01 1.547631e+01 1.395580e+01 4.778822e+01
<GCONST> 6.094427e+01
<STATE> 4
<NUMMIXES> 2
<MIXTURE> 1 5.776864e-01
<MEAN> 13
 -1.020690e+01 -1.874172e+00 -3.291829e+00 -1.767304e+00 1.774469e+00 2.350065e+00 5.404637e+00 1.032152e+00 1.364913e-01 1.512058e+00 7.647962e-01 -1.169110e+00 5.326072e+01
<VARIANCE> 13
 1.259975e+01 1.062674e+01 9.717650e+00 8.650693e+00 9.721785e+00 1.191899e+01 1.238227e+01 1.354182e+01 1.353982e+01 1.295642e+01 1.267023e+01 1.225978e+01 1.005167e+01
<GCONST> 5.561613e+01
<MIXTURE> 2 4.223110e-01
<MEAN> 13
 -1.331930e+01 -5.078797e+00 -2.295708e+00 -1.883084e+00 -8.469989e-01 -2.721574e+00 1.084983e+00 -2.762168e+00 -2.328076e+00 -1.154777e+00 -3.539671e-01 -9.089046e-01 5.944544e+01
<VARIANCE> 13
 1.622605e+01 1.798782e+01 1.208869e+01 1.222049e+01 1.561261e+01 1.639042e+01 1.723298e+01 1.944547e+01 1.831343e+01 1.612282e+01 1.556639e+01 1.393932e+01 3.216609e+01
<GCONST> 6.046192e+01
<TRANSP> 5
 0.000000e+00 1.000000e+00 0.000000e+00 0.000000e+00 0.000000e+00
 0.000000e+00 9.971915e-01 2.808442e-03 0.000000e+00 0.000000e+00
 0.000000e+00 0.000000e+00 9.841555e-01 1.584445e-02 0.000000e+00
 0.000000e+00 0.000000e+00 0.000000e+00 9.947056e-01 5.294356e-03
 0.000000e+00 0.000000e+00 0.000000e+00 0.000000e+00 0.000000e+00
<ENDHMM>
~h "si"
<BEGINHMM>
<NUMSTATES> 5
<STATE> 2
<NUMMIXES> 2
<MIXTURE> 1 6.102645e-01
<MEAN> 13
 -8.284935e+00 1.677387e+00 7.283707e-01 -6.703742e-01 1.654364e+00 1.859511e+00 3.965193e+00 2.377204e+00 7.426323e-01 1.076944e+00 1.126745e+00 -1.742888e+00 4.764316e+01
<VARIANCE> 13
 1.394362e+01 7.101293e+00 9.690870e+00 1.041790e+01 1.432637e+01 1.298087e+01 1.372239e+01 1.513151e+01 1.531443e+01 1.465791e+01 1.326206e+01 1.241476e+01 1.362000e+01
<GCONST> 5.679291e+01
<MIXTURE> 2 3.897143e-01
<MEAN> 13
 -9.770364e+00 -1.761443e+00 -3.757769e-01 -2.562022e+00 -1.191485e+00 -1.449398e+00 1.081965e+00 -1.238609e+00 -8.991426e-01 4.655469e-04 2.262485e-01 -1.791453e+00 5.374126e+01
<VARIANCE> 13
 3.126799e+01 2.502479e+01 2.153499e+01 2.053346e+01 2.795159e+01 2.302076e+01 2.590304e+01 2.744715e+01 2.609476e+01 2.369901e+01 2.277327e+01 2.196870e+01 3.694744e+01
<GCONST> 6.593196e+01
<STATE> 3
<NUMMIXES> 2
<MIXTURE> 1 5.379979e-01
<MEAN> 13
 -3.453954e+00 -4.018822e+00 -3.641052e+00 -2.607163e+00 2.968213e+00 5.430477e+00 6.012337e+00 1.926368e+00 -6.489718e-02 1.857839e+00 1.809398e+00 -2.258206e+00 4.997383e+01
<VARIANCE> 13
 4.449771e+00 4.715230e+00 5.050156e+00 6.027171e+00 7.680387e+00 8.980546e+00 9.871182e+00 1.144831e+01 1.208704e+01 1.217096e+01 1.171590e+01 1.084068e+01 1.631834e+00
<GCONST> 4.963809e+01
<MIXTURE> 2 4.619972e-01
<MEAN> 13
 -4.535204e+00 -3.893539e+00 -3.923461e+00 -4.116114e+00 -6.793964e-01 1.593930e+00 2.251631e+00 -9.773547e-01 -1.388486e+00 4.352843e-01 6.243690e-01 -2.842135e+00 5.160410e+01
<VARIANCE> 13
 1.101454e+01 1.166181e+01 1.005720e+01 1.078862e+01 1.468330e+01 1.570528e+01 1.550180e+01 1.750608e+01 1.811343e+01 1.784744e+01 1.716645e+01 1.570700e+01 7.331611e+00
<GCONST> 5.784670e+01
<STATE> 4
<NUMMIXES> 2
<MIXTURE> 1 6.036070e-01
<MEAN> 13
 -5.417164e+00 2.379363e+00 1.490911e+00 -1.743501e+00 3.166970e+00 3.062068e+00 2.962612e+00 4.750922e+00 -1.162435e-01 6.434639e-01 1.328903e+00 -2.494531e+00 4.317060e+01
<VARIANCE> 13
 3.649943e+00 3.484710e+00 6.673602e+00 8.140227e+00 1.231526e+01 1.040118e+01 1.222912e+01 1.308190e+01 1.374354e+01 1.465014e+01 1.229297e+01 1.132616e+01 2.215502e+00
<GCONST> 5.139492e+01
<MIXTURE> 2 3.964014e-01
<MEAN> 13
 -6.884634e+00 1.095671e+00 5.890328e-01 -2.522202e+00 1.117033e-01 -3.810931e-01 9.207569e-01 1.184447e+00 -9.460528e-01 1.116905e-01 8.437208e-02 -2.524280e+00 4.605521e+01
<VARIANCE> 13
 1.467257e+01 1.249221e+01 1.284481e+01 1.405713e+01 1.686470e+01 1.666596e+01 1.874792e+01 1.928567e+01 1.939468e+01 1.970250e+01 1.757898e+01 1.622039e+01 1.346664e+01
<GCONST> 6.002753e+01
<TRANSP> 5
 0.000000e+00 1.000000e+00 0.000000e+00 0.000000e+00 0.000000e+00
 0.000000e+00 9.902554e-01 9.744573e-03 0.000000e+00 0.000000e+00
 0.000000e+00 0.000000e+00 9.803895e-01 1.961054e-02 0.000000e+00
 0.000000e+00 0.000000e+00 0.000000e+00 9.918473e-01 8.152697e-03
 0.000000e+00 0.000000e+00 0.000000e+00 0.000000e+00 0.000000e+00
<ENDHMM>
~h "st"
<BEGINHMM>
<NUMSTATES> 5
<STATE> 2
<NUMMIXES> 2
<MIXTURE> 1 5.641796e-01
<MEAN> 13
 -9.280785e+00 -4.994507e-01 -4.003111e-01 -2.504793e+00 2.639236e-01 4.938914e-01 3.582371e+00 -2.424164e-01 -1.129239e+00 -8.269851e-01 1.135937e+00 -2.087318e+00 5.428556e+01
<VARIANCE> 13
 1.757692e+01 1.051861e+01 1.160080e+01 1.450055e+01 1.382757e+01 1.412354e+01 1.440099e+01 1.501850e+01 1.660148e+01 1.605032e+01 1.459113e+01 1.272767e+01 1.201982e+01
<GCONST> 5.818445e+01
<MIXTURE> 2 4.358164e-01
<MEAN> 13
 -8.715925e+00 -4.897528e+00 3.025866e-01 -7.019107e+00 -3.245676e+00 -4.361948e+00 3.276983e-01 -1.885531e+00 -2.152697e+00 -2.162403e+00 2.020192e-01 -2.830305e+00 6.278083e+01
<VARIANCE> 13
 1.715038e+01 2.611055e+01 1.524436e+01 2.012777e+01 1.965839e+01 2.291682e+01 2.298116e+01 2.196179e+01 2.255593e+01 2.131582e+01 1.836442e+01 1.643644e+01 3.805502e+01
<GCONST> 6.358182e+01
<STATE> 3
<NUMMIXES> 2
<MIXTURE> 1 5.640784e-01
<MEAN> 13
 -4.964018e+00 -2.856545e+00 -3.904124e+00 -3.558062e+00 9.619281e-01 2.508007e+00 4.183091e+00 6.607928e-01 -4.470885e-01 1.168970e+00 1.312113e+00 -2.652949e+00 5.211592e+01
<VARIANCE> 13
 3.510628e+00 5.429343e+00 7.169827e+00 8.504604e+00 1.135788e+01 1.217072e+01 1.269991e+01 1.464546e+01 1.443381e+01 1.410849e+01 1.376145e+01 1.241425e+01 3.020827e+00
<GCONST> 5.266778e+01
<MIXTURE> 2 4.359189e-01
<MEAN> 13
 -7.485872e+00 -5.037089e+00 -1.780492e+00 -7.824247e+00 -2.916311e+00 -3.517022e+00 3.620775e-01 -2.781544e-01 -8.398964e-01 -4.197478e-01 1.022046e+00 -2.358283e+00 5.885676e+01
<VARIANCE> 13
 1.485336e+01 1.741809e+01 1.651635e+01 2.118171e+01 2.149978e+01 1.959831e+01 1.950159e+01 2.278636e+01 2.111956e+01 2.059856e+01 1.729890e+01 1.612860e+01 3.000017e+01
<GCONST> 6.255364e+01
<STATE> 4
<NUMMIXES> 2
<MIXTURE> 1 5.706853e-01
<MEAN> 13
 -1.000665e+01 1.549389e+00 9.631454e-01 -7.906125e-01 2.027841e+00 1.072977e+00 3.358959e+00 1.542343e+00 6.399530e-01 2.555142e-01 1.007169e+00 -2.001590e+00 4.917721e+01
<VARIANCE> 13
 1.103022e+01 5.947787e+00 7.647841e+00 9.600783e+00 1.027178e+01 1.128662e+01 1.256839e+01 1.508714e+01 1.516721e+01 1.451630e+01 1.315709e+01 1.213927e+01 1.210524e+01
<GCONST> 5.533183e+01
<MIXTURE> 2 4.293112e-01
<MEAN> 13
 -1.088092e+01 -1.061404e-01 7.943753e-01 -4.977951e+00 -2.103281e+00 -3.358959e+00 1.494201e-01 -1.239357e+00 -2.746523e-01 -6.493823e-01 3.778455e-01 -2.576517e+00 5.642286e+01
<VARIANCE> 13
 1.911254e+01 1.257345e+01 1.568814e+01 1.861235e+01 1.579286e+01 1.960177e+01 1.985674e+01 2.261792e+01 2.083587e+01 1.866047e+01 1.659573e+01 1.496982e+01 4.400809e+01
<GCONST> 6.215617e+01
<TRANSP> 5
 0.000000e+00 1.000000e+00 0.000000e+00 0.000000e+00 0.000000e+00
 0.000000e+00 9.812883e-01 1.871167e-02 0.000000e+00 0.000000e+00
 0.000000e+00 0.000000e+00 9.862248e-01 1.377526e-02 0.000000e+00
 0.000000e+00 0.000000e+00 0.000000e+00 9.912322e-01 8.767761e-03
 0.000000e+00 0.000000e+00 0.000000e+00 0.000000e+00 0.000000e+00
<ENDHMM>
~h "spe"
<BEGINHMM>
<NUMSTATES> 5
<STATE> 2
<NUMMIXES> 2
<MIXTURE> 1 4.660521e-01
<MEAN> 13
 -2.954933e+00 -3.151771e+00 -2.652235e+00 -3.813787e+00 1.363489e+00 2.500202e+00 3.642285e+00 -3.647593e-01 -1.798659e+00 3.963512e-01 5.847064e-01 -3.696501e+00 5.166853e+01
<VARIANCE> 13
 1.180941e+01 1.496042e+01 1.322018e+01 1.271490e+01 1.433785e+01 1.752752e+01 1.985149e+01 1.848838e+01 1.701104e+01 1.555658e+01 1.512462e+01 1.474456e+01 7.535323e+00
<GCONST> 5.862847e+01
<MIXTURE> 2 5.339457e-01
<MEAN> 13
 -2.838633e-01 -5.902289e+00 2.820815e+00 -9.716100e+00 -4.511266e+00 -3.749399e+00 -3.237680e+00 -3.673871e-01 -2.750104e+00 1.536160e+00 -2.412853e-01 -6.910727e+00 5.824487e+01
<VARIANCE> 13
 9.804999e+00 2.650762e+01 3.508467e+01 3.244015e+01 3.926321e+01 3.532887e+01 2.519427e+01 4.627542e+01 3.229991e+01 2.916229e+01 3.456602e+01 2.316777e+01 1.188596e+01
<GCONST> 6.679503e+01
<STATE> 3
<NUMMIXES> 2
<MIXTURE> 1 5.070140e-01
<MEAN> 13
 -5.701414e+00 2.750950e-01 3.614596e+00 -4.703547e+00 -4.935919e+00 -3.312088e+00 -5.535454e-01 -1.699507e+00 -1.758228e+00 -1.933977e+00 -1.062831e+00 -2.488628e+00 5.943057e+01
<VARIANCE> 13
 2.734683e+01 3.110458e+01 1.029836e+02 4.294253e+01 8.783952e+01 4.836174e+01 3.159283e+01 3.987922e+01 2.779013e+01 1.962793e+01 4.166660e+01 2.426803e+01 4.453804e+01
<GCONST> 7.154263e+01
<MIXTURE> 2 4.929857e-01
<MEAN> 13
 -2.487613e-01 -4.251719e+00 1.638935e+00 -1.828371e+01 -2.735939e+00 -8.871063e+00 -7.372785e+00 -4.182523e+00 -1.096936e+00 -5.123513e+00 -1.078110e+01 -2.464608e+00 6.337421e+01
<VARIANCE> 13
 2.066206e+01 3.289187e+01 7.937511e+01 4.532800e+01 5.083586e+01 5.852837e+01 5.220867e+01 6.930978e+01 4.764889e+01 3.930035e+01 2.668160e+01 4.039447e+01 7.680070e+00
<GCONST> 7.135037e+01
<STATE> 4
<NUMMIXES> 2
<MIXTURE> 1 5.577293e-01
<MEAN> 13
 -2.423253e+00 5.904147e-02 -7.808745e-03 -2.158386e+00 -2.167937e+00 -2.582019e-01 1.256334e+00 -1.049917e-01 -8.144872e-01 5.932434e-01 -6.455360e-01 -4.217365e+00 5.057221e+01
<VARIANCE> 13
 1.649969e+01 1.973355e+01 1.999662e+01 1.516301e+01 3.125388e+01 3.031152e+01 1.991485e+01 2.317354e+01 2.345670e+01 2.184594e+01 2.052003e+01 1.898618e+01 5.948419e+00
<GCONST> 6.236805e+01
<MIXTURE> 2 4.422741e-01
<MEAN> 13
 1.587341e+00 -5.501366e+00 5.460849e-01 -4.661530e+00 -4.717391e+00 8.876893e-01 -4.157718e+00 -2.707493e+00 -3.184737e+00 -2.519383e+00 -3.969912e+00 -8.689549e+00 5.554879e+01
<VARIANCE> 13
 6.779138e+00 2.901783e+01 5.112084e+01 2.452584e+01 7.222021e+01 4.048109e+01 3.323258e+01 3.908583e+01 4.207606e+01 3.881680e+01 3.784563e+01 3.114622e+01 1.411185e+01
<GCONST> 6.857549e+01
<TRANSP> 5
 0.000000e+00 1.000000e+00 0.000000e+00 0.000000e+00 0.000000e+00
 0.000000e+00 9.935817e-01 6.418316e-03 0.000000e+00 0.000000e+00
 0.000000e+00 0.000000e+00 9.751405e-01 2.485953e-02 0.000000e+00
 0.000000e+00 0.000000e+00 0.000000e+00 9.947847e-01 5.215267e-03
 0.000000e+00 0.000000e+00 0.000000e+00 0.000000e+00 0.000000e+00
<ENDHMM>
