~o
<STREAMINFO> 1 13
<VECSIZE> 13<NULLD><MFCC_0><DIAGC>
~h "ap"
<BEGINHMM>
<NUMSTATES> 5
<STATE> 2
<NUMMIXES> 4
<MIXTURE> 1 3.172539e-01
<MEAN> 13
 -7.654049e+00 -3.221486e+00 -1.108669e+00 1.857888e-01 2.742594e+00 1.025658e+00 4.587950e+00 1.142258e+00 -2.150127e-01 1.248537e+00 1.684499e+00 -1.461006e+00 5.000696e+01
<VARIANCE> 13
 1.226606e+01 1.967027e+01 1.245305e+01 1.448882e+01 1.805702e+01 2.279211e+01 1.674648e+01 1.700909e+01 1.406277e+01 1.507704e+01 1.329241e+01 1.265328e+01 2.364107e+01
<GCONST> 5.989038e+01
<MIXTURE> 2 1.867124e-01
<MEAN> 13
 -1.253224e+01 -8.748264e+00 -3.859074e+00 -8.684106e-02 2.085899e+00 -3.611122e+00 1.742055e+00 -3.238013e+00 -2.765273e+00 -1.264633e+00 8.731003e-01 -6.858496e-01 5.962283e+01
<VARIANCE> 13
 2.275272e+01 2.919143e+01 2.124506e+01 1.922775e+01 3.016510e+01 3.152738e+01 2.118783e+01 2.115207e+01 2.037409e+01 1.842697e+01 1.657998e+01 1.538115e+01 6.107693e+01
<GCONST> 6.494770e+01
<MIXTURE> 3 1.867124e-01
<MEAN> 13
 -1.253224e+01 -8.748264e+00 -3.859074e+00 -8.684099e-02 2.085899e+00 -3.611122e+00 1.742055e+00 -3.238013e+00 -2.765273e+00 -1.264633e+00 8.731002e-01 -6.858497e-01 5.962283e+01
<VARIANCE> 13
 2.275272e+01 2.919143e+01 2.124506e+01 1.922775e+01 3.016510e+01 3.152738e+01 2.118783e+01 2.115207e+01 2.037409e+01 1.842697e+01 1.657998e+01 1.538115e+01 6.107693e+01
<GCONST> 6.494770e+01
<MIXTURE> 4 3.093289e-01
<MEAN> 13
 -1.628222e+01 -1.238204e+01 -8.879370e+00 -2.878135e+00 -1.420460e+00 -6.610882e+00 -1.080499e+00 -5.648699e+00 -4.457884e+00 -2.383260e+00 -7.296500e-01 -1.395560e+00 7.184470e+01
<VARIANCE> 13
 1.713847e+01 2.441590e+01 2.529406e+01 2.470366e+01 3.752803e+01 2.982541e+01 2.314882e+01 2.170140e+01 2.223963e+01 1.840530e+01 1.952739e+01 1.564371e+01 5.420105e+01
<GCONST> 6.533535e+01
<STATE> 3
<NUMMIXES> 4
<MIXTURE> 1 2.886669e-01
<MEAN> 13
 -7.928188e+00 -1.263772e+01 -7.067797e+00 3.827347e+00 4.962121e+00 -5.750260e+00 1.802813e+00 2.110903e-01 -4.002885e+00 -2.402031e+00 1.935678e+00 -2.848887e-01 5.947118e+01
<VARIANCE> 13
 8.406240e+00 1.938362e+01 1.162950e+01 1.904084e+01 2.540624e+01 1.797480e+01 2.083530e+01 1.818475e+01 2.214647e+01 1.802800e+01 1.387234e+01 1.360678e+01 3.244786e+01
<GCONST> 6.115683e+01
<MIXTURE> 2 2.201083e-01
<MEAN> 13
 -1.100980e+01 -1.670432e+01 -1.094031e+01 1.669104e+00 7.373979e-01 -9.981223e+00 -2.271715e-01 -2.116562e+00 -5.958841e+00 -4.187031e+00 8.753687e-01 -1.065548e+00 6.993674e+01
<VARIANCE> 13
 1.049018e+01 1.308918e+01 1.272300e+01 1.905388e+01 2.693018e+01 1.641914e+01 2.221907e+01 1.711751e+01 2.358922e+01 1.979210e+01 1.516417e+01 1.590577e+01 4.622544e+01
<GCONST> 6.180328e+01
<MIXTURE> 3 2.201083e-01
<MEAN> 13
 -1.100980e+01 -1.670432e+01 -1.094031e+01 1.669104e+00 7.373979e-01 -9.981223e+00 -2.271715e-01 -2.116562e+00 -5.958841e+00 -4.187031e+00 8.753687e-01 -1.065548e+00 6.993674e+01
<VARIANCE> 13
 1.049018e+01 1.308918e+01 1.272300e+01 1.905388e+01 2.693018e+01 1.641914e+01 2.221907e+01 1.711751e+01 2.358922e+01 1.979210e+01 1.516417e+01 1.590577e+01 4.622544e+01
<GCONST> 6.180328e+01
<MIXTURE> 4 2.711137e-01
<MEAN> 13
 -1.308756e+01 -1.807356e+01 -1.311484e+01 1.274400e-01 -2.134918e+00 -1.244077e+01 -2.373923e+00 -2.726468e+00 -7.230226e+00 -5.740839e+00 -9.219081e-01 -2.297043e+00 7.805698e+01
<VARIANCE> 13
 8.723704e+00 1.006052e+01 1.172025e+01 1.859081e+01 2.591121e+01 1.605578e+01 2.670507e+01 1.703715e+01 2.511036e+01 1.793756e+01 1.569207e+01 1.457167e+01 3.109600e+01
<GCONST> 6.088155e+01
<STATE> 4
<NUMMIXES> 4
<MIXTURE> 1 3.160744e-01
<MEAN> 13
 -6.089040e+00 -6.630246e+00 -8.200669e-01 3.423841e+00 1.642267e+00 -3.290140e-02 5.494886e+00 9.698805e-01 -1.628975e+00 1.447198e+00 2.089320e+00 -1.923758e+00 4.972204e+01
<VARIANCE> 13
 7.437088e+00 3.556273e+01 9.145366e+00 2.229959e+01 1.467820e+01 1.914006e+01 1.439629e+01 2.088433e+01 1.792677e+01 1.603207e+01 1.350916e+01 1.320397e+01 2.265928e+01
<GCONST> 6.009745e+01
<MIXTURE> 2 1.812554e-01
<MEAN> 13
 -9.823023e+00 -1.423011e+01 -3.602145e+00 4.394925e+00 -1.320557e+00 -5.344626e+00 4.596426e+00 -4.177277e+00 -4.873164e+00 -8.497043e-02 9.516023e-01 -1.428553e+00 5.997787e+01
<VARIANCE> 13
 1.758669e+01 3.807542e+01 1.269274e+01 1.805156e+01 2.237293e+01 2.042256e+01 1.957609e+01 2.147480e+01 2.108422e+01 2.015948e+01 1.758878e+01 1.511066e+01 4.674319e+01
<GCONST> 6.347858e+01
<MIXTURE> 3 1.812554e-01
<MEAN> 13
 -9.823023e+00 -1.423011e+01 -3.602145e+00 4.394925e+00 -1.320557e+00 -5.344626e+00 4.596426e+00 -4.177277e+00 -4.873164e+00 -8.497043e-02 9.516023e-01 -1.428553e+00 5.997787e+01
<VARIANCE> 13
 1.758669e+01 3.807542e+01 1.269274e+01 1.805156e+01 2.237293e+01 2.042256e+01 1.957609e+01 2.147480e+01 2.108422e+01 2.015948e+01 1.758878e+01 1.511066e+01 4.674319e+01
<GCONST> 6.347858e+01
<MIXTURE> 4 3.214256e-01
<MEAN> 13
 -1.331120e+01 -1.880240e+01 -7.213024e+00 2.255110e+00 -6.613744e+00 -8.975890e+00 2.822444e+00 -5.791095e+00 -6.073995e+00 -9.945824e-01 -1.086912e+00 -2.422836e+00 7.249017e+01
<VARIANCE> 13
 1.683087e+01 3.074275e+01 1.330838e+01 1.634247e+01 2.502235e+01 2.095827e+01 2.232877e+01 2.031033e+01 2.313895e+01 2.047813e+01 2.036271e+01 1.509750e+01 5.110944e+01
<GCONST> 6.372582e+01
<TRANSP> 5
 0.000000e+00 1.000000e+00 0.000000e+00 0.000000e+00 0.000000e+00
 0.000000e+00 9.923692e-01 7.630755e-03 0.000000e+00 0.000000e+00
 0.000000e+00 0.000000e+00 9.853905e-01 1.460944e-02 0.000000e+00
 0.000000e+00 0.000000e+00 0.000000e+00 9.884548e-01 1.154520e-02
 0.000000e+00 0.000000e+00 0.000000e+00 0.000000e+00 0.000000e+00
<ENDHMM>
~h "cl"
<BEGINHMM>
<NUMSTATES> 5
<STATE> 2
<NUMMIXES> 4
<MIXTURE> 1 2.263373e-01
<MEAN> 13
 -1.449042e+01 5.372251e-01 2.447143e+00 -2.113682e+00 -4.525571e-01 8.253151e+00 5.419927e+00 3.647139e-01 3.597984e+00 2.733224e+00 -3.819023e+00 2.127933e+00 5.215736e+01
<VARIANCE> 13
 6.063277e+01 1.038284e+01 3.350235e+01 1.297039e+01 1.663195e+01 2.419576e+01 1.785682e+01 2.874620e+01 2.853180e+01 2.026608e+01 3.453860e+01 2.089347e+01 2.283385e+01
<GCONST> 6.471980e+01
<MIXTURE> 2 2.912440e-01
<MEAN> 13
 -1.517182e+01 -2.670426e-02 1.946434e+00 -3.131823e+00 -1.697614e+00 7.167390e+00 3.782107e+00 -1.083884e+00 2.742582e+00 1.662601e+00 -4.980625e+00 1.753585e+00 5.325663e+01
<VARIANCE> 13
 6.997140e+01 1.353539e+01 3.385852e+01 1.347642e+01 1.859398e+01 3.013478e+01 1.951058e+01 2.834018e+01 2.946481e+01 2.230792e+01 3.475201e+01 2.306546e+01 3.100361e+01
<GCONST> 6.612150e+01
<MIXTURE> 3 2.912440e-01
<MEAN> 13
 -1.517182e+01 -2.670426e-02 1.946434e+00 -3.131823e+00 -1.697614e+00 7.167390e+00 3.782107e+00 -1.083884e+00 2.742582e+00 1.662601e+00 -4.980625e+00 1.753585e+00 5.325663e+01
<VARIANCE> 13
 6.997140e+01 1.353539e+01 3.385852e+01 1.347642e+01 1.859398e+01 3.013478e+01 1.951058e+01 2.834018e+01 2.946481e+01 2.230792e+01 3.475201e+01 2.306546e+01 3.100361e+01
<GCONST> 6.612150e+01
<MIXTURE> 4 1.911741e-01
<MEAN> 13
 -1.134312e+01 -4.793062e+00 -2.222763e+00 -3.849534e+00 -2.782191e+00 1.755977e-01 1.824528e-01 -2.797245e+00 -5.811046e-01 -1.460427e+00 -2.694368e+00 -5.525618e-01 5.876260e+01
<VARIANCE> 13
 5.902711e+01 4.201526e+01 2.289124e+01 2.079787e+01 2.147868e+01 4.107808e+01 2.592153e+01 2.475558e+01 2.884802e+01 2.629512e+01 2.857956e+01 2.067515e+01 1.015150e+02
<GCONST> 6.875395e+01
<STATE> 3
<NUMMIXES> 4
<MIXTURE> 1 2.199055e-01
<MEAN> 13
 -2.117478e+01 3.435448e+00 6.778066e-01 -4.488451e+00 -2.827203e+00 1.430980e+01 2.590809e+00 -2.092406e+00 9.532513e+00 -2.395520e+00 -2.637648e+00 6.359575e+00 5.902349e+01
<VARIANCE> 13
 3.502036e+01 6.312402e+00 1.628401e+01 9.636683e+00 1.373556e+01 2.299042e+01 2.090068e+01 1.802706e+01 1.919143e+01 1.939811e+01 1.845650e+01 1.735962e+01 1.688512e+01
<GCONST> 6.054897e+01
<MIXTURE> 2 2.901565e-01
<MEAN> 13
 -2.018765e+01 2.846776e+00 8.681052e-02 -5.302674e+00 -4.010553e+00 1.274982e+01 9.710663e-01 -3.369118e+00 7.916370e+00 -3.644542e+00 -3.575081e+00 5.426438e+00 5.866146e+01
<VARIANCE> 13
 4.427958e+01 7.963966e+00 1.693694e+01 1.150586e+01 1.607413e+01 2.641745e+01 2.221873e+01 1.905553e+01 2.210126e+01 1.924051e+01 1.877655e+01 1.890000e+01 1.938016e+01
<GCONST> 6.201841e+01
<MIXTURE> 3 2.901562e-01
<MEAN> 13
 -2.018765e+01 2.846776e+00 8.681028e-02 -5.302674e+00 -4.010553e+00 1.274982e+01 9.710668e-01 -3.369119e+00 7.916370e+00 -3.644542e+00 -3.575081e+00 5.426438e+00 5.866146e+01
<VARIANCE> 13
 4.427958e+01 7.963968e+00 1.693694e+01 1.150585e+01 1.607411e+01 2.641743e+01 2.221871e+01 1.905553e+01 2.210126e+01 1.924051e+01 1.877656e+01 1.890000e+01 1.938016e+01
<GCONST> 6.201841e+01
<MIXTURE> 4 1.997830e-01
<MEAN> 13
 -1.584666e+01 2.023197e+00 -2.219850e+00 -6.352094e+00 -6.008499e+00 7.836175e+00 -2.269454e+00 -5.983963e+00 4.360967e+00 -4.522699e+00 -3.900143e+00 4.041300e+00 5.852730e+01
<VARIANCE> 13
 7.063534e+01 1.819281e+01 2.683798e+01 1.668531e+01 2.153897e+01 4.319019e+01 2.841281e+01 2.782542e+01 3.156333e+01 2.107793e+01 2.113306e+01 2.260089e+01 2.914465e+01
<GCONST> 6.670490e+01
<STATE> 4
<NUMMIXES> 4
<MIXTURE> 1 2.247816e-01
<MEAN> 13
 -2.077065e+01 2.143934e+00 7.096796e+00 -1.260860e+00 -4.963746e+00 1.167468e+01 4.635863e+00 -4.773717e+00 4.020080e+00 6.224819e+00 -9.971931e+00 4.125850e+00 5.485711e+01
<VARIANCE> 13
 3.316928e+01 7.154083e+00 1.088580e+01 1.705021e+01 2.135055e+01 2.243023e+01 1.941492e+01 3.135495e+01 2.797539e+01 3.253217e+01 2.121714e+01 1.931894e+01 2.296863e+01
<GCONST> 6.313181e+01
<MIXTURE> 2 2.834557e-01
<MEAN> 13
 -2.288744e+01 8.892661e-01 6.407804e+00 -2.984478e+00 -6.692532e+00 1.096428e+01 1.571573e+00 -6.754413e+00 3.166065e+00 4.592882e+00 -1.189877e+01 5.006184e+00 5.800433e+01
<VARIANCE> 13
 3.608921e+01 8.076049e+00 1.404637e+01 1.590989e+01 2.416364e+01 2.759437e+01 2.422308e+01 4.220655e+01 3.266235e+01 2.765535e+01 2.594064e+01 2.967019e+01 3.147672e+01
<GCONST> 6.531019e+01
<MIXTURE> 3 2.834557e-01
<MEAN> 13
 -2.288744e+01 8.892661e-01 6.407804e+00 -2.984478e+00 -6.692532e+00 1.096428e+01 1.571573e+00 -6.754413e+00 3.166065e+00 4.592882e+00 -1.189877e+01 5.006184e+00 5.800433e+01
<VARIANCE> 13
 3.608921e+01 8.076049e+00 1.404637e+01 1.590989e+01 2.416364e+01 2.759437e+01 2.422308e+01 4.220655e+01 3.266235e+01 2.765535e+01 2.594064e+01 2.967019e+01 3.147672e+01
<GCONST> 6.531019e+01
<MIXTURE> 4 2.083051e-01
<MEAN> 13
 -2.301110e+01 5.011256e-01 6.315774e+00 -4.490517e+00 -9.584917e+00 8.948603e+00 -2.449063e+00 -1.075295e+01 6.707513e-01 2.947801e+00 -1.406105e+01 5.876623e+00 6.101285e+01
<VARIANCE> 13
 3.533906e+01 1.101272e+01 1.912848e+01 1.431481e+01 2.653041e+01 4.015076e+01 2.714853e+01 5.331404e+01 4.094234e+01 2.514912e+01 3.247923e+01 4.326365e+01 3.022746e+01
<GCONST> 6.731103e+01
<TRANSP> 5
 0.000000e+00 1.000000e+00 0.000000e+00 0.000000e+00 0.000000e+00
 0.000000e+00 9.672176e-01 3.278241e-02 0.000000e+00 0.000000e+00
 0.000000e+00 0.000000e+00 9.921639e-01 7.836091e-03 0.000000e+00
 0.000000e+00 0.000000e+00 0.000000e+00 9.930611e-01 6.938864e-03
 0.000000e+00 0.000000e+00 0.000000e+00 0.000000e+00 0.000000e+00
<ENDHMM>
~h "cm"
<BEGINHMM>
<NUMSTATES> 5
<STATE> 2
<NUMMIXES> 4
<MIXTURE> 1 2.192640e-01
<MEAN> 13
 -1.233463e+01 1.052525e+00 -1.412296e+00 -3.366123e+00 1.515338e+00 2.840560e+00 1.207797e+00 2.682913e+00 2.601772e-01 2.221330e+00 3.438033e+00 -4.929082e-01 5.526912e+01
<VARIANCE> 13
 1.158352e+01 1.202694e+01 1.208163e+01 1.274663e+01 1.193253e+01 1.439118e+01 1.437726e+01 1.562556e+01 1.549585e+01 1.451841e+01 1.674439e+01 1.462011e+01 2.318546e+01
<GCONST> 5.848650e+01
<MIXTURE> 2 2.712731e-01
<MEAN> 13
 -1.282153e+01 -4.459396e-01 -2.866947e+00 -5.095497e+00 -3.226616e-01 8.380995e-01 -1.160900e+00 1.632418e-01 -1.953787e+00 1.148327e+00 3.166151e+00 -3.726071e-01 5.768751e+01
<VARIANCE> 13
 1.397873e+01 1.399222e+01 1.096858e+01 1.191787e+01 1.332171e+01 1.407192e+01 1.570513e+01 1.549203e+01 1.538258e+01 1.554541e+01 1.735117e+01 1.598430e+01 1.730352e+01
<GCONST> 5.872258e+01
<MIXTURE> 3 2.712731e-01
<MEAN> 13
 -1.282153e+01 -4.459397e-01 -2.866947e+00 -5.095497e+00 -3.226617e-01 8.380994e-01 -1.160900e+00 1.632419e-01 -1.953787e+00 1.148327e+00 3.166151e+00 -3.726071e-01 5.768751e+01
<VARIANCE> 13
 1.397873e+01 1.399222e+01 1.096858e+01 1.191787e+01 1.332171e+01 1.407192e+01 1.570513e+01 1.549203e+01 1.538258e+01 1.554541e+01 1.735117e+01 1.598430e+01 1.730352e+01
<GCONST> 5.872258e+01
<MIXTURE> 4 2.381904e-01
<MEAN> 13
 -1.283659e+01 -1.272868e+00 -3.841937e+00 -6.442771e+00 -2.046822e+00 -1.340907e+00 -3.513255e+00 -2.271842e+00 -4.332306e+00 -4.465587e-01 2.201679e+00 -6.476772e-01 5.917930e+01
<VARIANCE> 13
 1.521481e+01 1.461728e+01 1.025032e+01 1.233356e+01 1.275210e+01 1.527255e+01 1.886207e+01 1.701891e+01 1.635397e+01 1.700244e+01 2.046338e+01 1.903877e+01 1.516195e+01
<GCONST> 5.949147e+01
<STATE> 3
<NUMMIXES> 4
<MIXTURE> 1 2.492047e-01
<MEAN> 13
 -9.924091e+00 -1.140535e-01 -1.766720e+00 -2.328984e+00 1.590340e+00 1.666548e+00 -1.461741e-01 3.974171e-01 -2.188276e+00 -3.631989e-01 6.408822e-01 -1.659686e+00 6.296380e+01
<VARIANCE> 13
 1.226175e+01 1.327683e+01 1.445138e+01 1.218425e+01 1.440775e+01 1.228301e+01 1.530766e+01 1.653239e+01 1.566389e+01 1.447891e+01 1.436952e+01 1.289222e+01 4.841122e+01
<GCONST> 5.939101e+01
<MIXTURE> 2 2.610978e-01
<MEAN> 13
 -9.070203e+00 -5.389652e-01 -2.870406e+00 -3.415626e+00 -4.513914e-01 -6.291507e-01 -2.589040e+00 -2.089012e+00 -4.438251e+00 -2.059414e+00 -1.046333e+00 -2.152184e+00 6.622829e+01
<VARIANCE> 13
 1.172446e+01 1.312298e+01 1.483196e+01 1.324921e+01 1.409083e+01 1.274197e+01 1.372813e+01 1.571434e+01 1.607567e+01 1.519397e+01 1.522179e+01 1.387728e+01 4.785769e+01
<GCONST> 5.949303e+01
<MIXTURE> 3 2.610963e-01
<MEAN> 13
 -9.070203e+00 -5.389643e-01 -2.870406e+00 -3.415626e+00 -4.513917e-01 -6.291505e-01 -2.589040e+00 -2.089012e+00 -4.438251e+00 -2.059415e+00 -1.046333e+00 -2.152184e+00 6.622829e+01
<VARIANCE> 13
 1.172445e+01 1.312298e+01 1.483196e+01 1.324922e+01 1.409084e+01 1.274196e+01 1.372813e+01 1.571435e+01 1.607567e+01 1.519397e+01 1.522178e+01 1.387729e+01 4.785771e+01
<GCONST> 5.949303e+01
<MIXTURE> 4 2.286004e-01
<MEAN> 13
 -8.997817e+00 -1.652886e+00 -4.416315e+00 -4.987295e+00 -3.062246e+00 -3.381349e+00 -5.328642e+00 -4.799452e+00 -6.657693e+00 -3.659731e+00 -2.874745e+00 -2.588421e+00 7.003257e+01
<VARIANCE> 13
 1.064562e+01 1.630955e+01 1.899864e+01 1.681725e+01 1.583174e+01 1.541496e+01 1.419732e+01 1.744627e+01 1.815046e+01 1.467753e+01 1.740905e+01 1.537710e+01 5.077643e+01
<GCONST> 6.092793e+01
<STATE> 4
<NUMMIXES> 4
<MIXTURE> 1 2.561631e-01
<MEAN> 13
 -4.748967e+00 2.004810e+00 -1.072787e+00 -1.903073e+00 1.451947e+00 6.952961e-01 -7.783266e-01 -4.805102e-01 -2.113113e+00 -7.842538e-01 1.473805e-01 -2.233612e+00 6.186924e+01
<VARIANCE> 13
 1.067175e+01 9.286076e+00 1.069487e+01 1.094623e+01 1.158515e+01 1.149811e+01 1.247140e+01 1.728280e+01 1.559131e+01 1.482618e+01 1.281683e+01 1.269419e+01 6.889939e+01
<GCONST> 5.828399e+01
<MIXTURE> 2 2.442974e-01
<MEAN> 13
 -4.712244e+00 5.503209e-01 -2.676113e+00 -4.237635e+00 -1.001022e+00 -1.772948e+00 -3.284831e+00 -2.415838e+00 -3.830193e+00 -2.574349e+00 -1.549560e+00 -3.033055e+00 6.819621e+01
<VARIANCE> 13
 5.791061e+00 8.911990e+00 8.678484e+00 1.131860e+01 1.121698e+01 1.034174e+01 1.162329e+01 1.513259e+01 1.430521e+01 1.310045e+01 1.259886e+01 1.184257e+01 5.297872e+01
<GCONST> 5.655536e+01
<MIXTURE> 3 2.442960e-01
<MEAN> 13
 -4.712244e+00 5.503213e-01 -2.676113e+00 -4.237634e+00 -1.001022e+00 -1.772948e+00 -3.284832e+00 -2.415839e+00 -3.830193e+00 -2.574349e+00 -1.549560e+00 -3.033055e+00 6.819621e+01
<VARIANCE> 13
 5.791057e+00 8.911990e+00 8.678487e+00 1.131861e+01 1.121699e+01 1.034174e+01 1.162329e+01 1.513260e+01 1.430522e+01 1.310045e+01 1.259886e+01 1.184257e+01 5.297875e+01
<GCONST> 5.655536e+01
<MIXTURE> 4 2.552400e-01
<MEAN> 13
 -5.230594e+00 -8.965282e-01 -4.116046e+00 -6.297482e+00 -3.201741e+00 -3.888914e+00 -5.669672e+00 -4.309630e+00 -5.770729e+00 -4.238273e+00 -3.390194e+00 -3.778815e+00 7.223448e+01
<VARIANCE> 13
 4.556940e+00 8.678208e+00 7.835195e+00 1.186336e+01 1.063880e+01 9.883664e+00 1.222130e+01 1.400401e+01 1.408068e+01 1.314389e+01 1.278430e+01 1.189369e+01 3.292907e+01
<GCONST> 5.563920e+01
<TRANSP> 5
 0.000000e+00 1.000000e+00 0.000000e+00 0.000000e+00 0.000000e+00
 0.000000e+00 9.669546e-01 3.304538e-02 0.000000e+00 0.000000e+00
 0.000000e+00 0.000000e+00 9.657761e-01 3.422390e-02 0.000000e+00
 0.000000e+00 0.000000e+00 0.000000e+00 9.833661e-01 1.663385e-02
 0.000000e+00 0.000000e+00 0.000000e+00 0.000000e+00 0.000000e+00
<ENDHMM>
~h "co"
<BEGINHMM>
<NUMSTATES> 5
<STATE> 2
<NUMMIXES> 4
<MIXTURE> 1 2.859585e-01
<MEAN> 13
 -5.442018e+00 -3.448752e+00 5.565967e-01 -1.009255e-01 3.666503e-01 2.359627e+00 3.365717e+00 1.857373e+00 1.228517e+00 -4.349605e-01 -4.375382e-01 -3.419659e+00 5.044934e+01
<VARIANCE> 13
 7.196028e+00 1.316419e+01 1.903993e+01 2.129840e+01 1.631781e+01 1.388958e+01 1.695756e+01 1.695512e+01 1.778727e+01 1.869442e+01 1.537148e+01 1.421994e+01 2.293105e+01
<GCONST> 5.985964e+01
<MIXTURE> 2 2.072120e-01
<MEAN> 13
 -7.661954e+00 -6.144723e+00 1.865753e+00 4.338407e-01 -6.960194e+00 -1.334143e+00 -7.529769e-01 -1.842625e+00 -8.655924e-01 -2.399959e+00 -3.925281e+00 -6.652577e+00 6.190561e+01
<VARIANCE> 13
 1.997476e+01 1.898726e+01 1.826828e+01 2.758062e+01 5.602598e+01 2.603302e+01 4.592712e+01 4.624635e+01 3.246790e+01 3.238631e+01 3.758844e+01 2.173145e+01 6.133452e+01
<GCONST> 6.877892e+01
<MIXTURE> 3 2.072120e-01
<MEAN> 13
 -7.661954e+00 -6.144723e+00 1.865753e+00 4.338406e-01 -6.960194e+00 -1.334143e+00 -7.529767e-01 -1.842624e+00 -8.655922e-01 -2.399958e+00 -3.925280e+00 -6.652576e+00 6.190561e+01
<VARIANCE> 13
 1.997476e+01 1.898726e+01 1.826829e+01 2.758062e+01 5.602598e+01 2.603302e+01 4.592711e+01 4.624635e+01 3.246789e+01 3.238631e+01 3.758844e+01 2.173145e+01 6.133452e+01
<GCONST> 6.877892e+01
<MIXTURE> 4 2.996162e-01
<MEAN> 13
 -6.556537e+00 -7.771038e+00 -9.011981e-01 8.849654e-01 -1.424174e+01 -4.986321e+00 -6.902447e+00 -3.888912e+00 9.727938e-01 -3.814621e+00 -5.819032e+00 -1.004360e+01 6.672031e+01
<VARIANCE> 13
 1.538356e+01 2.654749e+01 3.647306e+01 2.963605e+01 7.223553e+01 4.268206e+01 5.643356e+01 4.957734e+01 7.049980e+01 5.457915e+01 6.631203e+01 3.427689e+01 2.939705e+01
<GCONST> 7.222552e+01
<STATE> 3
<NUMMIXES> 4
<MIXTURE> 1 2.200992e-01
<MEAN> 13
 -7.968433e+00 -5.913748e+00 1.683520e+00 -8.256096e-01 -4.662229e+00 -5.921178e+00 -2.648151e+00 -6.530356e+00 -4.826444e+00 -3.362697e+00 -2.082878e+00 -6.454023e+00 6.600253e+01
<VARIANCE> 13
 2.873733e+01 1.029446e+01 1.575575e+01 1.682658e+01 2.629806e+01 2.862708e+01 5.273938e+01 4.426300e+01 3.152776e+01 3.428025e+01 2.989190e+01 3.530483e+01 5.228884e+01
<GCONST> 6.744555e+01
<MIXTURE> 2 2.852871e-01
<MEAN> 13
 -5.964004e+00 -6.727898e+00 -7.967254e-01 -2.735160e+00 -7.862061e+00 -7.605624e+00 -7.947176e+00 -6.253850e+00 -4.568131e+00 -5.555905e+00 -4.956590e+00 -1.019011e+01 6.846272e+01
<VARIANCE> 13
 1.496204e+01 1.211791e+01 2.234537e+01 1.951292e+01 3.314972e+01 3.865522e+01 4.929405e+01 5.694503e+01 4.457068e+01 4.228609e+01 3.571509e+01 4.030483e+01 3.509136e+01
<GCONST> 6.863744e+01
<MIXTURE> 3 2.852871e-01
<MEAN> 13
 -5.964005e+00 -6.727898e+00 -7.967249e-01 -2.735159e+00 -7.862062e+00 -7.605624e+00 -7.947176e+00 -6.253850e+00 -4.568131e+00 -5.555905e+00 -4.956590e+00 -1.019011e+01 6.846272e+01
<VARIANCE> 13
 1.496204e+01 1.211791e+01 2.234537e+01 1.951292e+01 3.314972e+01 3.865522e+01 4.929404e+01 5.694501e+01 4.457067e+01 4.228609e+01 3.571508e+01 4.030482e+01 3.509134e+01
<GCONST> 6.863744e+01
<MIXTURE> 4 2.093259e-01
<MEAN> 13
 -6.026132e+00 -7.285919e+00 -3.125085e+00 -3.781196e+00 -1.034364e+01 -1.025904e+01 -1.037523e+01 -7.826873e+00 -5.006804e+00 -6.641261e+00 -6.191445e+00 -1.185849e+01 7.089206e+01
<VARIANCE> 13
 8.072791e+00 1.219763e+01 2.102613e+01 2.029428e+01 3.070525e+01 3.295776e+01 4.620560e+01 5.620209e+01 5.100302e+01 4.633357e+01 4.000699e+01 4.153698e+01 2.200733e+01
<GCONST> 6.759473e+01
<STATE> 4
<NUMMIXES> 4
<MIXTURE> 1 2.398420e-01
<MEAN> 13
 -3.298667e+00 -1.544564e-01 5.733107e+00 3.964772e+00 2.730106e+00 -2.542037e-01 -9.924679e-01 -2.646320e+00 -3.118993e+00 -2.808207e+00 -3.328003e+00 -7.023521e+00 5.109074e+01
<VARIANCE> 13
 1.063228e+01 1.701144e+01 1.602639e+01 2.362350e+01 1.945984e+01 1.710618e+01 2.494852e+01 3.267705e+01 2.220461e+01 2.028276e+01 2.104488e+01 1.632114e+01 3.644531e+01
<GCONST> 6.308294e+01
<MIXTURE> 2 2.605338e-01
<MEAN> 13
 -3.513140e+00 -2.931133e+00 4.802050e+00 2.738349e+00 -9.099221e-01 -4.053086e+00 -4.712398e+00 -6.885630e+00 -4.865740e+00 -3.650802e+00 -3.283263e+00 -7.622863e+00 5.690859e+01
<VARIANCE> 13
 1.426404e+01 1.844885e+01 1.487562e+01 2.223127e+01 2.851881e+01 2.395722e+01 3.097875e+01 4.206890e+01 2.832295e+01 2.976228e+01 2.845678e+01 2.214646e+01 4.767813e+01
<GCONST> 6.601327e+01
<MIXTURE> 3 2.605338e-01
<MEAN> 13
 -3.513140e+00 -2.931133e+00 4.802050e+00 2.738349e+00 -9.099221e-01 -4.053086e+00 -4.712398e+00 -6.885630e+00 -4.865740e+00 -3.650802e+00 -3.283263e+00 -7.622863e+00 5.690859e+01
<VARIANCE> 13
 1.426404e+01 1.844885e+01 1.487562e+01 2.223127e+01 2.851881e+01 2.395722e+01 3.097875e+01 4.206890e+01 2.832295e+01 2.976228e+01 2.845678e+01 2.214646e+01 4.767813e+01
<GCONST> 6.601327e+01
<MIXTURE> 4 2.390889e-01
<MEAN> 13
 -3.617716e+00 -5.010507e+00 3.695405e+00 1.501661e+00 -5.744750e+00 -6.793495e+00 -8.848747e+00 -8.873885e+00 -6.483965e+00 -4.871975e+00 -4.623937e+00 -9.054775e+00 6.233343e+01
<VARIANCE> 13
 1.209706e+01 1.781806e+01 2.122584e+01 2.455239e+01 4.523436e+01 3.604063e+01 3.698470e+01 5.987372e+01 3.781362e+01 3.698222e+01 4.110873e+01 2.347492e+01 3.746128e+01
<GCONST> 6.835942e+01
<TRANSP> 5
 0.000000e+00 1.000000e+00 0.000000e+00 0.000000e+00 0.000000e+00
 0.000000e+00 9.317362e-01 6.826379e-02 0.000000e+00 0.000000e+00
 0.000000e+00 0.000000e+00 9.840364e-01 1.596361e-02 0.000000e+00
 0.000000e+00 0.000000e+00 0.000000e+00 9.784307e-01 2.156923e-02
 0.000000e+00 0.000000e+00 0.000000e+00 0.000000e+00 0.000000e+00
<ENDHMM>
~h "ds"
<BEGINHMM>
<NUMSTATES> 5
<STATE> 2
<NUMMIXES> 4
<MIXTURE> 1 2.580605e-01
<MEAN> 13
 -1.183405e+01 1.570793e+00 2.308614e+00 2.333416e+00 2.650209e+00 4.312158e-01 5.262792e+00 -2.032850e+00 3.083321e+00 2.452289e+00 5.300853e+00 1.174463e+00 6.432474e+01
<VARIANCE> 13
 1.731426e+01 1.153561e+01 9.644389e+00 1.015148e+01 1.523199e+01 1.571098e+01 2.126451e+01 2.274490e+01 2.474450e+01 2.108920e+01 2.081238e+01 1.803662e+01 7.421983e+01
<GCONST> 6.192485e+01
<MIXTURE> 2 2.616875e-01
<MEAN> 13
 -1.443453e+01 3.002251e-01 -4.757982e-01 -2.237373e-01 -1.126854e+00 -2.116275e+00 2.361719e+00 -3.082315e+00 1.134376e+00 2.478765e+00 4.408901e+00 -2.768400e-01 6.773631e+01
<VARIANCE> 13
 1.121601e+01 6.261076e+00 6.885220e+00 9.863040e+00 1.657647e+01 1.205125e+01 1.785551e+01 2.054223e+01 1.755075e+01 1.647983e+01 1.459994e+01 1.508843e+01 4.651895e+01
<GCONST> 5.846626e+01
<MIXTURE> 3 2.616875e-01
<MEAN> 13
 -1.443453e+01 3.002256e-01 -4.757980e-01 -2.237370e-01 -1.126854e+00 -2.116275e+00 2.361720e+00 -3.082315e+00 1.134375e+00 2.478764e+00 4.408899e+00 -2.768402e-01 6.773631e+01
<VARIANCE> 13
 1.121603e+01 6.261080e+00 6.885223e+00 9.863043e+00 1.657647e+01 1.205126e+01 1.785551e+01 2.054223e+01 1.755076e+01 1.647983e+01 1.459994e+01 1.508843e+01 4.651898e+01
<GCONST> 5.846626e+01
<MIXTURE> 4 2.185645e-01
<MEAN> 13
 -1.710188e+01 -1.171765e+00 -2.686312e+00 -3.627564e+00 -4.269849e+00 -4.496516e+00 2.244065e+00 -1.789709e+00 -3.743898e-01 1.746196e+00 2.978385e+00 -5.488072e-01 6.550824e+01
<VARIANCE> 13
 1.492575e+01 1.116822e+01 1.017367e+01 1.392418e+01 2.253249e+01 2.108634e+01 3.163549e+01 3.978438e+01 2.214685e+01 2.221905e+01 1.478477e+01 1.382514e+01 2.271113e+02
<GCONST> 6.420750e+01
<STATE> 3
<NUMMIXES> 4
<MIXTURE> 1 2.423522e-01
<MEAN> 13
 -9.579850e+00 4.980581e+00 5.717618e+00 7.366592e+00 7.926166e+00 4.545552e+00 7.988147e+00 1.600445e-01 3.919550e+00 2.608154e+00 4.553467e+00 1.503042e+00 6.735683e+01
<VARIANCE> 13
 1.479085e+01 5.550709e+00 5.806323e+00 6.162190e+00 8.283917e+00 1.108733e+01 1.154117e+01 1.215428e+01 1.394002e+01 1.271679e+01 1.338653e+01 1.218395e+01 4.090073e+01
<GCONST> 5.532464e+01
<MIXTURE> 2 2.448683e-01
<MEAN> 13
 -8.201822e+00 5.606223e+00 5.540068e+00 6.020409e+00 6.209918e+00 3.008071e+00 6.340575e+00 -1.421627e+00 2.126004e+00 5.485644e-01 2.588599e+00 -1.929469e-01 6.728952e+01
<VARIANCE> 13
 1.305316e+01 6.645950e+00 5.159035e+00 5.404111e+00 9.407262e+00 1.207300e+01 1.126451e+01 1.173727e+01 1.369078e+01 1.387177e+01 1.281114e+01 1.141473e+01 6.028773e+01
<GCONST> 5.563116e+01
<MIXTURE> 3 2.448682e-01
<MEAN> 13
 -8.201822e+00 5.606223e+00 5.540069e+00 6.020410e+00 6.209917e+00 3.008071e+00 6.340575e+00 -1.421627e+00 2.126003e+00 5.485637e-01 2.588598e+00 -1.929471e-01 6.728952e+01
<VARIANCE> 13
 1.305315e+01 6.645951e+00 5.159035e+00 5.404110e+00 9.407267e+00 1.207301e+01 1.126452e+01 1.173727e+01 1.369078e+01 1.387177e+01 1.281114e+01 1.141473e+01 6.028775e+01
<GCONST> 5.563116e+01
<MIXTURE> 4 2.679101e-01
<MEAN> 13
 -9.621479e+00 3.245522e+00 2.850586e+00 3.407752e+00 4.169702e+00 1.040394e+00 3.863436e+00 -3.653478e+00 -2.095817e-01 -4.022511e-01 1.561810e+00 -1.930256e+00 6.464996e+01
<VARIANCE> 13
 1.218507e+01 1.223338e+01 6.761274e+00 6.488220e+00 9.971532e+00 1.192780e+01 1.220007e+01 1.248665e+01 1.322430e+01 1.318144e+01 1.359717e+01 1.262215e+01 5.461153e+01
<GCONST> 5.678912e+01
<STATE> 4
<NUMMIXES> 4
<MIXTURE> 1 2.093961e-01
<MEAN> 13
 -9.106171e+00 3.781060e+00 5.494609e+00 4.131840e+00 6.118834e+00 3.040088e+00 6.063863e+00 3.332998e-02 2.374804e+00 -2.317138e-01 2.874426e+00 -1.923149e-01 5.884879e+01
<VARIANCE> 13
 1.480059e+01 1.158495e+01 1.440808e+01 1.408356e+01 1.483074e+01 1.909811e+01 2.131804e+01 1.693315e+01 2.134155e+01 2.025042e+01 1.675741e+01 1.431417e+01 1.081560e+02
<GCONST> 6.211719e+01
<MIXTURE> 2 2.697178e-01
<MEAN> 13
 -9.916972e+00 1.100940e+00 1.751449e+00 6.238508e-02 2.821622e+00 9.288551e-01 2.594316e+00 -5.723452e-01 2.882998e-01 -3.476952e-01 2.169891e+00 -1.651680e+00 5.260019e+01
<VARIANCE> 13
 1.406642e+01 8.385311e+00 1.035666e+01 1.087864e+01 1.398665e+01 1.934850e+01 2.070924e+01 1.832493e+01 2.443731e+01 2.469368e+01 1.750948e+01 1.574276e+01 2.271561e+01
<GCONST> 6.007150e+01
<MIXTURE> 3 2.697178e-01
<MEAN> 13
 -9.916972e+00 1.100940e+00 1.751449e+00 6.238508e-02 2.821622e+00 9.288551e-01 2.594316e+00 -5.723452e-01 2.882998e-01 -3.476952e-01 2.169891e+00 -1.651680e+00 5.260019e+01
<VARIANCE> 13
 1.406642e+01 8.385311e+00 1.035666e+01 1.087864e+01 1.398665e+01 1.934850e+01 2.070924e+01 1.832493e+01 2.443731e+01 2.469368e+01 1.750948e+01 1.574276e+01 2.271561e+01
<GCONST> 6.007150e+01
<MIXTURE> 4 2.511641e-01
<MEAN> 13
 -1.019936e+01 -2.408604e-01 -3.323576e-01 -1.693537e+00 3.673083e-01 -1.909531e+00 5.944076e-01 -2.888627e+00 -1.815006e+00 -1.298870e+00 1.026940e+00 -2.802775e+00 5.535181e+01
<VARIANCE> 13
 1.890510e+01 1.106772e+01 1.536015e+01 1.490124e+01 1.973351e+01 1.973055e+01 2.167966e+01 1.916021e+01 2.167486e+01 2.260760e+01 1.961304e+01 2.084905e+01 3.269510e+01
<GCONST> 6.235795e+01
<TRANSP> 5
 0.000000e+00 1.000000e+00 0.000000e+00 0.000000e+00 0.000000e+00
 0.000000e+00 9.660236e-01 3.397642e-02 0.000000e+00 0.000000e+00
 0.000000e+00 0.000000e+00 9.092523e-01 9.074764e-02 0.000000e+00
 0.000000e+00 0.000000e+00 0.000000e+00 9.927894e-01 7.210530e-03
 0.000000e+00 0.000000e+00 0.000000e+00 0.000000e+00 0.000000e+00
<ENDHMM>
~h "kj"
<BEGINHMM>
<NUMSTATES> 5
<STATE> 2
<NUMMIXES> 4
<MIXTURE> 1 2.144879e-01
<MEAN> 13
 -1.903791e+01 4.293149e+00 1.425433e+00 -2.672946e+00 2.356469e-01 6.650510e+00 2.327395e+00 4.872413e+00 1.777043e+00 8.250107e-01 3.359946e+00 -1.429431e-01 5.515572e+01
<VARIANCE> 13
 3.085654e+01 1.686639e+01 1.158085e+01 1.284307e+01 1.447856e+01 2.483420e+01 2.273694e+01 1.776782e+01 1.453022e+01 1.985214e+01 1.509250e+01 1.383117e+01 2.507150e+01
<GCONST> 6.126290e+01
<MIXTURE> 2 2.892636e-01
<MEAN> 13
 -1.941372e+01 3.228080e+00 7.245615e-01 -3.237853e+00 -8.307081e-01 5.108146e+00 1.702780e+00 2.826917e+00 -1.361414e-01 -9.120566e-02 1.667987e+00 -1.219332e+00 5.613664e+01
<VARIANCE> 13
 2.973862e+01 1.755390e+01 1.301917e+01 1.425806e+01 1.592812e+01 3.033117e+01 2.358170e+01 1.873241e+01 1.584759e+01 2.111744e+01 1.552542e+01 1.401802e+01 2.427589e+01
<GCONST> 6.203028e+01
<MIXTURE> 3 2.892640e-01
<MEAN> 13
 -1.941373e+01 3.228080e+00 7.245618e-01 -3.237853e+00 -8.307083e-01 5.108146e+00 1.702780e+00 2.826917e+00 -1.361411e-01 -9.120559e-02 1.667987e+00 -1.219332e+00 5.613664e+01
<VARIANCE> 13
 2.973862e+01 1.755391e+01 1.301918e+01 1.425806e+01 1.592811e+01 3.033116e+01 2.358170e+01 1.873240e+01 1.584760e+01 2.111746e+01 1.552543e+01 1.401803e+01 2.427589e+01
<GCONST> 6.203028e+01
<MIXTURE> 4 2.069834e-01
<MEAN> 13
 -1.794284e+01 1.079204e+00 -1.244874e+00 -3.655886e+00 -2.161869e+00 1.564417e+00 1.089026e-01 -4.204461e-01 -2.423656e+00 -7.141101e-01 -3.483086e-01 -2.164685e+00 5.688931e+01
<VARIANCE> 13
 3.213230e+01 2.443300e+01 1.589623e+01 1.586962e+01 1.977259e+01 3.444332e+01 2.455443e+01 2.108793e+01 1.808778e+01 2.292677e+01 1.583530e+01 1.698224e+01 2.577061e+01
<GCONST> 6.373308e+01
<STATE> 3
<NUMMIXES> 4
<MIXTURE> 1 2.807192e-01
<MEAN> 13
 -1.289166e+01 -2.736617e+00 -3.248859e+00 1.034556e+00 8.439645e-01 -1.624637e+00 1.118479e+00 -4.623931e-01 -4.950367e-01 2.228300e+00 1.637459e+00 -4.318681e-01 5.619086e+01
<VARIANCE> 13
 1.604940e+01 2.140873e+01 1.324403e+01 1.506242e+01 1.308236e+01 1.520552e+01 1.611682e+01 1.534171e+01 1.660905e+01 1.575095e+01 1.555076e+01 1.246054e+01 2.711985e+01
<GCONST> 5.996478e+01
<MIXTURE> 2 2.420330e-01
<MEAN> 13
 -1.477599e+01 -5.954934e+00 -4.096848e+00 -4.837269e-01 -1.268937e+00 -4.018086e+00 -1.905512e+00 -3.533631e+00 -2.592293e+00 1.017106e+00 5.566971e-01 -7.565113e-01 6.193566e+01
<VARIANCE> 13
 1.552495e+01 2.572998e+01 1.144610e+01 1.246872e+01 1.473790e+01 1.388756e+01 1.696289e+01 1.643166e+01 1.622188e+01 1.659282e+01 1.505008e+01 1.414461e+01 4.482579e+01
<GCONST> 6.055387e+01
<MIXTURE> 3 2.420330e-01
<MEAN> 13
 -1.477599e+01 -5.954934e+00 -4.096848e+00 -4.837269e-01 -1.268937e+00 -4.018086e+00 -1.905511e+00 -3.533631e+00 -2.592293e+00 1.017106e+00 5.566969e-01 -7.565114e-01 6.193566e+01
<VARIANCE> 13
 1.552495e+01 2.572998e+01 1.144610e+01 1.246872e+01 1.473790e+01 1.388756e+01 1.696289e+01 1.643166e+01 1.622188e+01 1.659282e+01 1.505008e+01 1.414461e+01 4.482579e+01
<GCONST> 6.055387e+01
<MIXTURE> 4 2.352133e-01
<MEAN> 13
 -1.662811e+01 -9.693913e+00 -4.709503e+00 -3.031379e+00 -3.088034e+00 -6.651947e+00 -4.781734e+00 -6.068881e+00 -4.437878e+00 -9.814855e-01 -3.731274e-01 -8.303000e-01 6.946942e+01
<VARIANCE> 13
 1.736989e+01 2.239647e+01 9.615999e+00 1.312992e+01 1.436536e+01 1.499446e+01 1.580859e+01 1.405924e+01 1.615150e+01 1.419396e+01 1.522767e+01 1.440239e+01 6.356075e+01
<GCONST> 6.044804e+01
<STATE> 4
<NUMMIXES> 4
<MIXTURE> 1 2.514627e-01
<MEAN> 13
 -2.287755e+01 4.312400e+00 2.382576e+00 4.559304e+00 -1.353974e+00 1.355807e+00 8.932678e+00 2.115120e+00 -1.747155e+00 4.474851e+00 1.609249e+00 -2.173246e+00 5.466730e+01
<VARIANCE> 13
 2.190441e+01 1.810954e+01 1.718977e+01 1.634228e+01 1.481293e+01 1.629400e+01 1.850236e+01 1.708313e+01 1.935935e+01 2.597046e+01 1.738261e+01 1.997039e+01 1.429350e+01
<GCONST> 6.148555e+01
<MIXTURE> 2 2.713826e-01
<MEAN> 13
 -2.245064e+01 2.806463e+00 2.020373e+00 3.003830e+00 -2.846903e+00 -6.187880e-01 7.215997e+00 -1.716587e-01 -3.752761e+00 4.133804e+00 4.502819e-01 -3.248813e+00 5.539988e+01
<VARIANCE> 13
 3.013026e+01 1.971690e+01 1.812581e+01 1.798831e+01 1.576777e+01 1.602624e+01 2.249636e+01 1.785999e+01 2.019631e+01 2.451481e+01 1.720868e+01 1.819798e+01 1.786492e+01
<GCONST> 6.242892e+01
<MIXTURE> 3 2.713826e-01
<MEAN> 13
 -2.245064e+01 2.806463e+00 2.020373e+00 3.003830e+00 -2.846903e+00 -6.187880e-01 7.215997e+00 -1.716587e-01 -3.752761e+00 4.133804e+00 4.502819e-01 -3.248813e+00 5.539988e+01
<VARIANCE> 13
 3.013026e+01 1.971690e+01 1.812581e+01 1.798831e+01 1.576777e+01 1.602624e+01 2.249636e+01 1.785999e+01 2.019631e+01 2.451481e+01 1.720868e+01 1.819798e+01 1.786492e+01
<GCONST> 6.242892e+01
<MIXTURE> 4 2.057705e-01
<MEAN> 13
 -1.671112e+01 -5.098037e+00 -3.151308e+00 -2.105478e-01 -3.743013e+00 -4.604277e+00 -1.550041e-01 -3.623733e+00 -4.057933e+00 1.287240e+00 6.790876e-02 -1.711785e+00 6.178823e+01
<VARIANCE> 13
 3.803992e+01 5.939791e+01 2.464324e+01 1.769832e+01 1.985177e+01 1.865980e+01 2.879858e+01 1.887399e+01 1.912303e+01 2.217183e+01 1.821682e+01 1.709371e+01 6.499381e+01
<GCONST> 6.587111e+01
<TRANSP> 5
 0.000000e+00 1.000000e+00 0.000000e+00 0.000000e+00 0.000000e+00
 0.000000e+00 9.921885e-01 7.811606e-03 0.000000e+00 0.000000e+00
 0.000000e+00 0.000000e+00 9.738002e-01 2.619978e-02 0.000000e+00
 0.000000e+00 0.000000e+00 0.000000e+00 9.932768e-01 6.723186e-03
 0.000000e+00 0.000000e+00 0.000000e+00 0.000000e+00 0.000000e+00
<ENDHMM>
~h "kn"
<BEGINHMM>
<NUMSTATES> 5
<STATE> 2
<NUMMIXES> 4
<MIXTURE> 1 2.432612e-01
<MEAN> 13
 4.315630e+00 2.186586e+00 -4.233762e+00 -1.460915e+00 2.250689e+00 -2.047426e-01 1.896525e+00 -2.090898e+00 3.900414e+00 3.216762e+00 3.851223e+00 2.329838e-01 5.746484e+01
<VARIANCE> 13
 1.477388e+01 1.682133e+01 1.661722e+01 1.010507e+01 1.100169e+01 2.038605e+01 1.926724e+01 2.007312e+01 1.889539e+01 1.672539e+01 1.655592e+01 1.803404e+01 3.230918e+01
<GCONST> 6.083228e+01
<MIXTURE> 2 2.707532e-01
<MEAN> 13
 2.578218e+00 2.676934e+00 -2.490963e+00 -2.374763e+00 1.912315e+00 -3.247685e-01 5.518560e-01 -2.986463e+00 7.652618e-01 4.055641e-01 1.317927e+00 -2.051538e+00 5.532939e+01
<VARIANCE> 13
 2.367486e+01 1.634642e+01 2.142419e+01 9.329275e+00 1.420907e+01 2.148915e+01 2.003659e+01 2.890808e+01 1.920809e+01 1.658076e+01 1.545932e+01 1.421837e+01 5.442820e+01
<GCONST> 6.238481e+01
<MIXTURE> 3 2.707532e-01
<MEAN> 13
 2.578219e+00 2.676934e+00 -2.490963e+00 -2.374763e+00 1.912315e+00 -3.247688e-01 5.518558e-01 -2.986464e+00 7.652615e-01 4.055641e-01 1.317927e+00 -2.051539e+00 5.532939e+01
<VARIANCE> 13
 2.367486e+01 1.634642e+01 2.142419e+01 9.329276e+00 1.420907e+01 2.148915e+01 2.003659e+01 2.890808e+01 1.920809e+01 1.658076e+01 1.545932e+01 1.421837e+01 5.442819e+01
<GCONST> 6.238481e+01
<MIXTURE> 4 2.152309e-01
<MEAN> 13
 3.449329e+00 8.969849e-01 -4.246850e+00 -3.203383e+00 8.465980e-01 -1.722732e+00 -1.630349e+00 -6.756032e+00 -2.560228e+00 -2.109010e+00 -1.147156e+00 -4.329780e+00 5.686372e+01
<VARIANCE> 13
 2.443743e+01 2.022654e+01 2.872809e+01 9.986239e+00 2.049479e+01 2.025212e+01 2.329162e+01 2.807435e+01 1.646392e+01 2.503115e+01 1.893382e+01 1.491329e+01 5.167772e+01
<GCONST> 6.387550e+01
<STATE> 3
<NUMMIXES> 4
<MIXTURE> 1 2.382684e-01
<MEAN> 13
 3.790978e+00 -6.391217e-01 -1.208694e+00 3.197474e+00 7.501672e+00 1.810503e+00 5.028485e+00 -1.670282e+00 2.035559e+00 1.177088e+00 2.939093e+00 2.205885e-01 6.294972e+01
<VARIANCE> 13
 9.061300e+00 1.270925e+01 8.878166e+00 1.206550e+01 1.456657e+01 1.862269e+01 1.930023e+01 1.434873e+01 1.616091e+01 1.648803e+01 1.526275e+01 1.425099e+01 2.166459e+01
<GCONST> 5.858273e+01
<MIXTURE> 2 2.528182e-01
<MEAN> 13
 5.667832e+00 -1.623203e+00 -2.434125e+00 2.021173e+00 5.139668e+00 -1.117788e+00 2.422680e+00 -3.738028e+00 -5.779808e-01 -9.996316e-01 1.094877e+00 -1.572241e+00 6.148782e+01
<VARIANCE> 13
 8.308165e+00 1.713968e+01 1.166883e+01 1.121256e+01 1.561489e+01 2.005997e+01 1.765240e+01 1.664057e+01 1.674145e+01 1.763320e+01 1.596918e+01 1.499615e+01 2.411338e+01
<GCONST> 5.950355e+01
<MIXTURE> 3 2.528182e-01
<MEAN> 13
 5.667832e+00 -1.623203e+00 -2.434125e+00 2.021173e+00 5.139668e+00 -1.117788e+00 2.422680e+00 -3.738028e+00 -5.779808e-01 -9.996316e-01 1.094877e+00 -1.572241e+00 6.148782e+01
<VARIANCE> 13
 8.308165e+00 1.713968e+01 1.166883e+01 1.121256e+01 1.561489e+01 2.005997e+01 1.765240e+01 1.664057e+01 1.674145e+01 1.763320e+01 1.596918e+01 1.499615e+01 2.411338e+01
<GCONST> 5.950355e+01
<MIXTURE> 4 2.560946e-01
<MEAN> 13
 5.739821e+00 -3.573794e+00 -3.617496e+00 7.534777e-01 2.611020e+00 -3.677357e+00 5.727775e-01 -7.411942e+00 -3.523555e+00 -3.902349e+00 -7.597286e-01 -3.692825e+00 6.243604e+01
<VARIANCE> 13
 8.699659e+00 2.589026e+01 1.348962e+01 1.226394e+01 1.744397e+01 2.119885e+01 1.795498e+01 2.466209e+01 1.936965e+01 1.967424e+01 1.649759e+01 1.790064e+01 3.002030e+01
<GCONST> 6.145716e+01
<STATE> 4
<NUMMIXES> 4
<MIXTURE> 1 2.438130e-01
<MEAN> 13
 6.082711e+00 2.707932e+00 -3.949014e-01 2.650636e+00 7.602276e+00 3.328261e+00 2.965043e+00 -1.498019e-01 -1.383436e+00 -7.615761e-01 8.727286e-01 -2.302321e+00 5.263699e+01
<VARIANCE> 13
 1.609646e+01 1.352673e+01 1.390601e+01 8.607415e+00 1.539506e+01 1.666933e+01 1.500721e+01 1.753665e+01 1.606190e+01 1.413318e+01 1.045182e+01 1.177039e+01 2.431512e+01
<GCONST> 5.860949e+01
<MIXTURE> 2 2.779931e-01
<MEAN> 13
 5.844702e+00 3.315625e+00 8.325385e-02 1.460867e+00 5.991998e+00 2.010320e+00 1.345212e+00 -1.267958e+00 -3.135781e+00 -2.374792e+00 -4.029648e-01 -3.458352e+00 5.201442e+01
<VARIANCE> 13
 1.700512e+01 1.795720e+01 1.698448e+01 9.712893e+00 1.569039e+01 1.629878e+01 1.550709e+01 2.011315e+01 1.772032e+01 1.411300e+01 1.123526e+01 1.238371e+01 2.763663e+01
<GCONST> 5.978286e+01
<MIXTURE> 3 2.779931e-01
<MEAN> 13
 5.844702e+00 3.315625e+00 8.325385e-02 1.460867e+00 5.991998e+00 2.010320e+00 1.345212e+00 -1.267958e+00 -3.135781e+00 -2.374792e+00 -4.029648e-01 -3.458352e+00 5.201442e+01
<VARIANCE> 13
 1.700512e+01 1.795720e+01 1.698448e+01 9.712893e+00 1.569039e+01 1.629878e+01 1.550709e+01 2.011315e+01 1.772032e+01 1.411300e+01 1.123526e+01 1.238371e+01 2.763663e+01
<GCONST> 5.978286e+01
<MIXTURE> 4 2.002010e-01
<MEAN> 13
 4.850994e+00 3.091187e+00 2.534919e-01 -2.723630e-01 3.558257e+00 6.311027e-01 -6.173962e-01 -3.601927e+00 -5.263585e+00 -3.777986e+00 -1.718646e+00 -4.654720e+00 5.136394e+01
<VARIANCE> 13
 1.460399e+01 2.195408e+01 1.820288e+01 1.266256e+01 1.772721e+01 1.439998e+01 1.531538e+01 2.781352e+01 1.860788e+01 1.752837e+01 1.449208e+01 1.542946e+01 3.029055e+01
<GCONST> 6.130771e+01
<TRANSP> 5
 0.000000e+00 1.000000e+00 0.000000e+00 0.000000e+00 0.000000e+00
 0.000000e+00 9.614781e-01 3.852188e-02 0.000000e+00 0.000000e+00
 0.000000e+00 0.000000e+00 9.786628e-01 2.133720e-02 0.000000e+00
 0.000000e+00 0.000000e+00 0.000000e+00 9.595217e-01 4.047836e-02
 0.000000e+00 0.000000e+00 0.000000e+00 0.000000e+00 0.000000e+00
<ENDHMM>
~h "kt"
<BEGINHMM>
<NUMSTATES> 5
<STATE> 2
<NUMMIXES> 4
<MIXTURE> 1 2.381312e-01
<MEAN> 13
 -1.111368e+01 7.109768e-01 -5.898270e+00 -7.650827e-02 2.602593e+00 2.561580e+00 6.560040e+00 2.538119e+00 2.891953e+00 2.853419e+00 3.227552e+00 -3.753006e-01 5.594735e+01
<VARIANCE> 13
 1.077982e+01 4.367701e+00 5.935740e+00 8.875978e+00 1.038086e+01 1.299244e+01 1.315870e+01 1.409445e+01 1.479866e+01 1.339389e+01 1.289155e+01 1.221186e+01 1.414586e+01
<GCONST> 5.483360e+01
<MIXTURE> 2 2.677228e-01
<MEAN> 13
 -1.079529e+01 1.203208e-01 -6.440313e+00 -9.420481e-01 1.624232e+00 1.553435e+00 4.863881e+00 6.970910e-01 1.101072e+00 8.591893e-01 1.677910e+00 -1.257904e+00 5.551463e+01
<VARIANCE> 13
 1.472105e+01 5.935951e+00 7.187935e+00 9.972709e+00 1.065480e+01 1.580269e+01 1.368792e+01 1.379150e+01 1.479961e+01 1.342052e+01 1.267735e+01 1.257942e+01 1.758978e+01
<GCONST> 5.623231e+01
<MIXTURE> 3 2.677228e-01
<MEAN> 13
 -1.079529e+01 1.203208e-01 -6.440313e+00 -9.420482e-01 1.624232e+00 1.553435e+00 4.863881e+00 6.970911e-01 1.101072e+00 8.591895e-01 1.677910e+00 -1.257904e+00 5.551463e+01
<VARIANCE> 13
 1.472105e+01 5.935951e+00 7.187935e+00 9.972709e+00 1.065480e+01 1.580269e+01 1.368792e+01 1.379150e+01 1.479961e+01 1.342052e+01 1.267735e+01 1.257942e+01 1.758978e+01
<GCONST> 5.623231e+01
<MIXTURE> 4 2.264217e-01
<MEAN> 13
 -1.144456e+01 -4.321126e-01 -7.236383e+00 -2.538544e+00 -1.931506e-01 -5.532103e-01 2.315350e+00 -1.383591e+00 -5.024105e-01 -1.211104e+00 -3.081060e-01 -2.375797e+00 5.599193e+01
<VARIANCE> 13
 1.918889e+01 8.470383e+00 9.103395e+00 1.187078e+01 1.290747e+01 1.984897e+01 1.657649e+01 1.583977e+01 1.758005e+01 1.355753e+01 1.337369e+01 1.356027e+01 2.278023e+01
<GCONST> 5.858253e+01
<STATE> 3
<NUMMIXES> 4
<MIXTURE> 1 2.518438e-01
<MEAN> 13
 -1.095064e+01 3.578950e+00 -2.043530e+00 1.713745e+00 1.902842e+00 -5.671356e-01 4.459578e+00 2.930108e+00 1.659587e+00 7.224924e-01 1.222702e+00 -8.765458e-01 5.093244e+01
<VARIANCE> 13
 6.090975e+00 4.954599e+00 6.957888e+00 1.035231e+01 1.096962e+01 1.160870e+01 1.266289e+01 1.492726e+01 1.522838e+01 1.624592e+01 1.329337e+01 1.165836e+01 1.233457e+01
<GCONST> 5.473206e+01
<MIXTURE> 2 2.668521e-01
<MEAN> 13
 -1.222539e+01 3.231599e+00 -2.913158e+00 9.668527e-01 8.808221e-01 -2.402570e+00 2.537933e+00 8.282064e-01 -1.713653e-01 -9.216194e-01 -4.979045e-01 -1.657070e+00 5.329564e+01
<VARIANCE> 13
 6.837391e+00 5.931345e+00 7.804496e+00 1.151105e+01 1.301144e+01 1.355638e+01 1.516863e+01 1.556908e+01 1.643156e+01 1.847517e+01 1.579145e+01 1.380990e+01 1.638142e+01
<GCONST> 5.662690e+01
<MIXTURE> 3 2.668521e-01
<MEAN> 13
 -1.222539e+01 3.231599e+00 -2.913158e+00 9.668527e-01 8.808221e-01 -2.402570e+00 2.537933e+00 8.282063e-01 -1.713653e-01 -9.216195e-01 -4.979045e-01 -1.657071e+00 5.329564e+01
<VARIANCE> 13
 6.837391e+00 5.931345e+00 7.804496e+00 1.151105e+01 1.301144e+01 1.355638e+01 1.516863e+01 1.556908e+01 1.643156e+01 1.847517e+01 1.579145e+01 1.380990e+01 1.638142e+01
<GCONST> 5.662690e+01
<MIXTURE> 4 2.144498e-01
<MEAN> 13
 -1.369903e+01 2.941804e+00 -4.259514e+00 -3.755308e-01 -9.798356e-01 -4.916788e+00 2.986149e-01 -6.693606e-01 -1.476242e+00 -1.764334e+00 -2.476735e+00 -2.363822e+00 5.581588e+01
<VARIANCE> 13
 7.952253e+00 7.506758e+00 8.807558e+00 1.314029e+01 1.660948e+01 1.844452e+01 1.866913e+01 1.728042e+01 1.962277e+01 2.324779e+01 1.987574e+01 1.595082e+01 2.122284e+01
<GCONST> 5.917113e+01
<STATE> 4
<NUMMIXES> 4
<MIXTURE> 1 2.322824e-01
<MEAN> 13
 -9.094229e+00 3.657408e+00 -1.511573e+00 1.078156e+00 2.254582e+00 1.852772e+00 4.988268e+00 4.220935e+00 2.408536e+00 1.405957e+00 2.076779e+00 -1.312297e+00 4.773475e+01
<VARIANCE> 13
 7.231661e+00 6.552938e+00 1.035034e+01 1.009616e+01 1.294262e+01 1.281439e+01 1.463887e+01 1.380399e+01 1.464881e+01 1.500312e+01 1.293283e+01 1.192676e+01 7.028138e+00
<GCONST> 5.520078e+01
<MIXTURE> 2 2.695034e-01
<MEAN> 13
 -9.582577e+00 3.208216e+00 -2.452608e+00 1.222302e-02 6.019895e-01 3.061995e-02 3.138215e+00 2.234418e+00 7.136842e-01 -2.828484e-03 6.579393e-01 -2.072509e+00 4.854518e+01
<VARIANCE> 13
 8.472869e+00 7.967184e+00 1.008000e+01 1.040412e+01 1.480415e+01 1.292552e+01 1.456879e+01 1.458828e+01 1.524529e+01 1.577736e+01 1.378797e+01 1.267888e+01 1.009642e+01
<GCONST> 5.632933e+01
<MIXTURE> 3 2.695034e-01
<MEAN> 13
 -9.582577e+00 3.208216e+00 -2.452608e+00 1.222310e-02 6.019895e-01 3.061999e-02 3.138215e+00 2.234418e+00 7.136841e-01 -2.828538e-03 6.579390e-01 -2.072509e+00 4.854518e+01
<VARIANCE> 13
 8.472870e+00 7.967184e+00 1.008000e+01 1.040413e+01 1.480415e+01 1.292552e+01 1.456879e+01 1.458828e+01 1.524529e+01 1.577736e+01 1.378797e+01 1.267888e+01 1.009642e+01
<GCONST> 5.632933e+01
<MIXTURE> 4 2.287098e-01
<MEAN> 13
 -1.077063e+01 2.444513e+00 -3.547066e+00 -1.102758e+00 -1.501751e+00 -2.403614e+00 1.044683e+00 -1.923393e-02 -1.216103e+00 -1.465796e+00 -1.030037e+00 -2.929144e+00 5.061057e+01
<VARIANCE> 13
 1.291866e+01 1.275613e+01 1.251998e+01 1.298063e+01 1.793708e+01 1.715348e+01 1.729254e+01 1.803868e+01 1.820328e+01 1.919521e+01 1.543580e+01 1.380343e+01 1.759149e+01
<GCONST> 5.964502e+01
<TRANSP> 5
 0.000000e+00 1.000000e+00 0.000000e+00 0.000000e+00 0.000000e+00
 0.000000e+00 9.916459e-01 8.354092e-03 0.000000e+00 0.000000e+00
 0.000000e+00 0.000000e+00 9.840208e-01 1.597922e-02 0.000000e+00
 0.000000e+00 0.000000e+00 0.000000e+00 9.932227e-01 6.777333e-03
 0.000000e+00 0.000000e+00 0.000000e+00 0.000000e+00 0.000000e+00
<ENDHMM>
~h "pr"
<BEGINHMM>
<NUMSTATES> 5
<STATE> 2
<NUMMIXES> 4
<MIXTURE> 1 1.608517e-01
<MEAN> 13
 -1.666490e+01 -9.258270e+00 1.486828e+00 -4.199717e+00 3.537733e+00 2.916819e-01 7.138651e+00 3.298759e+00 -3.448912e-01 -1.609837e+00 2.502070e+00 1.594691e+00 5.998599e+01
<VARIANCE> 13
 3.377744e+01 3.153300e+01 3.495773e+01 4.491039e+01 8.736553e+01 7.197755e+01 6.389131e+01 6.283915e+01 7.322900e+01 4.041533e+01 6.205614e+01 6.898803e+01 1.165136e+01
<GCONST> 7.407645e+01
<MIXTURE> 2 3.375108e-01
<MEAN> 13
 -1.583502e+01 -9.434752e+00 7.710021e-01 -5.221694e+00 2.084618e+00 -3.278480e-01 6.787823e+00 2.806777e+00 3.025711e-01 -2.023000e+00 1.091334e+00 1.749433e-01 5.992602e+01
<VARIANCE> 13
 3.129508e+01 3.283249e+01 4.094265e+01 3.795650e+01 9.431886e+01 6.632839e+01 6.870928e+01 6.465375e+01 5.494310e+01 3.984679e+01 4.635446e+01 6.423298e+01 1.183171e+01
<GCONST> 7.347708e+01
<MIXTURE> 3 3.375107e-01
<MEAN> 13
 -1.583502e+01 -9.434752e+00 7.710004e-01 -5.221693e+00 2.084617e+00 -3.278484e-01 6.787825e+00 2.806777e+00 3.025711e-01 -2.022999e+00 1.091334e+00 1.749420e-01 5.992602e+01
<VARIANCE> 13
 3.129508e+01 3.283249e+01 4.094265e+01 3.795647e+01 9.431889e+01 6.632838e+01 6.870933e+01 6.465373e+01 5.494305e+01 3.984678e+01 4.635445e+01 6.423296e+01 1.183171e+01
<GCONST> 7.347708e+01
<MIXTURE> 4 1.641238e-01
<MEAN> 13
 -1.480714e+01 -9.570004e+00 -6.578874e-02 -6.218671e+00 9.045098e-01 -2.450690e-01 5.913845e+00 1.659555e+00 2.781089e-02 -2.669542e+00 2.474681e-01 -8.621367e-01 5.959583e+01
<VARIANCE> 13
 2.935389e+01 3.385376e+01 4.589435e+01 3.457858e+01 8.647328e+01 6.053082e+01 7.102541e+01 6.697390e+01 4.802694e+01 4.062761e+01 4.081017e+01 5.955827e+01 1.312926e+01
<GCONST> 7.314072e+01
<STATE> 3
<NUMMIXES> 4
<MIXTURE> 1 2.197880e-01
<MEAN> 13
 -2.199956e+01 5.079257e+00 1.796205e+01 -1.483550e+01 2.889810e+00 1.500241e+01 -3.672562e+00 -4.938996e+00 1.422790e+01 -6.735360e+00 -5.846269e+00 9.337816e+00 5.383091e+01
<VARIANCE> 13
 7.900745e+00 8.217560e+00 8.332474e+00 1.518378e+01 1.917815e+01 1.561837e+01 1.351866e+01 1.731334e+01 1.658081e+01 2.187331e+01 2.287663e+01 1.392909e+01 4.444401e+00
<GCONST> 5.721305e+01
<MIXTURE> 2 2.880450e-01
<MEAN> 13
 -2.141323e+01 5.018694e+00 1.745679e+01 -1.485313e+01 1.542700e+00 1.326493e+01 -5.644026e+00 -6.627387e+00 1.261056e+01 -7.962688e+00 -6.992167e+00 8.091560e+00 5.429522e+01
<VARIANCE> 13
 8.570090e+00 1.203939e+01 1.038103e+01 2.039577e+01 1.753396e+01 1.895829e+01 1.566144e+01 2.000429e+01 1.955533e+01 2.463348e+01 2.449191e+01 1.485414e+01 5.268441e+00
<GCONST> 5.917342e+01
<MIXTURE> 3 2.880450e-01
<MEAN> 13
 -2.141323e+01 5.018694e+00 1.745679e+01 -1.485313e+01 1.542700e+00 1.326493e+01 -5.644026e+00 -6.627387e+00 1.261056e+01 -7.962688e+00 -6.992167e+00 8.091560e+00 5.429522e+01
<VARIANCE> 13
 8.570090e+00 1.203939e+01 1.038103e+01 2.039577e+01 1.753396e+01 1.895829e+01 1.566144e+01 2.000429e+01 1.955533e+01 2.463348e+01 2.449191e+01 1.485414e+01 5.268441e+00
<GCONST> 5.917342e+01
<MIXTURE> 4 2.041238e-01
<MEAN> 13
 -2.004416e+01 3.753049e+00 1.569883e+01 -1.350917e+01 1.987013e-01 9.446492e+00 -7.423199e+00 -8.123445e+00 9.290058e+00 -9.110076e+00 -7.837827e+00 6.061444e+00 5.535214e+01
<VARIANCE> 13
 1.391300e+01 2.990626e+01 2.863868e+01 3.690936e+01 2.044809e+01 3.546440e+01 2.397425e+01 3.393761e+01 2.836054e+01 3.042981e+01 3.068791e+01 2.118361e+01 8.218468e+00
<GCONST> 6.551835e+01
<STATE> 4
<NUMMIXES> 4
<MIXTURE> 1 1.757727e-01
<MEAN> 13
 -1.208190e+01 -7.428032e-01 8.173960e+00 -8.280952e+00 8.257149e+00 -9.061085e-01 -3.992318e-01 7.833418e+00 2.451559e+00 -3.142644e-01 -7.245776e+00 8.051765e+00 4.878760e+01
<VARIANCE> 13
 2.449093e+01 2.160144e+01 5.498058e+01 7.070242e+01 3.974574e+01 1.616372e+02 3.067329e+01 7.877652e+01 4.220678e+01 3.545092e+01 6.251910e+01 6.843462e+01 1.597790e+01
<GCONST> 7.343008e+01
<MIXTURE> 2 3.299385e-01
<MEAN> 13
 -1.214049e+01 -1.140044e+00 8.263916e+00 -9.127272e+00 5.227818e+00 3.738885e+00 -8.477677e-01 3.492141e+00 2.913105e+00 -1.171019e+00 -4.249905e+00 4.677702e+00 4.913453e+01
<VARIANCE> 13
 3.387915e+01 3.635008e+01 6.615669e+01 7.401199e+01 3.895145e+01 1.135583e+02 3.442646e+01 5.753060e+01 5.616185e+01 4.560549e+01 7.889905e+01 6.151815e+01 2.208696e+01
<GCONST> 7.492117e+01
<MIXTURE> 3 3.299384e-01
<MEAN> 13
 -1.214049e+01 -1.140044e+00 8.263916e+00 -9.127273e+00 5.227818e+00 3.738885e+00 -8.477671e-01 3.492141e+00 2.913104e+00 -1.171019e+00 -4.249903e+00 4.677702e+00 4.913453e+01
<VARIANCE> 13
 3.387915e+01 3.635009e+01 6.615670e+01 7.401201e+01 3.895142e+01 1.135582e+02 3.442646e+01 5.753061e+01 5.616182e+01 4.560549e+01 7.889905e+01 6.151815e+01 2.208697e+01
<GCONST> 7.492117e+01
<MIXTURE> 4 1.643514e-01
<MEAN> 13
 -1.313638e+01 -2.305756e+00 7.939118e+00 -8.611128e+00 2.512632e+00 4.879045e+00 -9.057121e-01 7.358537e-01 3.112558e+00 -3.193101e+00 -1.294047e+00 2.387781e+00 5.047651e+01
<VARIANCE> 13
 4.234686e+01 5.305326e+01 7.211418e+01 9.224567e+01 4.451806e+01 9.466319e+01 4.128595e+01 4.544859e+01 7.374199e+01 7.404538e+01 1.047705e+02 5.930998e+01 2.852027e+01
<GCONST> 7.698605e+01
<TRANSP> 5
 0.000000e+00 1.000000e+00 0.000000e+00 0.000000e+00 0.000000e+00
 0.000000e+00 9.942569e-01 5.743059e-03 0.000000e+00 0.000000e+00
 0.000000e+00 0.000000e+00 9.793594e-01 2.064060e-02 0.000000e+00
 0.000000e+00 0.000000e+00 0.000000e+00 9.932176e-01 6.782389e-03
 0.000000e+00 0.000000e+00 0.000000e+00 0.000000e+00 0.000000e+00
<ENDHMM>
~h "pw"
<BEGINHMM>
<NUMSTATES> 5
<STATE> 2
<NUMMIXES> 4
<MIXTURE> 1 2.602808e-01
<MEAN> 13
 -1.175169e+01 -3.276694e-01 7.322186e-01 7.902580e-01 2.691334e+00 7.262205e-01 4.771651e+00 2.558578e+00 1.142863e+00 2.537922e+00 1.649522e+00 -3.146354e-02 5.026728e+01
<VARIANCE> 13
 1.441287e+01 1.559142e+01 8.591255e+00 1.086041e+01 1.196818e+01 1.277015e+01 1.320152e+01 1.484755e+01 1.483538e+01 1.452610e+01 1.324813e+01 1.205621e+01 1.470587e+01
<GCONST> 5.728529e+01
<MIXTURE> 2 2.499076e-01
<MEAN> 13
 -1.295514e+01 -2.063465e+00 -3.129573e-01 -1.093907e-01 1.362763e+00 -1.371276e+00 2.708061e+00 6.765538e-02 -7.462931e-01 8.473717e-01 1.897927e-01 -7.175007e-01 5.290401e+01
<VARIANCE> 13
 1.622210e+01 2.183038e+01 1.062364e+01 1.181010e+01 1.377776e+01 1.449836e+01 1.458409e+01 1.599927e+01 1.519312e+01 1.412339e+01 1.362291e+01 1.288639e+01 2.180895e+01
<GCONST> 5.896260e+01
<MIXTURE> 3 2.499076e-01
<MEAN> 13
 -1.295514e+01 -2.063466e+00 -3.129572e-01 -1.093908e-01 1.362763e+00 -1.371276e+00 2.708061e+00 6.765549e-02 -7.462931e-01 8.473719e-01 1.897927e-01 -7.175009e-01 5.290401e+01
<VARIANCE> 13
 1.622209e+01 2.183040e+01 1.062365e+01 1.181010e+01 1.377776e+01 1.449836e+01 1.458409e+01 1.599926e+01 1.519312e+01 1.412340e+01 1.362292e+01 1.288639e+01 2.180895e+01
<GCONST> 5.896260e+01
<MIXTURE> 4 2.399046e-01
<MEAN> 13
 -1.334110e+01 -5.524791e+00 -2.271912e+00 -1.785416e+00 -7.693079e-01 -4.697381e+00 -1.233660e-01 -3.434608e+00 -2.925193e+00 -9.684926e-01 -1.139303e+00 -1.276476e+00 5.872433e+01
<VARIANCE> 13
 2.119203e+01 2.794161e+01 1.283346e+01 1.229008e+01 1.569395e+01 1.994910e+01 1.738837e+01 2.052655e+01 1.641570e+01 1.527726e+01 1.522494e+01 1.464315e+01 4.701567e+01
<GCONST> 6.174297e+01
<STATE> 3
<NUMMIXES> 4
<MIXTURE> 1 2.291895e-01
<MEAN> 13
 -1.148055e+01 -4.026963e+00 -1.149238e+00 3.073464e-01 2.617370e+00 -1.669825e+00 1.865644e+00 -1.752273e+00 -1.923609e+00 8.678861e-01 1.071921e+00 -6.312882e-02 5.531369e+01
<VARIANCE> 13
 2.621986e+01 2.042588e+01 1.024781e+01 9.528426e+00 1.313785e+01 1.615849e+01 1.752472e+01 1.959892e+01 1.609580e+01 1.422716e+01 1.262468e+01 1.251291e+01 3.965745e+01
<GCONST> 6.013049e+01
<MIXTURE> 2 2.494716e-01
<MEAN> 13
 -1.158767e+01 -7.202553e+00 -2.752548e+00 -1.158529e+00 2.718076e-01 -5.229606e+00 -1.180936e+00 -5.386995e+00 -3.632185e+00 -8.941150e-01 1.012168e-01 -4.027698e-01 6.220768e+01
<VARIANCE> 13
 2.725163e+01 1.913777e+01 1.178569e+01 1.034909e+01 1.448128e+01 1.650939e+01 1.576774e+01 1.843773e+01 1.719571e+01 1.554269e+01 1.404538e+01 1.351013e+01 4.966337e+01
<GCONST> 6.084136e+01
<MIXTURE> 3 2.494716e-01
<MEAN> 13
 -1.158767e+01 -7.202553e+00 -2.752548e+00 -1.158529e+00 2.718076e-01 -5.229606e+00 -1.180936e+00 -5.386995e+00 -3.632185e+00 -8.941150e-01 1.012168e-01 -4.027698e-01 6.220768e+01
<VARIANCE> 13
 2.725163e+01 1.913777e+01 1.178569e+01 1.034909e+01 1.448128e+01 1.650939e+01 1.576774e+01 1.843773e+01 1.719571e+01 1.554269e+01 1.404538e+01 1.351013e+01 4.966337e+01
<GCONST> 6.084136e+01
<MIXTURE> 4 2.718650e-01
<MEAN> 13
 -1.133154e+01 -9.110880e+00 -4.395162e+00 -3.397297e+00 -2.266368e+00 -8.063907e+00 -3.472085e+00 -7.871276e+00 -5.076852e+00 -2.607293e+00 -1.112933e+00 -1.271976e+00 6.831966e+01
<VARIANCE> 13
 2.236860e+01 1.681299e+01 1.323571e+01 1.254486e+01 1.720798e+01 1.745376e+01 1.603875e+01 1.807559e+01 1.773055e+01 1.624849e+01 1.527783e+01 1.412133e+01 5.146805e+01
<GCONST> 6.128728e+01
<STATE> 4
<NUMMIXES> 4
<MIXTURE> 1 2.354834e-01
<MEAN> 13
 -1.070119e+01 -1.426944e+00 -2.131585e+00 -8.379745e-01 2.372802e+00 2.283778e+00 5.769830e+00 2.104507e+00 1.130340e+00 2.509248e+00 1.537238e+00 -4.968268e-01 5.237594e+01
<VARIANCE> 13
 1.343803e+01 1.248352e+01 1.140337e+01 9.809938e+00 1.014325e+01 1.369606e+01 1.332722e+01 1.356280e+01 1.339084e+01 1.300641e+01 1.212577e+01 1.188173e+01 1.274985e+01
<GCONST> 5.653913e+01
<MIXTURE> 2 2.612876e-01
<MEAN> 13
 -1.174360e+01 -2.594514e+00 -2.355066e+00 -1.348030e+00 9.400102e-01 4.483651e-02 3.567073e+00 -1.209600e-01 -7.471575e-01 7.936215e-01 3.219758e-01 -1.075642e+00 5.435012e+01
<VARIANCE> 13
 1.527925e+01 1.633549e+01 1.147746e+01 1.035429e+01 1.186578e+01 1.551732e+01 1.400222e+01 1.482252e+01 1.441936e+01 1.350584e+01 1.293787e+01 1.259338e+01 1.804124e+01
<GCONST> 5.799869e+01
<MIXTURE> 3 2.612877e-01
<MEAN> 13
 -1.174360e+01 -2.594514e+00 -2.355066e+00 -1.348030e+00 9.400102e-01 4.483647e-02 3.567073e+00 -1.209598e-01 -7.471574e-01 7.936217e-01 3.219759e-01 -1.075642e+00 5.435012e+01
<VARIANCE> 13
 1.527925e+01 1.633548e+01 1.147746e+01 1.035429e+01 1.186578e+01 1.551733e+01 1.400222e+01 1.482251e+01 1.441936e+01 1.350584e+01 1.293787e+01 1.259338e+01 1.804124e+01
<GCONST> 5.799870e+01
<MIXTURE> 4 2.419363e-01
<MEAN> 13
 -1.310943e+01 -5.072761e+00 -2.713236e+00 -2.352792e+00 -1.355156e+00 -3.644082e+00 3.552861e-01 -3.386637e+00 -3.037917e+00 -1.522584e+00 -1.069685e+00 -1.535859e+00 5.936917e+01
<VARIANCE> 13
 1.795808e+01 1.927990e+01 1.218178e+01 1.268393e+01 1.638844e+01 1.943089e+01 1.770354e+01 1.962281e+01 1.766709e+01 1.608033e+01 1.498762e+01 1.458221e+01 4.111979e+01
<GCONST> 6.114650e+01
<TRANSP> 5
 0.000000e+00 1.000000e+00 0.000000e+00 0.000000e+00 0.000000e+00
 0.000000e+00 9.964684e-01 3.531656e-03 0.000000e+00 0.000000e+00
 0.000000e+00 0.000000e+00 9.868668e-01 1.313324e-02 0.000000e+00
 0.000000e+00 0.000000e+00 0.000000e+00 9.959802e-01 4.019824e-03
 0.000000e+00 0.000000e+00 0.000000e+00 0.000000e+00 0.000000e+00
<ENDHMM>
~h "si"
<BEGINHMM>
<NUMSTATES> 5
<STATE> 2
<NUMMIXES> 4
<MIXTURE> 1 2.400336e-01
<MEAN> 13
 -8.289110e+00 1.691626e+00 1.429438e+00 1.189174e-01 2.542766e+00 2.770710e+00 5.008456e+00 3.090968e+00 1.753195e+00 2.031911e+00 2.083599e+00 -1.050843e+00 4.816928e+01
<VARIANCE> 13
 1.701169e+01 9.183249e+00 1.199920e+01 1.246914e+01 1.647457e+01 1.441245e+01 1.480064e+01 1.696761e+01 1.601454e+01 1.537726e+01 1.440955e+01 1.350269e+01 1.961221e+01
<GCONST> 5.870100e+01
<MIXTURE> 2 2.712061e-01
<MEAN> 13
 -8.751195e+00 4.652522e-01 4.961046e-02 -1.586458e+00 3.653217e-01 6.528117e-01 2.884200e+00 1.042057e+00 1.145257e-01 7.458022e-01 7.584049e-01 -1.886778e+00 4.945727e+01
<VARIANCE> 13
 1.995806e+01 1.183819e+01 1.182669e+01 1.213976e+01 1.725351e+01 1.563210e+01 1.633620e+01 1.851914e+01 1.765604e+01 1.668086e+01 1.564313e+01 1.486036e+01 2.237094e+01
<GCONST> 5.987557e+01
<MIXTURE> 3 2.712061e-01
<MEAN> 13
 -8.751194e+00 4.652523e-01 4.961049e-02 -1.586458e+00 3.653217e-01 6.528118e-01 2.884200e+00 1.042056e+00 1.145256e-01 7.458021e-01 7.584048e-01 -1.886778e+00 4.945727e+01
<VARIANCE> 13
 1.995807e+01 1.183819e+01 1.182669e+01 1.213976e+01 1.725352e+01 1.563210e+01 1.633620e+01 1.851915e+01 1.765604e+01 1.668086e+01 1.564313e+01 1.486037e+01 2.237094e+01
<GCONST> 5.987557e+01
<MIXTURE> 4 2.175244e-01
<MEAN> 13
 -8.962418e+00 -2.397527e+00 -9.285694e-01 -3.303921e+00 -1.785327e+00 -2.099810e+00 -8.314634e-02 -2.094699e+00 -2.035066e+00 -1.098679e+00 -6.973143e-01 -2.418714e+00 5.419875e+01
<VARIANCE> 13
 3.277953e+01 3.194121e+01 2.388911e+01 2.032895e+01 2.908709e+01 2.381527e+01 2.452842e+01 2.798110e+01 2.485114e+01 2.266370e+01 2.143310e+01 2.253050e+01 4.760605e+01
<GCONST> 6.648000e+01
<STATE> 3
<NUMMIXES> 4
<MIXTURE> 1 2.462239e-01
<MEAN> 13
 -3.807390e+00 -3.425929e+00 -3.013857e+00 -1.832226e+00 3.474133e+00 5.797826e+00 6.559475e+00 2.595166e+00 9.755703e-01 2.811332e+00 2.677717e+00 -1.612196e+00 5.032309e+01
<VARIANCE> 13
 7.085314e+00 6.221550e+00 6.320343e+00 6.704863e+00 9.078719e+00 1.095950e+01 1.113365e+01 1.231281e+01 1.251347e+01 1.245380e+01 1.201894e+01 1.115785e+01 3.301420e+00
<GCONST> 5.208762e+01
<MIXTURE> 2 2.580706e-01
<MEAN> 13
 -3.773886e+00 -4.016468e+00 -3.859087e+00 -3.226513e+00 1.615881e+00 3.993951e+00 4.620330e+00 7.993009e-01 -6.941175e-01 1.276299e+00 1.319646e+00 -2.478562e+00 5.036589e+01
<VARIANCE> 13
 6.144554e+00 6.357461e+00 6.188854e+00 6.902864e+00 1.033480e+01 1.159556e+01 1.175742e+01 1.322575e+01 1.299344e+01 1.319151e+01 1.269015e+01 1.178720e+01 3.101459e+00
<GCONST> 5.242881e+01
<MIXTURE> 3 2.580706e-01
<MEAN> 13
 -3.773886e+00 -4.016468e+00 -3.859087e+00 -3.226513e+00 1.615881e+00 3.993951e+00 4.620330e+00 7.993009e-01 -6.941175e-01 1.276299e+00 1.319646e+00 -2.478562e+00 5.036589e+01
<VARIANCE> 13
 6.144554e+00 6.357461e+00 6.188854e+00 6.902864e+00 1.033480e+01 1.159556e+01 1.175742e+01 1.322575e+01 1.299344e+01 1.319151e+01 1.269015e+01 1.178720e+01 3.101459e+00
<GCONST> 5.242881e+01
<MIXTURE> 4 2.376308e-01
<MEAN> 13
 -3.884443e+00 -4.626899e+00 -4.456264e+00 -4.872374e+00 -1.019415e+00 1.392118e+00 1.774755e+00 -1.542539e+00 -2.322234e+00 -3.959524e-01 -1.663771e-01 -3.539904e+00 5.108297e+01
<VARIANCE> 13
 8.177322e+00 9.764229e+00 9.156919e+00 9.452360e+00 1.485331e+01 1.720358e+01 1.593675e+01 1.715810e+01 1.645520e+01 1.605153e+01 1.616067e+01 1.513350e+01 6.297405e+00
<GCONST> 5.680378e+01
<STATE> 4
<NUMMIXES> 4
<MIXTURE> 1 2.311061e-01
<MEAN> 13
 -5.856727e+00 2.546286e+00 1.882369e+00 -8.363925e-01 3.522289e+00 3.650349e+00 4.132543e+00 5.254674e+00 1.218736e+00 1.961095e+00 2.254980e+00 -1.630543e+00 4.379521e+01
<VARIANCE> 13
 6.483520e+00 4.624037e+00 7.939354e+00 9.110386e+00 1.380392e+01 1.163481e+01 1.267966e+01 1.456738e+01 1.397794e+01 1.497169e+01 1.248055e+01 1.153586e+01 4.879594e+00
<GCONST> 5.377026e+01
<MIXTURE> 2 2.714474e-01
<MEAN> 13
 -5.957879e+00 2.075090e+00 1.177105e+00 -1.970966e+00 2.160342e+00 1.917231e+00 2.287203e+00 3.537753e+00 -4.544483e-01 3.713923e-01 8.449664e-01 -2.545772e+00 4.402798e+01
<VARIANCE> 13
 6.960699e+00 5.474446e+00 8.142757e+00 9.346630e+00 1.406589e+01 1.241813e+01 1.314614e+01 1.519139e+01 1.423664e+01 1.487686e+01 1.307653e+01 1.233801e+01 5.176144e+00
<GCONST> 5.440788e+01
<MIXTURE> 3 2.714474e-01
<MEAN> 13
 -5.957879e+00 2.075090e+00 1.177105e+00 -1.970966e+00 2.160342e+00 1.917231e+00 2.287203e+00 3.537753e+00 -4.544483e-01 3.713923e-01 8.449664e-01 -2.545772e+00 4.402798e+01
<VARIANCE> 13
 6.960699e+00 5.474446e+00 8.142757e+00 9.346630e+00 1.406589e+01 1.241813e+01 1.314614e+01 1.519139e+01 1.423664e+01 1.487686e+01 1.307653e+01 1.233801e+01 5.176144e+00
<GCONST> 5.440788e+01
<MIXTURE> 4 2.259939e-01
<MEAN> 13
 -6.658922e+00 8.186763e-01 1.558452e-01 -3.228804e+00 5.822086e-02 -7.186134e-01 1.549151e-01 9.422588e-01 -1.973646e+00 -9.704252e-01 -5.807118e-01 -3.231288e+00 4.576891e+01
<VARIANCE> 13
 1.387420e+01 1.227822e+01 1.175487e+01 1.258897e+01 1.673256e+01 1.673707e+01 1.695176e+01 1.960911e+01 1.695178e+01 1.753004e+01 1.604255e+01 1.534820e+01 1.705061e+01
<GCONST> 5.950542e+01
<TRANSP> 5
 0.000000e+00 1.000000e+00 0.000000e+00 0.000000e+00 0.000000e+00
 0.000000e+00 9.904392e-01 9.560741e-03 0.000000e+00 0.000000e+00
 0.000000e+00 0.000000e+00 9.787535e-01 2.124654e-02 0.000000e+00
 0.000000e+00 0.000000e+00 0.000000e+00 9.919751e-01 8.024824e-03
 0.000000e+00 0.000000e+00 0.000000e+00 0.000000e+00 0.000000e+00
<ENDHMM>
~h "st"
<BEGINHMM>
<NUMSTATES> 5
<STATE> 2
<NUMMIXES> 4
<MIXTURE> 1 2.451944e-01
<MEAN> 13
 -8.565328e+00 -1.341367e+00 -9.617907e-01 -2.947907e+00 7.862535e-01 1.076610e+00 4.385719e+00 1.122110e+00 2.009046e-01 7.608609e-01 2.280427e+00 -1.518686e+00 5.426490e+01
<VARIANCE> 13
 1.741550e+01 1.368731e+01 1.293980e+01 1.553665e+01 1.380414e+01 1.588860e+01 1.388880e+01 1.474683e+01 1.565088e+01 1.511176e+01 1.408267e+01 1.208896e+01 2.018909e+01
<GCONST> 5.899081e+01
<MIXTURE> 2 2.626998e-01
<MEAN> 13
 -8.780525e+00 -2.443147e+00 -4.294318e-01 -4.857923e+00 -1.221389e+00 -1.546875e+00 2.138558e+00 -8.349713e-01 -1.469836e+00 -1.142673e+00 9.205355e-01 -2.242871e+00 5.740111e+01
<VARIANCE> 13
 1.705649e+01 2.099080e+01 1.373582e+01 2.118090e+01 1.764894e+01 1.969722e+01 1.764193e+01 1.721553e+01 1.814861e+01 1.728083e+01 1.469203e+01 1.400057e+01 3.275054e+01
<GCONST> 6.157688e+01
<MIXTURE> 3 2.626998e-01
<MEAN> 13
 -8.780525e+00 -2.443147e+00 -4.294318e-01 -4.857923e+00 -1.221389e+00 -1.546875e+00 2.138558e+00 -8.349713e-01 -1.469836e+00 -1.142673e+00 9.205355e-01 -2.242871e+00 5.740111e+01
<VARIANCE> 13
 1.705649e+01 2.099080e+01 1.373582e+01 2.118090e+01 1.764894e+01 1.969722e+01 1.764193e+01 1.721553e+01 1.814861e+01 1.728083e+01 1.469203e+01 1.400057e+01 3.275054e+01
<GCONST> 6.157688e+01
<MIXTURE> 4 2.294080e-01
<MEAN> 13
 -9.249439e+00 -4.924192e+00 -1.683652e-01 -7.850988e+00 -3.780949e+00 -5.319051e+00 -7.236817e-01 -2.664997e+00 -2.870402e+00 -2.991603e+00 -5.609654e-01 -3.227117e+00 6.300369e+01
<VARIANCE> 13
 1.665112e+01 2.664964e+01 1.737397e+01 2.433684e+01 2.219732e+01 2.464594e+01 2.178334e+01 2.183564e+01 2.146433e+01 2.101399e+01 1.838744e+01 1.727427e+01 4.629870e+01
<GCONST> 6.421147e+01
<STATE> 3
<NUMMIXES> 4
<MIXTURE> 1 2.712472e-01
<MEAN> 13
 -5.049867e+00 -2.387451e+00 -3.444907e+00 -2.938946e+00 1.684477e+00 3.210810e+00 5.264080e+00 1.731670e+00 7.312314e-01 2.293974e+00 2.376806e+00 -1.801576e+00 5.221654e+01
<VARIANCE> 13
 3.917574e+00 6.133663e+00 7.477072e+00 8.820735e+00 1.172814e+01 1.308883e+01 1.185402e+01 1.425492e+01 1.292521e+01 1.250618e+01 1.233072e+01 1.201219e+01 4.654989e+00
<GCONST> 5.304549e+01
<MIXTURE> 2 2.439278e-01
<MEAN> 13
 -5.233451e+00 -3.455664e+00 -3.426784e+00 -4.618150e+00 -5.217353e-01 6.544470e-01 2.804551e+00 2.823685e-01 -6.404650e-01 7.897921e-01 1.035937e+00 -2.826537e+00 5.348194e+01
<VARIANCE> 13
 5.867416e+00 8.821954e+00 1.050191e+01 1.274727e+01 1.536794e+01 1.569798e+01 1.457491e+01 1.696966e+01 1.583887e+01 1.476196e+01 1.440785e+01 1.341312e+01 9.542670e+00
<GCONST> 5.670678e+01
<MIXTURE> 3 2.439278e-01
<MEAN> 13
 -5.233451e+00 -3.455664e+00 -3.426784e+00 -4.618150e+00 -5.217355e-01 6.544471e-01 2.804551e+00 2.823682e-01 -6.404650e-01 7.897922e-01 1.035937e+00 -2.826537e+00 5.348194e+01
<VARIANCE> 13
 5.867416e+00 8.821954e+00 1.050192e+01 1.274727e+01 1.536794e+01 1.569798e+01 1.457491e+01 1.696966e+01 1.583887e+01 1.476196e+01 1.440785e+01 1.341312e+01 9.542670e+00
<GCONST> 5.670679e+01
<MIXTURE> 4 2.408902e-01
<MEAN> 13
 -6.772462e+00 -5.669979e+00 -2.082272e+00 -7.868240e+00 -3.357764e+00 -3.606522e+00 -4.153852e-01 -1.178364e+00 -2.008230e+00 -1.535589e+00 -2.308414e-01 -3.265985e+00 5.871371e+01
<VARIANCE> 13
 1.300478e+01 1.308083e+01 1.728404e+01 1.828196e+01 1.907897e+01 2.162822e+01 1.885376e+01 2.115858e+01 2.049068e+01 1.844531e+01 1.671371e+01 1.542846e+01 3.619379e+01
<GCONST> 6.187201e+01
<STATE> 4
<NUMMIXES> 4
<MIXTURE> 1 2.512343e-01
<MEAN> 13
 -1.016626e+01 1.755204e+00 1.343348e+00 -6.008085e-01 2.455500e+00 1.656036e+00 4.156857e+00 2.429729e+00 1.853098e+00 1.457241e+00 2.156485e+00 -1.256026e+00 4.947200e+01
<VARIANCE> 13
 1.158359e+01 6.045719e+00 8.179871e+00 1.081992e+01 1.074579e+01 1.195542e+01 1.275966e+01 1.527237e+01 1.473945e+01 1.395033e+01 1.239463e+01 1.182908e+01 1.744452e+01
<GCONST> 5.592532e+01
<MIXTURE> 2 2.539085e-01
<MEAN> 13
 -1.047766e+01 9.698734e-01 8.711212e-01 -2.197521e+00 5.263889e-01 -5.394623e-01 2.171239e+00 3.583469e-01 1.465579e-01 -2.741376e-01 6.603333e-01 -2.312208e+00 5.158659e+01
<VARIANCE> 13
 1.398676e+01 8.202281e+00 1.052639e+01 1.401826e+01 1.327912e+01 1.482641e+01 1.458315e+01 1.680346e+01 1.586091e+01 1.461206e+01 1.354887e+01 1.269831e+01 2.696160e+01
<GCONST> 5.830112e+01
<MIXTURE> 3 2.539085e-01
<MEAN> 13
 -1.047766e+01 9.698733e-01 8.711212e-01 -2.197521e+00 5.263890e-01 -5.394621e-01 2.171239e+00 3.583469e-01 1.465579e-01 -2.741376e-01 6.603332e-01 -2.312208e+00 5.158659e+01
<VARIANCE> 13
 1.398677e+01 8.202281e+00 1.052639e+01 1.401826e+01 1.327912e+01 1.482641e+01 1.458316e+01 1.680346e+01 1.586092e+01 1.461206e+01 1.354888e+01 1.269831e+01 2.696160e+01
<GCONST> 5.830112e+01
<MIXTURE> 4 2.409484e-01
<MEAN> 13
 -1.059946e+01 -5.169910e-01 3.685348e-01 -5.515387e+00 -2.520864e+00 -3.945611e+00 -5.968904e-01 -1.889300e+00 -1.293779e+00 -1.719274e+00 -6.154844e-01 -3.208146e+00 5.697778e+01
<VARIANCE> 13
 1.843844e+01 1.292317e+01 1.523113e+01 2.088440e+01 1.735355e+01 2.102311e+01 1.944658e+01 2.179515e+01 2.021585e+01 1.816530e+01 1.574503e+01 1.455373e+01 5.344513e+01
<GCONST> 6.239599e+01
<TRANSP> 5
 0.000000e+00 1.000000e+00 0.000000e+00 0.000000e+00 0.000000e+00
 0.000000e+00 9.848496e-01 1.515039e-02 0.000000e+00 0.000000e+00
 0.000000e+00 0.000000e+00 9.832824e-01 1.671754e-02 0.000000e+00
 0.000000e+00 0.000000e+00 0.000000e+00 9.912486e-01 8.751377e-03
 0.000000e+00 0.000000e+00 0.000000e+00 0.000000e+00 0.000000e+00
<ENDHMM>
~h "spe"
<BEGINHMM>
<NUMSTATES> 5
<STATE> 2
<NUMMIXES> 4
<MIXTURE> 1 2.158351e-01
<MEAN> 13
 -3.095761e+00 -3.532393e+00 -1.968907e+00 -4.491418e+00 1.189256e+00 2.671876e+00 3.991600e+00 7.831424e-01 -5.737462e-01 2.160686e+00 2.170500e+00 -2.930976e+00 5.249662e+01
<VARIANCE> 13
 1.430192e+01 1.491200e+01 1.960995e+01 2.422150e+01 2.269070e+01 2.397540e+01 2.509317e+01 2.007328e+01 1.658504e+01 1.713684e+01 1.672271e+01 1.528880e+01 1.422072e+01
<GCONST> 6.178753e+01
<MIXTURE> 2 2.744568e-01
<MEAN> 13
 -1.654460e+00 -4.133136e+00 6.178691e-01 -7.017695e+00 -2.130566e+00 -1.126023e+00 -2.838071e-01 -5.741685e-01 -2.465645e+00 1.290278e+00 5.081783e-01 -5.289473e+00 5.559065e+01
<VARIANCE> 13
 1.412540e+01 2.368287e+01 3.336588e+01 3.226092e+01 3.333018e+01 3.290291e+01 2.997149e+01 3.261243e+01 2.366943e+01 2.285733e+01 2.457491e+01 1.944088e+01 1.783974e+01
<GCONST> 6.591547e+01
<MIXTURE> 3 2.744566e-01
<MEAN> 13
 -1.654461e+00 -4.133137e+00 6.178693e-01 -7.017695e+00 -2.130565e+00 -1.126022e+00 -2.838060e-01 -5.741678e-01 -2.465645e+00 1.290278e+00 5.081780e-01 -5.289473e+00 5.559065e+01
<VARIANCE> 13
 1.412541e+01 2.368287e+01 3.336589e+01 3.226093e+01 3.333019e+01 3.290291e+01 2.997149e+01 3.261242e+01 2.366942e+01 2.285733e+01 2.457492e+01 1.944086e+01 1.783975e+01
<GCONST> 6.591547e+01
<MIXTURE> 4 2.352515e-01
<MEAN> 13
 -2.545630e-01 -6.056878e+00 1.953185e+00 -9.283944e+00 -4.247332e+00 -3.943864e+00 -3.907749e+00 -1.969009e+00 -4.252865e+00 -1.727935e-01 -1.603702e+00 -7.719832e+00 5.784428e+01
<VARIANCE> 13
 9.029298e+00 3.074581e+01 3.648771e+01 3.162741e+01 3.685696e+01 3.607716e+01 2.908152e+01 4.436805e+01 2.823916e+01 2.953540e+01 3.411626e+01 2.057557e+01 1.488381e+01
<GCONST> 6.690540e+01
<STATE> 3
<NUMMIXES> 4
<MIXTURE> 1 2.279326e-01
<MEAN> 13
 -4.355159e+00 -1.831656e+00 5.217451e+00 -6.407341e+00 -4.036317e+00 -2.883635e+00 -1.230963e+00 -1.188681e+00 -9.816003e-01 -8.147891e-01 -1.990301e+00 -2.649359e+00 5.954861e+01
<VARIANCE> 13
 2.394903e+01 3.561241e+01 8.391030e+01 5.425260e+01 7.981791e+01 5.271285e+01 2.294927e+01 5.249625e+01 2.888472e+01 2.032957e+01 3.346062e+01 2.621863e+01 4.397556e+01
<GCONST> 7.143893e+01
<MIXTURE> 2 2.706799e-01
<MEAN> 13
 -1.954265e+00 -3.857828e+00 4.206313e+00 -1.216922e+01 -4.323004e+00 -5.407734e+00 -4.466077e+00 -2.662977e+00 -2.016094e+00 -3.206749e+00 -6.005104e+00 -3.716853e+00 6.204311e+01
<VARIANCE> 13
 2.390559e+01 3.429278e+01 8.631068e+01 7.363703e+01 7.790472e+01 6.810502e+01 3.847429e+01 5.555547e+01 4.161951e+01 3.115659e+01 4.068486e+01 4.179729e+01 2.248028e+01
<GCONST> 7.332139e+01
<MIXTURE> 3 2.706799e-01
<MEAN> 13
 -1.954265e+00 -3.857828e+00 4.206313e+00 -1.216922e+01 -4.323004e+00 -5.407734e+00 -4.466077e+00 -2.662977e+00 -2.016094e+00 -3.206749e+00 -6.005104e+00 -3.716853e+00 6.204311e+01
<VARIANCE> 13
 2.390559e+01 3.429278e+01 8.631068e+01 7.363703e+01 7.790472e+01 6.810502e+01 3.847429e+01 5.555547e+01 4.161951e+01 3.115659e+01 4.068486e+01 4.179729e+01 2.248028e+01
<GCONST> 7.332139e+01
<MIXTURE> 4 2.307085e-01
<MEAN> 13
 3.444837e-01 -4.954789e+00 1.779226e+00 -1.609760e+01 -4.592595e+00 -6.419302e+00 -9.045469e+00 -6.043171e+00 -3.831731e+00 -6.238677e+00 -1.059732e+01 -5.130958e+00 6.239274e+01
<VARIANCE> 13
 1.539741e+01 2.788895e+01 8.733138e+01 5.835946e+01 5.880243e+01 7.023877e+01 4.191316e+01 7.495348e+01 6.173191e+01 3.941026e+01 4.032781e+01 4.922271e+01 1.096996e+01
<GCONST> 7.265511e+01
<STATE> 4
<NUMMIXES> 4
<MIXTURE> 1 2.258677e-01
<MEAN> 13
 -2.353174e+00 -1.005829e+00 3.679519e-02 -2.141805e+00 -2.432606e+00 8.812026e-02 2.278747e+00 1.219200e+00 6.833208e-01 1.817997e+00 8.628411e-01 -3.336205e+00 5.073830e+01
<VARIANCE> 13
 1.436243e+01 2.009796e+01 2.529237e+01 1.489886e+01 3.927162e+01 3.165440e+01 2.224694e+01 2.289815e+01 2.191993e+01 1.978677e+01 2.089371e+01 1.924334e+01 7.551359e+00
<GCONST> 6.293881e+01
<MIXTURE> 2 2.775274e-01
<MEAN> 13
 -1.134918e+00 -1.628516e+00 -2.025083e-02 -3.035538e+00 -3.113209e+00 -1.470836e-01 -1.621395e-01 -8.586309e-01 -1.474681e+00 -2.646261e-01 -1.732682e+00 -5.832323e+00 5.219006e+01
<VARIANCE> 13
 1.673017e+01 2.689404e+01 2.912448e+01 1.914281e+01 4.477567e+01 3.364342e+01 2.571722e+01 2.698196e+01 2.698085e+01 2.440190e+01 2.601085e+01 2.516887e+01 1.129400e+01
<GCONST> 6.558302e+01
<MIXTURE> 3 2.775274e-01
<MEAN> 13
 -1.134918e+00 -1.628516e+00 -2.025083e-02 -3.035538e+00 -3.113209e+00 -1.470836e-01 -1.621395e-01 -8.586309e-01 -1.474681e+00 -2.646261e-01 -1.732682e+00 -5.832323e+00 5.219006e+01
<VARIANCE> 13
 1.673017e+01 2.689404e+01 2.912448e+01 1.914281e+01 4.477567e+01 3.364342e+01 2.571722e+01 2.698196e+01 2.698085e+01 2.440190e+01 2.601085e+01 2.516887e+01 1.129400e+01
<GCONST> 6.558302e+01
<MIXTURE> 4 2.190777e-01
<MEAN> 13
 1.436779e+00 -5.803815e+00 -7.350082e-01 -5.439278e+00 -2.898261e+00 1.045907e+00 -4.790133e+00 -3.246794e+00 -4.506822e+00 -3.985526e+00 -4.815269e+00 -8.974872e+00 5.555215e+01
<VARIANCE> 13
 1.083874e+01 3.683221e+01 3.991242e+01 2.439475e+01 6.854092e+01 3.963196e+01 3.511702e+01 3.406382e+01 3.613814e+01 3.619950e+01 3.345008e+01 2.832883e+01 1.658151e+01
<GCONST> 6.859557e+01
<TRANSP> 5
 0.000000e+00 1.000000e+00 0.000000e+00 0.000000e+00 0.000000e+00
 0.000000e+00 9.923812e-01 7.618874e-03 0.000000e+00 0.000000e+00
 0.000000e+00 0.000000e+00 9.783667e-01 2.163326e-02 0.000000e+00
 0.000000e+00 0.000000e+00 0.000000e+00 9.952448e-01 4.755183e-03
 0.000000e+00 0.000000e+00 0.000000e+00 0.000000e+00 0.000000e+00
<ENDHMM>
