~o
<STREAMINFO> 1 13
<VECSIZE> 13<NULLD><MFCC_0><DIAGC>
~h "ap"
<BEGINHMM>
<NUMSTATES> 5
<STATE> 2
<MEAN> 13
 -1.434388e+01 -7.331299e+00 -1.969778e+00 -6.793047e-01 -5.655103e-01 -3.111520e+00 2.397057e+00 -1.770839e+00 -1.200645e+00 -8.259163e-01 6.515211e-01 -6.737976e-01 6.109185e+01
<VARIANCE> 13
 3.447215e+01 3.372546e+01 2.386216e+01 2.595283e+01 2.795300e+01 4.684523e+01 2.369378e+01 2.493395e+01 2.031555e+01 2.070609e+01 1.950800e+01 1.580596e+01 1.033855e+02
<GCONST> 6.734969e+01
<STATE> 3
<MEAN> 13
 -1.188800e+01 -1.593931e+01 -1.006602e+01 1.095149e+00 2.379381e-01 -8.554304e+00 -2.120177e-01 -2.963340e+00 -5.096675e+00 -3.720606e+00 3.038557e-02 -1.376263e+00 7.008850e+01
<VARIANCE> 13
 1.385616e+01 2.011327e+01 1.956046e+01 2.221802e+01 3.399370e+01 2.648335e+01 2.620045e+01 2.120037e+01 2.251474e+01 2.165669e+01 1.698233e+01 1.560652e+01 7.226415e+01
<GCONST> 6.476909e+01
<STATE> 4
<MEAN> 13
 -1.021355e+01 -1.077169e+01 -4.915195e+00 1.389249e+00 3.292805e-01 -4.289390e+00 2.793114e+00 -2.472030e+00 -3.795601e+00 -5.736655e-01 8.728960e-01 -1.513602e+00 6.022667e+01
<VARIANCE> 13
 2.359974e+01 5.377685e+01 2.522984e+01 2.390027e+01 3.572309e+01 3.671334e+01 2.492293e+01 2.787583e+01 2.499082e+01 2.039794e+01 1.718155e+01 1.454411e+01 1.256065e+02
<GCONST> 6.775101e+01
<TRANSP> 5
 0.000000e+00 1.000000e+00 0.000000e+00 0.000000e+00 0.000000e+00
 0.000000e+00 9.699022e-01 3.009783e-02 0.000000e+00 0.000000e+00
 0.000000e+00 0.000000e+00 9.846470e-01 1.535295e-02 0.000000e+00
 0.000000e+00 0.000000e+00 0.000000e+00 9.946740e-01 5.326016e-03
 0.000000e+00 0.000000e+00 0.000000e+00 0.000000e+00 0.000000e+00
<ENDHMM>
~h "cl"
<BEGINHMM>
<NUMSTATES> 5
<STATE> 2
<MEAN> 13
 -1.555561e+01 3.361210e-01 -5.393363e-01 -4.012642e+00 -2.047129e+00 7.805377e+00 2.827695e+00 -1.765265e+00 3.612679e+00 -4.999886e-01 -3.546434e+00 2.447085e+00 5.586575e+01
<VARIANCE> 13
 7.256859e+01 2.147044e+01 3.171597e+01 1.624554e+01 1.985453e+01 4.635091e+01 2.411254e+01 2.698980e+01 3.426264e+01 2.731657e+01 2.828585e+01 2.428559e+01 4.404300e+01
<GCONST> 6.795007e+01
<STATE> 3
<MEAN> 13
 -1.808316e+01 2.612572e+00 2.331449e-01 -5.594284e+00 -4.142188e+00 1.201568e+01 5.864104e-02 -3.598588e+00 8.180077e+00 -3.016086e+00 -3.419886e+00 5.308524e+00 5.738739e+01
<VARIANCE> 13
 4.064547e+01 8.276334e+00 1.865300e+01 1.265259e+01 1.797624e+01 2.856706e+01 2.509622e+01 2.151819e+01 2.376444e+01 1.958517e+01 1.979931e+01 1.806886e+01 1.780886e+01
<GCONST> 6.260997e+01
<STATE> 4
<MEAN> 13
 -2.256417e+01 1.581606e+00 5.249963e+00 -3.287923e+00 -6.459013e+00 1.116904e+01 1.404860e+00 -6.464663e+00 3.762358e+00 2.688584e+00 -1.023704e+01 5.192378e+00 5.858282e+01
<VARIANCE> 13
 3.750206e+01 1.000647e+01 2.177882e+01 1.623604e+01 2.472019e+01 3.236650e+01 2.860077e+01 4.305709e+01 3.613806e+01 4.151945e+01 3.673533e+01 2.877729e+01 3.158538e+01
<GCONST> 6.721844e+01
<TRANSP> 5
 0.000000e+00 1.000000e+00 0.000000e+00 0.000000e+00 0.000000e+00
 0.000000e+00 9.792813e-01 2.071872e-02 0.000000e+00 0.000000e+00
 0.000000e+00 0.000000e+00 9.859434e-01 1.405655e-02 0.000000e+00
 0.000000e+00 0.000000e+00 0.000000e+00 9.945304e-01 5.469615e-03
 0.000000e+00 0.000000e+00 0.000000e+00 0.000000e+00 0.000000e+00
<ENDHMM>
~h "cm"
<BEGINHMM>
<NUMSTATES> 5
<STATE> 2
<MEAN> 13
 -1.254624e+01 -1.980608e-01 -2.516541e+00 -4.684866e+00 1.242465e-02 9.929801e-01 -8.866406e-01 3.453512e-01 -1.889843e+00 7.070988e-01 2.614131e+00 -8.591766e-01 5.721726e+01
<VARIANCE> 13
 1.443719e+01 1.505134e+01 1.209216e+01 1.347644e+01 1.530747e+01 1.626494e+01 1.734907e+01 1.755624e+01 1.744817e+01 1.655300e+01 1.798545e+01 1.581655e+01 2.127444e+01
<GCONST> 5.997741e+01
<STATE> 3
<MEAN> 13
 -1.052962e+01 -1.049978e+00 -3.921117e+00 -5.235451e+00 -1.436972e+00 -9.601709e-01 -2.760293e+00 -1.284045e+00 -3.689256e+00 -2.448213e-01 1.132282e+00 -7.804815e-01 6.458265e+01
<VARIANCE> 13
 1.500859e+01 1.105153e+01 1.339117e+01 1.416864e+01 1.504553e+01 1.566613e+01 1.827198e+01 2.155008e+01 1.831182e+01 1.708279e+01 2.014910e+01 1.636017e+01 3.145872e+01
<GCONST> 6.067986e+01
<STATE> 4
<MEAN> 13
 -5.656650e+00 3.175544e-01 -2.620988e+00 -3.860890e+00 -8.163964e-01 -1.495653e+00 -3.193637e+00 -2.541603e+00 -4.148981e+00 -2.602366e+00 -1.678515e+00 -2.908062e+00 6.765811e+01
<VARIANCE> 13
 9.619089e+00 1.135557e+01 1.162738e+01 1.406923e+01 1.439325e+01 1.389196e+01 1.556136e+01 1.723646e+01 1.698893e+01 1.519256e+01 1.464295e+01 1.274061e+01 6.470303e+01
<GCONST> 5.952503e+01
<TRANSP> 5
 0.000000e+00 1.000000e+00 0.000000e+00 0.000000e+00 0.000000e+00
 0.000000e+00 9.660190e-01 3.398100e-02 0.000000e+00 0.000000e+00
 0.000000e+00 0.000000e+00 9.285159e-01 7.148416e-02 0.000000e+00
 0.000000e+00 0.000000e+00 0.000000e+00 9.868735e-01 1.312647e-02
 0.000000e+00 0.000000e+00 0.000000e+00 0.000000e+00 0.000000e+00
<ENDHMM>
~h "co"
<BEGINHMM>
<NUMSTATES> 5
<STATE> 2
<MEAN> 13
 -6.299855e+00 -5.309268e+00 9.663523e-02 -2.323975e-01 -7.071848e+00 -2.054318e+00 -1.368155e+00 3.995467e-01 6.265068e-01 -1.538918e+00 -2.524364e+00 -6.045118e+00 5.838651e+01
<VARIANCE> 13
 1.468852e+01 2.470791e+01 2.603399e+01 2.923878e+01 9.580177e+01 4.782451e+01 5.992813e+01 4.085530e+01 4.989083e+01 3.220874e+01 4.160399e+01 2.998234e+01 8.410633e+01
<GCONST> 7.159746e+01
<STATE> 3
<MEAN> 13
 -8.009706e+00 -6.618463e+00 -9.503048e-01 -2.940180e+00 -8.727599e+00 -9.174032e+00 -5.994612e+00 -7.707961e+00 -4.916584e+00 -4.504414e+00 -3.825501e+00 -9.342706e+00 7.032965e+01
<VARIANCE> 13
 1.522274e+01 1.076047e+01 2.479613e+01 2.180213e+01 3.097098e+01 2.940376e+01 5.631964e+01 5.555743e+01 4.280824e+01 3.847313e+01 3.251014e+01 4.061123e+01 2.423106e+01
<GCONST> 6.792633e+01
<STATE> 4
<MEAN> 13
 -3.688607e+00 -4.211398e+00 3.095222e+00 1.358419e+00 -2.850300e+00 -3.973869e+00 -6.121822e+00 -5.832479e+00 -4.462687e+00 -4.695035e+00 -4.478697e+00 -8.653405e+00 5.964514e+01
<VARIANCE> 13
 1.232768e+01 2.222110e+01 2.341182e+01 2.514104e+01 4.302324e+01 3.349686e+01 4.768602e+01 4.703435e+01 3.428879e+01 3.763758e+01 3.599680e+01 3.059536e+01 6.824895e+01
<GCONST> 6.926200e+01
<TRANSP> 5
 0.000000e+00 1.000000e+00 0.000000e+00 0.000000e+00 0.000000e+00
 0.000000e+00 9.075576e-01 9.244241e-02 0.000000e+00 0.000000e+00
 0.000000e+00 0.000000e+00 9.756467e-01 2.435325e-02 0.000000e+00
 0.000000e+00 0.000000e+00 0.000000e+00 9.860674e-01 1.393265e-02
 0.000000e+00 0.000000e+00 0.000000e+00 0.000000e+00 0.000000e+00
<ENDHMM>
~h "ds"
<BEGINHMM>
<NUMSTATES> 5
<STATE> 2
<MEAN> 13
 -1.491451e+01 -2.007481e-01 -6.298077e-01 -1.509935e+00 -1.810877e+00 -2.758608e+00 3.393052e+00 -2.028164e+00 1.197193e+00 2.355215e+00 4.429509e+00 2.871755e-01 6.583811e+01
<VARIANCE> 13
 2.030613e+01 1.152331e+01 1.295448e+01 1.400364e+01 2.366397e+01 1.813577e+01 2.709960e+01 3.164977e+01 2.396501e+01 2.158574e+01 1.824601e+01 1.617482e+01 1.312176e+02
<GCONST> 6.417743e+01
<STATE> 3
<MEAN> 13
 -1.250304e+01 2.569828e+00 1.908419e+00 3.180418e+00 2.246051e+00 2.741990e-01 3.934177e+00 -2.579435e+00 2.134205e+00 1.986898e+00 3.933383e+00 1.851341e-01 6.877947e+01
<VARIANCE> 13
 1.314333e+01 1.046231e+01 1.208937e+01 1.418397e+01 2.232054e+01 1.667138e+01 1.916945e+01 1.548743e+01 1.665268e+01 1.509461e+01 1.486710e+01 1.405054e+01 4.585712e+01
<GCONST> 6.026733e+01
<STATE> 4
<MEAN> 13
 -9.732322e+00 1.416920e+00 2.101077e+00 6.190553e-01 3.023060e+00 7.461578e-01 2.916759e+00 -1.070784e+00 2.000963e-01 -5.340551e-01 2.036204e+00 -1.640865e+00 5.483844e+01
<VARIANCE> 13
 1.566838e+01 1.182860e+01 1.642790e+01 1.704590e+01 1.956440e+01 2.223150e+01 2.447190e+01 1.939032e+01 2.480941e+01 2.309394e+01 1.811227e+01 1.734355e+01 4.913412e+01
<GCONST> 6.298214e+01
<TRANSP> 5
 0.000000e+00 1.000000e+00 0.000000e+00 0.000000e+00 0.000000e+00
 0.000000e+00 9.424765e-01 5.752354e-02 0.000000e+00 0.000000e+00
 0.000000e+00 0.000000e+00 9.430131e-01 5.698683e-02 0.000000e+00
 0.000000e+00 0.000000e+00 0.000000e+00 9.930655e-01 6.934540e-03
 0.000000e+00 0.000000e+00 0.000000e+00 0.000000e+00 0.000000e+00
<ENDHMM>
~h "kj"
<BEGINHMM>
<NUMSTATES> 5
<STATE> 2
<MEAN> 13
 -1.296988e+01 3.167800e+00 -8.160957e-01 -1.863874e+00 -9.148042e-01 1.514085e+00 1.724967e+00 2.324979e+00 -1.370866e-01 1.228860e+00 6.896182e-01 -1.475134e+00 5.125964e+01
<VARIANCE> 13
 2.245580e+01 2.151953e+01 1.408829e+01 1.418460e+01 2.088430e+01 2.542047e+01 2.440867e+01 2.172322e+01 1.980433e+01 2.108676e+01 1.721554e+01 1.564539e+01 2.133015e+01
<GCONST> 6.260894e+01
<STATE> 3
<MEAN> 13
 -1.607476e+01 -2.910275e+00 -4.299857e+00 -5.091159e-01 -1.139806e+00 -2.931293e+00 -6.002158e-01 -2.281293e+00 -2.278620e+00 1.749824e+00 3.657361e-01 -9.088294e-01 5.975673e+01
<VARIANCE> 13
 1.410210e+01 2.825939e+01 1.341383e+01 1.775549e+01 1.676826e+01 1.961757e+01 2.009541e+01 2.022455e+01 1.938853e+01 2.015408e+01 1.634705e+01 1.439060e+01 2.085781e+01
<GCONST> 6.162288e+01
<STATE> 4
<MEAN> 13
 -2.082300e+01 1.570837e+00 9.052296e-01 1.638494e-01 -1.917775e+00 1.442962e+00 3.987668e+00 6.768749e-01 -2.098698e+00 1.888475e+00 1.176517e+00 -1.980338e+00 5.731115e+01
<VARIANCE> 13
 3.226261e+01 3.820612e+01 1.942610e+01 2.672956e+01 1.729037e+01 3.672809e+01 3.709539e+01 2.502495e+01 2.140582e+01 2.734335e+01 1.748972e+01 1.776167e+01 3.721366e+01
<GCONST> 6.627622e+01
<TRANSP> 5
 0.000000e+00 1.000000e+00 0.000000e+00 0.000000e+00 0.000000e+00
 0.000000e+00 9.648815e-01 3.511851e-02 0.000000e+00 0.000000e+00
 0.000000e+00 0.000000e+00 9.699581e-01 3.004184e-02 0.000000e+00
 0.000000e+00 0.000000e+00 0.000000e+00 9.960499e-01 3.950072e-03
 0.000000e+00 0.000000e+00 0.000000e+00 0.000000e+00 0.000000e+00
<ENDHMM>
~h "kn"
<BEGINHMM>
<NUMSTATES> 5
<STATE> 2
<MEAN> 13
 1.615593e+00 2.348449e+00 -2.275516e+00 -2.269993e+00 1.276309e+00 -5.329335e-01 5.805566e-01 -3.624707e+00 6.768860e-02 8.299898e-02 1.043133e+00 -2.835172e+00 5.606911e+01
<VARIANCE> 13
 2.001952e+01 3.716385e+01 2.705988e+01 9.239083e+00 1.400053e+01 2.128774e+01 1.840635e+01 3.461541e+01 2.764488e+01 2.281603e+01 1.786718e+01 1.573637e+01 7.633121e+01
<GCONST> 6.460109e+01
<STATE> 3
<MEAN> 13
 4.083947e+00 -7.262139e-01 -2.396775e+00 2.023197e+00 5.791170e+00 -6.431121e-02 3.781177e+00 -3.782845e+00 7.121430e-01 -4.794683e-01 1.851401e+00 -1.093623e+00 6.293238e+01
<VARIANCE> 13
 7.306870e+00 1.504165e+01 1.189221e+01 1.232903e+01 1.742508e+01 2.425247e+01 1.925455e+01 2.143372e+01 2.004126e+01 2.055970e+01 1.781226e+01 1.855854e+01 2.253177e+01
<GCONST> 6.058589e+01
<STATE> 4
<MEAN> 13
 6.386445e+00 4.598388e-01 -1.771833e+00 9.896622e-01 4.721025e+00 -6.980927e-02 8.838990e-01 -2.973104e+00 -2.211522e+00 -1.721138e+00 9.481512e-02 -2.613890e+00 5.580417e+01
<VARIANCE> 13
 1.210904e+01 2.188760e+01 1.729055e+01 1.388591e+01 1.923235e+01 2.289324e+01 1.901635e+01 2.433453e+01 1.996668e+01 1.948584e+01 1.552083e+01 1.558272e+01 3.650203e+01
<GCONST> 6.222740e+01
<TRANSP> 5
 0.000000e+00 1.000000e+00 0.000000e+00 0.000000e+00 0.000000e+00
 0.000000e+00 9.452612e-01 5.473885e-02 0.000000e+00 0.000000e+00
 0.000000e+00 0.000000e+00 9.653768e-01 3.462322e-02 0.000000e+00
 0.000000e+00 0.000000e+00 0.000000e+00 9.801506e-01 1.984938e-02
 0.000000e+00 0.000000e+00 0.000000e+00 0.000000e+00 0.000000e+00
<ENDHMM>
~h "kt"
<BEGINHMM>
<NUMSTATES> 5
<STATE> 2
<MEAN> 13
 -1.070112e+01 -4.249731e-01 -5.963865e+00 -1.559129e+00 9.391035e-01 1.293521e+00 4.489283e+00 6.933520e-01 1.282134e+00 1.009591e+00 1.733802e+00 -1.263640e+00 5.517878e+01
<VARIANCE> 13
 1.792314e+01 8.705674e+00 1.139823e+01 1.088075e+01 1.434774e+01 1.872762e+01 1.655046e+01 1.657978e+01 1.781203e+01 1.504325e+01 1.405725e+01 1.321964e+01 2.347669e+01
<GCONST> 5.894277e+01
<STATE> 3
<MEAN> 13
 -1.280484e+01 2.127479e+00 -4.355734e+00 5.460606e-01 1.019667e+00 -1.914153e+00 3.182564e+00 6.988355e-01 7.364330e-01 -6.873834e-02 6.922819e-02 -1.241102e+00 5.591320e+01
<VARIANCE> 13
 8.101378e+00 6.141669e+00 9.494311e+00 1.210305e+01 1.449495e+01 1.721396e+01 1.916196e+01 1.709026e+01 1.860179e+01 1.937440e+01 1.852633e+01 1.423274e+01 1.927753e+01
<GCONST> 5.827553e+01
<STATE> 4
<MEAN> 13
 -9.961194e+00 2.742784e+00 -3.392092e+00 -1.222443e-01 8.345472e-01 2.147495e-01 3.438557e+00 1.849204e+00 5.629355e-01 3.119835e-02 7.131844e-01 -1.995017e+00 5.009490e+01
<VARIANCE> 13
 9.684989e+00 8.745500e+00 1.280937e+01 1.140839e+01 1.492090e+01 1.681546e+01 1.703623e+01 1.715421e+01 1.678729e+01 1.716133e+01 1.504893e+01 1.297829e+01 1.650456e+01
<GCONST> 5.826019e+01
<TRANSP> 5
 0.000000e+00 1.000000e+00 0.000000e+00 0.000000e+00 0.000000e+00
 0.000000e+00 9.823746e-01 1.762544e-02 0.000000e+00 0.000000e+00
 0.000000e+00 0.000000e+00 9.852971e-01 1.470295e-02 0.000000e+00
 0.000000e+00 0.000000e+00 0.000000e+00 9.951239e-01 4.876079e-03
 0.000000e+00 0.000000e+00 0.000000e+00 0.000000e+00 0.000000e+00
<ENDHMM>
~h "pr"
<BEGINHMM>
<NUMSTATES> 5
<STATE> 2
<MEAN> 13
 -1.811221e+01 -7.347871e+00 -4.634189e-01 -5.186265e+00 3.325436e+00 1.209365e+00 5.157684e+00 1.101464e+00 1.354863e+00 -2.724241e+00 1.540049e+00 -3.147293e-02 6.108582e+01
<VARIANCE> 13
 2.256406e+01 3.984962e+01 4.301934e+01 4.108700e+01 5.556653e+01 6.244941e+01 4.095649e+01 6.362963e+01 4.404186e+01 2.951164e+01 3.722462e+01 4.616018e+01 1.111541e+01
<GCONST> 7.121609e+01
<STATE> 3
<MEAN> 13
 -2.151021e+01 2.599660e-01 1.461545e+01 -1.194444e+01 5.000744e+00 7.384072e+00 -3.877053e+00 -2.029571e+00 8.641624e+00 -7.728179e+00 -5.700101e+00 8.339792e+00 5.613181e+01
<VARIANCE> 13
 8.507904e+00 6.173349e+01 3.179345e+01 4.801455e+01 4.651730e+01 9.650555e+01 2.614925e+01 6.949229e+01 5.281007e+01 2.500637e+01 2.723082e+01 1.749802e+01 1.318861e+01
<GCONST> 6.933307e+01
<STATE> 4
<MEAN> 13
 -1.211701e+01 -4.718359e+00 5.280322e+00 -7.569153e+00 2.797996e+00 1.945273e+00 2.954365e+00 3.435606e+00 1.503774e+00 -8.736228e-01 -2.138170e+00 2.523992e+00 5.250773e+01
<VARIANCE> 13
 2.762194e+01 5.463246e+01 6.725297e+01 6.470781e+01 7.404749e+01 1.071012e+02 7.762987e+01 6.517295e+01 6.688873e+01 4.754355e+01 8.479933e+01 7.710426e+01 3.831334e+01
<GCONST> 7.759338e+01
<TRANSP> 5
 0.000000e+00 1.000000e+00 0.000000e+00 0.000000e+00 0.000000e+00
 0.000000e+00 9.867772e-01 1.322277e-02 0.000000e+00 0.000000e+00
 0.000000e+00 0.000000e+00 9.857034e-01 1.429660e-02 0.000000e+00
 0.000000e+00 0.000000e+00 0.000000e+00 9.955444e-01 4.455561e-03
 0.000000e+00 0.000000e+00 0.000000e+00 0.000000e+00 0.000000e+00
<ENDHMM>
~h "pw"
<BEGINHMM>
<NUMSTATES> 5
<STATE> 2
<MEAN> 13
 -1.318603e+01 -9.427646e-01 -6.488845e-01 -3.357958e-01 1.628730e+00 -7.529973e-01 2.981616e+00 3.921022e-01 -6.611122e-01 8.983162e-01 5.260113e-02 -1.042086e+00 5.263400e+01
<VARIANCE> 13
 1.422491e+01 1.817151e+01 1.127896e+01 1.187939e+01 1.442534e+01 1.614290e+01 1.639174e+01 1.726420e+01 1.636853e+01 1.528342e+01 1.452174e+01 1.281252e+01 1.916417e+01
<GCONST> 5.914212e+01
<STATE> 3
<MEAN> 13
 -1.355032e+01 -6.411047e+00 -2.439246e+00 -1.301463e+00 -5.033476e-02 -4.243634e+00 1.166614e-01 -3.542559e+00 -2.787715e+00 -7.714512e-01 -2.644424e-01 -5.832939e-01 6.131761e+01
<VARIANCE> 13
 2.135189e+01 2.148302e+01 1.255811e+01 1.262216e+01 1.655107e+01 2.298326e+01 2.166721e+01 2.428423e+01 1.842430e+01 1.633070e+01 1.473733e+01 1.310263e+01 5.516039e+01
<GCONST> 6.227363e+01
<STATE> 4
<MEAN> 13
 -1.159779e+01 -3.001980e+00 -1.597735e+00 -9.662416e-01 8.960999e-01 -1.054781e+00 2.842856e+00 -5.295564e-01 -8.911819e-01 7.752792e-01 4.007499e-01 -8.103542e-01 5.449453e+01
<VARIANCE> 13
 1.730945e+01 2.199644e+01 1.301536e+01 1.218305e+01 1.488323e+01 2.141075e+01 1.923243e+01 2.260476e+01 1.793169e+01 1.627663e+01 1.437163e+01 1.341100e+01 3.661042e+01
<GCONST> 6.127757e+01
<TRANSP> 5
 0.000000e+00 1.000000e+00 0.000000e+00 0.000000e+00 0.000000e+00
 0.000000e+00 9.907704e-01 9.229623e-03 0.000000e+00 0.000000e+00
 0.000000e+00 0.000000e+00 9.902008e-01 9.799244e-03 0.000000e+00
 0.000000e+00 0.000000e+00 0.000000e+00 9.974853e-01 2.514677e-03
 0.000000e+00 0.000000e+00 0.000000e+00 0.000000e+00 0.000000e+00
<ENDHMM>
~h "si"
<BEGINHMM>
<NUMSTATES> 5
<STATE> 2
<MEAN> 13
 -7.545413e+00 -9.650478e-01 4.052294e-01 -1.907801e+00 5.031689e-02 3.562263e-01 1.791095e+00 -2.591280e-01 -6.399871e-01 1.163556e-01 2.829487e-01 -2.179683e+00 5.202325e+01
<VARIANCE> 13
 2.732055e+01 2.621537e+01 2.214733e+01 2.081449e+01 3.054999e+01 2.436597e+01 2.432485e+01 2.872392e+01 2.416668e+01 2.226514e+01 2.116521e+01 2.096357e+01 4.266223e+01
<GCONST> 6.589799e+01
<STATE> 3
<MEAN> 13
 -4.121597e+00 -3.302673e+00 -3.386215e+00 -2.730483e+00 1.584222e+00 3.829664e+00 4.625128e+00 8.176668e-01 -4.774050e-01 1.299516e+00 1.176905e+00 -2.523229e+00 5.021570e+01
<VARIANCE> 13
 7.095479e+00 1.014736e+01 9.531259e+00 1.006982e+01 1.309141e+01 1.469026e+01 1.478036e+01 1.577827e+01 1.544080e+01 1.484725e+01 1.448882e+01 1.293932e+01 5.616610e+00
<GCONST> 5.583847e+01
<STATE> 4
<MEAN> 13
 -7.250214e+00 1.514727e+00 7.797958e-01 -1.872234e+00 1.498762e+00 1.277205e+00 2.484618e+00 2.758136e+00 -1.508304e-01 5.871792e-01 9.404249e-01 -2.160722e+00 4.590312e+01
<VARIANCE> 13
 1.444263e+01 9.119621e+00 9.770216e+00 1.114607e+01 1.676993e+01 1.616260e+01 1.651087e+01 1.935090e+01 1.672212e+01 1.657351e+01 1.469161e+01 1.344958e+01 1.811995e+01
<GCONST> 5.864026e+01
<TRANSP> 5
 0.000000e+00 1.000000e+00 0.000000e+00 0.000000e+00 0.000000e+00
 0.000000e+00 9.747454e-01 2.525462e-02 0.000000e+00 0.000000e+00
 0.000000e+00 0.000000e+00 9.813445e-01 1.865552e-02 0.000000e+00
 0.000000e+00 0.000000e+00 0.000000e+00 9.945377e-01 5.462240e-03
 0.000000e+00 0.000000e+00 0.000000e+00 0.000000e+00 0.000000e+00
<ENDHMM>
~h "st"
<BEGINHMM>
<NUMSTATES> 5
<STATE> 2
<MEAN> 13
 -8.433449e+00 -3.267213e+00 -2.065567e+00 -5.628528e+00 -8.124426e-01 -1.479012e+00 2.141015e+00 3.720618e-01 -4.021646e-01 -3.521099e-01 8.133585e-01 -2.379543e+00 5.821478e+01
<VARIANCE> 13
 1.861551e+01 2.311080e+01 1.750030e+01 2.369811e+01 2.395487e+01 3.346058e+01 2.264507e+01 2.067144e+01 1.848183e+01 2.061516e+01 1.726135e+01 1.461568e+01 5.523810e+01
<GCONST> 6.430457e+01
<STATE> 3
<MEAN> 13
 -6.340641e+00 -4.209454e+00 -2.027875e+00 -5.874575e+00 -1.222592e+00 -9.913447e-01 1.769527e+00 -4.638382e-01 -1.170619e+00 -1.000411e-01 1.032848e+00 -2.658495e+00 5.618246e+01
<VARIANCE> 13
 1.221432e+01 1.227748e+01 1.471402e+01 1.811397e+01 1.775223e+01 2.360216e+01 1.938180e+01 1.838933e+01 1.864771e+01 1.870057e+01 1.577358e+01 1.434610e+01 2.955428e+01
<GCONST> 6.106454e+01
<STATE> 4
<MEAN> 13
 -9.738176e+00 1.476490e-01 3.521668e-01 -2.798590e+00 8.058036e-03 -5.917260e-01 2.344805e+00 1.469876e-01 -1.462622e-01 -2.599891e-01 8.215242e-01 -2.258793e+00 5.303573e+01
<VARIANCE> 13
 1.589410e+01 1.222150e+01 1.228388e+01 1.761713e+01 1.749184e+01 1.961289e+01 1.833570e+01 1.975013e+01 1.826868e+01 1.693070e+01 1.481016e+01 1.351476e+01 3.613704e+01
<GCONST> 6.088938e+01
<TRANSP> 5
 0.000000e+00 1.000000e+00 0.000000e+00 0.000000e+00 0.000000e+00
 0.000000e+00 9.645507e-01 3.544928e-02 0.000000e+00 0.000000e+00
 0.000000e+00 0.000000e+00 9.824992e-01 1.750078e-02 0.000000e+00
 0.000000e+00 0.000000e+00 0.000000e+00 9.935375e-01 6.462430e-03
 0.000000e+00 0.000000e+00 0.000000e+00 0.000000e+00 0.000000e+00
<ENDHMM>
~h "spe"
<BEGINHMM>
<NUMSTATES> 5
<STATE> 2
<MEAN> 13
 -2.474113e+00 -1.811274e+00 7.657309e-01 -7.447072e+00 -1.858879e+00 -1.150709e+00 -2.891663e-01 -5.806183e-01 -2.331429e+00 1.511696e-01 -1.510113e+00 -4.498825e+00 5.691660e+01
<VARIANCE> 13
 3.181618e+01 3.328430e+01 3.317665e+01 5.196582e+01 3.597696e+01 4.181231e+01 4.753051e+01 4.035063e+01 2.798874e+01 2.471393e+01 4.089716e+01 1.851096e+01 2.409325e+01
<GCONST> 6.953546e+01
<STATE> 3
<MEAN> 13
 -1.161287e+00 -5.076207e+00 2.750558e+00 -1.171525e+01 -3.674104e+00 -4.333648e+00 -4.717525e+00 -2.395183e+00 -2.288267e+00 -2.199291e+00 -5.102621e+00 -5.114703e+00 6.145242e+01
<VARIANCE> 13
 2.104291e+01 3.418853e+01 7.751315e+01 6.547272e+01 6.867906e+01 6.541815e+01 3.734389e+01 5.596278e+01 3.984734e+01 4.188923e+01 5.390028e+01 4.244109e+01 2.040591e+01
<GCONST> 7.322920e+01
<STATE> 4
<MEAN> 13
 -1.160028e+00 -3.030281e+00 6.196216e-02 -4.309934e+00 -2.644352e+00 -1.706603e-01 -3.510227e-01 -8.688908e-01 -1.914254e+00 -4.795367e-02 -9.561082e-01 -5.649744e+00 5.318087e+01
<VARIANCE> 13
 1.463463e+01 2.803201e+01 3.231939e+01 2.470323e+01 4.467212e+01 3.483809e+01 3.302514e+01 3.096615e+01 2.902213e+01 2.772037e+01 2.812544e+01 2.573100e+01 1.570443e+01
<GCONST> 6.690051e+01
<TRANSP> 5
 0.000000e+00 1.000000e+00 0.000000e+00 0.000000e+00 0.000000e+00
 0.000000e+00 9.613832e-01 3.861677e-02 0.000000e+00 0.000000e+00
 0.000000e+00 0.000000e+00 9.822562e-01 1.774378e-02 0.000000e+00
 0.000000e+00 0.000000e+00 0.000000e+00 9.967269e-01 3.273078e-03
 0.000000e+00 0.000000e+00 0.000000e+00 0.000000e+00 0.000000e+00
<ENDHMM>
