~o
<STREAMINFO> 1 13
<VECSIZE> 13<NULLD><MFCC_0><DIAGC>
~h "ap"
<BEGINHMM>
<NUMSTATES> 5
<STATE> 2
<NUMMIXES> 2
<MIXTURE> 1 5.236886e-01
<MEAN> 13
 -3.957186e+00 -3.285166e+00 -3.413207e+00 -2.005181e+00 3.000254e+00 5.819714e+00 5.896981e+00 1.969624e+00 3.768585e-01 2.266831e+00 2.451163e+00 -1.280334e+00 5.027855e+01
<VARIANCE> 13
 5.699944e+00 5.129479e+00 5.311086e+00 6.216997e+00 8.202704e+00 1.073904e+01 1.088836e+01 1.143187e+01 1.101619e+01 1.174640e+01 1.089194e+01 1.120940e+01 1.972842e+00
<GCONST> 5.041456e+01
<MIXTURE> 2 4.763123e-01
<MEAN> 13
 -3.575487e+00 -4.352098e+00 -3.973914e+00 -3.686592e+00 1.527218e-01 2.814711e+00 2.696498e+00 -7.372596e-01 -1.660292e+00 -1.493259e-01 4.399933e-01 -2.509943e+00 5.059143e+01
<VARIANCE> 13
 5.055343e+00 5.274320e+00 7.234863e+00 7.785202e+00 1.225705e+01 1.542460e+01 1.620454e+01 1.482605e+01 1.529596e+01 1.374410e+01 1.142123e+01 1.269425e+01 3.898128e+00
<GCONST> 5.361589e+01
<STATE> 3
<NUMMIXES> 2
<MIXTURE> 1 5.251895e-01
<MEAN> 13
 -6.111236e+00 1.689360e+00 -7.464026e-01 3.364093e-02 9.532754e-01 3.588794e+00 5.450126e+00 3.122550e+00 9.710906e-01 2.653780e+00 1.564309e+00 -1.399757e+00 4.536552e+01
<VARIANCE> 13
 6.971195e+00 4.698688e+00 5.278335e+00 6.196291e+00 8.911214e+00 9.606647e+00 1.017509e+01 1.112627e+01 1.129084e+01 1.135059e+01 1.037525e+01 9.953064e+00 4.893239e+00
<GCONST> 5.112647e+01
<MIXTURE> 2 4.748027e-01
<MEAN> 13
 -7.737817e+00 6.631148e-01 -1.930137e+00 -1.523466e+00 -9.529572e-02 8.667194e-01 2.590353e+00 3.500066e-01 -1.042676e+00 3.047830e-01 -1.636239e-01 -1.951374e+00 4.751829e+01
<VARIANCE> 13
 1.281368e+01 9.490134e+00 6.438278e+00 7.587708e+00 1.173848e+01 1.319952e+01 1.291858e+01 1.258076e+01 1.248905e+01 1.377997e+01 1.240484e+01 1.200001e+01 1.471375e+01
<GCONST> 5.555569e+01
<STATE> 4
<NUMMIXES> 2
<MIXTURE> 1 4.904999e-01
<MEAN> 13
 -7.898588e+00 -6.944305e+00 -1.782323e+00 1.886059e+00 2.474765e+00 -1.286598e+00 3.798911e+00 1.743678e-01 -2.019805e+00 2.312635e-01 1.733681e+00 -1.509607e+00 5.239122e+01
<VARIANCE> 13
 1.587291e+01 4.370073e+01 1.751094e+01 2.284305e+01 2.243436e+01 2.647648e+01 1.975353e+01 2.702669e+01 2.029868e+01 1.806671e+01 1.501294e+01 1.438298e+01 4.945607e+01
<GCONST> 6.427353e+01
<MIXTURE> 2 5.093474e-01
<MEAN> 13
 -1.312187e+01 -1.567584e+01 -8.734632e+00 6.013638e-01 -1.628015e+00 -8.265802e+00 3.283185e-01 -4.281273e+00 -5.450723e+00 -2.756674e+00 -2.068845e-01 -1.520816e+00 7.038906e+01
<VARIANCE> 13
 1.993819e+01 3.088008e+01 2.430100e+01 2.405103e+01 3.798196e+01 2.695999e+01 2.736830e+01 2.283305e+01 2.354900e+01 2.203067e+01 1.853543e+01 1.579698e+01 6.897009e+01
<GCONST> 6.621960e+01
<TRANSP> 5
 0.000000e+00 1.000000e+00 0.000000e+00 0.000000e+00 0.000000e+00
 0.000000e+00 9.778058e-01 2.219419e-02 0.000000e+00 0.000000e+00
 0.000000e+00 0.000000e+00 9.859926e-01 1.400748e-02 0.000000e+00
 0.000000e+00 0.000000e+00 0.000000e+00 9.966217e-01 3.378282e-03
 0.000000e+00 0.000000e+00 0.000000e+00 0.000000e+00 0.000000e+00
<ENDHMM>
~h "cl"
<BEGINHMM>
<NUMSTATES> 5
<STATE> 2
<NUMMIXES> 2
<MIXTURE> 1 5.317048e-01
<MEAN> 13
 -9.691707e+00 -3.480814e+00 2.421833e+00 -3.669028e+00 3.454928e+00 8.944442e-01 3.709914e+00 5.142084e+00 1.145072e+00 -1.814204e+00 5.942400e-01 2.706845e-01 4.999387e+01
<VARIANCE> 13
 4.502075e+01 3.028520e+01 4.159272e+01 5.026934e+01 5.270482e+01 5.393954e+01 2.125918e+01 4.862880e+01 3.380681e+01 7.073167e+01 6.709075e+01 6.004021e+01 2.735910e+01
<GCONST> 7.303875e+01
<MIXTURE> 2 4.682652e-01
<MEAN> 13
 -1.123972e+01 -6.423047e+00 2.555600e+00 -5.209956e+00 3.768373e+00 -8.989604e-01 8.011529e-01 3.133423e+00 -1.171689e+00 -2.818431e+00 -8.945916e-01 1.120380e-01 5.396173e+01
<VARIANCE> 13
 6.394302e+01 3.764277e+01 4.599363e+01 3.849757e+01 7.786585e+01 5.434304e+01 3.851019e+01 5.980949e+01 4.445168e+01 6.657955e+01 5.359799e+01 7.432880e+01 5.076046e+01
<GCONST> 7.545995e+01
<STATE> 3
<NUMMIXES> 2
<MIXTURE> 1 5.256431e-01
<MEAN> 13
 -1.916680e+01 2.894696e+00 -7.978833e-01 -4.723425e+00 -2.632011e+00 1.386519e+01 2.057931e+00 -2.801963e+00 8.802042e+00 -2.401994e+00 -2.528800e+00 5.707412e+00 5.883103e+01
<VARIANCE> 13
 3.798401e+01 6.961525e+00 1.097987e+01 9.375399e+00 1.335517e+01 2.173962e+01 2.105964e+01 1.790372e+01 1.934953e+01 1.827600e+01 1.769079e+01 1.734602e+01 1.539573e+01
<GCONST> 6.003629e+01
<MIXTURE> 2 4.743790e-01
<MEAN> 13
 -1.708358e+01 2.262602e+00 -2.182554e+00 -5.876598e+00 -4.536975e+00 1.068015e+01 -8.342564e-01 -5.260106e+00 5.822288e+00 -3.881142e+00 -3.465770e+00 4.801581e+00 5.837965e+01
<VARIANCE> 13
 4.684566e+01 1.194089e+01 1.352173e+01 1.253626e+01 1.774701e+01 3.091747e+01 2.670839e+01 2.500326e+01 2.381722e+01 1.949207e+01 1.900913e+01 1.879969e+01 1.933325e+01
<GCONST> 6.314468e+01
<STATE> 4
<NUMMIXES> 2
<MIXTURE> 1 5.186486e-01
<MEAN> 13
 -2.055689e+01 1.628473e+00 6.464290e+00 -2.122193e+00 -4.914710e+00 1.061112e+01 3.535670e+00 -4.654133e+00 3.627374e+00 5.000784e+00 -9.779450e+00 4.011865e+00 5.515033e+01
<VARIANCE> 13
 4.840284e+01 7.580359e+00 1.324856e+01 1.638903e+01 2.408012e+01 2.829836e+01 2.096682e+01 3.738521e+01 3.027613e+01 3.029096e+01 2.891847e+01 2.308599e+01 3.427765e+01
<GCONST> 6.522584e+01
<MIXTURE> 2 4.812726e-01
<MEAN> 13
 -2.111888e+01 5.163549e-01 5.995934e+00 -4.137310e+00 -7.645147e+00 9.056078e+00 -5.251827e-01 -8.181526e+00 2.021354e+00 3.274046e+00 -1.192074e+01 5.114255e+00 5.812363e+01
<VARIANCE> 13
 6.093575e+01 1.032764e+01 2.076498e+01 1.563482e+01 2.856630e+01 4.067474e+01 2.765627e+01 5.430029e+01 3.725850e+01 2.555945e+01 3.865358e+01 3.767360e+01 4.606559e+01
<GCONST> 6.846458e+01
<TRANSP> 5
 0.000000e+00 1.000000e+00 0.000000e+00 0.000000e+00 0.000000e+00
 0.000000e+00 9.813527e-01 1.864731e-02 0.000000e+00 0.000000e+00
 0.000000e+00 0.000000e+00 9.869592e-01 1.304080e-02 0.000000e+00
 0.000000e+00 0.000000e+00 0.000000e+00 9.943128e-01 5.687266e-03
 0.000000e+00 0.000000e+00 0.000000e+00 0.000000e+00 0.000000e+00
<ENDHMM>
~h "cm"
<BEGINHMM>
<NUMSTATES> 5
<STATE> 2
<NUMMIXES> 2
<MIXTURE> 1 5.139076e-01
<MEAN> 13
 -9.940693e+00 2.907329e-01 -2.004431e+00 -3.385365e+00 7.431262e-01 7.426761e-01 -9.698713e-01 -4.036007e-01 -2.294941e+00 -8.735507e-02 1.552591e+00 -1.254484e+00 6.040756e+01
<VARIANCE> 13
 2.584392e+01 1.198007e+01 1.113037e+01 1.295893e+01 1.262575e+01 1.345691e+01 1.515687e+01 1.740352e+01 1.636706e+01 1.633141e+01 1.814836e+01 1.488750e+01 3.873746e+01
<GCONST> 6.015381e+01
<MIXTURE> 2 4.860507e-01
<MEAN> 13
 -7.620978e+00 -6.142445e-01 -3.418642e+00 -4.710064e+00 -1.750868e+00 -2.257421e+00 -3.993720e+00 -3.562875e+00 -5.106759e+00 -2.841847e+00 -1.369206e+00 -2.584485e+00 6.590950e+01
<VARIANCE> 13
 2.002351e+01 1.288919e+01 1.277566e+01 1.420337e+01 1.337546e+01 1.312145e+01 1.419201e+01 1.653644e+01 1.665969e+01 1.648173e+01 1.751285e+01 1.475492e+01 6.187224e+01
<GCONST> 6.056747e+01
<STATE> 3
<NUMMIXES> 2
<MIXTURE> 1 5.098208e-01
<MEAN> 13
 -9.024935e+00 2.314076e+00 4.833279e-01 -8.678809e-01 1.299057e+00 1.722061e+00 3.727856e+00 2.566323e+00 1.239426e+00 1.428460e+00 1.365592e+00 -1.602107e+00 4.821958e+01
<VARIANCE> 13
 1.306472e+01 5.702200e+00 7.459496e+00 9.434652e+00 1.138702e+01 1.176904e+01 1.320794e+01 1.403804e+01 1.463804e+01 1.422527e+01 1.285515e+01 1.225998e+01 7.925220e+00
<GCONST> 5.504636e+01
<MIXTURE> 2 4.901563e-01
<MEAN> 13
 -8.626099e+00 1.353014e+00 -5.354519e-01 -2.561789e+00 -6.696925e-01 -8.674446e-01 9.116118e-01 -1.386006e-01 -1.085372e+00 -5.305408e-01 -2.317797e-01 -2.625857e+00 4.962656e+01
<VARIANCE> 13
 1.323333e+01 1.081329e+01 9.962016e+00 1.312700e+01 1.418312e+01 1.534814e+01 1.556978e+01 1.668527e+01 1.602051e+01 1.519165e+01 1.413371e+01 1.348240e+01 1.311473e+01
<GCONST> 5.799057e+01
<STATE> 4
<NUMMIXES> 2
<MIXTURE> 1 5.788669e-01
<MEAN> 13
 -5.208252e+00 -2.742886e+00 -3.770406e+00 -3.338775e+00 1.291316e+00 3.576214e+00 4.727852e+00 1.634175e+00 2.393934e-01 1.764135e+00 1.659068e+00 -2.231171e+00 5.170324e+01
<VARIANCE> 13
 9.841189e+00 7.350645e+00 7.168145e+00 8.480000e+00 1.192190e+01 1.355416e+01 1.318927e+01 1.403052e+01 1.381661e+01 1.324857e+01 1.336302e+01 1.269603e+01 6.826184e+00
<GCONST> 5.485114e+01
<MIXTURE> 2 4.209999e-01
<MEAN> 13
 -6.294897e+00 -3.777764e+00 -3.438831e+00 -6.006293e+00 -1.977464e+00 -8.057594e-01 9.345530e-01 -7.087527e-01 -1.572863e+00 -4.399053e-01 6.953035e-02 -3.250241e+00 5.506546e+01
<VARIANCE> 13
 1.585642e+01 1.415679e+01 1.388944e+01 1.626390e+01 1.827220e+01 2.185616e+01 1.761055e+01 1.811155e+01 1.864938e+01 1.714208e+01 1.653822e+01 1.600263e+01 2.828266e+01
<GCONST> 6.116919e+01
<TRANSP> 5
 0.000000e+00 1.000000e+00 0.000000e+00 0.000000e+00 0.000000e+00
 0.000000e+00 9.896030e-01 1.039705e-02 0.000000e+00 0.000000e+00
 0.000000e+00 0.000000e+00 9.887873e-01 1.121271e-02 0.000000e+00
 0.000000e+00 0.000000e+00 0.000000e+00 9.930335e-01 6.966502e-03
 0.000000e+00 0.000000e+00 0.000000e+00 0.000000e+00 0.000000e+00
<ENDHMM>
~h "co"
<BEGINHMM>
<NUMSTATES> 5
<STATE> 2
<NUMMIXES> 2
<MIXTURE> 1 4.764251e-01
<MEAN> 13
 -5.569831e+00 -4.925148e+00 2.271110e+00 7.456957e-01 -2.841653e+00 -3.007831e+00 -2.365412e+00 -4.328027e+00 -2.599652e+00 -2.578672e+00 -2.549546e+00 -6.330089e+00 5.939786e+01
<VARIANCE> 13
 2.045036e+01 1.592034e+01 2.198045e+01 2.579720e+01 3.678885e+01 3.737868e+01 5.157916e+01 5.353133e+01 3.311609e+01 3.358978e+01 3.239737e+01 2.677578e+01 7.035995e+01
<GCONST> 6.920154e+01
<MIXTURE> 2 5.235692e-01
<MEAN> 13
 -5.865738e+00 -6.717860e+00 -6.091284e-01 -2.098419e+00 -8.829410e+00 -8.105922e+00 -8.637717e+00 -6.945222e+00 -4.621914e+00 -5.723363e+00 -5.403465e+00 -1.055134e+01 6.847320e+01
<VARIANCE> 13
 1.350517e+01 1.413302e+01 2.726753e+01 2.418406e+01 3.987355e+01 3.840806e+01 4.822619e+01 5.862481e+01 4.896234e+01 4.372977e+01 3.984244e+01 3.837143e+01 3.330050e+01
<GCONST> 6.942332e+01
<STATE> 3
<NUMMIXES> 2
<MIXTURE> 1 4.779551e-01
<MEAN> 13
 -2.302483e+00 1.582116e+00 4.976086e+00 3.296263e+00 3.450568e+00 7.509472e-01 -5.115988e-01 -2.290440e+00 -4.164546e+00 -3.039367e+00 -3.028937e+00 -6.995327e+00 4.857921e+01
<VARIANCE> 13
 6.153805e+00 1.314924e+01 1.621917e+01 1.752891e+01 1.534764e+01 1.681474e+01 1.887200e+01 2.158353e+01 1.915356e+01 1.848199e+01 1.625461e+01 1.667894e+01 2.076660e+01
<GCONST> 6.000386e+01
<MIXTURE> 2 5.220416e-01
<MEAN> 13
 -1.621568e+00 1.427878e-01 3.947063e+00 1.679598e+00 1.751328e+00 -1.708574e+00 -3.315006e+00 -5.404304e+00 -6.677069e+00 -4.921599e+00 -3.635447e+00 -7.848205e+00 5.034580e+01
<VARIANCE> 13
 6.302012e+00 1.318003e+01 1.506376e+01 1.634091e+01 1.605885e+01 2.016148e+01 2.154132e+01 2.606927e+01 2.116465e+01 2.211257e+01 1.709878e+01 1.848624e+01 1.991656e+01
<GCONST> 6.082477e+01
<STATE> 4
<NUMMIXES> 2
<MIXTURE> 1 5.108708e-01
<MEAN> 13
 -4.212938e+00 -1.574799e+00 -1.904660e+00 -1.167693e+00 1.519478e+00 4.124880e+00 5.279316e+00 2.617933e+00 8.263696e-01 2.293082e+00 1.749961e+00 -1.759010e+00 4.761581e+01
<VARIANCE> 13
 6.024121e+00 1.466351e+01 9.557586e+00 9.865251e+00 1.047581e+01 1.319992e+01 1.137596e+01 1.319691e+01 1.357116e+01 1.316728e+01 1.190914e+01 1.236638e+01 8.940677e+00
<GCONST> 5.522924e+01
<MIXTURE> 2 4.891671e-01
<MEAN> 13
 -4.373357e+00 -2.507508e+00 -2.683934e+00 -2.657797e+00 7.975145e-02 2.068507e+00 2.863809e+00 2.157340e-02 -1.665925e+00 -1.992332e-02 -1.205220e-01 -2.917173e+00 4.839064e+01
<VARIANCE> 13
 8.283912e+00 1.609161e+01 1.068897e+01 9.983035e+00 1.280369e+01 1.567747e+01 1.288075e+01 1.466994e+01 1.401854e+01 1.333856e+01 1.328387e+01 1.340535e+01 9.345991e+00
<GCONST> 5.664680e+01
<TRANSP> 5
 0.000000e+00 1.000000e+00 0.000000e+00 0.000000e+00 0.000000e+00
 0.000000e+00 9.910903e-01 8.909697e-03 0.000000e+00 0.000000e+00
 0.000000e+00 0.000000e+00 9.653493e-01 3.465067e-02 0.000000e+00
 0.000000e+00 0.000000e+00 0.000000e+00 9.918555e-01 8.144540e-03
 0.000000e+00 0.000000e+00 0.000000e+00 0.000000e+00 0.000000e+00
<ENDHMM>
~h "ds"
<BEGINHMM>
<NUMSTATES> 5
<STATE> 2
<NUMMIXES> 2
<MIXTURE> 1 4.268767e-01
<MEAN> 13
 -8.620990e+00 4.002233e+00 5.371686e+00 4.532345e+00 6.111271e+00 3.319445e+00 6.107222e+00 -7.294470e-02 2.315926e+00 3.586882e-01 2.613580e+00 -3.641865e-01 5.904596e+01
<VARIANCE> 13
 1.540864e+01 1.090115e+01 1.350822e+01 1.213233e+01 1.435541e+01 1.704823e+01 1.755876e+01 1.716801e+01 1.872149e+01 1.864475e+01 1.675882e+01 1.475557e+01 9.543912e+01
<GCONST> 6.124842e+01
<MIXTURE> 2 5.730894e-01
<MEAN> 13
 -1.172201e+01 2.533236e-01 4.305430e-01 -5.017123e-01 7.261962e-01 -1.073643e+00 2.130244e+00 -2.373107e+00 2.338324e-01 9.459787e-02 2.698424e+00 -1.165173e+00 5.793564e+01
<VARIANCE> 13
 2.091553e+01 1.053315e+01 1.318888e+01 1.355618e+01 2.088857e+01 2.234511e+01 2.602333e+01 2.359391e+01 2.647845e+01 2.870472e+01 2.049390e+01 1.841145e+01 8.289436e+01
<GCONST> 6.402348e+01
<STATE> 3
<NUMMIXES> 2
<MIXTURE> 1 4.818019e-01
<MEAN> 13
 -6.414387e+00 2.510684e+00 1.551734e+00 4.163981e-01 2.612011e+00 3.296152e+00 5.384799e+00 3.169323e+00 2.229023e+00 2.283200e+00 2.282094e+00 -1.723569e+00 4.773169e+01
<VARIANCE> 13
 1.036766e+01 5.626595e+00 9.381576e+00 9.632300e+00 1.748239e+01 1.464353e+01 1.490242e+01 1.657040e+01 1.624052e+01 1.561138e+01 1.396679e+01 1.193337e+01 1.001647e+01
<GCONST> 5.647256e+01
<MIXTURE> 2 5.181907e-01
<MEAN> 13
 -6.529705e+00 1.556286e+00 -3.345725e-01 -2.197611e+00 -9.527531e-01 5.378446e-01 2.604401e+00 1.072280e+00 1.920730e-01 9.574564e-01 5.097896e-01 -3.055354e+00 4.705540e+01
<VARIANCE> 13
 1.023658e+01 5.814196e+00 8.922698e+00 1.097132e+01 1.894349e+01 1.438659e+01 1.530934e+01 1.829103e+01 1.678625e+01 1.877856e+01 1.606337e+01 1.396912e+01 8.174258e+00
<GCONST> 5.707285e+01
<STATE> 4
<NUMMIXES> 2
<MIXTURE> 1 5.348391e-01
<MEAN> 13
 -9.178511e+00 -2.062037e+00 -1.846560e+00 -2.731327e+00 1.178857e+00 3.871864e+00 4.987648e+00 1.608641e+00 5.363604e-01 1.770180e+00 2.746721e+00 -1.482086e+00 5.447673e+01
<VARIANCE> 13
 5.522229e+01 9.578523e+00 1.265888e+01 1.093929e+01 1.447815e+01 2.318072e+01 1.699509e+01 1.739389e+01 1.602177e+01 1.561183e+01 1.371953e+01 1.265477e+01 1.994597e+01
<GCONST> 6.027087e+01
<MIXTURE> 2 4.649718e-01
<MEAN> 13
 -8.300642e+00 -4.002584e+00 -2.875216e+00 -4.581692e+00 -1.187561e+00 1.194449e-01 1.795177e+00 -8.190477e-01 -1.518067e+00 -3.532177e-01 6.283371e-01 -2.729417e+00 5.643949e+01
<VARIANCE> 13
 4.467915e+01 1.596839e+01 1.245882e+01 1.557551e+01 1.732552e+01 2.702022e+01 2.472769e+01 2.112906e+01 1.893825e+01 1.795997e+01 1.632295e+01 1.559213e+01 4.214132e+01
<GCONST> 6.324768e+01
<TRANSP> 5
 0.000000e+00 1.000000e+00 0.000000e+00 0.000000e+00 0.000000e+00
 0.000000e+00 9.915695e-01 8.430569e-03 0.000000e+00 0.000000e+00
 0.000000e+00 0.000000e+00 9.862258e-01 1.377413e-02 0.000000e+00
 0.000000e+00 0.000000e+00 0.000000e+00 9.919099e-01 8.090090e-03
 0.000000e+00 0.000000e+00 0.000000e+00 0.000000e+00 0.000000e+00
<ENDHMM>
~h "kj"
<BEGINHMM>
<NUMSTATES> 5
<STATE> 2
<NUMMIXES> 2
<MIXTURE> 1 5.149960e-01
<MEAN> 13
 -2.329170e+01 3.793044e+00 2.860492e+00 -4.890111e+00 -4.245809e+00 1.365000e+01 1.642814e+00 -2.084935e+00 9.441669e+00 -3.602879e+00 -3.716111e+00 6.530435e+00 5.891119e+01
<VARIANCE> 13
 2.843123e+01 6.814897e+00 1.594556e+01 1.181213e+01 1.470492e+01 2.915887e+01 2.138689e+01 1.839902e+01 2.165396e+01 1.992337e+01 1.856030e+01 1.852017e+01 2.212648e+01
<GCONST> 6.143707e+01
<MIXTURE> 2 4.849649e-01
<MEAN> 13
 -2.216591e+01 3.284569e+00 1.761167e+00 -6.240658e+00 -6.289575e+00 1.090801e+01 -3.087434e-01 -3.955721e+00 7.429505e+00 -5.076230e+00 -5.054517e+00 5.154091e+00 5.906386e+01
<VARIANCE> 13
 4.387179e+01 9.101591e+00 2.014414e+01 1.698256e+01 1.762174e+01 4.392430e+01 2.510924e+01 2.074159e+01 2.717050e+01 2.033863e+01 1.872385e+01 2.269539e+01 2.589868e+01
<GCONST> 6.424501e+01
<STATE> 3
<NUMMIXES> 2
<MIXTURE> 1 6.123254e-01
<MEAN> 13
 -7.327843e+00 1.947398e-01 -1.728077e+00 -1.577596e+00 -1.151376e+00 2.739743e+00 3.675399e+00 1.206991e+00 1.443852e+00 1.875422e+00 4.353381e-01 -1.264792e+00 4.936314e+01
<VARIANCE> 13
 1.814422e+01 1.537971e+01 1.086292e+01 1.193556e+01 1.983272e+01 2.081648e+01 1.753818e+01 1.703871e+01 1.863246e+01 1.501394e+01 1.545238e+01 1.763367e+01 1.439676e+01
<GCONST> 6.002008e+01
<MIXTURE> 2 3.876208e-01
<MEAN> 13
 -1.206257e+01 -4.326406e+00 -4.263333e+00 -2.164681e+00 -2.618742e+00 -2.454361e+00 -5.098426e-01 -3.023373e+00 -2.100569e+00 -6.647955e-01 -2.014874e-01 -8.854426e-01 5.910579e+01
<VARIANCE> 13
 3.799284e+01 4.732717e+01 1.931097e+01 1.861464e+01 2.457719e+01 3.129480e+01 2.316486e+01 2.238416e+01 2.539089e+01 1.985643e+01 1.828644e+01 1.708907e+01 8.186388e+01
<GCONST> 6.654034e+01
<STATE> 4
<NUMMIXES> 2
<MIXTURE> 1 5.315893e-01
<MEAN> 13
 -1.934291e+01 4.393388e+00 1.562856e+00 1.629019e+00 -9.663703e-01 2.026662e+00 5.661771e+00 2.579718e+00 -1.076620e+00 2.843646e+00 1.518311e+00 -1.968742e+00 5.308414e+01
<VARIANCE> 13
 5.549020e+01 1.617263e+01 1.496955e+01 2.261658e+01 1.514698e+01 2.012424e+01 3.159330e+01 1.934206e+01 2.015531e+01 2.766526e+01 1.639922e+01 1.790357e+01 2.232104e+01
<GCONST> 6.376299e+01
<MIXTURE> 2 4.683710e-01
<MEAN> 13
 -1.814536e+01 1.259201e+00 6.165333e-02 5.003926e-01 -2.756853e+00 -1.224709e+00 3.821156e+00 -7.788107e-01 -3.380509e+00 2.442710e+00 7.673264e-02 -2.916798e+00 5.485004e+01
<VARIANCE> 13
 6.187878e+01 3.172412e+01 2.055293e+01 2.082298e+01 1.782479e+01 2.221576e+01 3.190794e+01 2.064954e+01 2.079305e+01 2.498155e+01 1.717867e+01 1.761926e+01 3.831409e+01
<GCONST> 6.561690e+01
<TRANSP> 5
 0.000000e+00 1.000000e+00 0.000000e+00 0.000000e+00 0.000000e+00
 0.000000e+00 9.833887e-01 1.661132e-02 0.000000e+00 0.000000e+00
 0.000000e+00 0.000000e+00 9.938493e-01 6.150679e-03 0.000000e+00
 0.000000e+00 0.000000e+00 0.000000e+00 9.957694e-01 4.230557e-03
 0.000000e+00 0.000000e+00 0.000000e+00 0.000000e+00 0.000000e+00
<ENDHMM>
~h "kn"
<BEGINHMM>
<NUMSTATES> 5
<STATE> 2
<NUMMIXES> 2
<MIXTURE> 1 5.251146e-01
<MEAN> 13
 -1.923306e+00 3.038507e+00 -3.689198e-01 -1.255326e+00 6.436668e-01 3.062065e-01 2.532366e+00 -1.969193e+00 1.698882e+00 2.496372e+00 2.425414e+00 -1.104988e+00 5.425502e+01
<VARIANCE> 13
 5.254440e+01 2.335537e+01 1.820216e+01 1.252563e+01 1.734981e+01 2.024698e+01 2.245626e+01 2.390723e+01 2.957828e+01 1.983725e+01 1.855206e+01 1.745644e+01 5.942421e+01
<GCONST> 6.482114e+01
<MIXTURE> 2 4.749025e-01
<MEAN> 13
 -9.037058e-01 1.588909e+00 -1.913078e+00 -2.648782e+00 -1.138262e+00 -1.758325e+00 6.372969e-01 -4.393590e+00 -3.025842e-01 1.246861e+00 4.295801e-01 -2.767031e+00 5.483619e+01
<VARIANCE> 13
 4.593365e+01 2.427598e+01 2.478440e+01 1.179067e+01 2.153523e+01 2.563911e+01 3.471269e+01 3.359269e+01 3.061898e+01 3.153771e+01 2.590983e+01 2.346888e+01 6.221096e+01
<GCONST> 6.737546e+01
<STATE> 3
<NUMMIXES> 2
<MIXTURE> 1 5.138926e-01
<MEAN> 13
 5.303515e+00 7.209717e-02 -1.685636e+00 2.360926e+00 6.477046e+00 1.284864e+00 3.222727e+00 -1.699557e+00 3.052099e-01 8.690375e-02 1.756871e+00 -1.154216e+00 5.869381e+01
<VARIANCE> 13
 1.018671e+01 1.600388e+01 1.298496e+01 1.073368e+01 1.571261e+01 2.015305e+01 1.897869e+01 1.668515e+01 1.970000e+01 1.753889e+01 1.588907e+01 1.634404e+01 3.954501e+01
<GCONST> 6.052112e+01
<MIXTURE> 2 4.860977e-01
<MEAN> 13
 5.790150e+00 -9.392256e-01 -2.528997e+00 8.190283e-01 3.863254e+00 -1.396310e+00 7.605966e-01 -4.951128e+00 -2.684899e+00 -2.953216e+00 -4.357791e-01 -3.299577e+00 5.884925e+01
<VARIANCE> 13
 8.863285e+00 2.539864e+01 1.794249e+01 1.288674e+01 1.782870e+01 2.251194e+01 1.845975e+01 2.500932e+01 2.042256e+01 1.812315e+01 1.528774e+01 1.662724e+01 4.046270e+01
<GCONST> 6.203439e+01
<STATE> 4
<NUMMIXES> 2
<MIXTURE> 1 5.313414e-01
<MEAN> 13
 -3.156741e+00 2.676437e-01 7.578068e-01 -1.540751e+00 8.567802e-01 3.837294e+00 4.032303e+00 2.231298e+00 3.076424e-01 1.883889e+00 6.763182e-01 -2.872943e+00 4.618512e+01
<VARIANCE> 13
 5.038361e+00 1.596476e+01 1.465662e+01 9.302105e+00 2.477018e+01 1.231964e+01 1.857614e+01 1.918985e+01 1.835369e+01 2.066123e+01 1.581885e+01 1.389140e+01 7.936989e+00
<GCONST> 5.819419e+01
<MIXTURE> 2 4.686731e-01
<MEAN> 13
 -3.913861e+00 -1.192030e+00 2.546393e-01 -3.350111e+00 -2.778493e+00 8.826213e-01 2.142829e+00 -1.371558e+00 -1.373162e+00 1.958426e+00 -5.967541e-01 -3.168784e+00 4.699133e+01
<VARIANCE> 13
 5.850800e+00 1.503834e+01 1.753148e+01 1.051455e+01 2.588892e+01 1.843439e+01 2.864566e+01 3.337701e+01 1.880933e+01 3.254110e+01 2.706334e+01 1.675068e+01 1.060297e+01
<GCONST> 6.151186e+01
<TRANSP> 5
 0.000000e+00 1.000000e+00 0.000000e+00 0.000000e+00 0.000000e+00
 0.000000e+00 9.606813e-01 3.931874e-02 0.000000e+00 0.000000e+00
 0.000000e+00 0.000000e+00 9.874799e-01 1.252008e-02 0.000000e+00
 0.000000e+00 0.000000e+00 0.000000e+00 9.925200e-01 7.480056e-03
 0.000000e+00 0.000000e+00 0.000000e+00 0.000000e+00 0.000000e+00
<ENDHMM>
~h "kt"
<BEGINHMM>
<NUMSTATES> 5
<STATE> 2
<NUMMIXES> 2
<MIXTURE> 1 5.230140e-01
<MEAN> 13
 -1.136257e+01 3.016645e+00 -2.716542e+00 1.312155e+00 1.833070e+00 -4.361173e-01 3.869838e+00 2.236722e+00 1.207199e+00 2.428270e-01 1.102385e+00 -1.171414e+00 5.175540e+01
<VARIANCE> 13
 6.735489e+00 6.181459e+00 8.294923e+00 1.064261e+01 1.143128e+01 1.264904e+01 1.422682e+01 1.464215e+01 1.560859e+01 1.597574e+01 1.391352e+01 1.248506e+01 1.622846e+01
<GCONST> 5.587788e+01
<MIXTURE> 2 4.769475e-01
<MEAN> 13
 -1.290760e+01 2.378351e+00 -3.790918e+00 1.122109e-01 9.185064e-04 -3.164517e+00 1.200757e+00 -1.126551e-01 -1.076671e+00 -1.452596e+00 -1.303069e+00 -2.032721e+00 5.467847e+01
<VARIANCE> 13
 8.517494e+00 9.277351e+00 9.206360e+00 1.346895e+01 1.435625e+01 1.724874e+01 1.782853e+01 1.720871e+01 1.810246e+01 1.983215e+01 1.766408e+01 1.450379e+01 2.217648e+01
<GCONST> 5.884885e+01
<STATE> 3
<NUMMIXES> 2
<MIXTURE> 1 5.174937e-01
<MEAN> 13
 -7.995331e+00 2.800754e+00 -1.398525e+00 2.053961e-01 5.620670e-01 1.593612e+00 4.703113e+00 2.967469e+00 1.655541e+00 1.675619e+00 1.361736e+00 -1.481645e+00 4.709470e+01
<VARIANCE> 13
 8.675171e+00 6.853846e+00 8.598257e+00 8.561513e+00 1.471621e+01 1.252151e+01 1.464587e+01 1.496671e+01 1.413785e+01 1.508152e+01 1.292340e+01 1.169739e+01 6.382147e+00
<GCONST> 5.511713e+01
<MIXTURE> 2 4.826025e-01
<MEAN> 13
 -8.741179e+00 2.328365e+00 -2.555862e+00 -1.356100e+00 -1.536721e+00 -9.718425e-01 2.116808e+00 4.046282e-01 -3.715301e-01 -1.927799e-01 -5.285394e-01 -2.657342e+00 4.853878e+01
<VARIANCE> 13
 1.164577e+01 9.592931e+00 1.049645e+01 1.081548e+01 1.789192e+01 1.540157e+01 1.665376e+01 1.812827e+01 1.740933e+01 1.870768e+01 1.470033e+01 1.290162e+01 1.270035e+01
<GCONST> 5.824211e+01
<STATE> 4
<NUMMIXES> 2
<MIXTURE> 1 5.210209e-01
<MEAN> 13
 -9.123901e+00 -1.225766e+00 -5.194624e+00 -1.295621e+00 2.485012e+00 3.399263e+00 6.106398e+00 1.826288e+00 1.092395e+00 2.059600e+00 2.108267e+00 -9.760105e-01 5.377673e+01
<VARIANCE> 13
 1.432875e+01 8.335231e+00 7.710920e+00 8.064734e+00 9.282641e+00 1.311664e+01 1.188190e+01 1.317605e+01 1.455784e+01 1.311038e+01 1.234576e+01 1.162023e+01 1.263442e+01
<GCONST> 5.541476e+01
<MIXTURE> 2 4.788807e-01
<MEAN> 13
 -9.361752e+00 -2.134614e+00 -5.460018e+00 -2.748762e+00 3.581194e-01 8.969134e-01 3.222061e+00 -9.209054e-01 -1.301063e+00 -3.155444e-01 2.008577e-02 -2.026551e+00 5.427367e+01
<VARIANCE> 13
 1.717309e+01 1.202866e+01 1.073137e+01 9.617689e+00 1.174052e+01 1.643962e+01 1.436925e+01 1.497200e+01 1.535739e+01 1.308834e+01 1.328652e+01 1.322912e+01 1.739634e+01
<GCONST> 5.782257e+01
<TRANSP> 5
 0.000000e+00 1.000000e+00 0.000000e+00 0.000000e+00 0.000000e+00
 0.000000e+00 9.902768e-01 9.723165e-03 0.000000e+00 0.000000e+00
 0.000000e+00 0.000000e+00 9.942513e-01 5.748769e-03 0.000000e+00
 0.000000e+00 0.000000e+00 0.000000e+00 9.955983e-01 4.401740e-03
 0.000000e+00 0.000000e+00 0.000000e+00 0.000000e+00 0.000000e+00
<ENDHMM>
~h "pr"
<BEGINHMM>
<NUMSTATES> 5
<STATE> 2
<NUMMIXES> 2
<MIXTURE> 1 5.078948e-01
<MEAN> 13
 -7.114304e+00 -6.005620e+00 1.341059e+00 -5.156802e+00 2.116646e+00 6.548360e+00 2.829209e+00 1.488290e+00 -1.308251e-01 2.920046e+00 2.550892e+00 -1.738075e+00 4.990558e+01
<VARIANCE> 13
 1.179497e+01 5.405074e+01 3.713778e+01 3.357526e+01 6.528274e+01 7.375877e+01 2.511942e+01 3.163866e+01 4.241765e+01 3.627202e+01 5.063681e+01 3.126707e+01 2.184737e+01
<GCONST> 7.042591e+01
<MIXTURE> 2 4.920997e-01
<MEAN> 13
 -7.218607e+00 -7.255526e+00 1.383595e-01 -6.031838e+00 1.846858e+00 6.353257e+00 2.425080e-01 -1.349870e+00 8.041987e-01 1.702940e+00 2.011096e+00 -3.052410e+00 5.148090e+01
<VARIANCE> 13
 1.729686e+01 5.462675e+01 3.473393e+01 4.249142e+01 7.634808e+01 8.954903e+01 3.059605e+01 4.253723e+01 6.493307e+01 4.048586e+01 6.833936e+01 4.304430e+01 2.306456e+01
<GCONST> 7.304113e+01
<STATE> 3
<NUMMIXES> 2
<MIXTURE> 1 5.028023e-01
<MEAN> 13
 -1.508888e+01 -7.488854e+00 1.784804e+00 -4.289452e+00 3.663026e+00 -2.779490e+00 6.069355e+00 5.252934e+00 4.392231e-01 -1.709048e+00 -4.426154e-01 2.440142e+00 5.785729e+01
<VARIANCE> 13
 3.353940e+01 3.699513e+01 3.785880e+01 4.032262e+01 9.286904e+01 8.758552e+01 6.298653e+01 7.524973e+01 5.045182e+01 3.844102e+01 6.768272e+01 7.958290e+01 2.552509e+01
<GCONST> 7.521566e+01
<MIXTURE> 2 4.971903e-01
<MEAN> 13
 -1.468345e+01 -8.329476e+00 1.025918e+00 -5.646079e+00 1.599636e+00 -1.140503e+00 5.974963e+00 2.725782e+00 -4.742301e-01 -2.747040e+00 1.581354e-01 7.159029e-01 5.886318e+01
<VARIANCE> 13
 3.806678e+01 3.684237e+01 4.711984e+01 3.572385e+01 8.782612e+01 7.144157e+01 6.961610e+01 7.022341e+01 4.982675e+01 3.822531e+01 5.137304e+01 6.600979e+01 1.890719e+01
<GCONST> 7.442633e+01
<STATE> 4
<NUMMIXES> 2
<MIXTURE> 1 5.046218e-01
<MEAN> 13
 -1.731904e+01 3.456612e+00 1.504454e+01 -1.399622e+01 4.003261e+00 1.125893e+01 -3.771616e+00 -1.989698e+00 9.526379e+00 -3.798870e+00 -6.725627e+00 7.622165e+00 5.094582e+01
<VARIANCE> 13
 4.192552e+01 1.206322e+01 3.646517e+01 4.510790e+01 2.358125e+01 3.407208e+01 2.026842e+01 4.031479e+01 4.715781e+01 4.041682e+01 3.748068e+01 3.065515e+01 1.952946e+01
<GCONST> 6.848988e+01
<MIXTURE> 2 4.953694e-01
<MEAN> 13
 -1.466052e+01 2.760476e+00 1.235764e+01 -1.209603e+01 2.890473e+00 7.915358e+00 -4.445303e+00 -1.879322e+00 6.363125e+00 -3.655159e+00 -6.387277e+00 5.274457e+00 4.966320e+01
<VARIANCE> 13
 4.809657e+01 1.340113e+01 5.551965e+01 6.182109e+01 2.321917e+01 4.453577e+01 2.669733e+01 4.531698e+01 5.348515e+01 4.002223e+01 4.206675e+01 4.198575e+01 2.470513e+01
<GCONST> 7.089388e+01
<TRANSP> 5
 0.000000e+00 1.000000e+00 0.000000e+00 0.000000e+00 0.000000e+00
 0.000000e+00 9.764065e-01 2.359357e-02 0.000000e+00 0.000000e+00
 0.000000e+00 0.000000e+00 9.950205e-01 4.979479e-03 0.000000e+00
 0.000000e+00 0.000000e+00 0.000000e+00 9.923031e-01 7.696889e-03
 0.000000e+00 0.000000e+00 0.000000e+00 0.000000e+00 0.000000e+00
<ENDHMM>
~h "pw"
<BEGINHMM>
<NUMSTATES> 5
<STATE> 2
<NUMMIXES> 2
<MIXTURE> 1 5.381038e-01
<MEAN> 13
 -1.217122e+01 -1.732635e+00 -9.750217e-01 -6.034867e-02 2.228287e+00 4.554855e-01 4.257377e+00 1.448706e+00 3.707144e-01 1.856093e+00 1.256843e+00 -4.556228e-01 5.238896e+01
<VARIANCE> 13
 1.495207e+01 1.601088e+01 1.276085e+01 1.122623e+01 1.184459e+01 1.484594e+01 1.390922e+01 1.512264e+01 1.519518e+01 1.410261e+01 1.316916e+01 1.230019e+01 2.032130e+01
<GCONST> 5.832000e+01
<MIXTURE> 2 4.619242e-01
<MEAN> 13
 -1.393851e+01 -5.054350e+00 -2.349387e+00 -1.447518e+00 -1.997627e-01 -3.247321e+00 1.035596e+00 -2.315307e+00 -2.177052e+00 -5.361416e-01 -5.162317e-01 -1.253143e+00 5.796214e+01
<VARIANCE> 13
 1.766337e+01 2.233632e+01 1.307191e+01 1.253951e+01 1.520980e+01 2.027244e+01 1.764437e+01 1.938176e+01 1.681574e+01 1.500591e+01 1.428516e+01 1.370769e+01 3.886267e+01
<GCONST> 6.100338e+01
<STATE> 3
<NUMMIXES> 2
<MIXTURE> 1 5.328351e-01
<MEAN> 13
 -1.062470e+01 -7.720456e+00 -2.682524e+00 -8.422160e-01 5.862809e-02 -5.526662e+00 -1.132369e+00 -6.329257e+00 -3.576412e+00 -9.494941e-01 1.064664e+00 -2.176445e-01 6.474039e+01
<VARIANCE> 13
 1.347000e+01 1.336266e+01 1.098782e+01 9.263445e+00 1.492903e+01 1.816313e+01 1.848033e+01 1.865121e+01 1.773650e+01 1.637632e+01 1.482247e+01 1.343197e+01 4.540911e+01
<GCONST> 5.993447e+01
<MIXTURE> 2 4.671656e-01
<MEAN> 13
 -1.143583e+01 -9.271044e+00 -4.510737e+00 -3.235129e+00 -2.266240e+00 -8.225838e+00 -3.211502e+00 -8.227622e+00 -5.069715e+00 -2.971519e+00 -7.984923e-01 -1.627154e+00 6.942612e+01
<VARIANCE> 13
 1.697983e+01 1.039969e+01 1.087692e+01 1.241230e+01 1.835711e+01 1.673280e+01 1.791645e+01 2.050529e+01 1.993883e+01 1.725510e+01 1.563410e+01 1.342261e+01 3.686933e+01
<GCONST> 6.039988e+01
<STATE> 4
<NUMMIXES> 2
<MIXTURE> 1 5.019454e-01
<MEAN> 13
 -8.113666e+00 -2.899809e+00 -1.086810e+00 -5.998455e-01 1.941647e+00 -1.568450e+00 9.952571e-01 -2.632811e+00 -2.879169e+00 -3.814701e-01 -3.340522e-02 -9.148028e-01 5.407011e+01
<VARIANCE> 13
 1.650365e+01 2.304613e+01 1.352884e+01 1.030833e+01 1.945721e+01 1.960989e+01 2.018976e+01 2.344078e+01 2.003718e+01 1.658997e+01 1.508233e+01 1.522515e+01 4.119567e+01
<GCONST> 6.183636e+01
<MIXTURE> 2 4.980561e-01
<MEAN> 13
 -7.269298e+00 -6.734145e+00 -1.928337e+00 -2.566651e+00 -1.484174e+00 -5.578613e+00 -2.899441e+00 -6.517581e+00 -4.583168e+00 -2.194633e+00 -1.604493e+00 -2.283819e+00 6.211104e+01
<VARIANCE> 13
 2.139349e+01 3.211201e+01 1.887634e+01 1.447180e+01 2.872327e+01 2.567776e+01 1.911443e+01 2.372433e+01 2.585764e+01 1.848622e+01 1.884447e+01 2.252459e+01 7.025341e+01
<GCONST> 6.522768e+01
<TRANSP> 5
 0.000000e+00 1.000000e+00 0.000000e+00 0.000000e+00 0.000000e+00
 0.000000e+00 9.973013e-01 2.698679e-03 0.000000e+00 0.000000e+00
 0.000000e+00 0.000000e+00 9.598361e-01 4.016390e-02 0.000000e+00
 0.000000e+00 0.000000e+00 0.000000e+00 9.816372e-01 1.836275e-02
 0.000000e+00 0.000000e+00 0.000000e+00 0.000000e+00 0.000000e+00
<ENDHMM>
~h "si"
<BEGINHMM>
<NUMSTATES> 5
<STATE> 2
<NUMMIXES> 2
<MIXTURE> 1 5.408378e-01
<MEAN> 13
 -1.071414e+01 8.013343e-01 2.025556e+00 3.135017e-01 2.760784e+00 1.155916e+00 3.856422e+00 1.263673e+00 8.214200e-01 8.855035e-01 1.922119e+00 -7.682267e-01 5.060993e+01
<VARIANCE> 13
 1.588604e+01 1.073923e+01 9.112760e+00 1.177762e+01 1.292959e+01 1.464243e+01 1.586897e+01 1.818396e+01 1.783120e+01 1.636755e+01 1.568242e+01 1.375463e+01 3.220377e+01
<GCONST> 5.913822e+01
<MIXTURE> 2 4.589343e-01
<MEAN> 13
 -1.128182e+01 -1.389071e+00 2.340543e-01 -1.812301e+00 -2.040560e-01 -2.193910e+00 7.161437e-01 -1.651996e+00 -1.636877e+00 -8.618113e-01 4.352142e-01 -1.833852e+00 5.414544e+01
<VARIANCE> 13
 2.220667e+01 2.431699e+01 1.623744e+01 1.573345e+01 1.905787e+01 1.858570e+01 1.942003e+01 2.020883e+01 1.918396e+01 1.787675e+01 1.686677e+01 1.570390e+01 5.074421e+01
<GCONST> 6.291300e+01
<STATE> 3
<NUMMIXES> 2
<MIXTURE> 1 5.149175e-01
<MEAN> 13
 -5.308016e+00 2.728325e+00 2.199562e+00 -1.728374e+00 4.079850e+00 3.309767e+00 2.980758e+00 5.441657e+00 1.420889e-01 9.681585e-01 1.968720e+00 -2.143489e+00 4.276105e+01
<VARIANCE> 13
 3.794147e+00 3.827679e+00 5.924486e+00 7.604711e+00 1.138803e+01 1.115798e+01 1.189706e+01 1.370628e+01 1.344689e+01 1.436016e+01 1.230582e+01 1.143317e+01 1.892435e+00
<GCONST> 5.116251e+01
<MIXTURE> 2 4.847074e-01
<MEAN> 13
 -5.495210e+00 1.870932e+00 9.312709e-01 -3.461326e+00 2.170202e+00 1.081535e+00 5.660216e-01 3.229452e+00 -1.962293e+00 -1.040030e+00 1.817238e-01 -3.442029e+00 4.289945e+01
<VARIANCE> 13
 4.196491e+00 4.430051e+00 7.128292e+00 8.855058e+00 1.250652e+01 1.290451e+01 1.326524e+01 1.487733e+01 1.440333e+01 1.471005e+01 1.358699e+01 1.242168e+01 2.256466e+00
<GCONST> 5.262727e+01
<STATE> 4
<NUMMIXES> 2
<MIXTURE> 1 5.152357e-01
<MEAN> 13
 -8.508527e+00 1.902528e+00 1.641071e+00 -6.023535e-01 2.694159e+00 1.726679e+00 3.697281e+00 3.628968e+00 1.038237e+00 1.215759e+00 1.524186e+00 -1.490658e+00 4.609935e+01
<VARIANCE> 13
 1.020798e+01 8.870711e+00 8.021918e+00 1.022073e+01 1.144646e+01 1.311648e+01 1.325947e+01 1.447218e+01 1.451836e+01 1.445648e+01 1.338019e+01 1.239394e+01 6.976330e+00
<GCONST> 5.547348e+01
<MIXTURE> 2 4.844059e-01
<MEAN> 13
 -8.344835e+00 8.310777e-01 3.576185e-01 -2.452245e+00 3.533723e-01 -9.927205e-01 1.008504e+00 1.116500e+00 -9.213116e-01 -6.016740e-01 -2.533912e-01 -2.564096e+00 4.726697e+01
<VARIANCE> 13
 1.466977e+01 1.403320e+01 1.097199e+01 1.380686e+01 1.353059e+01 1.659458e+01 1.566434e+01 1.749341e+01 1.613863e+01 1.559319e+01 1.490273e+01 1.427704e+01 1.379489e+01
<GCONST> 5.877991e+01
<TRANSP> 5
 0.000000e+00 1.000000e+00 0.000000e+00 0.000000e+00 0.000000e+00
 0.000000e+00 9.905103e-01 9.489686e-03 0.000000e+00 0.000000e+00
 0.000000e+00 0.000000e+00 9.933103e-01 6.689642e-03 0.000000e+00
 0.000000e+00 0.000000e+00 0.000000e+00 9.891731e-01 1.082689e-02
 0.000000e+00 0.000000e+00 0.000000e+00 0.000000e+00 0.000000e+00
<ENDHMM>
~h "st"
<BEGINHMM>
<NUMSTATES> 5
<STATE> 2
<NUMMIXES> 2
<MIXTURE> 1 5.190647e-01
<MEAN> 13
 -5.215598e+00 5.496602e-02 -3.070137e+00 -4.491991e+00 -9.253820e-01 -1.174522e+00 -2.159193e+00 -9.653848e-01 -2.552782e+00 -1.152389e+00 -7.880028e-01 -2.471070e+00 7.041932e+01
<VARIANCE> 13
 6.335462e+00 6.472538e+00 7.423017e+00 9.754615e+00 1.112183e+01 1.063233e+01 1.252825e+01 1.551202e+01 1.431294e+01 1.311925e+01 1.287112e+01 1.221229e+01 3.766987e+01
<GCONST> 5.585240e+01
<MIXTURE> 2 4.809435e-01
<MEAN> 13
 -5.799334e+00 -7.747270e-01 -3.881531e+00 -6.389677e+00 -2.981457e+00 -3.693405e+00 -5.373073e+00 -3.828046e+00 -5.450599e+00 -3.607608e+00 -3.033519e+00 -3.352777e+00 7.218073e+01
<VARIANCE> 13
 6.996106e+00 9.414070e+00 8.314980e+00 1.178225e+01 1.225859e+01 1.049655e+01 1.296052e+01 1.534646e+01 1.485073e+01 1.288027e+01 1.332482e+01 1.261241e+01 3.455992e+01
<GCONST> 5.673544e+01
<STATE> 3
<NUMMIXES> 2
<MIXTURE> 1 4.772528e-01
<MEAN> 13
 -9.597424e+00 9.202422e-01 8.031023e-01 -1.633934e+00 7.512249e-01 1.730594e-01 3.163357e+00 6.026195e-01 7.187518e-01 6.431143e-01 1.558740e+00 -1.977144e+00 5.317315e+01
<VARIANCE> 13
 1.496880e+01 8.389609e+00 1.043482e+01 1.497701e+01 1.458553e+01 1.508220e+01 1.449985e+01 1.685742e+01 1.812959e+01 1.641463e+01 1.494719e+01 1.348130e+01 2.556745e+01
<GCONST> 5.891237e+01
<MIXTURE> 2 5.227159e-01
<MEAN> 13
 -9.315425e+00 -1.108145e+00 2.509606e-01 -4.654805e+00 -2.111443e+00 -2.789869e+00 4.220535e-01 -1.800603e+00 -1.875739e+00 -1.754277e+00 -3.485965e-01 -3.168350e+00 5.799706e+01
<VARIANCE> 13
 1.904957e+01 1.796087e+01 1.290251e+01 2.025322e+01 1.832492e+01 2.130009e+01 1.947760e+01 2.018265e+01 2.101788e+01 1.887989e+01 1.626265e+01 1.497202e+01 4.700872e+01
<GCONST> 6.256330e+01
<STATE> 4
<NUMMIXES> 2
<MIXTURE> 1 5.337280e-01
<MEAN> 13
 -5.506656e+00 -8.118207e-01 -7.924385e-02 -5.713601e+00 -2.162697e+00 -3.275492e-01 -1.562454e-01 -1.711315e+00 3.271464e-01 -2.137284e-01 -6.959938e-01 -1.876657e+00 5.669147e+01
<VARIANCE> 13
 2.904658e+01 3.390727e+01 2.820945e+01 2.669337e+01 2.480816e+01 3.651605e+01 2.363833e+01 2.496727e+01 2.367668e+01 2.287089e+01 3.100832e+01 2.150186e+01 7.269899e+01
<GCONST> 6.768144e+01
<MIXTURE> 2 4.662673e-01
<MEAN> 13
 -2.511188e+00 -3.660832e+00 6.136900e-01 -1.439849e+01 -3.123111e+00 -7.307788e+00 -6.173110e+00 -4.569751e+00 -1.718793e+00 -4.322004e+00 -7.219890e+00 -1.900844e+00 6.275700e+01
<VARIANCE> 13
 3.334234e+01 3.405173e+01 6.387628e+01 6.891323e+01 4.245847e+01 5.833075e+01 4.722929e+01 5.082550e+01 3.956946e+01 3.604738e+01 5.169760e+01 3.095763e+01 3.731300e+01
<GCONST> 7.317524e+01
<TRANSP> 5
 0.000000e+00 1.000000e+00 0.000000e+00 0.000000e+00 0.000000e+00
 0.000000e+00 9.701972e-01 2.980284e-02 0.000000e+00 0.000000e+00
 0.000000e+00 0.000000e+00 9.912018e-01 8.798159e-03 0.000000e+00
 0.000000e+00 0.000000e+00 0.000000e+00 9.395794e-01 6.042058e-02
 0.000000e+00 0.000000e+00 0.000000e+00 0.000000e+00 0.000000e+00
<ENDHMM>
~h "spe"
<BEGINHMM>
<NUMSTATES> 5
<STATE> 2
<NUMMIXES> 2
<MIXTURE> 1 5.239286e-01
<MEAN> 13
 -2.786753e+00 -4.482044e+00 -3.182478e+00 -2.672342e+00 3.229356e+00 5.645427e+00 5.945410e+00 2.148084e+00 2.218388e-01 2.378016e+00 2.490893e+00 -1.951538e+00 4.947009e+01
<VARIANCE> 13
 3.162874e+00 5.044754e+00 5.149063e+00 6.368743e+00 9.387599e+00 1.078449e+01 1.151045e+01 1.192469e+01 1.231288e+01 1.236272e+01 1.206769e+01 1.104785e+01 1.740266e+00
<GCONST> 5.016396e+01
<MIXTURE> 2 4.760642e-01
<MEAN> 13
 -2.863767e+00 -5.416132e+00 -3.924098e+00 -4.410660e+00 1.025079e+00 3.075731e+00 3.105272e+00 -4.681327e-01 -2.091375e+00 -1.375543e-01 2.475955e-01 -3.247578e+00 5.030519e+01
<VARIANCE> 13
 5.536578e+00 7.320825e+00 9.232355e+00 1.096153e+01 1.385110e+01 1.490020e+01 1.258370e+01 1.516761e+01 1.421403e+01 1.403973e+01 1.460415e+01 1.378318e+01 6.015764e+00
<GCONST> 5.518816e+01
<STATE> 3
<NUMMIXES> 2
<MIXTURE> 1 5.280586e-01
<MEAN> 13
 -2.458132e+00 -2.190364e+00 -5.690719e-01 -3.475941e+00 -1.694360e+00 5.923597e-01 2.038029e+00 4.838227e-01 -4.672094e-01 1.569133e+00 4.889016e-01 -4.037632e+00 5.175303e+01
<VARIANCE> 13
 1.497758e+01 2.230065e+01 2.577427e+01 2.036261e+01 3.623006e+01 3.145821e+01 2.585526e+01 2.637737e+01 2.269965e+01 2.123287e+01 2.171986e+01 2.014986e+01 1.476264e+01
<GCONST> 6.448164e+01
<MIXTURE> 2 4.718708e-01
<MEAN> 13
 -2.589808e-01 -4.435738e+00 1.277431e+00 -5.976911e+00 -4.236699e+00 -1.271747e+00 -2.799701e+00 -1.939771e+00 -3.301023e+00 -1.147558e+00 -2.366177e+00 -7.322888e+00 5.552240e+01
<VARIANCE> 13
 1.357798e+01 3.270967e+01 4.536827e+01 3.338892e+01 5.358431e+01 4.172338e+01 3.214514e+01 3.946548e+01 3.354409e+01 3.175385e+01 3.468467e+01 2.753447e+01 1.992776e+01
<GCONST> 6.899429e+01
<STATE> 4
<NUMMIXES> 2
<MIXTURE> 1 5.471642e-01
<MEAN> 13
 -6.852432e+00 1.260667e+00 -1.282121e+00 -4.938392e-01 -4.007713e-02 2.443666e+00 4.581723e+00 2.290704e+00 1.565034e+00 2.861030e+00 9.217267e-01 -1.623952e+00 4.797496e+01
<VARIANCE> 13
 1.750760e+01 8.417871e+00 7.761943e+00 8.277334e+00 1.353423e+01 1.447911e+01 1.306291e+01 1.335057e+01 1.469991e+01 1.399662e+01 1.305134e+01 1.234294e+01 1.297654e+01
<GCONST> 5.645919e+01
<MIXTURE> 2 4.528441e-01
<MEAN> 13
 -1.018629e+01 -1.676631e+00 -2.339655e+00 -2.258342e+00 -1.440204e+00 -1.455142e+00 1.301246e+00 -1.781985e+00 -1.261256e+00 2.660301e-01 -5.292653e-01 -1.862879e+00 5.411764e+01
<VARIANCE> 13
 2.991328e+01 2.253606e+01 1.374617e+01 1.167486e+01 1.866717e+01 2.264485e+01 2.026418e+01 1.900691e+01 1.735694e+01 1.775834e+01 1.749370e+01 1.739954e+01 4.551409e+01
<GCONST> 6.275153e+01
<TRANSP> 5
 0.000000e+00 1.000000e+00 0.000000e+00 0.000000e+00 0.000000e+00
 0.000000e+00 9.965239e-01 3.476194e-03 0.000000e+00 0.000000e+00
 0.000000e+00 0.000000e+00 9.972990e-01 2.700989e-03 0.000000e+00
 0.000000e+00 0.000000e+00 0.000000e+00 9.978328e-01 2.167219e-03
 0.000000e+00 0.000000e+00 0.000000e+00 0.000000e+00 0.000000e+00
<ENDHMM>
