~o
<STREAMINFO> 1 13
<VECSIZE> 13<NULLD><MFCC_0><DIAGC>
~h "ap"
<BEGINHMM>
<NUMSTATES> 5
<STATE> 2
<MEAN> 13
 -1.251076e+01 -6.968471e+00 -2.855472e+00 -7.387556e-01 5.047415e-02 -2.058935e+00 2.718500e+00 -2.044131e+00 -1.650568e+00 -4.755067e-01 7.309365e-01 -9.660040e-01 5.920071e+01
<VARIANCE> 13
 3.322327e+01 3.680613e+01 2.307490e+01 2.212388e+01 2.847237e+01 3.961933e+01 2.324511e+01 2.594618e+01 1.984083e+01 1.919306e+01 1.695247e+01 1.483668e+01 1.140429e+02
<GCONST> 6.687347e+01
<STATE> 3
<MEAN> 13
 -1.135596e+01 -1.611911e+01 -1.022759e+01 1.576550e+00 5.277553e-01 -8.946296e+00 1.352081e-01 -2.439031e+00 -5.650544e+00 -3.736364e+00 3.197873e-01 -1.353903e+00 6.963193e+01
<VARIANCE> 13
 1.406604e+01 2.080431e+01 1.773106e+01 2.165755e+01 3.435330e+01 2.430585e+01 2.760057e+01 2.072052e+01 2.390627e+01 2.142095e+01 1.700487e+01 1.546338e+01 8.103951e+01
<GCONST> 6.480379e+01
<STATE> 4
<MEAN> 13
 -1.012679e+01 -1.143494e+01 -4.758087e+00 1.795152e+00 1.036416e-01 -4.609110e+00 2.809483e+00 -2.789655e+00 -3.895194e+00 -3.954929e-01 8.064502e-01 -1.631754e+00 6.036995e+01
<VARIANCE> 13
 2.368288e+01 5.183603e+01 2.405265e+01 2.428388e+01 3.781369e+01 3.365727e+01 2.496502e+01 2.912315e+01 2.405933e+01 2.017928e+01 1.804883e+01 1.467068e+01 1.220878e+02
<GCONST> 6.768206e+01
<TRANSP> 5
 0.000000e+00 1.000000e+00 0.000000e+00 0.000000e+00 0.000000e+00
 0.000000e+00 9.864576e-01 1.354244e-02 0.000000e+00 0.000000e+00
 0.000000e+00 0.000000e+00 9.870722e-01 1.292784e-02 0.000000e+00
 0.000000e+00 0.000000e+00 0.000000e+00 9.925883e-01 7.411731e-03
 0.000000e+00 0.000000e+00 0.000000e+00 0.000000e+00 0.000000e+00
<ENDHMM>
~h "cl"
<BEGINHMM>
<NUMSTATES> 5
<STATE> 2
<MEAN> 13
 -1.468703e+01 -1.042039e-01 1.327939e-01 -3.509851e+00 -1.707954e+00 7.152630e+00 3.122308e+00 -1.444760e+00 2.887933e+00 3.809768e-01 -3.753581e+00 1.999994e+00 5.483725e+01
<VARIANCE> 13
 6.892593e+01 2.205533e+01 3.428767e+01 1.492703e+01 1.964105e+01 4.417686e+01 2.365941e+01 2.769112e+01 3.200429e+01 2.557274e+01 3.143749e+01 2.417547e+01 4.508292e+01
<GCONST> 6.785689e+01
<STATE> 3
<MEAN> 13
 -1.971174e+01 2.829766e+00 -3.164145e-03 -5.376493e+00 -4.288775e+00 1.215669e+01 5.219668e-01 -3.648360e+00 7.790532e+00 -3.619061e+00 -3.456276e+00 5.415212e+00 5.880497e+01
<VARIANCE> 13
 4.900624e+01 9.548070e+00 1.938264e+01 1.258358e+01 1.719304e+01 3.333436e+01 2.567753e+01 2.222310e+01 2.544146e+01 2.042431e+01 1.897514e+01 1.950932e+01 2.048577e+01
<GCONST> 6.342216e+01
<STATE> 4
<MEAN> 13
 -2.245709e+01 1.121102e+00 6.473550e+00 -2.916127e+00 -6.882124e+00 1.075008e+01 1.468988e+00 -7.115270e+00 2.866863e+00 4.532233e+00 -1.187613e+01 5.015428e+00 5.792467e+01
<VARIANCE> 13
 3.590770e+01 8.912326e+00 1.483156e+01 1.688713e+01 2.628386e+01 3.002980e+01 2.920972e+01 4.585650e+01 3.466673e+01 2.979712e+01 2.799046e+01 3.044527e+01 3.320854e+01
<GCONST> 6.624606e+01
<TRANSP> 5
 0.000000e+00 1.000000e+00 0.000000e+00 0.000000e+00 0.000000e+00
 0.000000e+00 9.743587e-01 2.564130e-02 0.000000e+00 0.000000e+00
 0.000000e+00 0.000000e+00 9.914651e-01 8.534923e-03 0.000000e+00
 0.000000e+00 0.000000e+00 0.000000e+00 9.931539e-01 6.846058e-03
 0.000000e+00 0.000000e+00 0.000000e+00 0.000000e+00 0.000000e+00
<ENDHMM>
~h "cm"
<BEGINHMM>
<NUMSTATES> 5
<STATE> 2
<MEAN> 13
 -1.250108e+01 1.580205e-02 -2.476709e+00 -4.726475e+00 5.396298e-02 1.030616e+00 -9.481888e-01 3.403673e-01 -1.896248e+00 7.776607e-01 2.689788e+00 -7.919537e-01 5.712206e+01
<VARIANCE> 13
 1.445157e+01 1.496745e+01 1.218134e+01 1.349355e+01 1.544672e+01 1.615894e+01 1.756097e+01 1.762170e+01 1.742922e+01 1.675105e+01 1.848595e+01 1.634585e+01 2.064514e+01
<GCONST> 6.004096e+01
<STATE> 3
<MEAN> 13
 -1.069365e+01 -1.388450e+00 -3.630124e+00 -4.698915e+00 -1.160824e+00 -9.138074e-01 -2.671672e+00 -1.515190e+00 -3.973805e+00 -6.817440e-01 7.006930e-01 -1.125081e+00 6.480179e+01
<VARIANCE> 13
 1.333141e+01 1.133119e+01 1.391960e+01 1.476708e+01 1.483746e+01 1.546457e+01 1.801253e+01 2.005107e+01 1.843439e+01 1.706431e+01 1.888548e+01 1.542510e+01 2.955952e+01
<GCONST> 6.037284e+01
<STATE> 4
<MEAN> 13
 -5.517965e+00 3.451969e-01 -2.661860e+00 -3.923753e+00 -8.722667e-01 -1.528600e+00 -3.194340e+00 -2.517214e+00 -4.091140e+00 -2.593618e+00 -1.683136e+00 -2.915191e+00 6.770580e+01
<VARIANCE> 13
 9.160630e+00 1.113598e+01 1.151913e+01 1.410136e+01 1.438550e+01 1.385683e+01 1.556344e+01 1.751706e+01 1.698926e+01 1.516007e+01 1.462637e+01 1.270391e+01 6.574652e+01
<GCONST> 5.947266e+01
<TRANSP> 5
 0.000000e+00 1.000000e+00 0.000000e+00 0.000000e+00 0.000000e+00
 0.000000e+00 9.657590e-01 3.424102e-02 0.000000e+00 0.000000e+00
 0.000000e+00 0.000000e+00 9.380625e-01 6.193747e-02 0.000000e+00
 0.000000e+00 0.000000e+00 0.000000e+00 9.865319e-01 1.346817e-02
 0.000000e+00 0.000000e+00 0.000000e+00 0.000000e+00 0.000000e+00
<ENDHMM>
~h "co"
<BEGINHMM>
<NUMSTATES> 5
<STATE> 2
<MEAN> 13
 -6.283000e+00 -5.297906e+00 2.250316e-01 -2.144731e-01 -6.758182e+00 -1.802786e+00 -1.161221e+00 5.344828e-01 4.267011e-01 -1.550195e+00 -2.540318e+00 -6.027054e+00 5.818131e+01
<VARIANCE> 13
 1.447225e+01 2.472770e+01 2.555695e+01 2.928585e+01 9.223479e+01 4.454783e+01 5.800180e+01 3.799176e+01 4.773558e+01 3.225722e+01 4.175595e+01 2.895443e+01 8.239447e+01
<GCONST> 7.125783e+01
<STATE> 3
<MEAN> 13
 -7.561819e+00 -6.576976e+00 -9.918445e-01 -2.850620e+00 -8.569471e+00 -8.897552e+00 -6.422552e+00 -7.353543e+00 -4.875779e+00 -4.761918e+00 -3.989667e+00 -9.660931e+00 6.985303e+01
<VARIANCE> 13
 1.593402e+01 1.099057e+01 2.398216e+01 2.152738e+01 3.261557e+01 3.017867e+01 5.824511e+01 5.488518e+01 4.279581e+01 3.985530e+01 3.354776e+01 4.217751e+01 2.814309e+01
<GCONST> 6.830022e+01
<STATE> 4
<MEAN> 13
 -3.651206e+00 -4.044055e+00 3.434380e+00 1.647629e+00 -2.531054e+00 -3.770159e+00 -5.854421e+00 -5.932230e+00 -4.409724e+00 -4.521149e+00 -4.410919e+00 -8.369466e+00 5.911847e+01
<VARIANCE> 13
 1.267386e+01 2.265249e+01 2.237441e+01 2.453888e+01 4.232192e+01 3.336411e+01 4.555541e+01 4.759826e+01 3.435308e+01 3.660073e+01 3.565775e+01 2.832514e+01 6.658894e+01
<GCONST> 6.904792e+01
<TRANSP> 5
 0.000000e+00 1.000000e+00 0.000000e+00 0.000000e+00 0.000000e+00
 0.000000e+00 9.062419e-01 9.375808e-02 0.000000e+00 0.000000e+00
 0.000000e+00 0.000000e+00 9.785410e-01 2.145903e-02 0.000000e+00
 0.000000e+00 0.000000e+00 0.000000e+00 9.849370e-01 1.506302e-02
 0.000000e+00 0.000000e+00 0.000000e+00 0.000000e+00 0.000000e+00
<ENDHMM>
~h "ds"
<BEGINHMM>
<NUMSTATES> 5
<STATE> 2
<MEAN> 13
 -1.478199e+01 -9.149588e-02 -5.558985e-01 -1.339263e+00 -1.652029e+00 -2.645585e+00 3.300426e+00 -2.117076e+00 1.165821e+00 2.336810e+00 4.401413e+00 2.355133e-01 6.590132e+01
<VARIANCE> 13
 1.966338e+01 1.129297e+01 1.283746e+01 1.397590e+01 2.348164e+01 1.801089e+01 2.630361e+01 3.039079e+01 2.330382e+01 2.097887e+01 1.790155e+01 1.606796e+01 1.257645e+02
<GCONST> 6.390434e+01
<STATE> 3
<MEAN> 13
 -1.209010e+01 2.973508e+00 2.442738e+00 3.800065e+00 2.961209e+00 7.014995e-01 4.242075e+00 -2.455770e+00 2.223727e+00 1.869592e+00 3.843862e+00 1.841501e-01 6.876971e+01
<VARIANCE> 13
 1.296355e+01 1.039836e+01 1.198918e+01 1.351243e+01 2.178512e+01 1.585299e+01 1.863391e+01 1.486420e+01 1.638232e+01 1.475603e+01 1.464877e+01 1.400113e+01 3.858927e+01
<GCONST> 5.981665e+01
<STATE> 4
<MEAN> 13
 -9.744412e+00 1.386105e+00 2.066278e+00 5.718474e-01 2.981330e+00 7.273713e-01 2.894036e+00 -1.070020e+00 1.933499e-01 -5.411475e-01 2.029866e+00 -1.648210e+00 5.477287e+01
<VARIANCE> 13
 1.579823e+01 1.175340e+01 1.641320e+01 1.681268e+01 1.956091e+01 2.232201e+01 2.449893e+01 1.945396e+01 2.486507e+01 2.318896e+01 1.816077e+01 1.735514e+01 4.902033e+01
<GCONST> 6.298498e+01
<TRANSP> 5
 0.000000e+00 1.000000e+00 0.000000e+00 0.000000e+00 0.000000e+00
 0.000000e+00 9.484379e-01 5.156212e-02 0.000000e+00 0.000000e+00
 0.000000e+00 0.000000e+00 9.396107e-01 6.038930e-02 0.000000e+00
 0.000000e+00 0.000000e+00 0.000000e+00 9.930160e-01 6.983999e-03
 0.000000e+00 0.000000e+00 0.000000e+00 0.000000e+00 0.000000e+00
<ENDHMM>
~h "kj"
<BEGINHMM>
<NUMSTATES> 5
<STATE> 2
<MEAN> 13
 -1.623938e+01 5.183545e+00 2.521214e-01 -2.255529e+00 -8.202044e-01 2.543061e+00 7.800896e-01 3.516359e+00 7.803487e-02 1.934313e-01 1.139584e+00 -1.317699e+00 5.236878e+01
<VARIANCE> 13
 2.864012e+01 1.810398e+01 1.228449e+01 1.325508e+01 1.662559e+01 2.817769e+01 2.517981e+01 2.253095e+01 1.935009e+01 2.289690e+01 1.795547e+01 1.645736e+01 1.477808e+01
<GCONST> 6.220198e+01
<STATE> 3
<MEAN> 13
 -1.532052e+01 -3.938619e+00 -4.263013e+00 -5.043080e-01 -1.201892e+00 -3.097445e+00 -8.013822e-01 -2.599745e+00 -2.441314e+00 1.461931e+00 4.750271e-01 -8.549087e-01 6.005835e+01
<VARIANCE> 13
 1.611593e+01 2.984481e+01 1.296189e+01 1.724030e+01 1.652938e+01 1.898974e+01 1.985709e+01 1.996737e+01 1.919218e+01 1.923355e+01 1.588440e+01 1.399019e+01 2.705696e+01
<GCONST> 6.182198e+01
<STATE> 4
<MEAN> 13
 -2.120113e+01 1.121440e+00 9.470156e-01 5.310761e-01 -2.072857e+00 1.287464e+00 4.638329e+00 2.795397e-01 -2.368768e+00 2.286864e+00 1.120678e+00 -2.114460e+00 5.768951e+01
<VARIANCE> 13
 3.262703e+01 3.575336e+01 2.055054e+01 2.770690e+01 1.777645e+01 3.693051e+01 3.574966e+01 2.300056e+01 2.099796e+01 2.710706e+01 1.747967e+01 1.781646e+01 3.811800e+01
<GCONST> 6.622380e+01
<TRANSP> 5
 0.000000e+00 1.000000e+00 0.000000e+00 0.000000e+00 0.000000e+00
 0.000000e+00 9.822248e-01 1.777522e-02 0.000000e+00 0.000000e+00
 0.000000e+00 0.000000e+00 9.734646e-01 2.653544e-02 0.000000e+00
 0.000000e+00 0.000000e+00 0.000000e+00 9.954746e-01 4.525328e-03
 0.000000e+00 0.000000e+00 0.000000e+00 0.000000e+00 0.000000e+00
<ENDHMM>
~h "kn"
<BEGINHMM>
<NUMSTATES> 5
<STATE> 2
<MEAN> 13
 2.292017e+00 1.936071e+00 -2.552312e+00 -2.336271e+00 1.180328e+00 -7.205580e-01 5.845588e-01 -3.634761e+00 9.448615e-02 2.995636e-01 1.156694e+00 -2.623075e+00 5.610354e+01
<VARIANCE> 13
 2.028122e+01 3.473073e+01 2.608689e+01 1.024653e+01 1.317002e+01 2.182395e+01 1.792276e+01 3.170273e+01 2.676268e+01 2.247599e+01 1.792869e+01 1.587917e+01 6.613364e+01
<GCONST> 6.428406e+01
<STATE> 3
<MEAN> 13
 4.392016e+00 -1.091584e+00 -2.282887e+00 2.252575e+00 6.047995e+00 -1.006503e-01 3.715634e+00 -3.583863e+00 3.573605e-01 -7.473501e-01 1.751127e+00 -1.143768e+00 6.295305e+01
<VARIANCE> 13
 7.926034e+00 1.523709e+01 1.105927e+01 1.217787e+01 1.559477e+01 2.280884e+01 1.930930e+01 2.160787e+01 1.976300e+01 2.006248e+01 1.743500e+01 1.871483e+01 2.251184e+01
<GCONST> 6.038140e+01
<STATE> 4
<MEAN> 13
 6.367987e+00 8.305250e-01 -1.636080e+00 1.081097e+00 4.821605e+00 8.922620e-02 7.914833e-01 -3.008108e+00 -2.332650e+00 -1.863524e+00 -7.083016e-02 -2.750829e+00 5.534844e+01
<VARIANCE> 13
 1.281798e+01 2.150008e+01 1.768722e+01 1.240351e+01 1.963410e+01 2.356398e+01 1.903748e+01 2.506812e+01 2.032574e+01 1.928501e+01 1.527918e+01 1.519760e+01 3.569185e+01
<GCONST> 6.220089e+01
<TRANSP> 5
 0.000000e+00 1.000000e+00 0.000000e+00 0.000000e+00 0.000000e+00
 0.000000e+00 9.546521e-01 4.534788e-02 0.000000e+00 0.000000e+00
 0.000000e+00 0.000000e+00 9.681170e-01 3.188300e-02 0.000000e+00
 0.000000e+00 0.000000e+00 0.000000e+00 9.773313e-01 2.266864e-02
 0.000000e+00 0.000000e+00 0.000000e+00 0.000000e+00 0.000000e+00
<ENDHMM>
~h "kt"
<BEGINHMM>
<NUMSTATES> 5
<STATE> 2
<MEAN> 13
 -1.067328e+01 -4.043088e-03 -6.433474e+00 -1.386721e+00 1.320837e+00 1.554564e+00 4.840820e+00 8.591559e-01 1.187684e+00 9.760212e-01 1.690430e+00 -1.361067e+00 5.532570e+01
<VARIANCE> 13
 1.462776e+01 6.784580e+00 8.318107e+00 9.829960e+00 1.221526e+01 1.634138e+01 1.600191e+01 1.609824e+01 1.687285e+01 1.507395e+01 1.411893e+01 1.319019e+01 1.787979e+01
<GCONST> 5.739099e+01
<STATE> 3
<MEAN> 13
 -1.290855e+01 2.574704e+00 -3.916420e+00 7.289993e-01 9.303287e-01 -2.375088e+00 2.701953e+00 5.846229e-01 3.952901e-01 -4.173952e-01 -3.370755e-01 -1.261705e+00 5.549209e+01
<VARIANCE> 13
 8.021461e+00 6.415634e+00 9.497994e+00 1.229502e+01 1.467808e+01 1.728419e+01 1.822653e+01 1.706327e+01 1.813080e+01 1.962067e+01 1.815988e+01 1.438175e+01 2.105796e+01
<GCONST> 5.835614e+01
<STATE> 4
<MEAN> 13
 -9.929653e+00 3.164826e+00 -2.612287e+00 1.500810e-01 6.158565e-01 -2.272558e-01 3.080256e+00 2.026895e+00 5.487218e-01 -1.067563e-01 5.527159e-01 -2.079256e+00 4.913932e+01
<VARIANCE> 13
 9.562762e+00 8.387836e+00 1.110367e+01 1.175410e+01 1.610805e+01 1.642194e+01 1.684632e+01 1.742371e+01 1.729332e+01 1.748264e+01 1.517575e+01 1.293877e+01 1.249491e+01
<GCONST> 5.792522e+01
<TRANSP> 5
 0.000000e+00 1.000000e+00 0.000000e+00 0.000000e+00 0.000000e+00
 0.000000e+00 9.903183e-01 9.681758e-03 0.000000e+00 0.000000e+00
 0.000000e+00 0.000000e+00 9.823717e-01 1.762823e-02 0.000000e+00
 0.000000e+00 0.000000e+00 0.000000e+00 9.941114e-01 5.888614e-03
 0.000000e+00 0.000000e+00 0.000000e+00 0.000000e+00 0.000000e+00
<ENDHMM>
~h "pr"
<BEGINHMM>
<NUMSTATES> 5
<STATE> 2
<MEAN> 13
 -1.715636e+01 -8.849114e+00 -1.299697e-02 -4.416149e+00 1.789792e+00 -1.534930e+00 6.953398e+00 2.871058e+00 1.292132e+00 -2.293337e+00 1.750027e-01 1.671474e-01 6.109022e+01
<VARIANCE> 13
 2.764680e+01 3.373264e+01 3.858438e+01 3.488852e+01 1.050890e+02 6.291502e+01 6.676681e+01 6.433231e+01 3.938978e+01 3.399623e+01 3.448516e+01 5.518530e+01 7.948134e+00
<GCONST> 7.192117e+01
<STATE> 3
<MEAN> 13
 -2.107657e+01 3.634485e+00 1.681830e+01 -1.478159e+01 2.615275e+00 1.141760e+01 -5.122327e+00 -4.997798e+00 1.104533e+01 -7.517931e+00 -6.681878e+00 8.212842e+00 5.465075e+01
<VARIANCE> 13
 9.732730e+00 2.318532e+01 1.926901e+01 2.670328e+01 2.718182e+01 4.487387e+01 2.179690e+01 3.933426e+01 3.475214e+01 2.886777e+01 2.878477e+01 1.842974e+01 8.913789e+00
<GCONST> 6.478735e+01
<STATE> 4
<MEAN> 13
 -1.203545e+01 -3.676958e+00 6.513274e+00 -8.180883e+00 4.533102e+00 3.155882e+00 1.066041e+00 3.336862e+00 1.413063e+00 -1.256287e+00 -2.167378e+00 3.523039e+00 5.100911e+01
<VARIANCE> 13
 3.042311e+01 5.342942e+01 6.370646e+01 6.699844e+01 4.818055e+01 1.080022e+02 5.350631e+01 6.636820e+01 7.207152e+01 5.066525e+01 9.453321e+01 7.532430e+01 2.904677e+01
<GCONST> 7.681960e+01
<TRANSP> 5
 0.000000e+00 1.000000e+00 0.000000e+00 0.000000e+00 0.000000e+00
 0.000000e+00 9.919599e-01 8.040108e-03 0.000000e+00 0.000000e+00
 0.000000e+00 0.000000e+00 9.820499e-01 1.795009e-02 0.000000e+00
 0.000000e+00 0.000000e+00 0.000000e+00 9.947348e-01 5.265242e-03
 0.000000e+00 0.000000e+00 0.000000e+00 0.000000e+00 0.000000e+00
<ENDHMM>
~h "pw"
<BEGINHMM>
<NUMSTATES> 5
<STATE> 2
<MEAN> 13
 -1.323030e+01 -1.271165e+00 -5.798674e-01 -3.870299e-01 1.531226e+00 -9.661955e-01 2.990967e+00 2.634363e-01 -6.997740e-01 9.441925e-01 1.020721e-01 -1.059245e+00 5.300898e+01
<VARIANCE> 13
 1.456695e+01 1.951921e+01 1.130855e+01 1.201673e+01 1.444194e+01 1.593858e+01 1.662636e+01 1.813974e+01 1.673232e+01 1.540440e+01 1.440597e+01 1.298401e+01 2.235007e+01
<GCONST> 5.949257e+01
<STATE> 3
<MEAN> 13
 -1.280198e+01 -6.402908e+00 -2.573173e+00 -1.458483e+00 8.373924e-03 -4.118200e+00 5.480497e-02 -3.656497e+00 -2.882737e+00 -7.416019e-01 -2.127050e-01 -5.765258e-01 6.107836e+01
<VARIANCE> 13
 2.422739e+01 2.180093e+01 1.251556e+01 1.222641e+01 1.674714e+01 2.365533e+01 2.164017e+01 2.464907e+01 1.850555e+01 1.621271e+01 1.471064e+01 1.328176e+01 5.703196e+01
<GCONST> 6.247596e+01
<STATE> 4
<MEAN> 13
 -1.165984e+01 -2.826662e+00 -1.582676e+00 -9.109443e-01 9.207483e-01 -8.847214e-01 2.983200e+00 -3.479436e-01 -7.671887e-01 8.174139e-01 4.148827e-01 -8.064283e-01 5.420699e+01
<VARIANCE> 13
 1.662185e+01 2.129467e+01 1.291971e+01 1.221050e+01 1.476801e+01 2.120515e+01 1.869159e+01 2.169643e+01 1.752481e+01 1.622715e+01 1.440153e+01 1.332701e+01 3.386315e+01
<GCONST> 6.100432e+01
<TRANSP> 5
 0.000000e+00 1.000000e+00 0.000000e+00 0.000000e+00 0.000000e+00
 0.000000e+00 9.920400e-01 7.960011e-03 0.000000e+00 0.000000e+00
 0.000000e+00 0.000000e+00 9.916208e-01 8.379173e-03 0.000000e+00
 0.000000e+00 0.000000e+00 0.000000e+00 9.972458e-01 2.754119e-03
 0.000000e+00 0.000000e+00 0.000000e+00 0.000000e+00 0.000000e+00
<ENDHMM>
~h "si"
<BEGINHMM>
<NUMSTATES> 5
<STATE> 2
<MEAN> 13
 -8.574274e+00 -6.298662e-01 2.101249e-01 -1.758082e+00 1.262391e-01 3.256360e-01 2.218633e+00 1.499239e-01 -2.210775e-01 3.912982e-01 4.712753e-01 -2.000282e+00 5.179382e+01
<VARIANCE> 13
 2.699951e+01 2.201006e+01 1.901410e+01 1.867578e+01 2.632755e+01 2.235391e+01 2.318558e+01 2.624790e+01 2.275188e+01 2.067282e+01 1.938023e+01 1.875039e+01 3.696682e+01
<GCONST> 6.459982e+01
<STATE> 3
<MEAN> 13
 -3.899698e+00 -3.848829e+00 -3.771162e+00 -3.157695e+00 1.494636e+00 3.843201e+00 4.515520e+00 7.252904e-01 -6.177887e-01 1.296631e+00 1.274330e+00 -2.531936e+00 5.049655e+01
<VARIANCE> 13
 6.927088e+00 7.640756e+00 7.311761e+00 8.590533e+00 1.322138e+01 1.483039e+01 1.500398e+01 1.578350e+01 1.518909e+01 1.492683e+01 1.433476e+01 1.291312e+01 4.231641e+00
<GCONST> 5.483453e+01
<STATE> 4
<MEAN> 13
 -6.864161e+00 1.680514e+00 8.840445e-01 -1.817343e+00 1.644207e+00 1.440153e+00 2.498647e+00 2.896197e+00 -2.091055e-01 5.619588e-01 9.209574e-01 -2.225005e+00 4.540764e+01
<VARIANCE> 13
 1.227197e+01 8.454856e+00 9.618616e+00 1.104821e+01 1.652250e+01 1.596224e+01 1.634788e+01 1.899032e+01 1.651768e+01 1.652461e+01 1.469646e+01 1.342534e+01 1.440333e+01
<GCONST> 5.807490e+01
<TRANSP> 5
 0.000000e+00 1.000000e+00 0.000000e+00 0.000000e+00 0.000000e+00
 0.000000e+00 9.822667e-01 1.773332e-02 0.000000e+00 0.000000e+00
 0.000000e+00 0.000000e+00 9.796665e-01 2.033353e-02 0.000000e+00
 0.000000e+00 0.000000e+00 0.000000e+00 9.941419e-01 5.858143e-03
 0.000000e+00 0.000000e+00 0.000000e+00 0.000000e+00 0.000000e+00
<ENDHMM>
~h "st"
<BEGINHMM>
<NUMSTATES> 5
<STATE> 2
<MEAN> 13
 -8.979611e+00 -3.029423e+00 -1.016256e+00 -5.520822e+00 -9.812790e-01 -1.802996e+00 2.062445e+00 -3.601426e-01 -1.027371e+00 -9.904173e-01 8.061929e-01 -2.400061e+00 5.856775e+01
<VARIANCE> 13
 1.783776e+01 2.311130e+01 1.597240e+01 2.403073e+01 2.174174e+01 2.875291e+01 2.154596e+01 2.002008e+01 1.948708e+01 1.974363e+01 1.671271e+01 1.461506e+01 4.760392e+01
<GCONST> 6.368285e+01
<STATE> 3
<MEAN> 13
 -5.745725e+00 -4.021048e+00 -2.744166e+00 -5.344482e+00 -9.102524e-01 -1.608035e-01 2.276933e+00 -3.562321e-02 -8.765935e-01 4.168990e-01 1.104368e+00 -2.617094e+00 5.506707e+01
<VARIANCE> 13
 9.230163e+00 1.056198e+01 1.328818e+01 1.687841e+01 1.850645e+01 2.331468e+01 1.927086e+01 1.815530e+01 1.754711e+01 1.753321e+01 1.519124e+01 1.416720e+01 2.367753e+01
<GCONST> 6.007497e+01
<STATE> 4
<MEAN> 13
 -1.008218e+01 5.202011e-01 6.899855e-01 -2.645139e+00 5.640738e-02 -7.427677e-01 2.181907e+00 1.849906e-01 -1.296691e-02 -2.770856e-01 7.864031e-01 -2.244763e+00 5.271050e+01
<VARIANCE> 13
 1.500583e+01 1.084204e+01 1.128867e+01 1.760814e+01 1.717070e+01 1.915555e+01 1.829381e+01 2.006650e+01 1.834252e+01 1.688125e+01 1.491349e+01 1.344535e+01 3.695525e+01
<GCONST> 6.062387e+01
<TRANSP> 5
 0.000000e+00 1.000000e+00 0.000000e+00 0.000000e+00 0.000000e+00
 0.000000e+00 9.774914e-01 2.250857e-02 0.000000e+00 0.000000e+00
 0.000000e+00 0.000000e+00 9.836081e-01 1.639186e-02 0.000000e+00
 0.000000e+00 0.000000e+00 0.000000e+00 9.925737e-01 7.426250e-03
 0.000000e+00 0.000000e+00 0.000000e+00 0.000000e+00 0.000000e+00
<ENDHMM>
~h "spe"
<BEGINHMM>
<NUMSTATES> 5
<STATE> 2
<MEAN> 13
 -3.174414e+00 -1.708808e+00 5.543242e-01 -6.087606e+00 -1.619004e+00 -1.101898e+00 6.007116e-01 -7.472984e-01 -2.427447e+00 5.580897e-01 -2.492304e-01 -4.306631e+00 5.608134e+01
<VARIANCE> 13
 2.777837e+01 3.077884e+01 3.429893e+01 3.948080e+01 3.672234e+01 4.283933e+01 3.746784e+01 3.736717e+01 2.432100e+01 2.359931e+01 3.236258e+01 1.898117e+01 1.734563e+01
<GCONST> 6.808588e+01
<STATE> 3
<MEAN> 13
 -1.131814e+00 -4.823422e+00 2.864837e+00 -1.158607e+01 -3.978797e+00 -4.250615e+00 -5.008625e+00 -2.754809e+00 -2.344181e+00 -2.330811e+00 -5.280670e+00 -5.077085e+00 6.127419e+01
<VARIANCE> 13
 2.122010e+01 3.466538e+01 7.847228e+01 6.571555e+01 6.751861e+01 6.266468e+01 3.807782e+01 5.521265e+01 4.108478e+01 4.111043e+01 5.240961e+01 4.163599e+01 2.328186e+01
<GCONST> 7.330983e+01
<STATE> 4
<MEAN> 13
 -1.008566e+00 -3.133166e+00 7.735350e-03 -4.301312e+00 -2.641467e+00 -1.070598e-01 -3.726801e-01 -7.709057e-01 -1.866359e+00 -6.468845e-02 -1.024819e+00 -5.743137e+00 5.307396e+01
<VARIANCE> 13
 1.385566e+01 2.801008e+01 3.129058e+01 2.496954e+01 4.473316e+01 3.456365e+01 3.267404e+01 3.056033e+01 2.917806e+01 2.782144e+01 2.821671e+01 2.585824e+01 1.560626e+01
<GCONST> 6.680388e+01
<TRANSP> 5
 0.000000e+00 1.000000e+00 0.000000e+00 0.000000e+00 0.000000e+00
 0.000000e+00 9.746786e-01 2.532132e-02 0.000000e+00 0.000000e+00
 0.000000e+00 0.000000e+00 9.831129e-01 1.688705e-02 0.000000e+00
 0.000000e+00 0.000000e+00 0.000000e+00 9.965405e-01 3.459422e-03
 0.000000e+00 0.000000e+00 0.000000e+00 0.000000e+00 0.000000e+00
<ENDHMM>
