~o
<STREAMINFO> 1 13
<VECSIZE> 13<NULLD><MFCC_0><DIAGC>
~h "ap"
<BEGINHMM>
<NUMSTATES> 5
<STATE> 2
<NUMMIXES> 2
<MIXTURE> 1 4.863713e-01
<MEAN> 13
 -8.466430e+00 -4.356815e+00 -1.482996e+00 2.826746e-01 3.010422e+00 -2.328356e-01 3.822368e+00 -2.694520e-02 -1.153240e+00 2.647842e-01 1.344826e+00 -1.417223e+00 5.135054e+01
<VARIANCE> 13
 1.397621e+01 2.335609e+01 1.432504e+01 1.571931e+01 2.081397e+01 2.747305e+01 1.886299e+01 2.042285e+01 1.716186e+01 1.742217e+01 1.449397e+01 1.351130e+01 2.716480e+01
<GCONST> 6.167982e+01
<MIXTURE> 2 5.136254e-01
<MEAN> 13
 -1.574744e+01 -1.176201e+01 -7.390063e+00 -1.834087e+00 -5.231341e-01 -6.154639e+00 -1.318938e-01 -4.993360e+00 -3.988877e+00 -2.022179e+00 -1.209677e-02 -9.261327e-01 6.904510e+01
<VARIANCE> 13
 1.783122e+01 2.574418e+01 2.666286e+01 2.394492e+01 3.529882e+01 3.161144e+01 2.370019e+01 2.229328e+01 2.279624e+01 1.985521e+01 1.942511e+01 1.608823e+01 5.954504e+01
<GCONST> 6.571417e+01
<STATE> 3
<NUMMIXES> 2
<MIXTURE> 1 4.856701e-01
<MEAN> 13
 -8.440671e+00 -1.356965e+01 -7.990482e+00 3.425477e+00 4.166482e+00 -6.964915e+00 1.145801e+00 -6.799704e-01 -4.716647e+00 -3.129957e+00 1.499742e+00 -5.632753e-01 6.129044e+01
<VARIANCE> 13
 8.382605e+00 1.887411e+01 1.260674e+01 2.002433e+01 2.555264e+01 1.858321e+01 2.205234e+01 1.881750e+01 2.319170e+01 1.970302e+01 1.455935e+01 1.421119e+01 3.287622e+01
<GCONST> 6.162832e+01
<MIXTURE> 2 5.143292e-01
<MEAN> 13
 -1.258305e+01 -1.790337e+01 -1.270391e+01 6.084201e-01 -1.470062e+00 -1.183598e+01 -1.515759e+00 -2.351192e+00 -6.771865e+00 -5.107900e+00 -6.784571e-02 -1.703208e+00 7.609235e+01
<VARIANCE> 13
 8.924763e+00 1.010751e+01 1.152548e+01 1.825702e+01 2.571487e+01 1.634838e+01 2.519935e+01 1.680770e+01 2.504309e+01 1.923918e+01 1.638844e+01 1.583129e+01 3.501849e+01
<GCONST> 6.112547e+01
<STATE> 4
<NUMMIXES> 2
<MIXTURE> 1 4.791159e-01
<MEAN> 13
 -6.624037e+00 -8.637393e+00 -1.346448e+00 4.067454e+00 1.207211e+00 -1.129946e+00 5.323168e+00 -4.438384e-01 -2.497465e+00 1.079678e+00 1.688493e+00 -1.889735e+00 5.150833e+01
<VARIANCE> 13
 9.368365e+00 4.105121e+01 9.768767e+00 2.183682e+01 1.550538e+01 2.074135e+01 1.551929e+01 2.405450e+01 2.033418e+01 1.673387e+01 1.491165e+01 1.362279e+01 2.778868e+01
<GCONST> 6.137133e+01
<MIXTURE> 2 5.208845e-01
<MEAN> 13
 -1.240444e+01 -1.827255e+01 -6.441358e+00 2.856677e+00 -5.452963e+00 -7.881922e+00 3.435289e+00 -5.643663e+00 -5.616191e+00 -4.499740e-01 -3.300380e-01 -1.970048e+00 6.966508e+01
<VARIANCE> 13
 1.728762e+01 2.999317e+01 1.397212e+01 1.710513e+01 2.547672e+01 2.091790e+01 2.292575e+01 2.015674e+01 2.321323e+01 1.947780e+01 2.027552e+01 1.522660e+01 5.796685e+01
<GCONST> 6.394030e+01
<TRANSP> 5
 0.000000e+00 1.000000e+00 0.000000e+00 0.000000e+00 0.000000e+00
 0.000000e+00 9.926367e-01 7.363345e-03 0.000000e+00 0.000000e+00
 0.000000e+00 0.000000e+00 9.850557e-01 1.494429e-02 0.000000e+00
 0.000000e+00 0.000000e+00 0.000000e+00 9.880086e-01 1.199137e-02
 0.000000e+00 0.000000e+00 0.000000e+00 0.000000e+00 0.000000e+00
<ENDHMM>
~h "cl"
<BEGINHMM>
<NUMSTATES> 5
<STATE> 2
<NUMMIXES> 2
<MIXTURE> 1 6.316791e-01
<MEAN> 13
 -1.557755e+01 6.036099e-01 2.776874e+00 -2.915584e+00 -1.374483e+00 8.426716e+00 4.610290e+00 -7.309789e-01 3.481249e+00 2.155407e+00 -5.281013e+00 2.344530e+00 5.273268e+01
<VARIANCE> 13
 6.294630e+01 9.361421e+00 3.466590e+01 1.219953e+01 1.753642e+01 2.334877e+01 1.836913e+01 3.005543e+01 2.828076e+01 2.114891e+01 3.401225e+01 2.139493e+01 2.490163e+01
<GCONST> 6.484555e+01
<MIXTURE> 2 3.683215e-01
<MEAN> 13
 -1.203928e+01 -3.164848e+00 -1.505989e+00 -3.299749e+00 -2.002822e+00 2.161636e+00 1.519078e+00 -1.748294e+00 3.357966e-01 -1.825311e-01 -2.573942e+00 -1.118658e-01 5.634417e+01
<VARIANCE> 13
 6.699797e+01 3.465705e+01 2.331872e+01 1.974039e+01 2.175866e+01 4.169119e+01 2.541994e+01 2.563862e+01 2.962588e+01 2.672517e+01 2.986012e+01 2.233867e+01 7.845248e+01
<GCONST> 6.860402e+01
<STATE> 3
<NUMMIXES> 2
<MIXTURE> 1 5.716366e-01
<MEAN> 13
 -2.145745e+01 3.231820e+00 5.945271e-01 -5.078569e+00 -3.442532e+00 1.408979e+01 1.876560e+00 -2.756150e+00 9.076877e+00 -3.275656e+00 -3.356843e+00 6.043085e+00 5.926169e+01
<VARIANCE> 13
 3.284389e+01 5.841997e+00 1.550555e+01 9.644432e+00 1.378441e+01 2.152802e+01 2.071165e+01 1.741161e+01 1.832329e+01 1.894949e+01 1.834306e+01 1.754531e+01 1.616936e+01
<GCONST> 6.014465e+01
<MIXTURE> 2 4.283631e-01
<MEAN> 13
 -1.700090e+01 2.252120e+00 -1.337063e+00 -5.677587e+00 -5.114021e+00 9.475959e+00 -9.374250e-01 -4.753565e+00 5.554440e+00 -3.925486e+00 -3.527384e+00 4.432122e+00 5.800490e+01
<VARIANCE> 13
 6.410179e+01 1.470574e+01 2.334216e+01 1.611785e+01 2.138553e+01 3.854485e+01 2.800006e+01 2.650637e+01 2.994313e+01 2.142457e+01 2.072911e+01 2.153876e+01 2.611770e+01
<GCONST> 6.582327e+01
<STATE> 4
<NUMMIXES> 2
<MIXTURE> 1 5.357895e-01
<MEAN> 13
 -2.114190e+01 1.716982e+00 6.619994e+00 -2.077934e+00 -5.243067e+00 1.100380e+01 3.844611e+00 -4.972367e+00 3.508065e+00 5.301269e+00 -1.027961e+01 3.786355e+00 5.546124e+01
<VARIANCE> 13
 3.782461e+01 7.288985e+00 1.216033e+01 1.763805e+01 2.152461e+01 2.295626e+01 1.957523e+01 3.249599e+01 2.910137e+01 3.226540e+01 2.083570e+01 1.936103e+01 2.601894e+01
<GCONST> 6.364167e+01
<MIXTURE> 2 4.642109e-01
<MEAN> 13
 -2.393426e+01 3.686582e-01 6.453606e+00 -3.869645e+00 -8.824494e+00 1.035708e+01 -1.369559e+00 -9.641398e+00 2.064464e+00 3.827697e+00 -1.380283e+01 6.377137e+00 6.076455e+01
<VARIANCE> 13
 2.986301e+01 9.624828e+00 1.714905e+01 1.448288e+01 2.513658e+01 3.777058e+01 2.575476e+01 5.021420e+01 4.001931e+01 2.490961e+01 2.971846e+01 3.976279e+01 2.686540e+01
<GCONST> 6.635920e+01
<TRANSP> 5
 0.000000e+00 1.000000e+00 0.000000e+00 0.000000e+00 0.000000e+00
 0.000000e+00 9.674760e-01 3.252402e-02 0.000000e+00 0.000000e+00
 0.000000e+00 0.000000e+00 9.921466e-01 7.853436e-03 0.000000e+00
 0.000000e+00 0.000000e+00 0.000000e+00 9.930630e-01 6.936961e-03
 0.000000e+00 0.000000e+00 0.000000e+00 0.000000e+00 0.000000e+00
<ENDHMM>
~h "cm"
<BEGINHMM>
<NUMSTATES> 5
<STATE> 2
<NUMMIXES> 2
<MIXTURE> 1 4.760345e-01
<MEAN> 13
 -1.247508e+01 4.094270e-01 -1.996219e+00 -3.966356e+00 9.042700e-01 2.271611e+00 6.652542e-01 2.060733e+00 -3.187566e-01 1.637021e+00 2.947716e+00 -8.470671e-01 5.590738e+01
<VARIANCE> 13
 1.275987e+01 1.322119e+01 1.225095e+01 1.273668e+01 1.262135e+01 1.413803e+01 1.360120e+01 1.474572e+01 1.481442e+01 1.469552e+01 1.578072e+01 1.386725e+01 2.099193e+01
<GCONST> 5.837159e+01
<MIXTURE> 2 5.239655e-01
<MEAN> 13
 -1.296702e+01 -1.026494e+00 -3.488513e+00 -6.069160e+00 -1.515734e+00 -7.151325e-01 -2.965791e+00 -1.693491e+00 -3.636025e+00 4.196928e-01 3.068241e+00 -7.724044e-02 5.914881e+01
<VARIANCE> 13
 1.464838e+01 1.424940e+01 1.023169e+01 1.163683e+01 1.310119e+01 1.448359e+01 1.723851e+01 1.586864e+01 1.588065e+01 1.739378e+01 2.028790e+01 1.856955e+01 1.489174e+01
<GCONST> 5.912389e+01
<STATE> 3
<NUMMIXES> 2
<MIXTURE> 1 4.940812e-01
<MEAN> 13
 -9.807729e+00 -4.685576e-01 -2.175208e+00 -2.679701e+00 1.012301e+00 1.007835e+00 -7.666612e-01 -3.865414e-01 -2.927031e+00 -1.079359e+00 -1.710545e-02 -2.037710e+00 6.388947e+01
<VARIANCE> 13
 1.226120e+01 1.264698e+01 1.390307e+01 1.213976e+01 1.373515e+01 1.210752e+01 1.432587e+01 1.615771e+01 1.565788e+01 1.487322e+01 1.428684e+01 1.303053e+01 4.529753e+01
<GCONST> 5.911353e+01
<MIXTURE> 2 5.059171e-01
<MEAN> 13
 -8.473630e+00 -1.171890e+00 -4.256985e+00 -4.453560e+00 -2.404252e+00 -2.592841e+00 -4.661259e+00 -4.049519e+00 -6.033233e+00 -3.049776e+00 -2.358091e+00 -2.349828e+00 7.001194e+01
<VARIANCE> 13
 9.444806e+00 1.402076e+01 1.686123e+01 1.560227e+01 1.461753e+01 1.373545e+01 1.340534e+01 1.651730e+01 1.762251e+01 1.531105e+01 1.663398e+01 1.456454e+01 5.107092e+01
<GCONST> 6.007411e+01
<STATE> 4
<NUMMIXES> 2
<MIXTURE> 1 4.970298e-01
<MEAN> 13
 -4.734412e+00 1.902542e+00 -1.312963e+00 -2.322731e+00 9.385235e-01 1.000321e-01 -1.655626e+00 -1.311412e+00 -2.985548e+00 -1.656838e+00 -5.374290e-01 -2.666558e+00 6.285440e+01
<VARIANCE> 13
 9.569290e+00 9.233010e+00 1.001326e+01 1.054467e+01 1.132163e+01 1.117589e+01 1.290619e+01 1.758574e+01 1.639335e+01 1.546512e+01 1.336353e+01 1.273332e+01 6.304969e+01
<GCONST> 5.811469e+01
<MIXTURE> 2 5.029675e-01
<MEAN> 13
 -4.811838e+00 -5.346314e-01 -3.628409e+00 -5.907365e+00 -2.590055e+00 -3.321842e+00 -4.702291e+00 -3.313795e+00 -4.618221e+00 -3.382918e+00 -2.527537e+00 -3.382078e+00 7.160302e+01
<VARIANCE> 13
 3.715077e+00 7.901946e+00 7.009593e+00 1.066154e+01 1.033996e+01 9.634592e+00 1.234541e+01 1.473616e+01 1.431320e+01 1.332987e+01 1.312324e+01 1.178725e+01 3.049678e+01
<GCONST> 5.510101e+01
<TRANSP> 5
 0.000000e+00 1.000000e+00 0.000000e+00 0.000000e+00 0.000000e+00
 0.000000e+00 9.671565e-01 3.284357e-02 0.000000e+00 0.000000e+00
 0.000000e+00 0.000000e+00 9.675183e-01 3.248167e-02 0.000000e+00
 0.000000e+00 0.000000e+00 0.000000e+00 9.828665e-01 1.713351e-02
 0.000000e+00 0.000000e+00 0.000000e+00 0.000000e+00 0.000000e+00
<ENDHMM>
~h "co"
<BEGINHMM>
<NUMSTATES> 5
<STATE> 2
<NUMMIXES> 2
<MIXTURE> 1 4.479188e-01
<MEAN> 13
 -5.618414e+00 -3.685731e+00 8.574558e-01 1.486610e-01 -3.222449e-01 1.586182e+00 2.699769e+00 1.114491e+00 6.892611e-01 -1.174377e+00 -1.516797e+00 -4.568634e+00 5.193244e+01
<VARIANCE> 13
 8.330457e+00 1.291828e+01 1.868345e+01 2.415396e+01 1.689597e+01 1.537187e+01 2.081134e+01 2.116042e+01 1.951499e+01 2.019353e+01 1.887011e+01 1.708212e+01 3.543174e+01
<GCONST> 6.165007e+01
<MIXTURE> 2 5.520805e-01
<MEAN> 13
 -7.079009e+00 -7.428411e+00 7.583944e-01 1.015347e+00 -1.248723e+01 -4.205294e+00 -4.846487e+00 -3.562977e+00 1.971248e-01 -2.785720e+00 -5.488759e+00 -8.872651e+00 6.586411e+01
<VARIANCE> 13
 1.804849e+01 2.559623e+01 3.374673e+01 3.236042e+01 7.074277e+01 4.042056e+01 5.914101e+01 5.644173e+01 5.521542e+01 5.019352e+01 5.646141e+01 3.092923e+01 3.660261e+01
<GCONST> 7.208776e+01
<STATE> 3
<NUMMIXES> 2
<MIXTURE> 1 4.796631e-01
<MEAN> 13
 -7.189977e+00 -6.132981e+00 1.160260e+00 -1.476232e+00 -5.356600e+00 -6.466021e+00 -4.482015e+00 -6.617682e+00 -5.228258e+00 -4.257203e+00 -3.070765e+00 -7.545491e+00 6.635772e+01
<VARIANCE> 13
 2.570768e+01 1.035140e+01 1.789525e+01 1.714930e+01 2.660498e+01 3.219923e+01 5.594782e+01 4.954457e+01 3.321421e+01 3.633270e+01 3.097927e+01 3.668421e+01 4.740715e+01
<GCONST> 6.787328e+01
<MIXTURE> 2 5.203371e-01
<MEAN> 13
 -5.870351e+00 -7.222936e+00 -2.493805e+00 -3.483734e+00 -9.623665e+00 -8.935366e+00 -9.613510e+00 -6.562584e+00 -4.257778e+00 -6.274837e+00 -5.987504e+00 -1.164257e+01 7.037059e+01
<VARIANCE> 13
 8.881220e+00 1.280893e+01 2.146840e+01 2.061272e+01 3.216747e+01 3.903461e+01 4.641077e+01 5.833777e+01 5.075674e+01 4.644231e+01 3.831757e+01 4.059733e+01 2.289659e+01
<GCONST> 6.800401e+01
<STATE> 4
<NUMMIXES> 2
<MIXTURE> 1 4.809096e-01
<MEAN> 13
 -3.131928e+00 -5.903294e-01 5.274391e+00 3.350999e+00 2.083571e+00 -1.264043e+00 -2.190718e+00 -4.061972e+00 -4.047027e+00 -3.594786e+00 -3.472492e+00 -7.279776e+00 5.211538e+01
<VARIANCE> 13
 1.159977e+01 1.505152e+01 1.415894e+01 2.102708e+01 1.935065e+01 1.801034e+01 2.443953e+01 3.302733e+01 2.397974e+01 2.133917e+01 2.134689e+01 1.795725e+01 3.612842e+01
<GCONST> 6.307196e+01
<MIXTURE> 2 5.190906e-01
<MEAN> 13
 -3.722229e+00 -4.722848e+00 4.240351e+00 1.998369e+00 -4.428186e+00 -6.191853e+00 -7.665123e+00 -8.674190e+00 -5.746808e+00 -4.034349e+00 -3.607326e+00 -8.343689e+00 6.144847e+01
<VARIANCE> 13
 1.406450e+01 1.684762e+01 1.883113e+01 2.540987e+01 3.891162e+01 3.049769e+01 3.551547e+01 5.301673e+01 3.567118e+01 3.652806e+01 3.927736e+01 2.536839e+01 3.558469e+01
<GCONST> 6.779893e+01
<TRANSP> 5
 0.000000e+00 1.000000e+00 0.000000e+00 0.000000e+00 0.000000e+00
 0.000000e+00 9.342021e-01 6.579790e-02 0.000000e+00 0.000000e+00
 0.000000e+00 0.000000e+00 9.839731e-01 1.602697e-02 0.000000e+00
 0.000000e+00 0.000000e+00 0.000000e+00 9.782897e-01 2.171037e-02
 0.000000e+00 0.000000e+00 0.000000e+00 0.000000e+00 0.000000e+00
<ENDHMM>
~h "ds"
<BEGINHMM>
<NUMSTATES> 5
<STATE> 2
<NUMMIXES> 2
<MIXTURE> 1 5.389564e-01
<MEAN> 13
 -1.253180e+01 1.020428e+00 1.351158e+00 1.587288e+00 1.637534e+00 -4.151655e-01 3.847599e+00 -2.863413e+00 1.939845e+00 2.229451e+00 4.760112e+00 1.517936e-01 6.501396e+01
<VARIANCE> 13
 1.376178e+01 8.833733e+00 8.496490e+00 9.256394e+00 1.502470e+01 1.372320e+01 2.056132e+01 2.077733e+01 2.229658e+01 1.854106e+01 1.869261e+01 1.805170e+01 5.708900e+01
<GCONST> 6.033430e+01
<MIXTURE> 2 4.610416e-01
<MEAN> 13
 -1.638810e+01 -5.626069e-01 -2.061743e+00 -2.489933e+00 -3.577072e+00 -3.739707e+00 2.150402e+00 -2.237038e+00 4.601400e-01 2.362931e+00 3.793381e+00 -2.111744e-01 6.773489e+01
<VARIANCE> 13
 1.223804e+01 8.818219e+00 8.170082e+00 1.250721e+01 1.871281e+01 1.654005e+01 2.469876e+01 3.099790e+01 2.014125e+01 1.956447e+01 1.440938e+01 1.371968e+01 1.332371e+02
<GCONST> 6.173155e+01
<STATE> 3
<NUMMIXES> 2
<MIXTURE> 1 5.401078e-01
<MEAN> 13
 -9.241640e+00 4.993811e+00 5.584716e+00 6.939400e+00 7.410753e+00 4.111481e+00 7.511323e+00 -3.306607e-01 3.378795e+00 1.990936e+00 3.925015e+00 9.666167e-01 6.692541e+01
<VARIANCE> 13
 1.447548e+01 5.381821e+00 5.404057e+00 5.576440e+00 8.336278e+00 1.084936e+01 1.098360e+01 1.176898e+01 1.375089e+01 1.296993e+01 1.298493e+01 1.171046e+01 4.457511e+01
<GCONST> 5.502536e+01
<MIXTURE> 2 4.598906e-01
<MEAN> 13
 -8.361987e+00 4.902737e+00 4.274599e+00 4.357180e+00 4.662916e+00 1.583122e+00 4.603929e+00 -3.055989e+00 5.039784e-01 -4.642064e-01 1.562419e+00 -1.385715e+00 6.673977e+01
<VARIANCE> 13
 1.329002e+01 1.224181e+01 7.672843e+00 6.925136e+00 1.018292e+01 1.298864e+01 1.225981e+01 1.209667e+01 1.377662e+01 1.375840e+01 1.328471e+01 1.198085e+01 7.207204e+01
<GCONST> 5.743338e+01
<STATE> 4
<NUMMIXES> 2
<MIXTURE> 1 4.170262e-01
<MEAN> 13
 -9.651851e+00 2.766154e+00 4.196491e+00 2.599010e+00 5.002151e+00 2.755424e+00 4.647221e+00 1.112035e-03 1.808504e+00 -5.782631e-01 2.704394e+00 -6.834045e-01 5.560077e+01
<VARIANCE> 13
 1.491965e+01 1.085585e+01 1.401724e+01 1.468276e+01 1.545714e+01 2.075203e+01 2.512188e+01 1.749914e+01 2.535365e+01 2.581623e+01 1.756656e+01 1.493938e+01 8.086826e+01
<GCONST> 6.261010e+01
<MIXTURE> 2 5.829726e-01
<MEAN> 13
 -9.933095e+00 3.031858e-01 4.506899e-01 -1.040551e+00 1.386339e+00 -8.430792e-01 1.516960e+00 -1.747527e+00 -9.521363e-01 -5.619314e-01 1.537112e+00 -2.316742e+00 5.387667e+01
<VARIANCE> 13
 1.600646e+01 9.664995e+00 1.229848e+01 1.252594e+01 1.673905e+01 1.796878e+01 2.008552e+01 1.952738e+01 2.172983e+01 2.165053e+01 1.817447e+01 1.823461e+01 2.529309e+01
<GCONST> 6.083697e+01
<TRANSP> 5
 0.000000e+00 1.000000e+00 0.000000e+00 0.000000e+00 0.000000e+00
 0.000000e+00 9.665144e-01 3.348558e-02 0.000000e+00 0.000000e+00
 0.000000e+00 0.000000e+00 9.063575e-01 9.364257e-02 0.000000e+00
 0.000000e+00 0.000000e+00 0.000000e+00 9.927848e-01 7.215252e-03
 0.000000e+00 0.000000e+00 0.000000e+00 0.000000e+00 0.000000e+00
<ENDHMM>
~h "kj"
<BEGINHMM>
<NUMSTATES> 5
<STATE> 2
<NUMMIXES> 2
<MIXTURE> 1 5.400768e-01
<MEAN> 13
 -1.944258e+01 4.049734e+00 1.188224e+00 -3.168158e+00 -2.928944e-01 6.448335e+00 1.796583e+00 4.386635e+00 1.164263e+00 4.963276e-02 2.791933e+00 -5.930949e-01 5.563274e+01
<VARIANCE> 13
 2.882548e+01 1.601986e+01 1.097116e+01 1.235345e+01 1.436171e+01 2.447649e+01 2.357285e+01 1.724136e+01 1.424290e+01 2.028060e+01 1.489663e+01 1.358742e+01 2.422907e+01
<GCONST> 6.097014e+01
<MIXTURE> 2 4.599231e-01
<MEAN> 13
 -1.854927e+01 1.618390e+00 -4.821565e-01 -3.533394e+00 -1.626307e+00 3.185485e+00 1.001353e+00 6.877443e-01 -1.544698e+00 -3.296184e-01 4.640080e-01 -1.763344e+00 5.680969e+01
<VARIANCE> 13
 3.427724e+01 2.145068e+01 1.604308e+01 1.536257e+01 1.918352e+01 3.486428e+01 2.477181e+01 2.012903e+01 1.723233e+01 2.257216e+01 1.578667e+01 1.563091e+01 2.622244e+01
<GCONST> 6.345577e+01
<STATE> 3
<NUMMIXES> 2
<MIXTURE> 1 5.496528e-01
<MEAN> 13
 -1.371958e+01 -3.230088e+00 -3.652620e+00 6.497598e-01 -5.387363e-02 -2.384430e+00 2.683979e-01 -1.549121e+00 -1.320010e+00 1.930993e+00 9.721870e-01 -8.404567e-01 5.744621e+01
<VARIANCE> 13
 1.323813e+01 2.053121e+01 1.297976e+01 1.360277e+01 1.392038e+01 1.534063e+01 1.653232e+01 1.603670e+01 1.703906e+01 1.645579e+01 1.602959e+01 1.347685e+01 2.406281e+01
<GCONST> 5.980744e+01
<MIXTURE> 2 4.503460e-01
<MEAN> 13
 -1.656825e+01 -8.957463e+00 -4.257523e+00 -2.402257e+00 -2.355106e+00 -5.658262e+00 -4.095658e+00 -5.355189e+00 -3.857163e+00 -1.787859e-01 1.811819e-01 -5.505277e-01 6.799622e+01
<VARIANCE> 13
 1.408387e+01 2.303645e+01 9.708428e+00 1.266332e+01 1.584212e+01 1.441771e+01 1.636489e+01 1.533616e+01 1.672454e+01 1.579456e+01 1.511050e+01 1.441465e+01 5.678797e+01
<GCONST> 6.044220e+01
<STATE> 4
<NUMMIXES> 2
<MIXTURE> 1 6.593438e-01
<MEAN> 13
 -2.330436e+01 3.702215e+00 2.683664e+00 3.848089e+00 -2.325328e+00 3.470367e-01 8.440414e+00 8.219894e-01 -3.152395e+00 4.439344e+00 7.272624e-01 -3.121842e+00 5.520771e+01
<VARIANCE> 13
 1.792140e+01 1.684745e+01 1.525445e+01 1.666985e+01 1.496665e+01 1.584982e+01 1.869125e+01 1.811744e+01 2.059798e+01 2.500456e+01 1.763305e+01 1.898561e+01 1.303336e+01
<GCONST> 6.106020e+01
<MIXTURE> 2 3.406585e-01
<MEAN> 13
 -1.706169e+01 -2.526230e+00 -2.226030e+00 3.429789e-01 -3.048502e+00 -3.655154e+00 1.236571e+00 -2.523214e+00 -3.586093e+00 1.866234e+00 3.864474e-01 -1.704280e+00 5.888598e+01
<VARIANCE> 13
 4.685602e+01 5.874208e+01 2.490129e+01 1.895847e+01 2.131870e+01 2.020925e+01 2.843472e+01 2.110806e+01 2.028261e+01 2.260426e+01 1.812692e+01 1.704460e+01 6.481457e+01
<GCONST> 6.646546e+01
<TRANSP> 5
 0.000000e+00 1.000000e+00 0.000000e+00 0.000000e+00 0.000000e+00
 0.000000e+00 9.918978e-01 8.102236e-03 0.000000e+00 0.000000e+00
 0.000000e+00 0.000000e+00 9.729772e-01 2.702280e-02 0.000000e+00
 0.000000e+00 0.000000e+00 0.000000e+00 9.935272e-01 6.472779e-03
 0.000000e+00 0.000000e+00 0.000000e+00 0.000000e+00 0.000000e+00
<ENDHMM>
~h "kn"
<BEGINHMM>
<NUMSTATES> 5
<STATE> 2
<NUMMIXES> 2
<MIXTURE> 1 5.283192e-01
<MEAN> 13
 3.958244e+00 2.135379e+00 -3.957449e+00 -1.953984e+00 1.778575e+00 -6.111128e-01 1.384820e+00 -2.544162e+00 3.181820e+00 2.423957e+00 3.163944e+00 -4.020424e-01 5.723156e+01
<VARIANCE> 13
 1.672143e+01 1.685995e+01 1.682153e+01 1.045146e+01 1.134705e+01 2.117786e+01 1.951927e+01 2.146662e+01 1.789798e+01 1.587668e+01 1.505521e+01 1.624505e+01 3.704407e+01
<GCONST> 6.098441e+01
<MIXTURE> 2 4.716812e-01
<MEAN> 13
 2.597790e+00 1.986575e+00 -2.885912e+00 -2.753401e+00 1.719368e+00 -6.944109e-01 -5.989739e-01 -4.987831e+00 -1.620856e+00 -1.448468e+00 -6.153302e-01 -3.755443e+00 5.548543e+01
<VARIANCE> 13
 2.643147e+01 1.915641e+01 2.707213e+01 9.206712e+00 1.900070e+01 2.145938e+01 2.271700e+01 3.430627e+01 1.639229e+01 2.058211e+01 1.651764e+01 1.360363e+01 5.908355e+01
<GCONST> 6.362206e+01
<STATE> 3
<NUMMIXES> 2
<MIXTURE> 1 4.972708e-01
<MEAN> 13
 4.546894e+00 -8.480384e-01 -1.635140e+00 2.686960e+00 6.704092e+00 9.029002e-01 4.064715e+00 -2.167907e+00 1.145561e+00 3.984488e-01 2.253426e+00 -4.746141e-01 6.220062e+01
<VARIANCE> 13
 9.188327e+00 1.330280e+01 1.009369e+01 1.175117e+01 1.456983e+01 1.916145e+01 1.901604e+01 1.412124e+01 1.645738e+01 1.705715e+01 1.573816e+01 1.455409e+01 2.374644e+01
<GCONST> 5.893772e+01
<MIXTURE> 2 5.027265e-01
<MEAN> 13
 5.986717e+00 -2.873204e+00 -3.113037e+00 1.335464e+00 3.480870e+00 -2.983685e+00 1.071604e+00 -6.144216e+00 -2.615082e+00 -2.865247e+00 -1.565122e-01 -2.947290e+00 6.184882e+01
<VARIANCE> 13
 8.120621e+00 2.338269e+01 1.347773e+01 1.224964e+01 1.775064e+01 2.079554e+01 1.763844e+01 2.275412e+01 1.893570e+01 1.955968e+01 1.642935e+01 1.708675e+01 2.744440e+01
<GCONST> 6.101538e+01
<STATE> 4
<NUMMIXES> 2
<MIXTURE> 1 5.352568e-01
<MEAN> 13
 6.150334e+00 2.814730e+00 -6.010329e-01 2.201369e+00 7.191951e+00 2.872030e+00 2.368895e+00 -4.460354e-01 -2.050719e+00 -1.395932e+00 3.516096e-01 -2.763468e+00 5.244201e+01
<VARIANCE> 13
 1.762601e+01 1.336826e+01 1.459632e+01 8.520591e+00 1.459488e+01 1.669814e+01 1.541751e+01 1.762504e+01 1.642573e+01 1.335766e+01 1.037744e+01 1.184042e+01 2.326705e+01
<GCONST> 5.862784e+01
<MIXTURE> 2 4.647441e-01
<MEAN> 13
 4.729959e+00 3.781915e+00 7.851777e-01 2.565674e-01 4.257223e+00 1.183118e+00 5.895677e-02 -2.404105e+00 -4.466415e+00 -3.269990e+00 -1.056459e+00 -4.077900e+00 5.103030e+01
<VARIANCE> 13
 1.734534e+01 2.165488e+01 1.778030e+01 1.165560e+01 1.741055e+01 1.493522e+01 1.575795e+01 2.617609e+01 1.845895e+01 1.666296e+01 1.453408e+01 1.487004e+01 3.067843e+01
<GCONST> 6.126596e+01
<TRANSP> 5
 0.000000e+00 1.000000e+00 0.000000e+00 0.000000e+00 0.000000e+00
 0.000000e+00 9.610989e-01 3.890114e-02 0.000000e+00 0.000000e+00
 0.000000e+00 0.000000e+00 9.788390e-01 2.116099e-02 0.000000e+00
 0.000000e+00 0.000000e+00 0.000000e+00 9.592958e-01 4.070419e-02
 0.000000e+00 0.000000e+00 0.000000e+00 0.000000e+00 0.000000e+00
<ENDHMM>
~h "kt"
<BEGINHMM>
<NUMSTATES> 5
<STATE> 2
<NUMMIXES> 2
<MIXTURE> 1 5.288647e-01
<MEAN> 13
 -1.078856e+01 5.010577e-01 -6.215847e+00 -3.825330e-01 2.265414e+00 2.380353e+00 6.067238e+00 1.881587e+00 2.152073e+00 2.100100e+00 2.682912e+00 -7.729339e-01 5.553443e+01
<VARIANCE> 13
 1.094258e+01 4.479045e+00 6.055238e+00 8.638133e+00 1.003403e+01 1.284726e+01 1.261147e+01 1.353455e+01 1.437992e+01 1.344001e+01 1.253460e+01 1.222375e+01 1.370047e+01
<GCONST> 5.465393e+01
<MIXTURE> 2 4.711355e-01
<MEAN> 13
 -1.127148e+01 -2.814723e-01 -6.800942e+00 -1.899373e+00 5.330719e-01 1.392322e-01 3.147612e+00 -6.954751e-01 5.799688e-02 -5.273756e-01 3.859207e-01 -1.898303e+00 5.593011e+01
<VARIANCE> 13
 1.914290e+01 7.973740e+00 8.999296e+00 1.217489e+01 1.269896e+01 1.944378e+01 1.598389e+01 1.544616e+01 1.714906e+01 1.386121e+01 1.355854e+01 1.358686e+01 2.267650e+01
<GCONST> 5.844348e+01
<STATE> 3
<NUMMIXES> 2
<MIXTURE> 1 5.481171e-01
<MEAN> 13
 -1.117244e+01 3.378215e+00 -2.448824e+00 1.445532e+00 1.652084e+00 -1.009748e+00 3.854469e+00 2.123898e+00 9.225237e-01 -5.542319e-02 6.078502e-01 -1.313059e+00 5.128072e+01
<VARIANCE> 13
 5.694219e+00 4.991762e+00 7.075980e+00 1.013182e+01 1.079220e+01 1.153110e+01 1.321411e+01 1.531314e+01 1.543633e+01 1.611194e+01 1.345122e+01 1.209452e+01 1.152081e+01
<GCONST> 5.469816e+01
<MIXTURE> 2 4.518821e-01
<MEAN> 13
 -1.341453e+01 3.056530e+00 -3.780829e+00 1.216184e-01 -3.200454e-01 -4.051215e+00 1.158469e+00 -1.274297e-01 -9.985697e-01 -1.472233e+00 -1.746053e+00 -1.942486e+00 5.543175e+01
<VARIANCE> 13
 7.175552e+00 7.244089e+00 8.985691e+00 1.307619e+01 1.580801e+01 1.698844e+01 1.844967e+01 1.719047e+01 1.896448e+01 2.224869e+01 1.920967e+01 1.587628e+01 1.873862e+01
<GCONST> 5.865783e+01
<STATE> 4
<NUMMIXES> 2
<MIXTURE> 1 5.357659e-01
<MEAN> 13
 -9.022003e+00 3.528592e+00 -1.857903e+00 5.352555e-01 1.769331e+00 1.282609e+00 4.206279e+00 3.548355e+00 1.639545e+00 6.689022e-01 1.418231e+00 -1.795954e+00 4.753838e+01
<VARIANCE> 13
 6.350609e+00 5.848051e+00 9.404797e+00 9.449669e+00 1.246083e+01 1.174717e+01 1.393708e+01 1.334644e+01 1.430547e+01 1.478479e+01 1.310941e+01 1.192546e+01 6.122944e+00
<GCONST> 5.442455e+01
<MIXTURE> 2 4.642348e-01
<MEAN> 13
 -1.050720e+01 2.702695e+00 -3.132166e+00 -6.281733e-01 -9.892619e-01 -1.704317e+00 1.734072e+00 5.717569e-01 -4.734719e-01 -7.500398e-01 -3.306193e-01 -2.461316e+00 5.024451e+01
<VARIANCE> 13
 1.223140e+01 1.223515e+01 1.244306e+01 1.322969e+01 1.787465e+01 1.630738e+01 1.727881e+01 1.711833e+01 1.840094e+01 1.939513e+01 1.583565e+01 1.416490e+01 1.521227e+01
<GCONST> 5.938154e+01
<TRANSP> 5
 0.000000e+00 1.000000e+00 0.000000e+00 0.000000e+00 0.000000e+00
 0.000000e+00 9.916319e-01 8.368070e-03 0.000000e+00 0.000000e+00
 0.000000e+00 0.000000e+00 9.847134e-01 1.528663e-02 0.000000e+00
 0.000000e+00 0.000000e+00 0.000000e+00 9.930994e-01 6.900612e-03
 0.000000e+00 0.000000e+00 0.000000e+00 0.000000e+00 0.000000e+00
<ENDHMM>
~h "pr"
<BEGINHMM>
<NUMSTATES> 5
<STATE> 2
<NUMMIXES> 2
<MIXTURE> 1 4.945271e-01
<MEAN> 13
 -1.670638e+01 -9.713446e+00 1.617728e+00 -4.661098e+00 3.719095e+00 -2.567162e-01 6.337671e+00 3.078299e+00 -3.466704e-01 -2.383143e+00 1.596410e+00 1.476022e+00 6.001985e+01
<VARIANCE> 13
 3.207432e+01 3.009649e+01 3.657135e+01 4.362718e+01 9.102725e+01 7.253577e+01 6.505109e+01 6.472262e+01 6.961241e+01 4.121622e+01 5.966844e+01 6.993522e+01 1.109549e+01
<GCONST> 7.398502e+01
<MIXTURE> 2 5.054734e-01
<MEAN> 13
 -1.487916e+01 -9.137269e+00 -5.829971e-02 -5.770932e+00 5.303820e-01 -1.405755e-01 7.046764e+00 2.356438e+00 5.987656e-01 -1.736621e+00 7.516686e-01 -9.781636e-01 5.969526e+01
<VARIANCE> 13
 2.964426e+01 3.519144e+01 4.422639e+01 3.352443e+01 8.901916e+01 6.032264e+01 7.124032e+01 6.483688e+01 4.421203e+01 3.950401e+01 3.682441e+01 5.665038e+01 1.318385e+01
<GCONST> 7.285802e+01
<STATE> 3
<NUMMIXES> 2
<MIXTURE> 1 5.805031e-01
<MEAN> 13
 -2.208940e+01 5.109325e+00 1.751589e+01 -1.491507e+01 1.970120e+00 1.465409e+01 -4.415726e+00 -5.803139e+00 1.384461e+01 -7.492624e+00 -6.234801e+00 8.811280e+00 5.393734e+01
<VARIANCE> 13
 7.124993e+00 7.037275e+00 7.624211e+00 1.337267e+01 1.741383e+01 1.483004e+01 1.341957e+01 1.577957e+01 1.637576e+01 2.117809e+01 2.268604e+01 1.326067e+01 3.816936e+00
<GCONST> 5.623589e+01
<MIXTURE> 2 4.194989e-01
<MEAN> 13
 -2.023110e+01 4.446119e+00 1.664102e+01 -1.387221e+01 8.079990e-01 1.038727e+01 -7.132797e+00 -7.814527e+00 1.020862e+01 -8.732099e+00 -7.697341e+00 6.640173e+00 5.518447e+01
<VARIANCE> 13
 1.158519e+01 2.551577e+01 2.277962e+01 3.407263e+01 1.964255e+01 2.887247e+01 2.115884e+01 3.030565e+01 2.536655e+01 3.009983e+01 2.838382e+01 1.934699e+01 7.536634e+00
<GCONST> 6.400586e+01
<STATE> 4
<NUMMIXES> 2
<MIXTURE> 1 5.151051e-01
<MEAN> 13
 -1.151275e+01 -2.652415e-01 8.572540e+00 -8.997001e+00 7.716810e+00 -1.975428e-01 -1.179774e+00 6.850098e+00 1.897464e+00 -9.583531e-02 -7.684188e+00 7.382045e+00 4.802645e+01
<VARIANCE> 13
 2.120832e+01 1.461635e+01 5.657880e+01 7.499246e+01 3.314586e+01 1.325232e+02 3.011408e+01 6.458125e+01 3.576866e+01 3.155732e+01 5.138347e+01 6.323980e+01 1.365655e+01
<GCONST> 7.167190e+01
<MIXTURE> 2 4.848950e-01
<MEAN> 13
 -1.316978e+01 -2.246396e+00 7.924963e+00 -8.927352e+00 2.860925e+00 6.694410e+00 -4.644751e-01 5.121805e-01 4.026582e+00 -2.690944e+00 -7.784123e-01 2.349935e+00 5.060485e+01
<VARIANCE> 13
 4.576912e+01 5.775412e+01 7.525124e+01 7.945598e+01 3.980479e+01 8.802422e+01 3.952951e+01 4.206580e+01 7.571490e+01 6.373030e+01 9.315302e+01 5.405386e+01 2.800757e+01
<GCONST> 7.638446e+01
<TRANSP> 5
 0.000000e+00 1.000000e+00 0.000000e+00 0.000000e+00 0.000000e+00
 0.000000e+00 9.942801e-01 5.719916e-03 0.000000e+00 0.000000e+00
 0.000000e+00 0.000000e+00 9.791169e-01 2.088315e-02 0.000000e+00
 0.000000e+00 0.000000e+00 0.000000e+00 9.932111e-01 6.788922e-03
 0.000000e+00 0.000000e+00 0.000000e+00 0.000000e+00 0.000000e+00
<ENDHMM>
~h "pw"
<BEGINHMM>
<NUMSTATES> 5
<STATE> 2
<NUMMIXES> 2
<MIXTURE> 1 5.494996e-01
<MEAN> 13
 -1.208289e+01 -5.012946e-01 3.397057e-01 3.019282e-01 2.089545e+00 -3.895656e-02 4.056254e+00 1.794262e+00 3.422009e-01 1.785588e+00 8.696597e-01 -5.361984e-01 5.073440e+01
<VARIANCE> 13
 1.395551e+01 1.508209e+01 8.915325e+00 1.124181e+01 1.244425e+01 1.288232e+01 1.308912e+01 1.464356e+01 1.505246e+01 1.464228e+01 1.351914e+01 1.223368e+01 1.394285e+01
<GCONST> 5.732082e+01
<MIXTURE> 2 4.505050e-01
<MEAN> 13
 -1.357540e+01 -4.916379e+00 -1.741259e+00 -1.065366e+00 -3.722794e-02 -3.830759e+00 6.129817e-01 -2.527469e+00 -2.253511e+00 -1.252377e-01 -4.860338e-01 -9.660144e-01 5.732198e+01
<VARIANCE> 13
 1.992706e+01 2.660014e+01 1.340922e+01 1.317651e+01 1.656836e+01 1.926882e+01 1.730943e+01 1.988101e+01 1.709864e+01 1.566309e+01 1.538983e+01 1.446131e+01 3.767949e+01
<GCONST> 6.157138e+01
<STATE> 3
<NUMMIXES> 2
<MIXTURE> 1 4.696715e-01
<MEAN> 13
 -1.148132e+01 -4.766811e+00 -1.541768e+00 7.206282e-02 2.054093e+00 -2.725538e+00 9.265410e-01 -2.904326e+00 -2.701612e+00 1.212364e-01 5.419632e-01 -3.268064e-01 5.663369e+01
<VARIANCE> 13
 2.769500e+01 1.980459e+01 1.051131e+01 9.302655e+00 1.300931e+01 1.562082e+01 1.673251e+01 1.916907e+01 1.723715e+01 1.534167e+01 1.290335e+01 1.256991e+01 3.914707e+01
<GCONST> 6.020100e+01
<MIXTURE> 2 5.303282e-01
<MEAN> 13
 -1.123301e+01 -8.773683e+00 -3.852695e+00 -2.639388e+00 -1.484792e+00 -7.354345e+00 -2.866190e+00 -7.298331e+00 -4.503399e+00 -1.916209e+00 -4.691236e-01 -8.338880e-01 6.702380e+01
<VARIANCE> 13
 2.331145e+01 1.705710e+01 1.266826e+01 1.227640e+01 1.635260e+01 1.713327e+01 1.605133e+01 1.783466e+01 1.818902e+01 1.676517e+01 1.554264e+01 1.403395e+01 5.042964e+01
<GCONST> 6.124281e+01
<STATE> 4
<NUMMIXES> 2
<MIXTURE> 1 5.549917e-01
<MEAN> 13
 -1.061129e+01 -1.690673e+00 -2.694447e+00 -1.358034e+00 1.835832e+00 1.965550e+00 5.188955e+00 1.194271e+00 3.062495e-01 1.659002e+00 8.874002e-01 -9.415210e-01 5.293660e+01
<VARIANCE> 13
 1.299649e+01 1.194888e+01 1.077362e+01 9.354680e+00 1.009269e+01 1.278100e+01 1.280977e+01 1.335897e+01 1.340555e+01 1.288869e+01 1.234149e+01 1.222291e+01 1.203364e+01
<GCONST> 5.620887e+01
<MIXTURE> 2 4.450085e-01
<MEAN> 13
 -1.309564e+01 -4.650716e+00 -2.375703e+00 -1.912224e+00 -6.672450e-01 -2.530678e+00 1.232005e+00 -2.500151e+00 -2.250139e+00 -9.843613e-01 -5.338117e-01 -1.081929e+00 5.831382e+01
<VARIANCE> 13
 1.680992e+01 1.944921e+01 1.206563e+01 1.218202e+01 1.554275e+01 1.734980e+01 1.673192e+01 1.851328e+01 1.729610e+01 1.581758e+01 1.513430e+01 1.428539e+01 3.402427e+01
<GCONST> 6.052036e+01
<TRANSP> 5
 0.000000e+00 1.000000e+00 0.000000e+00 0.000000e+00 0.000000e+00
 0.000000e+00 9.968122e-01 3.187802e-03 0.000000e+00 0.000000e+00
 0.000000e+00 0.000000e+00 9.863026e-01 1.369740e-02 0.000000e+00
 0.000000e+00 0.000000e+00 0.000000e+00 9.954824e-01 4.517529e-03
 0.000000e+00 0.000000e+00 0.000000e+00 0.000000e+00 0.000000e+00
<ENDHMM>
~h "si"
<BEGINHMM>
<NUMSTATES> 5
<STATE> 2
<NUMMIXES> 2
<MIXTURE> 1 5.785430e-01
<MEAN> 13
 -8.331460e+00 1.517749e+00 7.741554e-01 -6.211187e-01 1.723442e+00 1.955840e+00 4.102963e+00 2.438705e+00 9.091532e-01 1.282474e+00 1.342296e+00 -1.610734e+00 4.791899e+01
<VARIANCE> 13
 1.524148e+01 7.947030e+00 1.038965e+01 1.090175e+01 1.499362e+01 1.346328e+01 1.405344e+01 1.563166e+01 1.557679e+01 1.499267e+01 1.366335e+01 1.275035e+01 1.581218e+01
<GCONST> 5.749311e+01
<MIXTURE> 2 4.214334e-01
<MEAN> 13
 -9.299459e+00 -1.565691e+00 -5.150442e-01 -2.690556e+00 -1.191370e+00 -1.309194e+00 9.818129e-01 -1.185286e+00 -1.110325e+00 -2.018410e-01 1.233744e-02 -2.038078e+00 5.309356e+01
<VARIANCE> 13
 3.005030e+01 2.442511e+01 2.036074e+01 1.887697e+01 2.612828e+01 2.208583e+01 2.400414e+01 2.608558e+01 2.443837e+01 2.248247e+01 2.146742e+01 2.110330e+01 3.809245e+01
<GCONST> 6.530488e+01
<STATE> 3
<NUMMIXES> 2
<MIXTURE> 1 5.338453e-01
<MEAN> 13
 -3.624746e+00 -3.835605e+00 -3.520664e+00 -2.449569e+00 2.974525e+00 5.369201e+00 6.027909e+00 2.022720e+00 1.828650e-01 2.080368e+00 2.014576e+00 -2.090732e+00 5.010178e+01
<VARIANCE> 13
 5.400635e+00 5.305661e+00 5.436225e+00 6.202070e+00 8.182533e+00 9.646564e+00 1.025888e+01 1.171722e+01 1.219383e+01 1.223648e+01 1.176638e+01 1.090278e+01 2.121826e+00
<GCONST> 5.053536e+01
<MIXTURE> 2 4.661422e-01
<MEAN> 13
 -4.079334e+00 -4.225636e+00 -4.115478e+00 -4.256866e+00 -4.099196e-01 1.970104e+00 2.508607e+00 -9.028544e-01 -1.636895e+00 2.645960e-01 4.449242e-01 -3.030749e+00 5.109573e+01
<VARIANCE> 13
 8.855011e+00 1.007322e+01 8.995852e+00 9.588280e+00 1.404595e+01 1.557847e+01 1.494692e+01 1.660683e+01 1.680202e+01 1.660646e+01 1.616453e+01 1.482777e+01 6.087884e+00
<GCONST> 5.666003e+01
<STATE> 4
<NUMMIXES> 2
<MIXTURE> 1 5.594603e-01
<MEAN> 13
 -5.595607e+00 2.401407e+00 1.539723e+00 -1.514560e+00 3.146474e+00 3.122958e+00 3.258814e+00 4.785562e+00 2.548027e-01 1.006383e+00 1.534531e+00 -2.255178e+00 4.341232e+01
<VARIANCE> 13
 4.576064e+00 3.816481e+00 7.065509e+00 8.405104e+00 1.282125e+01 1.072908e+01 1.222999e+01 1.344855e+01 1.374531e+01 1.459363e+01 1.225454e+01 1.140038e+01 2.895007e+00
<GCONST> 5.216727e+01
<MIXTURE> 2 4.405210e-01
<MEAN> 13
 -6.588654e+00 1.247002e+00 5.519937e-01 -2.682021e+00 4.822356e-01 -7.661699e-02 8.317622e-01 1.524012e+00 -1.299327e+00 -2.953272e-01 -5.601058e-02 -2.810069e+00 4.547976e+01
<VARIANCE> 13
 1.263858e+01 1.092396e+01 1.143110e+01 1.262257e+01 1.624343e+01 1.587155e+01 1.680259e+01 1.851961e+01 1.749914e+01 1.801616e+01 1.607992e+01 1.520525e+01 1.288385e+01
<GCONST> 5.889314e+01
<TRANSP> 5
 0.000000e+00 1.000000e+00 0.000000e+00 0.000000e+00 0.000000e+00
 0.000000e+00 9.905310e-01 9.469007e-03 0.000000e+00 0.000000e+00
 0.000000e+00 0.000000e+00 9.791918e-01 2.080816e-02 0.000000e+00
 0.000000e+00 0.000000e+00 0.000000e+00 9.918441e-01 8.155920e-03
 0.000000e+00 0.000000e+00 0.000000e+00 0.000000e+00 0.000000e+00
<ENDHMM>
~h "st"
<BEGINHMM>
<NUMSTATES> 5
<STATE> 2
<NUMMIXES> 2
<MIXTURE> 1 5.336438e-01
<MEAN> 13
 -8.832133e+00 -9.885942e-01 -7.303908e-01 -3.033237e+00 1.913123e-01 3.744825e-01 3.631798e+00 1.211569e-01 -8.027482e-01 -3.525611e-01 1.439370e+00 -1.986521e+00 5.454275e+01
<VARIANCE> 13
 1.757530e+01 1.272552e+01 1.227596e+01 1.580222e+01 1.404363e+01 1.478753e+01 1.431793e+01 1.506720e+01 1.630359e+01 1.593845e+01 1.425890e+01 1.250372e+01 1.515915e+01
<GCONST> 5.874242e+01
<MIXTURE> 2 4.663517e-01
<MEAN> 13
 -8.934791e+00 -4.536403e+00 8.963356e-02 -7.043493e+00 -3.177276e+00 -4.367028e+00 1.825869e-01 -1.979603e+00 -2.301376e+00 -2.230018e+00 1.906763e-01 -2.741833e+00 6.211562e+01
<VARIANCE> 13
 1.669665e+01 2.685794e+01 1.589046e+01 2.269764e+01 2.016752e+01 2.305038e+01 2.185106e+01 2.191194e+01 2.161477e+01 2.137913e+01 1.829663e+01 1.655710e+01 4.167789e+01
<GCONST> 6.377849e+01
<STATE> 3
<NUMMIXES> 2
<MIXTURE> 1 5.694849e-01
<MEAN> 13
 -5.007142e+00 -2.774032e+00 -3.814540e+00 -3.477057e+00 1.009729e+00 2.564058e+00 4.356660e+00 8.589276e-01 -1.928439e-01 1.414989e+00 1.550581e+00 -2.472645e+00 5.221265e+01
<VARIANCE> 13
 3.738123e+00 5.778139e+00 7.311918e+00 8.900152e+00 1.187261e+01 1.259195e+01 1.256698e+01 1.458252e+01 1.408459e+01 1.372329e+01 1.340738e+01 1.244454e+01 3.592190e+00
<GCONST> 5.301886e+01
<MIXTURE> 2 4.305134e-01
<MEAN> 13
 -6.883620e+00 -5.054812e+00 -2.023323e+00 -7.457752e+00 -2.883652e+00 -3.027143e+00 3.055156e-01 -5.780874e-01 -1.139719e+00 -6.189170e-01 6.097878e-01 -2.700966e+00 5.801136e+01
<VARIANCE> 13
 1.350743e+01 1.499123e+01 1.614715e+01 1.992708e+01 2.014981e+01 2.007871e+01 1.870288e+01 2.220936e+01 2.121868e+01 1.959969e+01 1.726500e+01 1.609948e+01 3.004892e+01
<GCONST> 6.206967e+01
<STATE> 4
<NUMMIXES> 2
<MIXTURE> 1 5.535312e-01
<MEAN> 13
 -1.014116e+01 1.507733e+00 1.010741e+00 -8.665052e-01 1.987716e+00 1.069388e+00 3.471465e+00 1.652035e+00 8.783179e-01 4.898192e-01 1.245033e+00 -1.865350e+00 4.947451e+01
<VARIANCE> 13
 1.161965e+01 6.253752e+00 7.993676e+00 1.007859e+01 1.062111e+01 1.165237e+01 1.263307e+01 1.503898e+01 1.502002e+01 1.427201e+01 1.302278e+01 1.211186e+01 1.388474e+01
<GCONST> 5.569203e+01
<MIXTURE> 2 4.464654e-01
<MEAN> 13
 -1.074645e+01 -9.195627e-02 7.093681e-01 -4.713821e+00 -1.831093e+00 -3.131174e+00 2.214583e-01 -1.258727e+00 -5.830197e-01 -9.940923e-01 7.194265e-02 -2.765604e+00 5.594659e+01
<VARIANCE> 13
 1.821363e+01 1.241603e+01 1.505616e+01 1.909159e+01 1.624376e+01 1.958082e+01 1.910194e+01 2.129683e+01 2.013856e+01 1.796315e+01 1.601558e+01 1.456913e+01 4.620815e+01
<GCONST> 6.192179e+01
<TRANSP> 5
 0.000000e+00 1.000000e+00 0.000000e+00 0.000000e+00 0.000000e+00
 0.000000e+00 9.828183e-01 1.718174e-02 0.000000e+00 0.000000e+00
 0.000000e+00 0.000000e+00 9.848528e-01 1.514724e-02 0.000000e+00
 0.000000e+00 0.000000e+00 0.000000e+00 9.913697e-01 8.630278e-03
 0.000000e+00 0.000000e+00 0.000000e+00 0.000000e+00 0.000000e+00
<ENDHMM>
~h "spe"
<BEGINHMM>
<NUMSTATES> 5
<STATE> 2
<NUMMIXES> 2
<MIXTURE> 1 4.763997e-01
<MEAN> 13
 -2.886056e+00 -3.223458e+00 -2.217474e+00 -4.393590e+00 9.048179e-01 2.196817e+00 3.298341e+00 -1.252636e-01 -1.525148e+00 9.657693e-01 9.917561e-01 -3.680266e+00 5.239642e+01
<VARIANCE> 13
 1.335507e+01 1.530080e+01 1.698428e+01 1.920660e+01 1.899996e+01 2.059719e+01 2.274646e+01 1.962969e+01 1.735168e+01 1.702385e+01 1.602518e+01 1.570148e+01 1.086507e+01
<GCONST> 6.067256e+01
<MIXTURE> 2 5.235906e-01
<MEAN> 13
 -3.427692e-01 -5.793010e+00 2.617448e+00 -9.527964e+00 -4.434815e+00 -3.664171e+00 -3.251949e+00 -5.163158e-01 -3.011483e+00 1.446798e+00 -1.813383e-01 -7.002528e+00 5.801389e+01
<VARIANCE> 13
 9.427824e+00 2.705503e+01 3.401831e+01 3.307803e+01 3.709106e+01 3.454918e+01 2.627303e+01 4.524752e+01 3.069465e+01 2.906123e+01 3.283185e+01 2.222499e+01 1.266570e+01
<GCONST> 6.662116e+01
<STATE> 3
<NUMMIXES> 2
<MIXTURE> 1 5.087026e-01
<MEAN> 13
 -4.906776e+00 -7.845442e-01 4.819543e+00 -6.221343e+00 -4.571940e+00 -3.867977e+00 -1.262016e+00 -1.733787e+00 -1.832004e+00 -2.061238e+00 -2.156491e+00 -2.683707e+00 6.000863e+01
<VARIANCE> 13
 2.677464e+01 3.612691e+01 9.490255e+01 5.526781e+01 8.370595e+01 5.587554e+01 2.673598e+01 4.728407e+01 2.976652e+01 1.993793e+01 4.059696e+01 2.717016e+01 4.168360e+01
<GCONST> 7.204649e+01
<MIXTURE> 2 4.912982e-01
<MEAN> 13
 1.169848e-02 -4.821177e+00 1.803707e+00 -1.642665e+01 -3.485577e+00 -7.017077e+00 -7.522010e+00 -4.466330e+00 -2.364147e+00 -5.312335e+00 -1.019548e+01 -4.081758e+00 6.288004e+01
<VARIANCE> 13
 1.860754e+01 3.318902e+01 8.383592e+01 5.693459e+01 6.103234e+01 7.084345e+01 4.675105e+01 6.610777e+01 5.428705e+01 3.788159e+01 3.355928e+01 4.883942e+01 9.624176e+00
<GCONST> 7.249183e+01
<STATE> 4
<NUMMIXES> 2
<MIXTURE> 1 5.495775e-01
<MEAN> 13
 -2.343256e+00 -4.466802e-01 -1.311870e-01 -2.254304e+00 -2.266934e+00 -1.988758e-01 1.497880e+00 1.115712e-01 -4.635497e-01 8.740411e-01 -3.460080e-01 -4.101371e+00 5.072189e+01
<VARIANCE> 13
 1.598826e+01 2.017702e+01 2.196732e+01 1.499337e+01 3.349798e+01 3.038717e+01 2.111264e+01 2.288579e+01 2.294399e+01 2.069163e+01 2.034998e+01 1.932003e+01 6.456748e+00
<GCONST> 6.257399e+01
<MIXTURE> 2 4.504315e-01
<MEAN> 13
 1.182296e+00 -4.823787e+00 1.596130e-01 -4.557742e+00 -4.014592e+00 6.814522e-01 -3.683304e+00 -2.688121e+00 -3.337587e+00 -2.657443e+00 -3.988934e+00 -8.362574e+00 5.494764e+01
<VARIANCE> 13
 9.770971e+00 3.330978e+01 4.409571e+01 2.429520e+01 6.803354e+01 3.947984e+01 3.292186e+01 3.633749e+01 3.830253e+01 3.533937e+01 3.477531e+01 2.936132e+01 1.528385e+01
<GCONST> 6.850299e+01
<TRANSP> 5
 0.000000e+00 1.000000e+00 0.000000e+00 0.000000e+00 0.000000e+00
 0.000000e+00 9.929591e-01 7.040872e-03 0.000000e+00 0.000000e+00
 0.000000e+00 0.000000e+00 9.776297e-01 2.237036e-02 0.000000e+00
 0.000000e+00 0.000000e+00 0.000000e+00 9.950260e-01 4.974011e-03
 0.000000e+00 0.000000e+00 0.000000e+00 0.000000e+00 0.000000e+00
<ENDHMM>
