~o
<STREAMINFO> 1 13
<VECSIZE> 13<NULLD><MFCC_0><DIAGC>
~h "ap"
<BEGINHMM>
<NUMSTATES> 5
<STATE> 2
<NUMMIXES> 4
<MIXTURE> 1 2.600917e-01
<MEAN> 13
 -5.121316e+00 -2.331503e+00 -3.727837e+00 -1.433054e+00 3.710450e+00 6.825066e+00 6.896607e+00 2.461527e+00 6.992515e-01 2.382901e+00 2.565706e+00 -9.985471e-01 5.087473e+01
<VARIANCE> 13
 7.118107e+00 5.550825e+00 6.068829e+00 5.614810e+00 7.870142e+00 9.770658e+00 1.035649e+01 1.140200e+01 1.078648e+01 1.290185e+01 1.144609e+01 1.222941e+01 1.929499e+00
<GCONST> 5.074585e+01
<MIXTURE> 2 2.648200e-01
<MEAN> 13
 -3.013015e+00 -4.415106e+00 -3.938785e+00 -3.434410e+00 1.706655e+00 4.467013e+00 4.251898e+00 5.853376e-01 -1.098645e+00 8.873358e-01 1.126315e+00 -2.393989e+00 4.980022e+01
<VARIANCE> 13
 2.401150e+00 3.046603e+00 4.533061e+00 5.668211e+00 7.133687e+00 8.160098e+00 9.740722e+00 1.209153e+01 1.154712e+01 1.180969e+01 1.054481e+01 1.073558e+01 7.773434e-01
<GCONST> 4.735424e+01
<MIXTURE> 3 2.648200e-01
<MEAN> 13
 -3.013015e+00 -4.415106e+00 -3.938785e+00 -3.434410e+00 1.706655e+00 4.467013e+00 4.251898e+00 5.853376e-01 -1.098645e+00 8.873358e-01 1.126315e+00 -2.393989e+00 4.980022e+01
<VARIANCE> 13
 2.401150e+00 3.046603e+00 4.533061e+00 5.668211e+00 7.133687e+00 8.160098e+00 9.740722e+00 1.209153e+01 1.154712e+01 1.180969e+01 1.054481e+01 1.073558e+01 7.773434e-01
<GCONST> 4.735424e+01
<MIXTURE> 4 2.102607e-01
<MEAN> 13
 -4.003214e+00 -3.791951e+00 -3.104510e+00 -3.031249e+00 -2.596834e+00 -6.205301e-01 -1.177876e+00 -3.088205e+00 -1.242116e+00 -1.126074e-01 1.498428e+00 -1.452131e+00 5.319400e+01
<VARIANCE> 13
 8.944468e+00 1.340108e+01 1.927489e+01 1.384319e+01 1.644582e+01 2.202738e+01 3.005530e+01 2.361812e+01 2.468463e+01 2.441573e+01 1.898373e+01 1.698480e+01 1.508420e+01
<GCONST> 6.161373e+01
<STATE> 3
<NUMMIXES> 4
<MIXTURE> 1 3.992446e-01
<MEAN> 13
 -4.711230e+00 1.704131e+00 -6.054558e-01 2.919276e-02 5.853434e-01 4.554583e+00 5.918516e+00 3.719389e+00 8.614482e-01 2.841300e+00 1.453569e+00 -2.017093e+00 4.418339e+01
<VARIANCE> 13
 1.432491e+00 2.026762e+00 4.700122e+00 5.162331e+00 7.337909e+00 7.861017e+00 8.905621e+00 9.676105e+00 1.022063e+01 1.132228e+01 9.908531e+00 9.304378e+00 6.652243e-01
<GCONST> 4.552598e+01
<MIXTURE> 2 1.766362e-01
<MEAN> 13
 -5.492210e+00 1.288485e+00 -1.833485e+00 -1.479159e+00 -8.595551e-01 1.770229e+00 3.345534e+00 8.833152e-01 -8.516358e-01 1.343165e+00 1.330739e-01 -2.186403e+00 4.499654e+01
<VARIANCE> 13
 3.606271e+00 4.040496e+00 4.965377e+00 6.360429e+00 1.051765e+01 8.708683e+00 9.864738e+00 1.065649e+01 1.172883e+01 1.256844e+01 1.157284e+01 1.055486e+01 2.032407e+00
<GCONST> 4.970425e+01
<MIXTURE> 3 1.766364e-01
<MEAN> 13
 -5.492210e+00 1.288485e+00 -1.833483e+00 -1.479158e+00 -8.595550e-01 1.770228e+00 3.345532e+00 8.833159e-01 -8.516340e-01 1.343167e+00 1.330747e-01 -2.186402e+00 4.499655e+01
<VARIANCE> 13
 3.606273e+00 4.040495e+00 4.965382e+00 6.360432e+00 1.051765e+01 8.708695e+00 9.864740e+00 1.065649e+01 1.172882e+01 1.256843e+01 1.157282e+01 1.055485e+01 2.032408e+00
<GCONST> 4.970425e+01
<MIXTURE> 4 2.474876e-01
<MEAN> 13
 -9.742567e+00 -7.490883e-01 -1.201342e+00 -7.280625e-01 2.296426e+00 -2.261761e-01 3.063216e+00 1.203250e-01 -6.345837e-01 1.112525e+00 4.175195e-01 -6.278157e-01 5.059533e+01
<VARIANCE> 13
 8.785017e+00 1.567268e+01 1.019294e+01 9.599172e+00 1.137547e+01 1.498119e+01 1.742604e+01 1.433761e+01 1.396231e+01 1.542336e+01 1.444575e+01 1.195211e+01 9.373755e+00
<GCONST> 5.682131e+01
<STATE> 4
<NUMMIXES> 4
<MIXTURE> 1 2.822855e-01
<MEAN> 13
 -6.104860e+00 -2.738591e+00 -2.578532e-01 5.499444e-01 2.577563e+00 7.734499e-01 3.821935e+00 2.386181e+00 -9.632543e-01 8.100414e-01 1.622993e+00 -2.233833e+00 4.725174e+01
<VARIANCE> 13
 6.670944e+00 1.995284e+01 1.104043e+01 1.858259e+01 1.774007e+01 1.688069e+01 1.744142e+01 1.844115e+01 1.628123e+01 1.605901e+01 1.380664e+01 1.305702e+01 1.477234e+01
<GCONST> 5.903627e+01
<MIXTURE> 2 1.957333e-01
<MEAN> 13
 -1.039097e+01 -1.257739e+01 -4.602506e+00 2.930696e+00 1.866774e+00 -4.883211e+00 2.790247e+00 -3.326547e+00 -4.210451e+00 -1.349916e+00 1.177650e+00 -8.251458e-01 5.972684e+01
<VARIANCE> 13
 1.740749e+01 2.946297e+01 2.094589e+01 2.248430e+01 2.944973e+01 2.576739e+01 2.445067e+01 2.388629e+01 2.372029e+01 2.149153e+01 1.677518e+01 1.458278e+01 2.845243e+01
<GCONST> 6.437093e+01
<MIXTURE> 3 1.957323e-01
<MEAN> 13
 -1.039098e+01 -1.257740e+01 -4.602510e+00 2.930691e+00 1.866762e+00 -4.883218e+00 2.790248e+00 -3.326553e+00 -4.210454e+00 -1.349913e+00 1.177651e+00 -8.251469e-01 5.972687e+01
<VARIANCE> 13
 1.740749e+01 2.946297e+01 2.094585e+01 2.248429e+01 2.944971e+01 2.576729e+01 2.445061e+01 2.388620e+01 2.372028e+01 2.149149e+01 1.677513e+01 1.458275e+01 2.845241e+01
<GCONST> 6.437090e+01
<MIXTURE> 4 3.261375e-01
<MEAN> 13
 -1.447919e+01 -1.665850e+01 -1.000941e+01 -2.336062e-01 -3.262367e+00 -9.068872e+00 -1.255704e-01 -4.199450e+00 -5.321583e+00 -2.742337e+00 -4.949637e-01 -1.724111e+00 7.500531e+01
<VARIANCE> 13
 1.636628e+01 2.782444e+01 2.083923e+01 2.279234e+01 3.349384e+01 2.751348e+01 2.649450e+01 2.269588e+01 2.499259e+01 2.230239e+01 1.880630e+01 1.615035e+01 3.289104e+01
<GCONST> 6.493456e+01
<TRANSP> 5
 0.000000e+00 1.000000e+00 0.000000e+00 0.000000e+00 0.000000e+00
 0.000000e+00 9.790840e-01 2.091605e-02 0.000000e+00 0.000000e+00
 0.000000e+00 0.000000e+00 9.841661e-01 1.583388e-02 0.000000e+00
 0.000000e+00 0.000000e+00 0.000000e+00 9.968258e-01 3.174266e-03
 0.000000e+00 0.000000e+00 0.000000e+00 0.000000e+00 0.000000e+00
<ENDHMM>
~h "cl"
<BEGINHMM>
<NUMSTATES> 5
<STATE> 2
<NUMMIXES> 4
<MIXTURE> 1 6.266088e-01
<MEAN> 13
 -6.120544e+00 -9.996261e-02 4.846369e-01 -2.641577e+00 1.803100e+00 3.569654e+00 3.839033e+00 2.863319e+00 -1.295995e-01 3.921033e-01 2.099728e-01 -2.268929e+00 4.582253e+01
<VARIANCE> 13
 9.290216e+00 1.305769e+01 1.812090e+01 1.047820e+01 1.249160e+01 1.599875e+01 1.423325e+01 2.037536e+01 1.709264e+01 1.655728e+01 1.598661e+01 1.539579e+01 1.127778e+01
<GCONST> 5.847874e+01
<MIXTURE> 2 1.364132e-01
<MEAN> 13
 -1.632715e+01 -7.000796e+00 6.449256e+00 -5.566125e+00 7.865817e+00 -4.498199e+00 2.614733e+00 9.233580e+00 8.105474e-01 -7.041597e+00 7.812489e-03 4.295765e+00 5.418162e+01
<VARIANCE> 13
 2.716719e+01 3.845226e+01 4.118169e+01 1.040716e+02 8.685137e+01 7.581679e+01 3.552509e+01 5.610575e+01 6.250018e+01 9.897665e+01 1.465238e+02 1.117631e+02 2.347962e+01
<GCONST> 7.718666e+01
<MIXTURE> 3 1.364132e-01
<MEAN> 13
 -1.632715e+01 -7.000796e+00 6.449256e+00 -5.566125e+00 7.865817e+00 -4.498199e+00 2.614733e+00 9.233580e+00 8.105474e-01 -7.041597e+00 7.812489e-03 4.295765e+00 5.418162e+01
<VARIANCE> 13
 2.716719e+01 3.845226e+01 4.118169e+01 1.040716e+02 8.685137e+01 7.581679e+01 3.552509e+01 5.610575e+01 6.250018e+01 9.897665e+01 1.465238e+02 1.117631e+02 2.347962e+01
<GCONST> 7.718666e+01
<MIXTURE> 4 1.005311e-01
<MEAN> 13
 -1.474062e+01 -1.070006e+01 5.028129e+00 -6.953410e+00 6.148193e+00 3.955003e-01 -1.635993e+00 1.393664e+00 -2.662584e+00 -3.416700e+00 -2.346573e+00 -4.564917e-01 5.841802e+01
<VARIANCE> 13
 9.155373e+01 2.485324e+01 5.395706e+01 2.106070e+01 9.180109e+01 3.528311e+01 4.740292e+01 5.392022e+01 4.603305e+01 8.956103e+01 1.904834e+01 7.908871e+01 4.463400e+01
<GCONST> 7.402745e+01
<STATE> 3
<NUMMIXES> 4
<MIXTURE> 1 3.948269e-01
<MEAN> 13
 -2.455502e+01 3.112111e+00 8.047703e-01 -5.579645e+00 -4.287401e+00 1.487021e+01 1.900380e+00 -3.563215e+00 9.336143e+00 -4.319150e+00 -3.876414e+00 6.185227e+00 6.234399e+01
<VARIANCE> 13
 1.134421e+01 5.681299e+00 9.992088e+00 1.020430e+01 1.420349e+01 2.157933e+01 2.394391e+01 1.983455e+01 1.922508e+01 1.919636e+01 1.728095e+01 1.715329e+01 6.709322e+00
<GCONST> 5.807749e+01
<MIXTURE> 2 2.382092e-01
<MEAN> 13
 -1.428312e+01 1.896934e+00 -2.810336e+00 -4.995474e+00 -2.022211e+00 1.223063e+01 1.110470e+00 -2.963864e+00 7.169804e+00 -2.077791e+00 -2.118172e+00 4.625789e+00 5.571849e+01
<VARIANCE> 13
 2.249604e+01 8.369643e+00 8.954042e+00 9.619847e+00 1.289881e+01 2.012035e+01 1.909988e+01 1.700969e+01 1.950932e+01 1.635908e+01 1.630289e+01 1.672005e+01 6.870853e+00
<GCONST> 5.822953e+01
<MIXTURE> 3 2.382092e-01
<MEAN> 13
 -1.428312e+01 1.896934e+00 -2.810336e+00 -4.995474e+00 -2.022211e+00 1.223063e+01 1.110470e+00 -2.963864e+00 7.169804e+00 -2.077791e+00 -2.118172e+00 4.625789e+00 5.571849e+01
<VARIANCE> 13
 2.249604e+01 8.369643e+00 8.954042e+00 9.619847e+00 1.289881e+01 2.012035e+01 1.909988e+01 1.700969e+01 1.950932e+01 1.635908e+01 1.630289e+01 1.672005e+01 6.870853e+00
<GCONST> 5.822953e+01
<MIXTURE> 4 1.287716e-01
<MEAN> 13
 -1.807439e+01 3.654785e+00 -2.366163e+00 -5.770593e+00 -6.420953e+00 6.817618e+00 -2.668467e+00 -8.110393e+00 3.032421e+00 -4.478363e+00 -3.871447e+00 5.286364e+00 6.064204e+01
<VARIANCE> 13
 5.577030e+01 1.789513e+01 2.061249e+01 2.060606e+01 1.887431e+01 3.418985e+01 3.843794e+01 2.988245e+01 2.324783e+01 2.731532e+01 2.525819e+01 2.241657e+01 2.170997e+01
<GCONST> 6.623608e+01
<STATE> 4
<NUMMIXES> 4
<MIXTURE> 1 2.638187e-01
<MEAN> 13
 -1.413263e+01 2.271022e+00 5.712884e+00 -2.957272e+00 -2.824706e+00 7.232940e+00 3.485751e+00 -2.570563e+00 2.636473e+00 3.111859e+00 -6.245211e+00 1.930532e+00 5.004507e+01
<VARIANCE> 13
 4.497328e+01 8.149603e+00 1.628198e+01 1.561782e+01 1.919474e+01 3.006713e+01 2.051511e+01 2.770098e+01 2.909861e+01 2.958430e+01 2.685903e+01 1.823112e+01 2.327527e+01
<GCONST> 6.413467e+01
<MIXTURE> 2 2.679531e-01
<MEAN> 13
 -2.462007e+01 9.087479e-01 5.904362e+00 -2.308374e+00 -6.202831e+00 1.124567e+01 2.676189e+00 -5.728441e+00 2.838458e+00 5.108637e+00 -1.166277e+01 4.299398e+00 5.885489e+01
<VARIANCE> 13
 1.903776e+01 7.390692e+00 1.349791e+01 1.675235e+01 2.196925e+01 2.508625e+01 2.227835e+01 3.704980e+01 3.083012e+01 2.959861e+01 1.894542e+01 1.997443e+01 2.066726e+01
<GCONST> 6.306875e+01
<MIXTURE> 3 2.679531e-01
<MEAN> 13
 -2.462007e+01 9.087479e-01 5.904362e+00 -2.308374e+00 -6.202831e+00 1.124567e+01 2.676189e+00 -5.728441e+00 2.838458e+00 5.108637e+00 -1.166277e+01 4.299398e+00 5.885489e+01
<VARIANCE> 13
 1.903776e+01 7.390692e+00 1.349791e+01 1.675235e+01 2.196925e+01 2.508625e+01 2.227835e+01 3.704980e+01 3.083012e+01 2.959861e+01 1.894542e+01 1.997443e+01 2.066726e+01
<GCONST> 6.306875e+01
<MIXTURE> 4 2.001354e-01
<MEAN> 13
 -2.021851e+01 2.068781e-01 8.331809e+00 -5.175893e+00 -1.088890e+01 1.013765e+01 -3.681902e+00 -1.347170e+01 3.264479e+00 3.019083e+00 -1.492478e+01 9.055395e+00 5.924157e+01
<VARIANCE> 13
 4.793908e+01 1.184850e+01 1.675521e+01 1.267705e+01 1.839183e+01 4.577271e+01 1.845382e+01 3.052651e+01 5.035994e+01 2.089855e+01 3.544953e+01 4.130631e+01 4.582781e+01
<GCONST> 6.673539e+01
<TRANSP> 5
 0.000000e+00 1.000000e+00 0.000000e+00 0.000000e+00 0.000000e+00
 0.000000e+00 9.847376e-01 1.526245e-02 0.000000e+00 0.000000e+00
 0.000000e+00 0.000000e+00 9.886344e-01 1.136560e-02 0.000000e+00
 0.000000e+00 0.000000e+00 0.000000e+00 9.943029e-01 5.697088e-03
 0.000000e+00 0.000000e+00 0.000000e+00 0.000000e+00 0.000000e+00
<ENDHMM>
~h "cm"
<BEGINHMM>
<NUMSTATES> 5
<STATE> 2
<NUMMIXES> 4
<MIXTURE> 1 3.166341e-01
<MEAN> 13
 -1.360721e+01 -5.776520e-01 -2.702777e+00 -4.633188e+00 2.949050e-01 1.590688e+00 2.986234e-01 1.165421e+00 -8.318977e-01 1.344955e+00 2.942223e+00 -4.821995e-01 5.772601e+01
<VARIANCE> 13
 9.510278e+00 1.078576e+01 1.145976e+01 1.292321e+01 1.440995e+01 1.538609e+01 1.767466e+01 1.456141e+01 1.466492e+01 1.367598e+01 1.665121e+01 1.465533e+01 1.284796e+01
<GCONST> 5.782433e+01
<MIXTURE> 2 2.121235e-01
<MEAN> 13
 -7.863019e+00 8.391522e-01 -1.818668e+00 -2.763366e+00 3.630508e-01 -3.261208e-01 -2.687713e+00 -2.754987e+00 -4.517465e+00 -2.045624e+00 -2.142636e-01 -2.129848e+00 6.192970e+01
<VARIANCE> 13
 2.154296e+01 1.128089e+01 1.033013e+01 1.136680e+01 1.200506e+01 1.165371e+01 1.346594e+01 1.529180e+01 1.523721e+01 1.543298e+01 1.583023e+01 1.475283e+01 3.748363e+01
<GCONST> 5.895726e+01
<MIXTURE> 3 2.121216e-01
<MEAN> 13
 -7.863028e+00 8.391470e-01 -1.818670e+00 -2.763365e+00 3.630503e-01 -3.261227e-01 -2.687717e+00 -2.754996e+00 -4.517472e+00 -2.045621e+00 -2.142569e-01 -2.129840e+00 6.192970e+01
<VARIANCE> 13
 2.154301e+01 1.128092e+01 1.033015e+01 1.136684e+01 1.200508e+01 1.165374e+01 1.346599e+01 1.529181e+01 1.523724e+01 1.543303e+01 1.583029e+01 1.475288e+01 3.748367e+01
<GCONST> 5.895729e+01
<MIXTURE> 4 2.590826e-01
<MEAN> 13
 -6.114064e+00 -8.218971e-01 -4.221374e+00 -5.299417e+00 -2.830248e+00 -3.233481e+00 -4.666131e+00 -3.808491e+00 -5.245581e+00 -3.387714e+00 -2.708383e+00 -3.197719e+00 7.079134e+01
<VARIANCE> 13
 8.009701e+00 1.066460e+01 1.132334e+01 1.237153e+01 1.137765e+01 1.130690e+01 1.346760e+01 1.614683e+01 1.679305e+01 1.449573e+01 1.353392e+01 1.243250e+01 3.934635e+01
<GCONST> 5.781406e+01
<STATE> 3
<NUMMIXES> 4
<MIXTURE> 1 2.292955e-01
<MEAN> 13
 -8.094790e+00 2.229201e+00 -5.605209e-01 -1.599439e+00 1.070249e+00 2.550297e+00 5.666017e+00 4.569475e+00 2.806221e+00 2.155922e+00 9.309766e-01 -2.389045e+00 4.742905e+01
<VARIANCE> 13
 7.623551e+00 3.957110e+00 6.642257e+00 8.840359e+00 1.042168e+01 1.073269e+01 9.943029e+00 1.138297e+01 1.195153e+01 1.295827e+01 1.343401e+01 1.245072e+01 4.528874e+00
<GCONST> 5.249074e+01
<MIXTURE> 2 2.507980e-01
<MEAN> 13
 -7.764243e+00 2.545549e+00 -2.188867e-02 -1.554790e+00 3.846933e-01 4.105661e-01 1.949420e+00 5.726358e-01 -7.992638e-01 -2.489027e-01 6.977206e-02 -2.504538e+00 4.808357e+01
<VARIANCE> 13
 8.391404e+00 5.284957e+00 7.401250e+00 8.960401e+00 1.116395e+01 1.063427e+01 1.085365e+01 1.262302e+01 1.371237e+01 1.409164e+01 1.322767e+01 1.248518e+01 5.649014e+00
<GCONST> 5.367794e+01
<MIXTURE> 3 2.507958e-01
<MEAN> 13
 -7.764234e+00 2.545552e+00 -2.188941e-02 -1.554791e+00 3.846911e-01 4.105664e-01 1.949421e+00 5.726377e-01 -7.992637e-01 -2.489026e-01 6.976988e-02 -2.504541e+00 4.808356e+01
<VARIANCE> 13
 8.391347e+00 5.284935e+00 7.401242e+00 8.960386e+00 1.116396e+01 1.063427e+01 1.085363e+01 1.262302e+01 1.371236e+01 1.409161e+01 1.322768e+01 1.248516e+01 5.648976e+00
<GCONST> 5.367793e+01
<MIXTURE> 4 2.690815e-01
<MEAN> 13
 -8.091786e+00 -1.916539e-01 -9.081311e-01 -4.008742e+00 -2.434437e+00 -3.346975e+00 -9.974678e-01 -6.541030e-01 -3.825194e-01 4.510562e-01 7.220979e-01 -2.064271e+00 5.246412e+01
<VARIANCE> 13
 1.403464e+01 1.896821e+01 1.351757e+01 1.932497e+01 1.730226e+01 1.781277e+01 1.850690e+01 2.441708e+01 2.162086e+01 1.775457e+01 1.710678e+01 1.591933e+01 1.469725e+01
<GCONST> 6.113123e+01
<STATE> 4
<NUMMIXES> 4
<MIXTURE> 1 3.520145e-01
<MEAN> 13
 -4.038613e+00 -3.416448e+00 -3.945129e+00 -2.832754e+00 2.565402e+00 5.325964e+00 6.013516e+00 1.867031e+00 -1.360451e-01 1.370085e+00 1.235741e+00 -2.545482e+00 5.035806e+01
<VARIANCE> 13
 4.417808e+00 4.647693e+00 4.856927e+00 5.791141e+00 7.327277e+00 8.153986e+00 9.619929e+00 1.183702e+01 1.232961e+01 1.227319e+01 1.206254e+01 1.113744e+01 1.784323e+00
<GCONST> 4.957521e+01
<MIXTURE> 2 2.249064e-01
<MEAN> 13
 -5.079831e+00 -2.961794e+00 -4.166937e+00 -4.473290e+00 -7.999886e-01 1.087059e+00 2.236055e+00 -2.934617e-01 -9.905345e-01 7.991045e-01 9.197162e-01 -2.892201e+00 5.252559e+01
<VARIANCE> 13
 7.818976e+00 8.942099e+00 8.606308e+00 1.004125e+01 1.174461e+01 1.057928e+01 1.250025e+01 1.618882e+01 1.685714e+01 1.660180e+01 1.655818e+01 1.514157e+01 4.758783e+00
<GCONST> 5.544989e+01
<MIXTURE> 3 2.249064e-01
<MEAN> 13
 -5.079831e+00 -2.961794e+00 -4.166937e+00 -4.473290e+00 -7.999886e-01 1.087059e+00 2.236055e+00 -2.934617e-01 -9.905345e-01 7.991045e-01 9.197162e-01 -2.892201e+00 5.252559e+01
<VARIANCE> 13
 7.818976e+00 8.942099e+00 8.606308e+00 1.004125e+01 1.174461e+01 1.057928e+01 1.250025e+01 1.618882e+01 1.685714e+01 1.660180e+01 1.655818e+01 1.514157e+01 4.758783e+00
<GCONST> 5.544989e+01
<MIXTURE> 4 1.980960e-01
<MEAN> 13
 -8.883208e+00 -4.806482e+00 -1.460264e+00 -8.006729e+00 -3.025429e+00 -3.722973e+00 1.333387e-01 -1.109682e-01 -6.152781e-01 -3.901291e-01 9.707902e-01 -2.231647e+00 5.994102e+01
<VARIANCE> 13
 2.057113e+01 2.065336e+01 1.837806e+01 2.095779e+01 2.510678e+01 2.215408e+01 2.179679e+01 2.247386e+01 2.110096e+01 2.047849e+01 1.740583e+01 1.721919e+01 3.046974e+01
<GCONST> 6.360137e+01
<TRANSP> 5
 0.000000e+00 1.000000e+00 0.000000e+00 0.000000e+00 0.000000e+00
 0.000000e+00 9.901657e-01 9.834249e-03 0.000000e+00 0.000000e+00
 0.000000e+00 0.000000e+00 9.855719e-01 1.442808e-02 0.000000e+00
 0.000000e+00 0.000000e+00 0.000000e+00 9.925724e-01 7.427631e-03
 0.000000e+00 0.000000e+00 0.000000e+00 0.000000e+00 0.000000e+00
<ENDHMM>
~h "co"
<BEGINHMM>
<NUMSTATES> 5
<STATE> 2
<NUMMIXES> 4
<MIXTURE> 1 1.941022e-01
<MEAN> 13
 -3.580552e+00 -4.139442e+00 -1.764840e+00 -1.559504e+00 7.825567e-01 2.527031e+00 2.992129e+00 1.160328e+00 5.141628e-01 1.927311e-01 -1.177975e-01 -3.807134e+00 5.034831e+01
<VARIANCE> 13
 5.689342e+00 8.965264e+00 1.665310e+01 1.618494e+01 1.270231e+01 1.974077e+01 2.032169e+01 1.861679e+01 1.731139e+01 2.102516e+01 1.874906e+01 1.555752e+01 6.167914e+00
<GCONST> 5.827338e+01
<MIXTURE> 2 2.522008e-01
<MEAN> 13
 -6.012310e+00 -5.957808e+00 2.938665e+00 6.680316e-01 -5.417209e+00 -5.501540e+00 -5.486264e+00 -7.192864e+00 -4.442400e+00 -3.707545e+00 -3.583715e+00 -8.154925e+00 6.377799e+01
<VARIANCE> 13
 2.232533e+01 1.613727e+01 1.968392e+01 2.564877e+01 3.740694e+01 3.313052e+01 5.520292e+01 5.629078e+01 3.821068e+01 3.834100e+01 3.631292e+01 3.115377e+01 3.931017e+01
<GCONST> 6.915965e+01
<MIXTURE> 3 2.522033e-01
<MEAN> 13
 -6.012270e+00 -5.957849e+00 2.938672e+00 6.680616e-01 -5.417264e+00 -5.501517e+00 -5.486309e+00 -7.192835e+00 -4.442352e+00 -3.707512e+00 -3.583735e+00 -8.154945e+00 6.377795e+01
<VARIANCE> 13
 2.232528e+01 1.613766e+01 1.968417e+01 2.564902e+01 3.740790e+01 3.313078e+01 5.520313e+01 5.629110e+01 3.821136e+01 3.834137e+01 3.631306e+01 3.115381e+01 3.931010e+01
<GCONST> 6.915976e+01
<MIXTURE> 4 3.015340e-01
<MEAN> 13
 -6.442424e+00 -7.060897e+00 -2.755864e+00 -3.257028e+00 -1.044923e+01 -9.135009e+00 -8.731544e+00 -5.639998e+00 -3.778311e+00 -6.360472e+00 -6.002590e+00 -1.121442e+01 7.127496e+01
<VARIANCE> 13
 8.191926e+00 1.251897e+01 2.037844e+01 2.048623e+01 3.484426e+01 3.786117e+01 4.702389e+01 5.703043e+01 5.300902e+01 4.522030e+01 4.088624e+01 4.174962e+01 1.781366e+01
<GCONST> 6.774054e+01
<STATE> 3
<NUMMIXES> 4
<MIXTURE> 1 3.740176e-01
<MEAN> 13
 -4.085286e+00 3.147190e+00 2.918493e+00 1.262689e+00 2.887191e+00 2.551214e+00 2.733977e+00 1.776161e+00 -2.481332e+00 -1.524196e+00 -1.810619e+00 -5.131612e+00 4.468035e+01
<VARIANCE> 13
 4.188367e+00 5.026999e+00 9.194416e+00 9.410558e+00 1.382193e+01 1.106609e+01 1.217031e+01 1.156130e+01 1.340626e+01 1.477356e+01 1.442125e+01 1.499882e+01 2.510933e+00
<GCONST> 5.296266e+01
<MIXTURE> 2 1.406606e-01
<MEAN> 13
 -2.206101e+00 2.893635e+00 5.209608e+00 2.917604e+00 3.181571e+00 -5.013623e-01 -2.252317e+00 -3.806434e+00 -6.406721e+00 -4.498752e+00 -3.691211e+00 -7.117812e+00 4.717167e+01
<VARIANCE> 13
 6.386557e+00 9.494901e+00 1.154626e+01 1.278246e+01 1.424084e+01 1.378857e+01 1.379206e+01 1.483138e+01 1.703453e+01 1.605167e+01 1.602013e+01 1.843401e+01 9.191704e+00
<GCONST> 5.710997e+01
<MIXTURE> 3 1.406623e-01
<MEAN> 13
 -2.206101e+00 2.893626e+00 5.209584e+00 2.917578e+00 3.181549e+00 -5.013742e-01 -2.252323e+00 -3.806424e+00 -6.406706e+00 -4.498734e+00 -3.691194e+00 -7.117797e+00 4.717167e+01
<VARIANCE> 13
 6.386510e+00 9.494904e+00 1.154618e+01 1.278240e+01 1.424082e+01 1.378855e+01 1.379206e+01 1.483133e+01 1.703448e+01 1.605165e+01 1.602011e+01 1.843399e+01 9.191696e+00
<GCONST> 5.710995e+01
<MIXTURE> 4 3.446466e-01
<MEAN> 13
 -1.134985e+00 -1.810135e+00 4.938163e+00 2.759063e+00 1.206156e+00 -3.654812e+00 -6.338888e+00 -7.419153e+00 -5.897395e+00 -4.752090e+00 -3.705370e+00 -7.918211e+00 5.535454e+01
<VARIANCE> 13
 7.774881e+00 6.872994e+00 1.747478e+01 2.835355e+01 2.281689e+01 2.592273e+01 2.688788e+01 2.711006e+01 2.999057e+01 3.030122e+01 2.604012e+01 2.288067e+01 2.033267e+01
<GCONST> 6.326484e+01
<STATE> 4
<NUMMIXES> 4
<MIXTURE> 1 2.366587e-01
<MEAN> 13
 -4.419276e+00 -8.769042e-01 -2.203693e+00 -1.060892e+00 6.938810e-01 4.059381e+00 6.123947e+00 4.307628e+00 2.675817e+00 3.255790e+00 1.796736e+00 -1.888352e+00 4.676614e+01
<VARIANCE> 13
 3.744939e+00 1.236014e+01 6.332118e+00 9.254114e+00 9.858440e+00 1.229347e+01 1.052395e+01 1.043009e+01 1.072077e+01 1.226082e+01 1.139450e+01 1.184402e+01 7.696120e+00
<GCONST> 5.311800e+01
<MIXTURE> 2 2.507472e-01
<MEAN> 13
 -3.852335e+00 -3.112947e+00 -3.084214e+00 -2.250605e+00 1.588696e+00 3.915548e+00 4.660905e+00 1.018720e+00 -1.140047e+00 6.496439e-01 6.972162e-01 -2.576037e+00 4.845192e+01
<VARIANCE> 13
 4.129617e+00 1.144126e+01 6.925797e+00 8.632127e+00 1.034525e+01 1.123892e+01 9.392635e+00 1.005874e+01 9.949037e+00 1.163435e+01 1.204362e+01 1.143270e+01 6.050703e+00
<GCONST> 5.261946e+01
<MIXTURE> 3 2.507466e-01
<MEAN> 13
 -3.852335e+00 -3.112938e+00 -3.084213e+00 -2.250602e+00 1.588690e+00 3.915544e+00 4.660901e+00 1.018719e+00 -1.140046e+00 6.496429e-01 6.972161e-01 -2.576035e+00 4.845191e+01
<VARIANCE> 13
 4.129591e+00 1.144128e+01 6.925784e+00 8.632137e+00 1.034525e+01 1.123888e+01 9.392600e+00 1.005872e+01 9.949010e+00 1.163432e+01 1.204360e+01 1.143267e+01 6.050722e+00
<GCONST> 5.261944e+01
<MIXTURE> 4 2.618196e-01
<MEAN> 13
 -5.082088e+00 -3.646428e+00 -3.330154e+00 -3.409725e+00 -2.445426e-01 2.154576e+00 1.761063e+00 -1.700695e+00 -1.450891e+00 1.161965e-02 -1.158629e-01 -2.489217e+00 5.053540e+01
<VARIANCE> 13
 1.761129e+01 1.550444e+01 1.010066e+01 1.018818e+01 1.506612e+01 2.113616e+01 1.344942e+01 1.658868e+01 2.357953e+01 1.869739e+01 1.702749e+01 2.003637e+01 8.015907e+00
<GCONST> 5.930955e+01
<TRANSP> 5
 0.000000e+00 1.000000e+00 0.000000e+00 0.000000e+00 0.000000e+00
 0.000000e+00 9.914015e-01 8.598540e-03 0.000000e+00 0.000000e+00
 0.000000e+00 0.000000e+00 9.753507e-01 2.464924e-02 0.000000e+00
 0.000000e+00 0.000000e+00 0.000000e+00 9.908282e-01 9.171928e-03
 0.000000e+00 0.000000e+00 0.000000e+00 0.000000e+00 0.000000e+00
<ENDHMM>
~h "ds"
<BEGINHMM>
<NUMSTATES> 5
<STATE> 2
<NUMMIXES> 4
<MIXTURE> 1 1.505798e-01
<MEAN> 13
 -8.158763e+00 5.259488e+00 6.821869e+00 6.291962e+00 7.356853e+00 3.545281e+00 6.982643e+00 -3.698610e-01 2.263407e+00 1.412314e-01 2.309317e+00 -2.960896e-01 6.255782e+01
<VARIANCE> 13
 1.310507e+01 7.855400e+00 9.574759e+00 7.305586e+00 1.072497e+01 1.299789e+01 1.329279e+01 1.518532e+01 1.543078e+01 1.490576e+01 1.509423e+01 1.352693e+01 9.686614e+01
<GCONST> 5.834972e+01
<MIXTURE> 2 2.744204e-01
<MEAN> 13
 -9.861165e+00 1.122786e+00 2.088849e+00 6.419394e-01 2.829545e+00 8.501128e-01 2.934025e+00 -9.119084e-01 4.766278e-01 -2.553082e-01 2.121938e+00 -1.592656e+00 5.305463e+01
<VARIANCE> 13
 1.160432e+01 7.281015e+00 8.805758e+00 9.336998e+00 1.285717e+01 1.899186e+01 2.183676e+01 1.973854e+01 2.616953e+01 2.491308e+01 1.780323e+01 1.647341e+01 2.103772e+01
<GCONST> 5.950996e+01
<MIXTURE> 3 2.744201e-01
<MEAN> 13
 -9.861178e+00 1.122792e+00 2.088888e+00 6.419129e-01 2.829521e+00 8.501874e-01 2.933958e+00 -9.119190e-01 4.767071e-01 -2.554003e-01 2.121985e+00 -1.592623e+00 5.305462e+01
<VARIANCE> 13
 1.160431e+01 7.281030e+00 8.805943e+00 9.337093e+00 1.285735e+01 1.899283e+01 2.183754e+01 1.973865e+01 2.617072e+01 2.491468e+01 1.780357e+01 1.647357e+01 2.103759e+01
<GCONST> 5.951022e+01
<MIXTURE> 4 3.001863e-01
<MEAN> 13
 -1.318360e+01 -6.769147e-01 -9.488775e-01 -1.881729e+00 -1.146770e+00 -2.765401e+00 2.406132e+00 -2.069585e+00 1.416263e-01 1.068405e+00 3.401631e+00 -7.753441e-01 6.153173e+01
<VARIANCE> 13
 2.437214e+01 1.339910e+01 1.234378e+01 1.601165e+01 2.055761e+01 1.773468e+01 2.856946e+01 2.944597e+01 2.459223e+01 2.166140e+01 2.006759e+01 1.982513e+01 8.559167e+01
<GCONST> 6.431475e+01
<STATE> 3
<NUMMIXES> 4
<MIXTURE> 1 2.443092e-01
<MEAN> 13
 -4.691238e+00 3.319006e+00 3.680706e+00 2.638409e+00 5.746117e+00 5.984330e+00 7.038473e+00 3.476114e+00 2.002425e+00 1.359368e+00 1.314646e+00 -2.234363e+00 4.875092e+01
<VARIANCE> 13
 7.284530e+00 8.050682e+00 1.446161e+01 7.814961e+00 1.256562e+01 1.203629e+01 1.342937e+01 1.480529e+01 1.476296e+01 1.392079e+01 1.490148e+01 1.204499e+01 1.351663e+01
<GCONST> 5.612230e+01
<MIXTURE> 2 2.269676e-01
<MEAN> 13
 -5.167859e+00 2.279142e+00 -3.061601e-01 -1.046263e+00 -6.097279e-01 2.128399e+00 3.624108e+00 1.979310e+00 1.079764e+00 2.035040e+00 1.524144e+00 -2.166975e+00 4.605965e+01
<VARIANCE> 13
 5.353733e+00 2.990272e+00 6.310285e+00 6.553696e+00 1.001107e+01 1.016093e+01 1.135843e+01 1.368950e+01 1.388310e+01 1.309107e+01 1.226964e+01 1.126313e+01 4.923733e+00
<GCONST> 5.178193e+01
<MIXTURE> 3 2.269703e-01
<MEAN> 13
 -5.167857e+00 2.279140e+00 -3.061595e-01 -1.046265e+00 -6.097322e-01 2.128397e+00 3.624107e+00 1.979309e+00 1.079767e+00 2.035045e+00 1.524147e+00 -2.166973e+00 4.605965e+01
<VARIANCE> 13
 5.353728e+00 2.990271e+00 6.310272e+00 6.553687e+00 1.001109e+01 1.016096e+01 1.135843e+01 1.368950e+01 1.388314e+01 1.309108e+01 1.226966e+01 1.126312e+01 4.923732e+00
<GCONST> 5.178194e+01
<MIXTURE> 4 3.017567e-01
<MEAN> 13
 -4.595105e+00 4.059923e-01 -1.263886e+00 -3.944234e+00 -4.746485e+00 5.018025e-01 2.747492e+00 8.473263e-01 1.992796e+00 3.586001e+00 8.381754e-02 -3.734951e+00 4.780336e+01
<VARIANCE> 13
 8.466378e+00 7.618722e+00 1.536350e+01 1.279618e+01 1.742283e+01 2.105599e+01 2.301505e+01 2.810830e+01 2.301037e+01 2.566702e+01 2.660506e+01 1.806135e+01 8.159065e+00
<GCONST> 6.037259e+01
<STATE> 4
<NUMMIXES> 4
<MIXTURE> 1 1.993050e-01
<MEAN> 13
 -1.811550e+01 -1.231868e-03 4.122646e-01 -3.929034e+00 -4.901934e-01 6.573989e+00 4.048105e+00 1.814419e+00 1.597080e-01 3.576144e-01 2.586748e+00 -1.020041e+00 5.919358e+01
<VARIANCE> 13
 4.200838e+01 9.472692e+00 1.526057e+01 1.538302e+01 1.676723e+01 2.740393e+01 1.957313e+01 1.849948e+01 1.573450e+01 1.730944e+01 1.555658e+01 1.331511e+01 1.126696e+01
<GCONST> 6.072161e+01
<MIXTURE> 2 3.005130e-01
<MEAN> 13
 -4.899251e+00 -3.060621e+00 -3.646314e+00 -2.955641e+00 1.435479e+00 2.810878e+00 4.385761e+00 3.137494e-01 -3.306084e-01 1.337053e+00 1.629548e+00 -2.423623e+00 5.211377e+01
<VARIANCE> 13
 6.702553e+00 6.465412e+00 7.083683e+00 8.597561e+00 1.203396e+01 1.402860e+01 1.392766e+01 1.523664e+01 1.537920e+01 1.489118e+01 1.385413e+01 1.277604e+01 4.977168e+00
<GCONST> 5.447184e+01
<MIXTURE> 3 3.005130e-01
<MEAN> 13
 -4.899251e+00 -3.060621e+00 -3.646314e+00 -2.955641e+00 1.435479e+00 2.810878e+00 4.385761e+00 3.137494e-01 -3.306084e-01 1.337053e+00 1.629548e+00 -2.423623e+00 5.211377e+01
<VARIANCE> 13
 6.702553e+00 6.465412e+00 7.083683e+00 8.597561e+00 1.203396e+01 1.402860e+01 1.392766e+01 1.523664e+01 1.537920e+01 1.489118e+01 1.385413e+01 1.277604e+01 4.977168e+00
<GCONST> 5.447184e+01
<MIXTURE> 4 1.998764e-01
<MEAN> 13
 -1.033063e+01 -5.185551e+00 -2.164366e+00 -5.066345e+00 -2.652959e+00 -2.882275e+00 -4.342982e-01 -1.541764e+00 -1.468280e+00 -5.003706e-01 9.787745e-01 -1.661495e+00 6.146931e+01
<VARIANCE> 13
 4.454130e+01 2.300008e+01 1.474787e+01 2.519490e+01 1.889425e+01 2.544865e+01 2.810656e+01 2.634997e+01 2.451933e+01 2.201235e+01 2.046176e+01 1.769679e+01 4.987112e+01
<GCONST> 6.561749e+01
<TRANSP> 5
 0.000000e+00 1.000000e+00 0.000000e+00 0.000000e+00 0.000000e+00
 0.000000e+00 9.952078e-01 4.792223e-03 0.000000e+00 0.000000e+00
 0.000000e+00 0.000000e+00 9.842542e-01 1.574578e-02 0.000000e+00
 0.000000e+00 0.000000e+00 0.000000e+00 9.914372e-01 8.562794e-03
 0.000000e+00 0.000000e+00 0.000000e+00 0.000000e+00 0.000000e+00
<ENDHMM>
~h "kj"
<BEGINHMM>
<NUMSTATES> 5
<STATE> 2
<NUMMIXES> 4
<MIXTURE> 1 2.362165e-01
<MEAN> 13
 -1.988098e+01 4.829157e+00 3.628721e+00 -5.095730e+00 -4.507530e+00 1.376983e+01 9.179716e-01 -2.961756e+00 1.042838e+01 -2.534500e+00 -4.204606e+00 6.914340e+00 5.500003e+01
<VARIANCE> 13
 1.633497e+01 4.841910e+00 1.632432e+01 8.814007e+00 1.094794e+01 1.966474e+01 1.803341e+01 1.681113e+01 1.690241e+01 1.797124e+01 1.576409e+01 1.268091e+01 1.061469e+01
<GCONST> 5.769456e+01
<MIXTURE> 2 2.680815e-01
<MEAN> 13
 -2.618794e+01 3.196969e+00 3.173809e+00 -5.143347e+00 -5.540085e+00 1.310577e+01 5.364528e-01 -2.744521e+00 8.018671e+00 -5.117646e+00 -4.899906e+00 6.498607e+00 6.080627e+01
<VARIANCE> 13
 1.021406e+01 6.448997e+00 1.340239e+01 1.323435e+01 1.534292e+01 3.180720e+01 2.466382e+01 1.898270e+01 2.288694e+01 1.763834e+01 2.060646e+01 2.226793e+01 1.013938e+01
<GCONST> 6.004338e+01
<MIXTURE> 3 2.680815e-01
<MEAN> 13
 -2.618794e+01 3.196969e+00 3.173809e+00 -5.143347e+00 -5.540085e+00 1.310577e+01 5.364528e-01 -2.744521e+00 8.018671e+00 -5.117646e+00 -4.899906e+00 6.498607e+00 6.080627e+01
<VARIANCE> 13
 1.021406e+01 6.448997e+00 1.340239e+01 1.323435e+01 1.534292e+01 3.180720e+01 2.466382e+01 1.898270e+01 2.288694e+01 1.763834e+01 2.060646e+01 2.226793e+01 1.013938e+01
<GCONST> 6.004338e+01
<MIXTURE> 4 2.276529e-01
<MEAN> 13
 -1.520984e+01 4.150842e+00 1.570531e+00 -6.594316e+00 -7.234256e+00 5.720175e+00 -1.227040e+00 -3.286790e+00 7.206440e+00 -3.277683e+00 -3.957754e+00 3.178862e+00 5.473260e+01
<VARIANCE> 13
 4.254517e+01 1.322205e+01 2.337826e+01 2.725443e+01 2.276698e+01 3.889739e+01 2.754132e+01 2.916718e+01 3.895108e+01 2.581394e+01 1.844154e+01 2.324588e+01 2.769642e+01
<GCONST> 6.645211e+01
<STATE> 3
<NUMMIXES> 4
<MIXTURE> 1 4.840319e-01
<MEAN> 13
 -5.851712e+00 1.230476e+00 -1.800701e+00 -1.477089e+00 -1.300399e+00 2.855814e+00 4.187043e+00 1.765062e+00 8.839493e-01 2.051994e+00 2.196588e-01 -2.431133e+00 4.669395e+01
<VARIANCE> 13
 7.462127e+00 7.954976e+00 7.696451e+00 8.770041e+00 1.465757e+01 1.373331e+01 1.267208e+01 1.388473e+01 1.591134e+01 1.419789e+01 1.357477e+01 1.394470e+01 5.250371e+00
<GCONST> 5.498484e+01
<MIXTURE> 2 2.078726e-01
<MEAN> 13
 -1.300959e+01 3.616243e+00 -4.171753e-01 -2.794681e+00 -1.815768e+00 2.915920e+00 -3.421385e-01 1.887820e+00 1.065404e+00 -9.381600e-01 9.889553e-01 -8.241878e-02 5.218319e+01
<VARIANCE> 13
 3.851728e+01 2.330812e+01 1.242067e+01 1.375302e+01 2.321688e+01 2.988102e+01 2.319421e+01 2.961881e+01 2.228679e+01 1.941386e+01 2.050388e+01 1.830009e+01 9.927514e+00
<GCONST> 6.320016e+01
<MIXTURE> 3 2.078717e-01
<MEAN> 13
 -1.300961e+01 3.616255e+00 -4.171702e-01 -2.794681e+00 -1.815762e+00 2.915934e+00 -3.421391e-01 1.887836e+00 1.065409e+00 -9.381649e-01 9.889591e-01 -8.241834e-02 5.218320e+01
<VARIANCE> 13
 3.851726e+01 2.330812e+01 1.242065e+01 1.375300e+01 2.321682e+01 2.988097e+01 2.319421e+01 2.961880e+01 2.228677e+01 1.941384e+01 2.050386e+01 1.830006e+01 9.927494e+00
<GCONST> 6.320014e+01
<MIXTURE> 4 1.001441e-01
<MEAN> 13
 -1.205322e+01 -8.545503e+00 -5.558682e+00 -2.248911e+00 -1.936496e+00 -4.329139e+00 -5.801980e-01 -3.683125e+00 -3.261975e+00 -8.704962e-01 2.367990e-01 -5.350696e-01 6.301698e+01
<VARIANCE> 13
 3.630724e+01 3.011272e+01 1.728583e+01 2.146159e+01 2.698089e+01 2.358616e+01 2.782016e+01 1.871913e+01 2.611589e+01 2.200260e+01 1.841656e+01 1.401692e+01 6.675018e+01
<GCONST> 6.562479e+01
<STATE> 4
<NUMMIXES> 4
<MIXTURE> 1 2.365680e-01
<MEAN> 13
 -2.172564e+01 7.263333e+00 -7.029036e-01 2.643642e+00 -2.015262e-01 1.357437e-02 5.424407e+00 3.139197e+00 -3.150521e-01 8.449413e-01 4.694529e-01 -4.308682e-01 5.348040e+01
<VARIANCE> 13
 2.728013e+01 1.096297e+01 1.463162e+01 2.781943e+01 1.760536e+01 1.763484e+01 1.932153e+01 1.621534e+01 1.699740e+01 2.268126e+01 1.589270e+01 1.879115e+01 1.189350e+01
<GCONST> 6.121710e+01
<MIXTURE> 2 2.509910e-01
<MEAN> 13
 -2.427287e+01 1.880813e+00 3.817801e+00 3.245615e+00 -3.197585e+00 -2.682067e-01 8.325990e+00 -4.758444e-01 -4.593162e+00 5.526549e+00 8.055364e-01 -4.362851e+00 5.654335e+01
<VARIANCE> 13
 1.124137e+01 1.095926e+01 9.385769e+00 1.566696e+01 1.460253e+01 1.668925e+01 2.118761e+01 1.737605e+01 1.774988e+01 1.960693e+01 1.824994e+01 1.348508e+01 1.075965e+01
<GCONST> 5.883522e+01
<MIXTURE> 3 2.509914e-01
<MEAN> 13
 -2.427287e+01 1.880820e+00 3.817801e+00 3.245609e+00 -3.197581e+00 -2.682055e-01 8.325981e+00 -4.758433e-01 -4.593160e+00 5.526544e+00 8.055331e-01 -4.362853e+00 5.654335e+01
<VARIANCE> 13
 1.124134e+01 1.095925e+01 9.385764e+00 1.566697e+01 1.460250e+01 1.668923e+01 2.118758e+01 1.737603e+01 1.774983e+01 1.960694e+01 1.824992e+01 1.348507e+01 1.075962e+01
<GCONST> 5.883520e+01
<MIXTURE> 4 2.614360e-01
<MEAN> 13
 -1.437863e+01 -5.385633e+00 -3.963648e+00 -5.600665e-01 -2.000333e+00 -3.847627e+00 -1.192317e+00 -3.037937e+00 -2.550906e+00 1.357561e+00 6.595528e-01 -1.129902e+00 6.042378e+01
<VARIANCE> 13
 2.614866e+01 4.244056e+01 2.009678e+01 1.512396e+01 2.037444e+01 2.122798e+01 1.716311e+01 2.015963e+01 1.858902e+01 1.864136e+01 1.666249e+01 1.394923e+01 7.761430e+01
<GCONST> 6.418549e+01
<TRANSP> 5
 0.000000e+00 1.000000e+00 0.000000e+00 0.000000e+00 0.000000e+00
 0.000000e+00 9.787327e-01 2.126730e-02 0.000000e+00 0.000000e+00
 0.000000e+00 0.000000e+00 9.946847e-01 5.315285e-03 0.000000e+00
 0.000000e+00 0.000000e+00 0.000000e+00 9.946342e-01 5.365815e-03
 0.000000e+00 0.000000e+00 0.000000e+00 0.000000e+00 0.000000e+00
<ENDHMM>
~h "kn"
<BEGINHMM>
<NUMSTATES> 5
<STATE> 2
<NUMMIXES> 4
<MIXTURE> 1 3.780985e-01
<MEAN> 13
 5.217412e+00 3.112362e+00 -3.410719e+00 -1.309585e+00 2.215128e+00 8.461030e-01 8.960645e-01 -1.958078e+00 1.486313e+00 2.098672e+00 2.552894e+00 -9.604160e-01 5.479751e+01
<VARIANCE> 13
 8.258574e+00 2.050007e+01 1.542104e+01 7.914151e+00 8.641694e+00 1.388278e+01 1.117083e+01 1.621576e+01 2.280340e+01 1.296385e+01 1.119637e+01 1.499367e+01 2.616055e+01
<GCONST> 5.789155e+01
<MIXTURE> 2 1.487684e-01
<MEAN> 13
 8.074736e-01 4.405404e+00 4.034936e-01 -2.988510e+00 -1.953513e-01 -7.249804e-01 1.414703e+00 -3.650622e+00 -4.122312e-01 2.206399e+00 1.671109e+00 -1.134987e+00 5.266442e+01
<VARIANCE> 13
 1.662112e+01 1.791098e+01 1.739936e+01 1.168398e+01 1.721396e+01 2.751523e+01 4.415068e+01 2.515149e+01 3.257081e+01 3.246656e+01 3.422950e+01 2.733634e+01 6.857658e+01
<GCONST> 6.610901e+01
<MIXTURE> 3 1.487684e-01
<MEAN> 13
 8.074653e-01 4.405395e+00 4.034976e-01 -2.988508e+00 -1.953634e-01 -7.249817e-01 1.414711e+00 -3.650630e+00 -4.122288e-01 2.206419e+00 1.671105e+00 -1.134981e+00 5.266442e+01
<VARIANCE> 13
 1.662116e+01 1.791101e+01 1.739939e+01 1.168400e+01 1.721402e+01 2.751530e+01 4.415084e+01 2.515152e+01 3.257080e+01 3.246672e+01 3.422962e+01 2.733638e+01 6.857664e+01
<GCONST> 6.610905e+01
<MIXTURE> 4 3.243656e-01
<MEAN> 13
 5.236105e+00 4.530239e-01 -6.585429e+00 -2.357941e+00 1.728183e+00 -2.885459e+00 -1.260958e+00 -6.682159e+00 -5.945567e-01 -1.772907e+00 8.768903e-01 -2.985176e+00 5.992792e+01
<VARIANCE> 13
 1.154691e+01 2.277501e+01 1.289494e+01 1.117220e+01 1.565409e+01 1.879687e+01 1.915396e+01 2.244113e+01 2.250496e+01 1.802578e+01 1.675078e+01 1.930522e+01 2.260802e+01
<GCONST> 6.108524e+01
<STATE> 3
<NUMMIXES> 4
<MIXTURE> 1 2.694255e-01
<MEAN> 13
 4.127683e+00 -1.476764e+00 -2.111826e+00 2.396779e+00 6.337956e+00 6.171192e-01 4.559151e+00 -1.448386e+00 2.190626e+00 1.316059e+00 3.319087e+00 2.274958e-01 6.278117e+01
<VARIANCE> 13
 1.025378e+01 1.472083e+01 1.018798e+01 1.165966e+01 1.598105e+01 2.285577e+01 1.908444e+01 1.448946e+01 1.483208e+01 1.564436e+01 1.366300e+01 1.417821e+01 2.880276e+01
<GCONST> 5.928333e+01
<MIXTURE> 2 2.543852e-01
<MEAN> 13
 6.173112e+00 1.070630e+00 -8.386441e-01 2.366519e+00 6.579303e+00 1.462752e+00 1.796414e+00 -2.577127e+00 -2.726943e+00 -2.273784e+00 -6.049613e-01 -3.263636e+00 5.565477e+01
<VARIANCE> 13
 8.859703e+00 1.350379e+01 1.314559e+01 9.808600e+00 1.357723e+01 1.838082e+01 1.738442e+01 1.773942e+01 1.669046e+01 1.393190e+01 1.211974e+01 1.267191e+01 2.351997e+01
<GCONST> 5.842839e+01
<MIXTURE> 3 2.543852e-01
<MEAN> 13
 6.173112e+00 1.070630e+00 -8.386441e-01 2.366519e+00 6.579303e+00 1.462752e+00 1.796414e+00 -2.577127e+00 -2.726943e+00 -2.273784e+00 -6.049613e-01 -3.263636e+00 5.565477e+01
<VARIANCE> 13
 8.859703e+00 1.350379e+01 1.314559e+01 9.808600e+00 1.357723e+01 1.838082e+01 1.738442e+01 1.773942e+01 1.669046e+01 1.393190e+01 1.211974e+01 1.267191e+01 2.351997e+01
<GCONST> 5.842839e+01
<MIXTURE> 4 2.218070e-01
<MEAN> 13
 5.585847e+00 -3.875779e+00 -3.380468e+00 1.040405e+00 2.220127e+00 -3.926118e+00 1.266623e+00 -7.241373e+00 -2.361130e+00 -3.428234e+00 -2.530020e-02 -3.114475e+00 6.356041e+01
<VARIANCE> 13
 9.641781e+00 2.644993e+01 1.452367e+01 1.231034e+01 1.700294e+01 1.950262e+01 1.958101e+01 2.557356e+01 2.187376e+01 2.231154e+01 1.700772e+01 1.964829e+01 2.657748e+01
<GCONST> 6.192215e+01
<STATE> 4
<NUMMIXES> 4
<MIXTURE> 1 2.818458e-01
<MEAN> 13
 -2.915948e+00 3.371379e+00 3.242500e+00 -3.723895e-01 4.561274e+00 3.664101e+00 1.585795e+00 2.321543e+00 -2.391201e+00 -1.555429e+00 -1.855249e-01 -3.425687e+00 4.438255e+01
<VARIANCE> 13
 8.101503e+00 9.533573e+00 8.525271e+00 7.089699e+00 1.497319e+01 1.203012e+01 1.563029e+01 1.521084e+01 1.465177e+01 1.474859e+01 1.345753e+01 1.331547e+01 5.596063e+00
<GCONST> 5.529208e+01
<MIXTURE> 2 2.607860e-01
<MEAN> 13
 -2.697015e+00 -3.148723e+00 -1.348774e+00 -3.677518e+00 -5.754265e-01 2.352622e+00 3.294423e+00 1.414849e+00 -8.121047e-02 1.816949e+00 1.088538e+00 -3.227755e+00 4.820403e+01
<VARIANCE> 13
 3.329249e+00 1.660978e+01 1.010319e+01 8.241835e+00 1.463660e+01 1.567182e+01 2.144899e+01 1.735933e+01 1.634949e+01 1.581819e+01 1.588816e+01 1.490614e+01 9.451602e+00
<GCONST> 5.695131e+01
<MIXTURE> 3 2.607860e-01
<MEAN> 13
 -2.697015e+00 -3.148723e+00 -1.348774e+00 -3.677518e+00 -5.754265e-01 2.352622e+00 3.294423e+00 1.414849e+00 -8.121047e-02 1.816949e+00 1.088538e+00 -3.227755e+00 4.820403e+01
<VARIANCE> 13
 3.329249e+00 1.660978e+01 1.010319e+01 8.241835e+00 1.463660e+01 1.567182e+01 2.144899e+01 1.735933e+01 1.634949e+01 1.581819e+01 1.588816e+01 1.490614e+01 9.451602e+00
<GCONST> 5.695131e+01
<MIXTURE> 4 1.965917e-01
<MEAN> 13
 -5.376696e+00 -2.314799e+00 2.897754e+00 -2.067245e+00 -6.026745e+00 5.792978e-01 4.368140e+00 -6.676950e+00 -2.029942e+00 5.940879e+00 -2.105032e+00 -2.052924e+00 4.812444e+01
<VARIANCE> 13
 6.444210e+00 1.286825e+01 1.788584e+01 1.072099e+01 1.612875e+01 2.586324e+01 4.795064e+01 2.569394e+01 1.938507e+01 4.848336e+01 4.743288e+01 1.907767e+01 1.375307e+01
<GCONST> 6.299123e+01
<TRANSP> 5
 0.000000e+00 1.000000e+00 0.000000e+00 0.000000e+00 0.000000e+00
 0.000000e+00 9.621253e-01 3.787473e-02 0.000000e+00 0.000000e+00
 0.000000e+00 0.000000e+00 9.855164e-01 1.448356e-02 0.000000e+00
 0.000000e+00 0.000000e+00 0.000000e+00 9.907225e-01 9.277530e-03
 0.000000e+00 0.000000e+00 0.000000e+00 0.000000e+00 0.000000e+00
<ENDHMM>
~h "kt"
<BEGINHMM>
<NUMSTATES> 5
<STATE> 2
<NUMMIXES> 4
<MIXTURE> 1 3.604864e-01
<MEAN> 13
 -9.710183e+00 3.625636e+00 -2.420042e+00 8.900906e-01 1.900805e+00 6.092922e-01 4.430258e+00 3.653337e+00 2.108552e+00 7.407194e-01 1.571863e+00 -1.427406e+00 4.847407e+01
<VARIANCE> 13
 4.682533e+00 4.726273e+00 7.721055e+00 8.815290e+00 1.083220e+01 1.156901e+01 1.263717e+01 1.269180e+01 1.315099e+01 1.353627e+01 1.216212e+01 1.118894e+01 5.422311e+00
<GCONST> 5.290391e+01
<MIXTURE> 2 2.275289e-01
<MEAN> 13
 -1.177679e+01 3.247639e+00 -2.927711e+00 1.260499e+00 1.104929e+00 -1.632879e+00 2.245634e+00 3.880042e-01 -8.616620e-01 -1.625797e+00 -3.744939e-01 -2.037565e+00 5.192572e+01
<VARIANCE> 13
 4.980306e+00 6.041286e+00 7.749852e+00 1.036547e+01 1.185489e+01 1.117628e+01 1.341457e+01 1.439769e+01 1.434047e+01 1.600255e+01 1.499272e+01 1.305715e+01 1.176207e+01
<GCONST> 5.501022e+01
<MIXTURE> 3 2.275259e-01
<MEAN> 13
 -1.177679e+01 3.247638e+00 -2.927708e+00 1.260502e+00 1.104933e+00 -1.632877e+00 2.245635e+00 3.880014e-01 -8.616641e-01 -1.625799e+00 -3.744948e-01 -2.037565e+00 5.192572e+01
<VARIANCE> 13
 4.980299e+00 6.041296e+00 7.749863e+00 1.036549e+01 1.185490e+01 1.117630e+01 1.341456e+01 1.439771e+01 1.434049e+01 1.600258e+01 1.499273e+01 1.305714e+01 1.176205e+01
<GCONST> 5.501023e+01
<MIXTURE> 4 1.844538e-01
<MEAN> 13
 -1.436722e+01 2.613564e+00 -4.383297e+00 -5.833959e-01 -1.517854e+00 -4.983164e+00 8.161594e-01 7.154418e-01 -2.713991e-01 -1.771363e-01 -1.272981e+00 -1.241222e+00 5.664211e+01
<VARIANCE> 13
 6.616847e+00 1.017828e+01 1.016921e+01 1.484276e+01 1.655777e+01 1.963886e+01 2.375328e+01 2.121579e+01 2.327513e+01 2.549401e+01 2.356775e+01 1.658425e+01 1.665691e+01
<GCONST> 6.029297e+01
<STATE> 3
<NUMMIXES> 4
<MIXTURE> 1 2.606271e-01
<MEAN> 13
 -6.648524e+00 2.053742e+00 -9.850997e-01 1.157715e-02 7.299165e-01 3.118297e+00 5.965432e+00 4.087292e+00 2.051278e+00 2.113126e+00 1.197855e+00 -1.971887e+00 4.569561e+01
<VARIANCE> 13
 5.607782e+00 4.801898e+00 6.772941e+00 7.408778e+00 1.249546e+01 8.981681e+00 1.172348e+01 1.237644e+01 1.197798e+01 1.326734e+01 1.166737e+01 1.115304e+01 2.648278e+00
<GCONST> 5.170990e+01
<MIXTURE> 2 2.486574e-01
<MEAN> 13
 -7.814664e+00 2.854805e+00 -1.442249e+00 -5.908264e-01 -2.836385e-01 2.633967e-01 2.725540e+00 9.852972e-01 -3.611293e-01 -4.776067e-02 -6.871904e-02 -2.275239e+00 4.685709e+01
<VARIANCE> 13
 7.186751e+00 6.632026e+00 8.693527e+00 8.274663e+00 1.316627e+01 1.091905e+01 1.296220e+01 1.393019e+01 1.361299e+01 1.502804e+01 1.386084e+01 1.268727e+01 4.601902e+00
<GCONST> 5.421368e+01
<MIXTURE> 3 2.486592e-01
<MEAN> 13
 -7.814664e+00 2.854806e+00 -1.442249e+00 -5.908268e-01 -2.836360e-01 2.633970e-01 2.725540e+00 9.852979e-01 -3.611290e-01 -4.776274e-02 -6.871999e-02 -2.275238e+00 4.685709e+01
<VARIANCE> 13
 7.186739e+00 6.632018e+00 8.693514e+00 8.274654e+00 1.316625e+01 1.091904e+01 1.296216e+01 1.393016e+01 1.361298e+01 1.502801e+01 1.386084e+01 1.268725e+01 4.601900e+00
<GCONST> 5.421365e+01
<MIXTURE> 4 2.421112e-01
<MEAN> 13
 -9.289013e+00 1.389366e+00 -2.855576e+00 -2.072985e+00 -2.850755e+00 -1.729908e+00 2.356916e+00 -1.194612e-01 7.459415e-01 1.531216e+00 1.420820e-01 -2.187017e+00 5.116770e+01
<VARIANCE> 13
 1.868130e+01 1.778724e+01 1.546929e+01 1.627143e+01 2.460358e+01 1.972810e+01 2.434757e+01 2.525319e+01 2.504895e+01 2.486017e+01 1.791311e+01 1.551054e+01 1.422962e+01
<GCONST> 6.254947e+01
<STATE> 4
<NUMMIXES> 4
<MIXTURE> 1 2.122992e-01
<MEAN> 13
 -1.173566e+01 -2.495079e-01 -5.364169e+00 -9.582978e-01 2.235654e+00 2.419914e+00 6.547606e+00 2.716798e+00 2.691597e+00 2.750454e+00 2.301599e+00 -6.093624e-01 5.593545e+01
<VARIANCE> 13
 8.813856e+00 6.941489e+00 7.676002e+00 8.908597e+00 1.006573e+01 1.200806e+01 1.240983e+01 1.235488e+01 1.235031e+01 1.319143e+01 1.326041e+01 1.232631e+01 8.826302e+00
<GCONST> 5.442611e+01
<MIXTURE> 2 2.406974e-01
<MEAN> 13
 -7.716070e+00 -2.143578e+00 -5.433555e+00 -2.415236e+00 1.796011e+00 3.458702e+00 5.098459e+00 7.004258e-02 -1.117143e+00 5.589665e-01 9.862773e-01 -1.802537e+00 5.223816e+01
<VARIANCE> 13
 8.786988e+00 6.461473e+00 6.939985e+00 7.262424e+00 9.214635e+00 1.046399e+01 1.115507e+01 1.256644e+01 1.126471e+01 1.194275e+01 1.227870e+01 1.144597e+01 3.983801e+00
<GCONST> 5.259274e+01
<MIXTURE> 3 2.406963e-01
<MEAN> 13
 -7.716097e+00 -2.143566e+00 -5.433551e+00 -2.415227e+00 1.796011e+00 3.458691e+00 5.098456e+00 7.003762e-02 -1.117145e+00 5.589579e-01 9.862716e-01 -1.802534e+00 5.223818e+01
<VARIANCE> 13
 8.787033e+00 6.461505e+00 6.940023e+00 7.262440e+00 9.214645e+00 1.046401e+01 1.115508e+01 1.256645e+01 1.126471e+01 1.194278e+01 1.227873e+01 1.144601e+01 3.983826e+00
<GCONST> 5.259278e+01
<MIXTURE> 4 3.060876e-01
<MEAN> 13
 -1.388743e+01 -3.645696e+00 -3.524775e+00 -1.546003e+00 -5.017264e-01 -2.295448e+00 1.702008e+00 -1.745605e+00 -8.852355e-01 -8.223486e-01 -7.696874e-02 -9.453071e-01 5.991243e+01
<VARIANCE> 13
 1.386018e+01 1.991735e+01 1.351861e+01 1.379123e+01 1.540801e+01 1.635753e+01 1.761054e+01 1.987971e+01 2.141652e+01 1.692666e+01 1.516065e+01 1.389723e+01 2.144175e+01
<GCONST> 6.043767e+01
<TRANSP> 5
 0.000000e+00 1.000000e+00 0.000000e+00 0.000000e+00 0.000000e+00
 0.000000e+00 9.919015e-01 8.098474e-03 0.000000e+00 0.000000e+00
 0.000000e+00 0.000000e+00 9.935399e-01 6.460092e-03 0.000000e+00
 0.000000e+00 0.000000e+00 0.000000e+00 9.970846e-01 2.915362e-03
 0.000000e+00 0.000000e+00 0.000000e+00 0.000000e+00 0.000000e+00
<ENDHMM>
~h "pr"
<BEGINHMM>
<NUMSTATES> 5
<STATE> 2
<NUMMIXES> 4
<MIXTURE> 1 5.388896e-01
<MEAN> 13
 -5.016829e+00 1.648713e-01 7.262512e-01 -2.835959e+00 -2.120461e+00 3.108101e+00 2.829920e+00 1.607768e+00 1.037650e+00 2.409918e+00 4.777715e-01 -2.329856e+00 4.601827e+01
<VARIANCE> 13
 6.699466e+00 8.084576e+00 2.118768e+01 1.360815e+01 2.645555e+01 1.630290e+01 1.631776e+01 2.009267e+01 2.073209e+01 1.703679e+01 1.571625e+01 1.636453e+01 4.342045e+00
<GCONST> 5.829311e+01
<MIXTURE> 2 1.346417e-01
<MEAN> 13
 -6.876604e+00 -6.299076e+00 2.470638e+00 -3.493536e+00 -3.232562e+00 3.382445e+00 2.587993e+00 -1.354744e+00 1.166868e+00 5.629463e+00 2.163528e-01 -4.815306e+00 5.056187e+01
<VARIANCE> 13
 1.702354e+01 2.555889e+01 4.169246e+01 2.990497e+01 7.283177e+01 3.745438e+01 3.962191e+01 4.691656e+01 8.208781e+01 4.336872e+01 4.471638e+01 4.688225e+01 1.073107e+01
<GCONST> 7.073402e+01
<MIXTURE> 3 1.346475e-01
<MEAN> 13
 -6.876700e+00 -6.299020e+00 2.470889e+00 -3.493376e+00 -3.232840e+00 3.382354e+00 2.588218e+00 -1.354623e+00 1.166680e+00 5.629774e+00 2.162351e-01 -4.815631e+00 5.056178e+01
<VARIANCE> 13
 1.702396e+01 2.555797e+01 4.169375e+01 2.990643e+01 7.283363e+01 3.745380e+01 3.962283e+01 4.691696e+01 8.209342e+01 4.337067e+01 4.471611e+01 4.688306e+01 1.073059e+01
<GCONST> 7.073420e+01
<MIXTURE> 4 1.918230e-01
<MEAN> 13
 -9.106884e+00 -1.533102e+01 -3.416893e+00 -8.599681e+00 9.765911e+00 1.579042e+01 -1.361987e+00 -1.981545e+00 5.127614e-01 -1.538631e+00 8.667983e+00 -2.455323e-01 5.565004e+01
<VARIANCE> 13
 8.800324e+00 1.749497e+01 1.867359e+01 4.212055e+01 2.161770e+01 9.507275e+01 1.960480e+01 2.929681e+01 5.115440e+01 2.940505e+01 5.758447e+01 3.583844e+01 5.634900e+00
<GCONST> 6.625542e+01
<STATE> 3
<NUMMIXES> 4
<MIXTURE> 1 2.528268e-01
<MEAN> 13
 -1.745991e+01 -7.052356e+00 5.288630e+00 -2.644919e+00 1.293682e+01 -1.137733e+01 7.167841e-01 1.145660e+01 6.798533e-01 -3.381997e+00 -7.712078e+00 1.001387e+01 5.629154e+01
<VARIANCE> 13
 2.503541e+01 3.077808e+01 1.278854e+01 2.593321e+01 2.405786e+01 3.864065e+01 2.102973e+01 3.622157e+01 2.232045e+01 3.723558e+01 3.243019e+01 3.783103e+01 3.558422e+01
<GCONST> 6.722082e+01
<MIXTURE> 2 2.174166e-01
<MEAN> 13
 -1.576151e+01 -9.960965e+00 2.109038e+00 -6.507250e+00 1.772734e+00 1.999791e+00 6.661725e+00 2.268654e+00 -4.477198e-01 -3.155730e+00 2.680496e+00 5.426459e-01 5.954539e+01
<VARIANCE> 13
 3.115722e+01 3.250319e+01 4.362902e+01 5.217666e+01 6.790872e+01 6.440758e+01 6.643514e+01 6.954657e+01 8.042229e+01 4.677460e+01 6.035579e+01 6.946515e+01 1.319272e+01
<GCONST> 7.451814e+01
<MIXTURE> 3 2.174161e-01
<MEAN> 13
 -1.576154e+01 -9.960968e+00 2.109063e+00 -6.507292e+00 1.772719e+00 1.999775e+00 6.661713e+00 2.268700e+00 -4.476489e-01 -3.155685e+00 2.680392e+00 5.426049e-01 5.954542e+01
<VARIANCE> 13
 3.115724e+01 3.250335e+01 4.362933e+01 5.217603e+01 6.790881e+01 6.440739e+01 6.643507e+01 6.954616e+01 8.042075e+01 4.677398e+01 6.035434e+01 6.946416e+01 1.319265e+01
<GCONST> 7.451806e+01
<MIXTURE> 4 3.123347e-01
<MEAN> 13
 -1.172473e+01 -5.937909e+00 -2.831388e+00 -5.264715e+00 -4.196144e+00 2.682986e-01 9.782317e+00 4.867626e-01 -2.148860e-01 2.741580e-02 1.818155e+00 -3.729090e+00 5.848211e+01
<VARIANCE> 13
 2.980292e+01 3.693834e+01 3.424846e+01 1.914005e+01 4.561009e+01 4.030579e+01 6.561436e+01 5.402563e+01 3.152015e+01 2.324691e+01 2.459114e+01 2.308970e+01 1.799903e+01
<GCONST> 6.890045e+01
<STATE> 4
<NUMMIXES> 4
<MIXTURE> 1 3.846016e-01
<MEAN> 13
 -2.184764e+01 5.167771e+00 1.645957e+01 -1.419411e+01 1.027200e+00 1.333465e+01 -5.182011e+00 -6.760504e+00 1.308868e+01 -8.289937e+00 -6.183765e+00 7.942711e+00 5.439825e+01
<VARIANCE> 13
 7.368387e+00 9.786955e+00 9.544457e+00 1.376192e+01 1.572134e+01 2.027002e+01 1.710490e+01 1.948904e+01 2.260561e+01 2.068669e+01 2.324026e+01 1.446146e+01 4.293608e+00
<GCONST> 5.804408e+01
<MIXTURE> 2 1.122522e-01
<MEAN> 13
 -1.386531e+01 -1.415828e-01 1.773191e+01 -1.935060e+01 7.227928e+00 9.911086e+00 -6.018634e+00 1.487741e+00 6.057163e+00 1.556897e+00 -1.221249e+01 1.055144e+01 4.833512e+01
<VARIANCE> 13
 1.178470e+01 5.972123e+00 2.024203e+01 3.330469e+01 2.109182e+01 2.263833e+01 1.683170e+01 2.206233e+01 2.859670e+01 2.205133e+01 2.292208e+01 2.185387e+01 5.912093e+00
<GCONST> 6.118557e+01
<MIXTURE> 3 1.122522e-01
<MEAN> 13
 -1.386531e+01 -1.415828e-01 1.773191e+01 -1.935060e+01 7.227928e+00 9.911086e+00 -6.018634e+00 1.487741e+00 6.057163e+00 1.556897e+00 -1.221249e+01 1.055144e+01 4.833512e+01
<VARIANCE> 13
 1.178470e+01 5.972123e+00 2.024203e+01 3.330469e+01 2.109182e+01 2.263833e+01 1.683170e+01 2.206233e+01 2.859670e+01 2.205133e+01 2.292208e+01 2.185387e+01 5.912093e+00
<GCONST> 6.118557e+01
<MIXTURE> 4 3.909378e-01
<MEAN> 13
 -5.858956e+00 3.024863e+00 2.927799e+00 -3.021730e+00 3.206693e+00 1.234673e+00 8.524367e-01 3.654413e+00 -8.697393e-01 -6.274976e-01 -3.241714e-01 -1.699461e+00 4.406688e+01
<VARIANCE> 13
 7.037395e+00 6.118855e+00 1.453075e+01 1.414835e+01 1.555024e+01 2.011226e+01 1.779999e+01 2.075261e+01 1.868267e+01 1.801997e+01 1.891189e+01 1.626937e+01 4.883721e+00
<GCONST> 5.777222e+01
<TRANSP> 5
 0.000000e+00 1.000000e+00 0.000000e+00 0.000000e+00 0.000000e+00
 0.000000e+00 9.837317e-01 1.626830e-02 0.000000e+00 0.000000e+00
 0.000000e+00 0.000000e+00 9.949377e-01 5.062363e-03 0.000000e+00
 0.000000e+00 0.000000e+00 0.000000e+00 9.938601e-01 6.139895e-03
 0.000000e+00 0.000000e+00 0.000000e+00 0.000000e+00 0.000000e+00
<ENDHMM>
~h "pw"
<BEGINHMM>
<NUMSTATES> 5
<STATE> 2
<NUMMIXES> 4
<MIXTURE> 1 3.304352e-01
<MEAN> 13
 -1.080838e+01 6.847900e-01 4.261195e-01 -3.387359e-01 1.948523e+00 3.277839e-01 4.313449e+00 2.676147e+00 5.183940e-01 1.825013e+00 9.295350e-01 -7.754971e-01 4.862056e+01
<VARIANCE> 13
 1.058900e+01 8.110329e+00 7.529834e+00 1.033568e+01 1.166664e+01 1.231614e+01 1.235164e+01 1.356037e+01 1.503088e+01 1.496505e+01 1.357084e+01 1.208912e+01 8.581493e+00
<GCONST> 5.545407e+01
<MIXTURE> 2 2.400833e-01
<MEAN> 13
 -1.411143e+01 -3.437710e+00 -5.785975e-01 3.021427e-01 1.541325e+00 -1.891420e+00 2.348774e+00 -4.026825e-01 -1.059393e+00 9.715501e-01 1.150332e-01 -8.288381e-01 5.412585e+01
<VARIANCE> 13
 1.206976e+01 1.940750e+01 1.140898e+01 1.244443e+01 1.483882e+01 1.462154e+01 1.397222e+01 1.473324e+01 1.650615e+01 1.483538e+01 1.464480e+01 1.351254e+01 1.233651e+01
<GCONST> 5.831237e+01
<MIXTURE> 3 2.400801e-01
<MEAN> 13
 -1.411143e+01 -3.437712e+00 -5.785990e-01 3.021435e-01 1.541325e+00 -1.891420e+00 2.348772e+00 -4.026843e-01 -1.059393e+00 9.715509e-01 1.150360e-01 -8.288371e-01 5.412585e+01
<VARIANCE> 13
 1.206978e+01 1.940755e+01 1.140899e+01 1.244446e+01 1.483880e+01 1.462149e+01 1.397221e+01 1.473327e+01 1.650617e+01 1.483536e+01 1.464476e+01 1.351253e+01 1.233651e+01
<GCONST> 5.831237e+01
<MIXTURE> 4 1.893950e-01
<MEAN> 13
 -1.488437e+01 -7.984140e+00 -2.441628e+00 -1.441794e+00 -7.066109e-01 -5.593464e+00 -5.805140e-01 -3.852397e+00 -2.492365e+00 -2.243397e-01 -3.569447e-01 -9.904467e-01 6.146982e+01
<VARIANCE> 13
 2.307448e+01 1.854797e+01 1.489811e+01 1.288135e+01 1.778058e+01 1.963937e+01 1.703250e+01 2.077617e+01 1.872913e+01 1.662818e+01 1.636963e+01 1.459432e+01 3.174037e+01
<GCONST> 6.160791e+01
<STATE> 3
<NUMMIXES> 4
<MIXTURE> 1 3.780136e-01
<MEAN> 13
 -1.038578e+01 -4.858953e+00 -2.684285e+00 -6.564911e-03 2.356442e+00 -2.363255e+00 1.243289e+00 -4.033302e+00 -3.660347e+00 -4.840012e-01 7.839206e-01 -2.494479e-02 5.754910e+01
<VARIANCE> 13
 7.751273e+00 1.388278e+01 1.051553e+01 8.224533e+00 1.065086e+01 1.345361e+01 1.408495e+01 1.572414e+01 1.774858e+01 1.505181e+01 1.377407e+01 1.237844e+01 2.195676e+01
<GCONST> 5.721170e+01
<MIXTURE> 2 2.233744e-01
<MEAN> 13
 -1.109550e+01 -8.078469e+00 -4.015491e+00 -2.087400e+00 -6.702680e-01 -6.632098e+00 -2.238294e+00 -7.543788e+00 -4.553383e+00 -1.865449e+00 1.531341e-01 -8.861282e-01 6.648206e+01
<VARIANCE> 13
 1.129072e+01 1.274679e+01 1.273716e+01 9.394783e+00 1.063913e+01 1.345152e+01 1.592706e+01 1.619212e+01 1.918247e+01 1.584944e+01 1.512815e+01 1.370372e+01 3.079551e+01
<GCONST> 5.864124e+01
<MIXTURE> 3 2.233713e-01
<MEAN> 13
 -1.109553e+01 -8.078470e+00 -4.015491e+00 -2.087412e+00 -6.702830e-01 -6.632103e+00 -2.238283e+00 -7.543766e+00 -4.553364e+00 -1.865450e+00 1.531313e-01 -8.861301e-01 6.648209e+01
<VARIANCE> 13
 1.129071e+01 1.274679e+01 1.273711e+01 9.394742e+00 1.063909e+01 1.345150e+01 1.592699e+01 1.619207e+01 1.918238e+01 1.584937e+01 1.512808e+01 1.370363e+01 3.079549e+01
<GCONST> 5.864120e+01
<MIXTURE> 4 1.752404e-01
<MEAN> 13
 -1.300857e+01 -9.103894e+00 -5.019870e+00 -4.904187e+00 -4.313241e+00 -9.621675e+00 -4.023488e+00 -8.011432e+00 -4.445898e+00 -3.395828e+00 -1.232445e+00 -1.175202e+00 7.305578e+01
<VARIANCE> 13
 1.488571e+01 1.037371e+01 1.283847e+01 1.315331e+01 1.785372e+01 1.726602e+01 2.062881e+01 2.451403e+01 2.323652e+01 1.584770e+01 1.672431e+01 1.551096e+01 2.078205e+01
<GCONST> 6.051933e+01
<STATE> 4
<NUMMIXES> 4
<MIXTURE> 1 3.294587e-01
<MEAN> 13
 -6.569120e+00 1.943404e-01 -9.806373e-03 -1.843636e-01 3.354953e+00 6.802898e-01 1.720609e+00 -6.269468e-01 -2.689158e+00 -4.748415e-01 -3.649226e-01 -1.447799e+00 4.749173e+01
<VARIANCE> 13
 8.916806e+00 1.231589e+01 8.376406e+00 7.977469e+00 1.166306e+01 1.150572e+01 1.691499e+01 1.790681e+01 1.552801e+01 1.532123e+01 1.265288e+01 1.351871e+01 1.147143e+01
<GCONST> 5.645964e+01
<MIXTURE> 2 1.921690e-01
<MEAN> 13
 -6.146454e+00 -5.624082e+00 -2.004210e+00 -1.408176e+00 8.500405e-01 -4.511960e+00 -2.229418e+00 -6.944623e+00 -5.205311e+00 -1.655979e+00 -7.421514e-01 -6.366918e-01 5.841855e+01
<VARIANCE> 13
 1.239360e+01 3.320124e+01 1.367635e+01 1.026469e+01 1.770897e+01 1.439848e+01 1.503807e+01 1.774180e+01 1.801086e+01 1.795877e+01 1.478136e+01 1.693666e+01 3.988430e+01
<GCONST> 6.097213e+01
<MIXTURE> 3 1.921682e-01
<MEAN> 13
 -6.146455e+00 -5.624081e+00 -2.004208e+00 -1.408175e+00 8.500385e-01 -4.511962e+00 -2.229419e+00 -6.944624e+00 -5.205311e+00 -1.655977e+00 -7.421466e-01 -6.366892e-01 5.841855e+01
<VARIANCE> 13
 1.239360e+01 3.320122e+01 1.367638e+01 1.026470e+01 1.770899e+01 1.439848e+01 1.503811e+01 1.774179e+01 1.801083e+01 1.795877e+01 1.478133e+01 1.693664e+01 3.988432e+01
<GCONST> 6.097213e+01
<MIXTURE> 4 2.862090e-01
<MEAN> 13
 -5.049657e+00 -8.376986e+00 -6.231339e-01 -3.421162e+00 -3.699914e+00 -6.238283e+00 -4.205896e+00 -6.050928e+00 -2.258828e+00 -1.275993e+00 -1.264606e+00 -4.043319e+00 6.542232e+01
<VARIANCE> 13
 1.549264e+01 3.539013e+01 2.300759e+01 1.772927e+01 3.709667e+01 3.950098e+01 2.280577e+01 3.706590e+01 3.595689e+01 2.313504e+01 2.625488e+01 2.590042e+01 8.321700e+01
<GCONST> 6.790704e+01
<TRANSP> 5
 0.000000e+00 1.000000e+00 0.000000e+00 0.000000e+00 0.000000e+00
 0.000000e+00 9.966586e-01 3.341325e-03 0.000000e+00 0.000000e+00
 0.000000e+00 0.000000e+00 9.720569e-01 2.794310e-02 0.000000e+00
 0.000000e+00 0.000000e+00 0.000000e+00 9.769509e-01 2.304907e-02
 0.000000e+00 0.000000e+00 0.000000e+00 0.000000e+00 0.000000e+00
<ENDHMM>
~h "si"
<BEGINHMM>
<NUMSTATES> 5
<STATE> 2
<NUMMIXES> 4
<MIXTURE> 1 2.743206e-01
<MEAN> 13
 -1.043287e+01 1.436022e+00 2.389831e+00 1.056742e+00 4.089997e+00 3.142117e+00 5.244945e+00 2.915536e+00 9.860283e-01 8.342929e-01 1.384523e+00 -1.083776e+00 4.792626e+01
<VARIANCE> 13
 1.275799e+01 8.152712e+00 7.202760e+00 9.256940e+00 9.657021e+00 9.893535e+00 1.255440e+01 1.461509e+01 1.593757e+01 1.506733e+01 1.394350e+01 1.253268e+01 1.378732e+01
<GCONST> 5.577675e+01
<MIXTURE> 2 2.693932e-01
<MEAN> 13
 -1.126091e+01 2.197092e-01 1.050219e+00 -7.781729e-01 1.080609e+00 -5.833914e-01 2.142505e+00 4.264083e-01 -4.054518e-01 -7.063409e-02 6.668760e-01 -1.402207e+00 4.978616e+01
<VARIANCE> 13
 1.354760e+01 1.175893e+01 8.359894e+00 1.032030e+01 1.048202e+01 1.068791e+01 1.266883e+01 1.460938e+01 1.530328e+01 1.437384e+01 1.353320e+01 1.254597e+01 1.349174e+01
<GCONST> 5.649046e+01
<MIXTURE> 3 2.693937e-01
<MEAN> 13
 -1.126091e+01 2.197090e-01 1.050220e+00 -7.781700e-01 1.080608e+00 -5.833939e-01 2.142503e+00 4.264062e-01 -4.054529e-01 -7.063298e-02 6.668794e-01 -1.402203e+00 4.978616e+01
<VARIANCE> 13
 1.354759e+01 1.175894e+01 8.359871e+00 1.032028e+01 1.048200e+01 1.068788e+01 1.266885e+01 1.460935e+01 1.530324e+01 1.437380e+01 1.353316e+01 1.254597e+01 1.349172e+01
<GCONST> 5.649045e+01
<MIXTURE> 4 1.866016e-01
<MEAN> 13
 -1.195756e+01 -3.046439e+00 1.190386e-01 -2.431824e+00 -1.153611e+00 -3.809713e+00 -4.430838e-01 -2.434265e+00 -1.243969e+00 -4.570481e-01 9.918070e-01 -8.533165e-01 5.737250e+01
<VARIANCE> 13
 3.805580e+01 3.102308e+01 2.799496e+01 2.577673e+01 2.927867e+01 2.327016e+01 2.566050e+01 2.634146e+01 2.699610e+01 2.350191e+01 2.238323e+01 1.872488e+01 4.565258e+01
<GCONST> 6.689981e+01
<STATE> 3
<NUMMIXES> 4
<MIXTURE> 1 2.289171e-01
<MEAN> 13
 -5.333728e+00 2.613167e+00 2.066357e+00 -1.495752e+00 5.001947e+00 4.546235e+00 4.189743e+00 6.770570e+00 9.099320e-01 1.376715e+00 2.181429e+00 -2.156146e+00 4.243119e+01
<VARIANCE> 13
 2.963880e+00 3.664910e+00 5.369936e+00 6.907557e+00 9.944340e+00 9.219801e+00 1.022340e+01 1.179329e+01 1.203219e+01 1.357442e+01 1.203257e+01 1.136619e+01 1.274985e+00
<GCONST> 4.945867e+01
<MIXTURE> 2 2.525553e-01
<MEAN> 13
 -5.361163e+00 2.392087e+00 1.802619e+00 -2.348449e+00 3.686051e+00 2.348655e+00 1.309568e+00 4.013319e+00 -1.891132e+00 -9.543502e-01 7.448119e-01 -2.934138e+00 4.244826e+01
<VARIANCE> 13
 2.479127e+00 3.152161e+00 4.937857e+00 6.383235e+00 8.680830e+00 8.728242e+00 1.006347e+01 1.146953e+01 1.190245e+01 1.276291e+01 1.185939e+01 1.074739e+01 1.186460e+00
<GCONST> 4.851734e+01
<MIXTURE> 3 2.525553e-01
<MEAN> 13
 -5.361163e+00 2.392087e+00 1.802619e+00 -2.348449e+00 3.686051e+00 2.348655e+00 1.309568e+00 4.013319e+00 -1.891132e+00 -9.543502e-01 7.448119e-01 -2.934138e+00 4.244826e+01
<VARIANCE> 13
 2.479127e+00 3.152161e+00 4.937857e+00 6.383235e+00 8.680830e+00 8.728242e+00 1.006347e+01 1.146953e+01 1.190245e+01 1.276291e+01 1.185939e+01 1.074739e+01 1.186460e+00
<GCONST> 4.851734e+01
<MIXTURE> 4 2.655977e-01
<MEAN> 13
 -5.047708e+00 1.641141e+00 3.120752e-01 -4.465845e+00 -2.312726e-01 -5.188174e-01 2.842850e-01 2.881890e+00 -3.720704e-01 9.238586e-01 8.673829e-01 -3.207352e+00 4.407939e+01
<VARIANCE> 13
 7.771132e+00 7.561624e+00 1.113289e+01 1.150012e+01 1.220656e+01 1.511002e+01 1.798143e+01 2.119117e+01 1.947946e+01 1.930544e+01 1.788984e+01 1.677198e+01 3.558850e+00
<GCONST> 5.688155e+01
<STATE> 4
<NUMMIXES> 4
<MIXTURE> 1 2.555865e-01
<MEAN> 13
 -8.454245e+00 2.234725e+00 1.870387e+00 -1.179461e-01 3.989780e+00 3.389968e+00 5.235837e+00 4.779690e+00 1.259367e+00 9.970245e-01 1.372862e+00 -1.727012e+00 4.533036e+01
<VARIANCE> 13
 7.287529e+00 6.285476e+00 7.217204e+00 8.706635e+00 9.040382e+00 9.638024e+00 1.070221e+01 1.231990e+01 1.374245e+01 1.420008e+01 1.289306e+01 1.148761e+01 3.940538e+00
<GCONST> 5.284946e+01
<MIXTURE> 2 2.575488e-01
<MEAN> 13
 -8.039764e+00 2.109368e+00 9.641275e-01 -1.782487e+00 1.351504e+00 1.188963e-01 1.850070e+00 2.110492e+00 -6.171764e-01 -2.522450e-01 4.686610e-01 -2.206335e+00 4.557445e+01
<VARIANCE> 13
 7.208534e+00 6.093888e+00 7.052835e+00 8.959014e+00 9.649246e+00 1.005958e+01 1.097418e+01 1.277957e+01 1.396466e+01 1.422405e+01 1.342551e+01 1.261844e+01 4.152693e+00
<GCONST> 5.318738e+01
<MIXTURE> 3 2.575495e-01
<MEAN> 13
 -8.039771e+00 2.109367e+00 9.641286e-01 -1.782482e+00 1.351506e+00 1.188949e-01 1.850070e+00 2.110486e+00 -6.171774e-01 -2.522470e-01 4.686595e-01 -2.206334e+00 4.557446e+01
<VARIANCE> 13
 7.208543e+00 6.093907e+00 7.052847e+00 8.959039e+00 9.649266e+00 1.005960e+01 1.097419e+01 1.277959e+01 1.396472e+01 1.422408e+01 1.342555e+01 1.261845e+01 4.152708e+00
<GCONST> 5.318741e+01
<MIXTURE> 4 2.290328e-01
<MEAN> 13
 -1.067284e+01 -1.103937e+00 6.979572e-01 -2.289986e+00 -4.733391e-01 -2.526555e+00 1.313129e+00 3.910063e-01 1.697018e-01 6.213666e-01 7.480791e-01 -1.147190e+00 5.103280e+01
<VARIANCE> 13
 2.379498e+01 2.573825e+01 1.753783e+01 2.113749e+01 1.825655e+01 2.029024e+01 2.354121e+01 2.154608e+01 2.105770e+01 1.986083e+01 1.881340e+01 1.555440e+01 1.659450e+01
<GCONST> 6.289288e+01
<TRANSP> 5
 0.000000e+00 1.000000e+00 0.000000e+00 0.000000e+00 0.000000e+00
 0.000000e+00 9.875711e-01 1.242887e-02 0.000000e+00 0.000000e+00
 0.000000e+00 0.000000e+00 9.933909e-01 6.609040e-03 0.000000e+00
 0.000000e+00 0.000000e+00 0.000000e+00 9.884415e-01 1.155847e-02
 0.000000e+00 0.000000e+00 0.000000e+00 0.000000e+00 0.000000e+00
<ENDHMM>
~h "st"
<BEGINHMM>
<NUMSTATES> 5
<STATE> 2
<NUMMIXES> 4
<MIXTURE> 1 3.062602e-01
<MEAN> 13
 -6.445150e+00 1.509360e-01 -3.406186e+00 -3.676662e+00 8.950017e-02 5.298519e-01 -5.336930e-01 7.167959e-01 -1.175869e+00 3.540801e-01 3.420762e-01 -1.665094e+00 6.646926e+01
<VARIANCE> 13
 1.571809e+01 7.284042e+00 9.308217e+00 1.127056e+01 1.286470e+01 1.143242e+01 1.228846e+01 1.833994e+01 1.621744e+01 1.380685e+01 1.435137e+01 1.385533e+01 5.172895e+01
<GCONST> 5.834446e+01
<MIXTURE> 2 2.484753e-01
<MEAN> 13
 -4.721032e+00 -2.551713e-01 -3.536110e+00 -5.427191e+00 -2.002343e+00 -2.444562e+00 -3.439993e+00 -1.823876e+00 -3.406008e+00 -2.472406e+00 -2.058857e+00 -3.212692e+00 7.222817e+01
<VARIANCE> 13
 3.018979e+00 5.676884e+00 7.029558e+00 8.763448e+00 1.071455e+01 8.950171e+00 1.048034e+01 1.240214e+01 1.090965e+01 1.133021e+01 1.176820e+01 1.114848e+01 2.149196e+01
<GCONST> 5.304659e+01
<MIXTURE> 3 2.484753e-01
<MEAN> 13
 -4.721032e+00 -2.551713e-01 -3.536110e+00 -5.427191e+00 -2.002343e+00 -2.444562e+00 -3.439993e+00 -1.823876e+00 -3.406008e+00 -2.472406e+00 -2.058857e+00 -3.212692e+00 7.222817e+01
<VARIANCE> 13
 3.018979e+00 5.676884e+00 7.029558e+00 8.763448e+00 1.071455e+01 8.950171e+00 1.048034e+01 1.240214e+01 1.090965e+01 1.133021e+01 1.176820e+01 1.114848e+01 2.149196e+01
<GCONST> 5.304659e+01
<MIXTURE> 4 1.968109e-01
<MEAN> 13
 -6.306253e+00 -2.018155e+00 -3.916955e+00 -7.450813e+00 -3.141865e+00 -4.597669e+00 -6.653768e+00 -5.047068e+00 -6.393588e+00 -4.397014e+00 -3.048266e+00 -2.849926e+00 7.461716e+01
<VARIANCE> 13
 5.696846e+00 9.422075e+00 8.362373e+00 1.193408e+01 1.133836e+01 8.708419e+00 1.095700e+01 1.420873e+01 1.483714e+01 1.331957e+01 1.271816e+01 1.276709e+01 2.290834e+01
<GCONST> 5.562660e+01
<STATE> 3
<NUMMIXES> 4
<MIXTURE> 1 2.705914e-01
<MEAN> 13
 -1.058617e+01 1.374284e+00 1.092659e+00 -2.042127e-01 2.117299e+00 1.267183e+00 3.915104e+00 1.447578e+00 1.267785e+00 6.082718e-01 1.256662e+00 -2.087619e+00 5.094926e+01
<VARIANCE> 13
 1.086401e+01 5.679232e+00 7.401267e+00 9.457355e+00 1.013463e+01 1.137596e+01 1.172399e+01 1.429787e+01 1.522470e+01 1.410311e+01 1.360202e+01 1.244348e+01 9.690067e+00
<GCONST> 5.490416e+01
<MIXTURE> 2 2.321185e-01
<MEAN> 13
 -1.040088e+01 3.842067e-01 5.986849e-01 -2.526069e+00 -5.793618e-01 -1.304883e+00 1.321202e+00 -1.352194e+00 -1.268301e+00 -1.208490e+00 3.058980e-01 -2.500239e+00 5.431334e+01
<VARIANCE> 13
 1.623731e+01 8.358563e+00 1.071350e+01 1.377481e+01 1.366997e+01 1.484133e+01 1.568460e+01 1.616626e+01 1.862578e+01 1.677252e+01 1.448512e+01 1.374098e+01 1.423762e+01
<GCONST> 5.833924e+01
<MIXTURE> 3 2.321226e-01
<MEAN> 13
 -1.040088e+01 3.842064e-01 5.986819e-01 -2.526072e+00 -5.793666e-01 -1.304888e+00 1.321199e+00 -1.352191e+00 -1.268297e+00 -1.208486e+00 3.059011e-01 -2.500237e+00 5.431334e+01
<VARIANCE> 13
 1.623731e+01 8.358569e+00 1.071347e+01 1.377478e+01 1.366992e+01 1.484130e+01 1.568457e+01 1.616620e+01 1.862572e+01 1.677244e+01 1.448509e+01 1.374093e+01 1.423760e+01
<GCONST> 5.833922e+01
<MIXTURE> 4 2.650908e-01
<MEAN> 13
 -9.439500e+00 -3.153633e+00 3.856892e-01 -6.723958e+00 -3.573293e+00 -3.952389e+00 5.368142e-01 -1.277169e+00 -1.524936e+00 -1.015475e+00 4.809433e-01 -2.884408e+00 6.331248e+01
<VARIANCE> 13
 2.077924e+01 2.395765e+01 1.611821e+01 1.819636e+01 1.915351e+01 2.514516e+01 2.653790e+01 2.452360e+01 2.494652e+01 2.226113e+01 1.867194e+01 1.590261e+01 3.982516e+01
<GCONST> 6.413676e+01
<STATE> 4
<NUMMIXES> 4
<MIXTURE> 1 5.501873e-01
<MEAN> 13
 -4.430768e+00 9.648170e-01 -9.576929e-01 -3.432425e+00 -1.130882e+00 1.971557e+00 2.092342e+00 -6.897351e-01 6.302641e-02 -9.166896e-02 -8.298959e-01 -3.712660e+00 5.214260e+01
<VARIANCE> 13
 1.638071e+01 1.679923e+01 1.370963e+01 1.520475e+01 1.880173e+01 1.688469e+01 1.595927e+01 1.899562e+01 2.772918e+01 2.171134e+01 1.960461e+01 1.679968e+01 1.142629e+01
<GCONST> 6.095752e+01
<MIXTURE> 2 1.259671e-01
<MEAN> 13
 -4.414551e+00 -7.779269e-01 -2.002146e-01 -5.927411e+00 -2.744916e+00 -8.981066e-01 -4.032664e+00 -4.357852e+00 -2.663656e+00 -3.333704e+00 -2.019423e+00 -2.309469e+00 5.926202e+01
<VARIANCE> 13
 2.415917e+01 3.194779e+01 3.081314e+01 2.565450e+01 2.886509e+01 3.091758e+01 1.824982e+01 2.704108e+01 3.143842e+01 2.702003e+01 3.555597e+01 2.486135e+01 6.516677e+01
<GCONST> 6.791528e+01
<MIXTURE> 3 1.259671e-01
<MEAN> 13
 -4.414551e+00 -7.779269e-01 -2.002146e-01 -5.927411e+00 -2.744916e+00 -8.981066e-01 -4.032664e+00 -4.357852e+00 -2.663656e+00 -3.333704e+00 -2.019423e+00 -2.309469e+00 5.926202e+01
<VARIANCE> 13
 2.415917e+01 3.194779e+01 3.081314e+01 2.565450e+01 2.886509e+01 3.091758e+01 1.824982e+01 2.704108e+01 3.143842e+01 2.702003e+01 3.555597e+01 2.486135e+01 6.516677e+01
<GCONST> 6.791528e+01
<MIXTURE> 4 1.979014e-01
<MEAN> 13
 -8.219670e-01 -3.607069e+00 2.055258e+00 -1.914477e+01 -1.766899e+00 -9.982580e+00 -7.120358e+00 -4.788282e+00 -7.052982e-01 -5.057223e+00 -1.090128e+01 -1.311366e+00 6.342071e+01
<VARIANCE> 13
 2.787780e+01 3.182704e+01 8.625802e+01 3.991574e+01 5.438281e+01 4.992736e+01 5.906681e+01 6.360263e+01 4.410876e+01 4.045063e+01 2.756363e+01 3.652376e+01 6.913013e+00
<GCONST> 7.129721e+01
<TRANSP> 5
 0.000000e+00 1.000000e+00 0.000000e+00 0.000000e+00 0.000000e+00
 0.000000e+00 9.703060e-01 2.969394e-02 0.000000e+00 0.000000e+00
 0.000000e+00 0.000000e+00 9.906781e-01 9.321852e-03 0.000000e+00
 0.000000e+00 0.000000e+00 0.000000e+00 9.589026e-01 4.109743e-02
 0.000000e+00 0.000000e+00 0.000000e+00 0.000000e+00 0.000000e+00
<ENDHMM>
~h "spe"
<BEGINHMM>
<NUMSTATES> 5
<STATE> 2
<NUMMIXES> 4
<MIXTURE> 1 3.022494e-01
<MEAN> 13
 -2.380605e+00 -4.727310e+00 -3.044219e+00 -2.336322e+00 4.223792e+00 6.809573e+00 7.047570e+00 2.895230e+00 4.826117e-01 2.483113e+00 2.440840e+00 -2.238402e+00 4.932145e+01
<VARIANCE> 13
 1.329152e+00 2.466612e+00 4.030605e+00 5.320153e+00 6.837399e+00 8.236359e+00 9.609313e+00 9.889053e+00 1.075369e+01 1.206512e+01 1.227430e+01 1.060864e+01 6.652243e-01
<GCONST> 4.605744e+01
<MIXTURE> 2 2.466732e-01
<MEAN> 13
 -2.804875e+00 -5.278011e+00 -4.069766e+00 -4.084442e+00 1.716294e+00 3.857042e+00 3.881828e+00 -6.109234e-02 -1.975365e+00 6.202211e-01 1.169962e+00 -2.681400e+00 4.952278e+01
<VARIANCE> 13
 2.646909e+00 3.212408e+00 4.992630e+00 5.928729e+00 7.741590e+00 8.418779e+00 9.766729e+00 1.181769e+01 1.244729e+01 1.283907e+01 1.238696e+01 1.120493e+01 8.738294e-01
<GCONST> 4.821837e+01
<MIXTURE> 3 2.466743e-01
<MEAN> 13
 -2.804871e+00 -5.278019e+00 -4.069772e+00 -4.084450e+00 1.716289e+00 3.857040e+00 3.881829e+00 -6.108972e-02 -1.975364e+00 6.202225e-01 1.169965e+00 -2.681402e+00 4.952277e+01
<VARIANCE> 13
 2.646874e+00 3.212382e+00 4.992610e+00 5.928721e+00 7.741569e+00 8.418777e+00 9.766705e+00 1.181765e+01 1.244722e+01 1.283906e+01 1.238696e+01 1.120491e+01 8.738187e-01
<GCONST> 4.821831e+01
<MIXTURE> 4 2.044408e-01
<MEAN> 13
 -2.988974e+00 -5.458758e+00 -1.742320e+00 -6.186783e+00 -1.432527e-01 1.443080e-01 1.611323e+00 3.086066e-01 -1.002689e+00 6.125548e-02 -7.440248e-01 -4.302039e+00 5.452550e+01
<VARIANCE> 13
 1.574000e+01 2.192106e+01 2.660057e+01 3.707454e+01 2.957761e+01 3.484673e+01 2.636216e+01 3.016518e+01 2.332261e+01 2.169472e+01 2.488415e+01 2.304637e+01 1.456347e+01
<GCONST> 6.550326e+01
<STATE> 3
<NUMMIXES> 4
<MIXTURE> 1 3.249819e-01
<MEAN> 13
 -3.425773e+00 -2.768881e+00 -3.317269e+00 -2.976520e+00 9.446974e-01 3.410427e+00 4.126364e+00 8.859277e-01 -4.224064e-01 1.574074e+00 9.156195e-01 -3.100395e+00 4.980820e+01
<VARIANCE> 13
 8.159746e+00 1.049943e+01 7.799762e+00 8.393496e+00 1.322885e+01 1.370896e+01 1.294334e+01 1.621427e+01 1.617649e+01 1.592943e+01 1.454443e+01 1.350247e+01 4.255887e+00
<GCONST> 5.535152e+01
<MIXTURE> 2 2.084225e-01
<MEAN> 13
 -2.356852e+00 7.128111e-03 8.052691e-01 -2.767747e+00 -3.761868e+00 -1.820853e+00 -5.591303e-01 -1.915112e+00 -1.979752e+00 9.575621e-04 -1.356574e+00 -5.181169e+00 5.268484e+01
<VARIANCE> 13
 2.161447e+01 2.040721e+01 2.939501e+01 2.120434e+01 3.371449e+01 2.995062e+01 2.394875e+01 3.076112e+01 3.206255e+01 2.893420e+01 2.512479e+01 2.462975e+01 1.054682e+01
<GCONST> 6.555268e+01
<MIXTURE> 3 2.084225e-01
<MEAN> 13
 -2.356852e+00 7.128111e-03 8.052691e-01 -2.767747e+00 -3.761868e+00 -1.820853e+00 -5.591303e-01 -1.915112e+00 -1.979752e+00 9.575621e-04 -1.356574e+00 -5.181169e+00 5.268484e+01
<VARIANCE> 13
 2.161447e+01 2.040721e+01 2.939501e+01 2.120434e+01 3.371449e+01 2.995062e+01 2.394875e+01 3.076112e+01 3.206255e+01 2.893420e+01 2.512479e+01 2.462975e+01 1.054682e+01
<GCONST> 6.555268e+01
<MIXTURE> 4 2.581446e-01
<MEAN> 13
 1.108515e+00 -7.754263e+00 2.479482e+00 -8.124075e+00 -6.268184e+00 -1.420370e+00 -4.523999e+00 -8.351663e-01 -2.447658e+00 -3.656013e-01 -1.795228e+00 -8.309147e+00 5.832597e+01
<VARIANCE> 13
 7.265082e+00 1.928383e+01 5.981843e+01 3.029106e+01 6.812399e+01 4.956878e+01 3.219549e+01 4.878707e+01 3.979557e+01 3.901721e+01 4.882197e+01 3.043163e+01 1.094436e+01
<GCONST> 6.886514e+01
<STATE> 4
<NUMMIXES> 4
<MIXTURE> 1 3.387627e-01
<MEAN> 13
 -4.328754e+00 2.024514e+00 -1.340980e+00 -2.020310e-01 -9.521031e-01 3.320873e+00 4.345231e+00 2.687076e+00 1.251581e+00 2.839569e+00 7.504512e-01 -2.276470e+00 4.493486e+01
<VARIANCE> 13
 2.365717e+00 2.826291e+00 4.737970e+00 6.823938e+00 1.063322e+01 1.112717e+01 1.239015e+01 1.294920e+01 1.444995e+01 1.360595e+01 1.324304e+01 1.115096e+01 1.286945e+00
<GCONST> 4.964827e+01
<MIXTURE> 2 2.143444e-01
<MEAN> 13
 -1.034309e+01 1.482291e+00 -1.273516e+00 -1.251069e+00 -1.283775e-01 -2.511398e-01 3.253668e+00 5.806478e-01 5.191562e-01 1.719458e+00 7.928747e-03 -1.289208e+00 5.077453e+01
<VARIANCE> 13
 1.625827e+01 1.001208e+01 9.404884e+00 1.016967e+01 1.509188e+01 1.370264e+01 1.621807e+01 1.544791e+01 1.638568e+01 1.499114e+01 1.414418e+01 1.446912e+01 8.999131e+00
<GCONST> 5.742309e+01
<MIXTURE> 3 2.143442e-01
<MEAN> 13
 -1.034309e+01 1.482292e+00 -1.273516e+00 -1.251069e+00 -1.283768e-01 -2.511393e-01 3.253668e+00 5.806484e-01 5.191562e-01 1.719458e+00 7.928647e-03 -1.289209e+00 5.077453e+01
<VARIANCE> 13
 1.625827e+01 1.001209e+01 9.404882e+00 1.016967e+01 1.509190e+01 1.370264e+01 1.621808e+01 1.544792e+01 1.638569e+01 1.499114e+01 1.414418e+01 1.446913e+01 8.999124e+00
<GCONST> 5.742310e+01
<MIXTURE> 4 2.325616e-01
<MEAN> 13
 -1.381215e+01 -4.479002e+00 -2.615217e+00 -1.949255e+00 -7.745336e-01 -3.296226e+00 7.866357e-01 -2.926270e+00 -1.926701e+00 -4.836115e-01 -7.673630e-02 -7.553535e-01 6.004449e+01
<VARIANCE> 13
 1.945607e+01 2.367369e+01 1.625231e+01 1.449278e+01 1.952880e+01 2.277608e+01 2.661382e+01 2.051532e+01 1.714496e+01 1.776554e+01 1.954543e+01 1.616211e+01 2.855708e+01
<GCONST> 6.271329e+01
<TRANSP> 5
 0.000000e+00 1.000000e+00 0.000000e+00 0.000000e+00 0.000000e+00
 0.000000e+00 9.969501e-01 3.049961e-03 0.000000e+00 0.000000e+00
 0.000000e+00 0.000000e+00 9.973792e-01 2.620699e-03 0.000000e+00
 0.000000e+00 0.000000e+00 0.000000e+00 9.974867e-01 2.513304e-03
 0.000000e+00 0.000000e+00 0.000000e+00 0.000000e+00 0.000000e+00
<ENDHMM>
