~o
<STREAMINFO> 1 13
<VECSIZE> 13<NULLD><MFCC_0><DIAGC>
~h "ap"
<BEGINHMM>
<NUMSTATES> 5
<STATE> 2
<MEAN> 13
 -3.774125e+00 -4.071242e+00 -3.827235e+00 -3.014791e+00 1.899094e+00 4.344672e+00 4.495617e+00 8.561389e-01 -7.675967e-01 1.007695e+00 1.237908e+00 -2.367292e+00 5.021096e+01
<VARIANCE> 13
 5.286744e+00 5.332685e+00 5.956667e+00 8.103046e+00 1.089250e+01 1.399700e+01 1.468143e+01 1.473857e+01 1.429220e+01 1.403478e+01 1.249814e+01 1.306771e+01 2.869431e+00
<GCONST> 5.296327e+01
<STATE> 3
<MEAN> 13
 -6.867634e+00 1.161518e+00 -1.254229e+00 -8.264542e-01 3.322091e-01 2.108520e+00 4.003559e+00 1.923342e+00 1.006099e-01 1.534255e+00 6.851542e-01 -1.769419e+00 4.640053e+01
<VARIANCE> 13
 1.007225e+01 7.522842e+00 6.287589e+00 8.534312e+00 1.103428e+01 1.369319e+01 1.366799e+01 1.400754e+01 1.328005e+01 1.396385e+01 1.203067e+01 1.140847e+01 1.046350e+01
<GCONST> 5.496780e+01
<STATE> 4
<MEAN> 13
 -1.060101e+01 -1.147269e+01 -5.231800e+00 1.212704e+00 3.226827e-01 -5.052318e+00 1.824862e+00 -2.218987e+00 -3.777471e+00 -1.386367e+00 6.804718e-01 -1.531051e+00 6.160652e+01
<VARIANCE> 13
 2.441596e+01 5.837016e+01 3.442100e+01 2.461413e+01 3.501546e+01 3.759159e+01 2.618896e+01 2.996650e+01 2.411862e+01 2.226979e+01 1.803456e+01 1.534015e+01 1.414063e+02
<GCONST> 6.860504e+01
<TRANSP> 5
 0.000000e+00 1.000000e+00 0.000000e+00 0.000000e+00 0.000000e+00
 0.000000e+00 9.837562e-01 1.624371e-02 0.000000e+00 0.000000e+00
 0.000000e+00 0.000000e+00 9.869959e-01 1.300412e-02 0.000000e+00
 0.000000e+00 0.000000e+00 0.000000e+00 9.963095e-01 3.690545e-03
 0.000000e+00 0.000000e+00 0.000000e+00 0.000000e+00 0.000000e+00
<ENDHMM>
~h "cl"
<BEGINHMM>
<NUMSTATES> 5
<STATE> 2
<MEAN> 13
 -1.003123e+01 -5.714419e+00 2.660270e+00 -4.408678e+00 3.040919e+00 -1.027507e+00 1.050457e+00 3.538859e+00 -4.973072e-01 -2.826065e+00 -5.052802e-01 -9.770200e-01 5.373265e+01
<VARIANCE> 13
 6.000257e+01 3.165727e+01 4.369070e+01 4.781497e+01 7.681664e+01 5.352323e+01 4.431287e+01 6.781275e+01 4.520319e+01 6.958710e+01 6.557525e+01 8.278381e+01 5.625580e+01
<GCONST> 7.609888e+01
<STATE> 3
<MEAN> 13
 -1.570740e+01 1.974818e+00 -1.838649e+00 -5.075294e+00 -3.125298e+00 1.140664e+01 6.748207e-01 -3.654702e+00 6.588603e+00 -2.367454e+00 -2.573269e+00 4.661593e+00 5.732720e+01
<VARIANCE> 13
 4.834245e+01 1.296870e+01 1.102435e+01 1.188947e+01 1.758799e+01 3.051532e+01 2.719974e+01 2.460639e+01 2.663677e+01 1.995434e+01 1.898470e+01 2.192547e+01 1.835011e+01
<GCONST> 6.321733e+01
<STATE> 4
<MEAN> 13
 -2.081264e+01 1.095716e+00 6.225851e+00 -3.098957e+00 -6.193464e+00 9.836356e+00 1.588199e+00 -6.313813e+00 2.841895e+00 4.131558e+00 -1.078228e+01 4.522200e+00 5.656271e+01
<VARIANCE> 13
 5.452640e+01 9.219549e+00 1.691710e+01 1.700613e+01 2.825985e+01 3.511135e+01 2.824914e+01 4.900319e+01 3.432789e+01 2.899363e+01 3.491412e+01 3.055131e+01 4.219110e+01
<GCONST> 6.752477e+01
<TRANSP> 5
 0.000000e+00 1.000000e+00 0.000000e+00 0.000000e+00 0.000000e+00
 0.000000e+00 9.802327e-01 1.976739e-02 0.000000e+00 0.000000e+00
 0.000000e+00 0.000000e+00 9.840093e-01 1.599077e-02 0.000000e+00
 0.000000e+00 0.000000e+00 0.000000e+00 9.943449e-01 5.655104e-03
 0.000000e+00 0.000000e+00 0.000000e+00 0.000000e+00 0.000000e+00
<ENDHMM>
~h "cm"
<BEGINHMM>
<NUMSTATES> 5
<STATE> 2
<MEAN> 13
 -8.456269e+00 -1.873895e-01 -2.717441e+00 -4.073458e+00 -7.909515e-01 -1.046149e+00 -2.624530e+00 -2.145605e+00 -3.708407e+00 -1.643266e+00 -1.599849e-01 -2.014352e+00 6.378681e+01
<VARIANCE> 13
 2.286112e+01 1.250754e+01 1.137283e+01 1.371530e+01 1.404063e+01 1.564802e+01 1.680707e+01 1.868194e+01 1.817866e+01 1.765110e+01 1.948654e+01 1.505976e+01 5.730476e+01
<GCONST> 6.124075e+01
<STATE> 3
<MEAN> 13
 -9.119472e+00 1.627667e+00 1.037627e-01 -1.880363e+00 5.028984e-01 3.111820e-01 2.374544e+00 1.356136e+00 1.864192e-01 3.338068e-01 7.251120e-01 -2.055546e+00 4.912276e+01
<VARIANCE> 13
 1.451436e+01 8.432845e+00 9.016064e+00 1.266548e+01 1.415833e+01 1.587889e+01 1.644343e+01 1.790654e+01 1.694464e+01 1.553147e+01 1.429440e+01 1.326886e+01 1.327007e+01
<GCONST> 5.794157e+01
<STATE> 4
<MEAN> 13
 -6.737395e+00 -2.627289e+00 -3.508477e+00 -4.669258e+00 -5.433954e-01 1.159043e+00 2.564152e+00 6.288642e-01 -4.597791e-01 7.825029e-01 9.136841e-01 -2.574557e+00 5.397718e+01
<VARIANCE> 13
 1.599332e+01 1.239947e+01 1.159089e+01 1.475832e+01 1.793437e+01 2.196796e+01 1.893711e+01 1.721949e+01 1.723404e+01 1.647743e+01 1.588089e+01 1.473332e+01 2.159504e+01
<GCONST> 6.026430e+01
<TRANSP> 5
 0.000000e+00 1.000000e+00 0.000000e+00 0.000000e+00 0.000000e+00
 0.000000e+00 9.890954e-01 1.090459e-02 0.000000e+00 0.000000e+00
 0.000000e+00 0.000000e+00 9.920210e-01 7.979024e-03 0.000000e+00
 0.000000e+00 0.000000e+00 0.000000e+00 9.926150e-01 7.385030e-03
 0.000000e+00 0.000000e+00 0.000000e+00 0.000000e+00 0.000000e+00
<ENDHMM>
~h "co"
<BEGINHMM>
<NUMSTATES> 5
<STATE> 2
<MEAN> 13
 -5.903538e+00 -6.243387e+00 -1.212999e-01 -1.089334e+00 -6.815981e+00 -6.402927e+00 -6.387014e+00 -5.594910e+00 -3.938645e+00 -4.938752e+00 -4.388389e+00 -8.671931e+00 6.550037e+01
<VARIANCE> 13
 1.626356e+01 1.429240e+01 2.507181e+01 2.469769e+01 4.755797e+01 4.573205e+01 6.082881e+01 6.083783e+01 4.404819e+01 4.250438e+01 4.128039e+01 3.968117e+01 6.535717e+01
<GCONST> 7.078656e+01
<STATE> 3
<MEAN> 13
 -2.841707e+00 -2.398400e+00 2.756174e+00 1.314854e+00 6.679205e-01 -9.755530e-01 -1.441494e+00 -3.725389e+00 -3.464764e+00 -2.498128e+00 -2.087537e+00 -6.283565e+00 5.250207e+01
<VARIANCE> 13
 1.018736e+01 1.991673e+01 2.639948e+01 2.633889e+01 2.388039e+01 2.632388e+01 3.254393e+01 3.587207e+01 2.816385e+01 2.986777e+01 2.433610e+01 2.208799e+01 3.727268e+01
<GCONST> 6.589566e+01
<STATE> 4
<MEAN> 13
 -5.364827e+00 1.396412e+00 7.979906e-01 -1.743648e+00 2.476998e+00 2.465820e+00 2.390474e+00 3.655285e+00 -4.972607e-01 2.799543e-01 7.589240e-01 -2.851650e+00 4.403765e+01
<VARIANCE> 13
 5.080753e+00 7.753058e+00 1.000680e+01 9.940432e+00 1.508581e+01 1.483348e+01 1.504517e+01 1.726357e+01 1.546824e+01 1.549676e+01 1.407727e+01 1.262159e+01 7.123206e+00
<GCONST> 5.575887e+01
<TRANSP> 5
 0.000000e+00 1.000000e+00 0.000000e+00 0.000000e+00 0.000000e+00
 0.000000e+00 9.878215e-01 1.217856e-02 0.000000e+00 0.000000e+00
 0.000000e+00 0.000000e+00 9.799268e-01 2.007328e-02 0.000000e+00
 0.000000e+00 0.000000e+00 0.000000e+00 9.954218e-01 4.578230e-03
 0.000000e+00 0.000000e+00 0.000000e+00 0.000000e+00 0.000000e+00
<ENDHMM>
~h "ds"
<BEGINHMM>
<NUMSTATES> 5
<STATE> 2
<MEAN> 13
 -1.050072e+01 2.063585e+00 2.772477e+00 2.258336e+00 3.470983e+00 1.020312e+00 4.757945e+00 -1.071719e+00 1.415375e+00 7.250021e-01 2.880476e+00 -5.982543e-01 5.942594e+01
<VARIANCE> 13
 2.013983e+01 1.379020e+01 1.728116e+01 1.854830e+01 2.471172e+01 2.339827e+01 2.231756e+01 2.271595e+01 2.122092e+01 1.970836e+01 1.805692e+01 1.607485e+01 8.251386e+01
<GCONST> 6.399722e+01
<STATE> 3
<MEAN> 13
 -7.092477e+00 1.710943e+00 6.935281e-01 -7.779312e-01 1.343437e+00 1.479451e+00 3.623455e+00 1.439289e+00 7.496499e-01 1.223135e+00 1.561321e+00 -2.342256e+00 4.843062e+01
<VARIANCE> 13
 1.154853e+01 6.842112e+00 9.242442e+00 1.146550e+01 1.819578e+01 1.712850e+01 1.780689e+01 1.875175e+01 1.871242e+01 1.793670e+01 1.572132e+01 1.366056e+01 1.166180e+01
<GCONST> 5.811989e+01
<STATE> 4
<MEAN> 13
 -8.876468e+00 -2.862921e+00 -2.022978e+00 -3.504356e+00 -2.170761e-01 1.500175e+00 3.440156e+00 2.549187e-01 -4.432901e-01 6.846112e-01 1.719834e+00 -2.097616e+00 5.530643e+01
<VARIANCE> 13
 4.487902e+01 1.384046e+01 1.285702e+01 1.489637e+01 1.732484e+01 2.751095e+01 2.267337e+01 2.116901e+01 1.902921e+01 1.843762e+01 1.655972e+01 1.482600e+01 3.229726e+01
<GCONST> 6.275814e+01
<TRANSP> 5
 0.000000e+00 1.000000e+00 0.000000e+00 0.000000e+00 0.000000e+00
 0.000000e+00 9.870380e-01 1.296194e-02 0.000000e+00 0.000000e+00
 0.000000e+00 0.000000e+00 9.894147e-01 1.058524e-02 0.000000e+00
 0.000000e+00 0.000000e+00 0.000000e+00 9.933556e-01 6.644392e-03
 0.000000e+00 0.000000e+00 0.000000e+00 0.000000e+00 0.000000e+00
<ENDHMM>
~h "kj"
<BEGINHMM>
<NUMSTATES> 5
<STATE> 2
<MEAN> 13
 -2.238151e+01 3.346553e+00 1.368306e+00 -5.396670e+00 -4.706295e+00 1.264267e+01 1.117423e+00 -3.179191e+00 8.280424e+00 -4.214454e+00 -3.922777e+00 5.668375e+00 5.928823e+01
<VARIANCE> 13
 3.873601e+01 7.937872e+00 1.911199e+01 1.313673e+01 1.710854e+01 3.452642e+01 2.310163e+01 2.065651e+01 2.491299e+01 2.067401e+01 1.945330e+01 2.031445e+01 2.329932e+01
<GCONST> 6.306783e+01
<STATE> 3
<MEAN> 13
 -8.984156e+00 -3.896094e+00 -4.010814e+00 -1.339892e+00 -1.195667e+00 1.632920e-01 2.597825e+00 -8.938018e-01 -5.955848e-01 7.443939e-01 1.747080e-01 -1.191316e+00 5.522282e+01
<VARIANCE> 13
 3.059568e+01 3.890510e+01 1.694729e+01 1.625459e+01 2.539237e+01 3.827036e+01 2.513054e+01 2.322582e+01 2.889452e+01 1.940721e+01 1.653851e+01 1.703313e+01 8.656902e+01
<GCONST> 6.627243e+01
<STATE> 4
<MEAN> 13
 -1.769035e+01 2.914502e+00 7.300001e-01 6.228167e-01 -1.766784e+00 8.231018e-01 4.406717e+00 1.106995e+00 -1.884305e+00 2.375201e+00 8.787464e-01 -2.219882e+00 5.340204e+01
<VARIANCE> 13
 6.409839e+01 2.393167e+01 1.656382e+01 2.185846e+01 1.711842e+01 2.409568e+01 3.238433e+01 2.236925e+01 2.185222e+01 2.590357e+01 1.699320e+01 1.788753e+01 3.042940e+01
<GCONST> 6.519839e+01
<TRANSP> 5
 0.000000e+00 1.000000e+00 0.000000e+00 0.000000e+00 0.000000e+00
 0.000000e+00 9.883550e-01 1.164499e-02 0.000000e+00 0.000000e+00
 0.000000e+00 0.000000e+00 9.937012e-01 6.298815e-03 0.000000e+00
 0.000000e+00 0.000000e+00 0.000000e+00 9.963334e-01 3.666590e-03
 0.000000e+00 0.000000e+00 0.000000e+00 0.000000e+00 0.000000e+00
<ENDHMM>
~h "kn"
<BEGINHMM>
<NUMSTATES> 5
<STATE> 2
<MEAN> 13
 -3.465247e+00 1.410698e+00 -1.416036e+00 -1.715801e+00 1.146032e-01 -1.807111e+00 1.458239e+00 -2.963383e+00 1.137537e+00 1.331786e+00 1.750228e+00 -2.045942e+00 5.676157e+01
<VARIANCE> 13
 4.972838e+01 2.040740e+01 1.779235e+01 1.445424e+01 2.035772e+01 2.389372e+01 2.812760e+01 2.848157e+01 2.996137e+01 2.160706e+01 2.214569e+01 2.206886e+01 5.907998e+01
<GCONST> 6.598135e+01
<STATE> 3
<MEAN> 13
 5.582366e+00 -3.071002e-01 -2.159315e+00 1.457296e+00 5.040404e+00 1.894902e-02 1.928094e+00 -3.278799e+00 -1.100909e+00 -1.245791e+00 7.069762e-01 -2.199401e+00 5.854727e+01
<VARIANCE> 13
 9.957367e+00 2.122762e+01 1.561721e+01 1.284834e+01 1.870275e+01 2.295356e+01 2.050274e+01 2.341370e+01 2.214598e+01 1.992772e+01 1.644226e+01 1.739747e+01 3.962297e+01
<GCONST> 6.220898e+01
<STATE> 4
<MEAN> 13
 -3.683345e+00 3.633626e-01 3.386212e-01 -2.161396e+00 -1.196280e+00 2.293185e+00 3.017139e+00 8.351355e-01 -8.972014e-02 2.001459e+00 1.513180e-01 -3.075508e+00 4.607458e+01
<VARIANCE> 13
 6.060466e+00 1.164039e+01 1.419986e+01 1.106100e+01 2.678339e+01 1.655502e+01 2.200214e+01 2.646580e+01 1.892742e+01 2.387261e+01 1.978185e+01 1.493882e+01 8.230256e+00
<GCONST> 5.957669e+01
<TRANSP> 5
 0.000000e+00 1.000000e+00 0.000000e+00 0.000000e+00 0.000000e+00
 0.000000e+00 9.566333e-01 4.336676e-02 0.000000e+00 0.000000e+00
 0.000000e+00 0.000000e+00 9.878308e-01 1.216917e-02 0.000000e+00
 0.000000e+00 0.000000e+00 0.000000e+00 9.920211e-01 7.978855e-03
 0.000000e+00 0.000000e+00 0.000000e+00 0.000000e+00 0.000000e+00
<ENDHMM>
~h "kt"
<BEGINHMM>
<NUMSTATES> 5
<STATE> 2
<MEAN> 13
 -1.225470e+01 2.499476e+00 -3.185125e+00 4.963456e-01 8.069956e-01 -2.035191e+00 2.466070e+00 9.890877e-01 6.885551e-02 -5.045468e-01 -1.531418e-01 -1.521280e+00 5.380661e+01
<VARIANCE> 13
 8.146877e+00 8.692561e+00 9.046969e+00 1.255748e+01 1.392400e+01 1.668040e+01 1.784279e+01 1.750108e+01 1.850538e+01 1.869153e+01 1.758597e+01 1.397328e+01 1.997742e+01
<GCONST> 5.842194e+01
<STATE> 3
<MEAN> 13
 -8.725448e+00 2.672658e+00 -2.060739e+00 -2.280423e-01 -7.705622e-02 3.333645e-01 3.531871e+00 1.757258e+00 6.150762e-01 5.500340e-01 4.630071e-01 -1.980937e+00 4.812719e+01
<VARIANCE> 13
 1.109448e+01 8.236279e+00 1.000923e+01 1.078697e+01 1.759663e+01 1.554135e+01 1.706897e+01 1.811728e+01 1.680158e+01 1.784322e+01 1.473324e+01 1.270995e+01 1.094967e+01
<GCONST> 5.776348e+01
<STATE> 4
<MEAN> 13
 -7.772972e+00 -2.747118e+00 -4.756948e+00 -2.466784e+00 1.559869e+00 2.576432e+00 4.612054e+00 4.949660e-01 -3.326382e-01 9.457555e-01 1.229460e+00 -1.663299e+00 5.314980e+01
<VARIANCE> 13
 2.178751e+01 1.075548e+01 8.603620e+00 9.484687e+00 1.172103e+01 1.764399e+01 1.518227e+01 1.615709e+01 1.583793e+01 1.453004e+01 1.368577e+01 1.263781e+01 1.887978e+01
<GCONST> 5.811506e+01
<TRANSP> 5
 0.000000e+00 1.000000e+00 0.000000e+00 0.000000e+00 0.000000e+00
 0.000000e+00 9.875148e-01 1.248523e-02 0.000000e+00 0.000000e+00
 0.000000e+00 0.000000e+00 9.950719e-01 4.928035e-03 0.000000e+00
 0.000000e+00 0.000000e+00 0.000000e+00 9.973626e-01 2.637449e-03
 0.000000e+00 0.000000e+00 0.000000e+00 0.000000e+00 0.000000e+00
<ENDHMM>
~h "pr"
<BEGINHMM>
<NUMSTATES> 5
<STATE> 2
<MEAN> 13
 -7.318032e+00 -6.397305e+00 1.454876e+00 -4.761069e+00 8.040767e-01 4.627378e+00 1.854141e+00 3.136661e-01 6.025435e-01 2.691615e+00 1.364723e+00 -2.783851e+00 5.067048e+01
<VARIANCE> 13
 1.404187e+01 5.304473e+01 3.413110e+01 3.512335e+01 6.826984e+01 6.382689e+01 3.049944e+01 4.613379e+01 5.720021e+01 3.622836e+01 5.300043e+01 4.195165e+01 2.638643e+01
<GCONST> 7.183963e+01
<STATE> 3
<MEAN> 13
 -1.559457e+01 -8.536737e+00 1.686151e+00 -5.331638e+00 3.186652e+00 -1.761524e+00 6.154344e+00 4.227248e+00 -9.880499e-02 -2.504301e+00 9.747637e-02 2.139469e+00 5.874136e+01
<VARIANCE> 13
 2.940300e+01 3.577398e+01 4.236979e+01 3.966291e+01 9.651089e+01 9.582159e+01 6.867047e+01 7.698251e+01 5.171999e+01 3.916426e+01 6.614107e+01 7.400314e+01 2.109892e+01
<GCONST> 7.514134e+01
<STATE> 4
<MEAN> 13
 -1.607930e+01 3.108611e+00 1.374724e+01 -1.311887e+01 3.451632e+00 9.650816e+00 -4.110568e+00 -1.947610e+00 8.025409e+00 -3.744517e+00 -6.570667e+00 6.507386e+00 5.035495e+01
<VARIANCE> 13
 4.634413e+01 1.295640e+01 4.797567e+01 5.414000e+01 2.380445e+01 4.214215e+01 2.370410e+01 4.294866e+01 5.248799e+01 4.037091e+01 4.009306e+01 3.763868e+01 2.254569e+01
<GCONST> 7.008241e+01
<TRANSP> 5
 0.000000e+00 1.000000e+00 0.000000e+00 0.000000e+00 0.000000e+00
 0.000000e+00 9.753098e-01 2.469024e-02 0.000000e+00 0.000000e+00
 0.000000e+00 0.000000e+00 9.944978e-01 5.502203e-03 0.000000e+00
 0.000000e+00 0.000000e+00 0.000000e+00 9.922382e-01 7.761807e-03
 0.000000e+00 0.000000e+00 0.000000e+00 0.000000e+00 0.000000e+00
<ENDHMM>
~h "pw"
<BEGINHMM>
<NUMSTATES> 5
<STATE> 2
<MEAN> 13
 -1.356625e+01 -3.822961e+00 -1.773392e+00 -7.607488e-01 9.127915e-01 -1.816786e+00 2.269971e+00 -9.765139e-01 -1.329044e+00 4.539516e-01 1.955100e-01 -8.915316e-01 5.624683e+01
<VARIANCE> 13
 1.558233e+01 2.243704e+01 1.283183e+01 1.221729e+01 1.520208e+01 2.157447e+01 1.895296e+01 2.163906e+01 1.787494e+01 1.627952e+01 1.449890e+01 1.285586e+01 4.078106e+01
<GCONST> 6.122284e+01
<STATE> 3
<MEAN> 13
 -7.998507e+00 -9.090739e+00 -1.380080e+00 -2.952447e+00 -4.001400e+00 -6.250726e+00 -3.360550e+00 -7.630410e+00 -3.363269e+00 -2.430225e+00 -2.128906e+00 -4.619029e+00 6.746262e+01
<VARIANCE> 13
 2.367419e+01 1.772500e+01 2.591209e+01 2.048578e+01 3.624401e+01 3.878411e+01 3.052167e+01 3.124909e+01 3.598905e+01 2.352748e+01 2.517304e+01 4.197453e+01 4.447302e+01
<GCONST> 6.781402e+01
<STATE> 4
<MEAN> 13
 -6.362667e+00 -4.111703e+00 -1.168660e+00 -1.551554e+00 2.793451e-02 -3.497664e+00 -1.049884e+00 -4.053496e+00 -3.456181e+00 -1.045465e+00 -8.539065e-01 -2.224210e+00 5.675976e+01
<VARIANCE> 13
 1.495544e+01 3.447681e+01 1.586021e+01 1.207190e+01 2.782470e+01 2.680702e+01 2.561740e+01 3.445075e+01 2.602920e+01 1.870177e+01 1.793581e+01 2.092188e+01 8.088651e+01
<GCONST> 6.529832e+01
<TRANSP> 5
 0.000000e+00 1.000000e+00 0.000000e+00 0.000000e+00 0.000000e+00
 0.000000e+00 9.963596e-01 3.640368e-03 0.000000e+00 0.000000e+00
 0.000000e+00 0.000000e+00 9.334901e-01 6.650993e-02 0.000000e+00
 0.000000e+00 0.000000e+00 0.000000e+00 9.767430e-01 2.325703e-02
 0.000000e+00 0.000000e+00 0.000000e+00 0.000000e+00 0.000000e+00
<ENDHMM>
~h "si"
<BEGINHMM>
<NUMSTATES> 5
<STATE> 2
<MEAN> 13
 -1.138241e+01 -7.749719e-01 1.143604e+00 -7.562892e-01 1.153615e+00 -8.692387e-01 2.085457e+00 -8.480700e-01 -2.467920e-01 -1.653185e-01 1.296029e+00 -1.259641e+00 5.462175e+01
<VARIANCE> 13
 1.858841e+01 2.024813e+01 1.544541e+01 1.783499e+01 2.025157e+01 2.187230e+01 2.230350e+01 2.231985e+01 2.299796e+01 2.074851e+01 1.785171e+01 1.637505e+01 4.685414e+01
<GCONST> 6.343792e+01
<STATE> 3
<MEAN> 13
 -5.422688e+00 2.608743e+00 3.231134e+00 -1.531357e+00 3.012963e+00 2.413002e+00 2.138527e+00 3.031569e+00 -1.174375e+00 -1.237801e-01 7.628325e-01 -2.302066e+00 4.374183e+01
<VARIANCE> 13
 6.279130e+00 6.801087e+00 9.275222e+00 1.111127e+01 1.886214e+01 1.735649e+01 1.783509e+01 2.149175e+01 1.655993e+01 1.886586e+01 1.626376e+01 1.344189e+01 4.832199e+00
<GCONST> 5.672894e+01
<STATE> 4
<MEAN> 13
 -7.113712e+00 1.763840e+00 1.039212e+00 -2.093549e+00 2.310660e+00 1.152928e+00 2.112771e+00 3.406361e+00 -3.967827e-01 2.633231e-01 9.061294e-01 -2.302657e+00 4.478810e+01
<VARIANCE> 13
 1.132041e+01 8.586761e+00 7.563497e+00 1.102289e+01 1.296868e+01 1.470526e+01 1.467190e+01 1.712614e+01 1.543905e+01 1.535172e+01 1.396126e+01 1.303842e+01 1.083521e+01
<GCONST> 5.672494e+01
<TRANSP> 5
 0.000000e+00 1.000000e+00 0.000000e+00 0.000000e+00 0.000000e+00
 0.000000e+00 9.903932e-01 9.606837e-03 0.000000e+00 0.000000e+00
 0.000000e+00 0.000000e+00 9.806296e-01 1.937044e-02 0.000000e+00
 0.000000e+00 0.000000e+00 0.000000e+00 9.947226e-01 5.277423e-03
 0.000000e+00 0.000000e+00 0.000000e+00 0.000000e+00 0.000000e+00
<ENDHMM>
~h "st"
<BEGINHMM>
<NUMSTATES> 5
<STATE> 2
<MEAN> 13
 -5.812972e+00 -6.267266e-01 -3.197282e+00 -5.378665e+00 -1.798329e+00 -2.462264e+00 -3.422357e+00 -2.426983e+00 -3.992486e+00 -2.419411e+00 -1.742418e+00 -2.895551e+00 6.994596e+01
<VARIANCE> 13
 8.929971e+00 9.335398e+00 8.932342e+00 1.205520e+01 1.345954e+01 1.299736e+01 1.590331e+01 1.741980e+01 1.617907e+01 1.527824e+01 1.488037e+01 1.354292e+01 5.404953e+01
<GCONST> 5.858933e+01
<STATE> 3
<MEAN> 13
 -1.135681e+01 1.138079e+00 9.816447e-01 1.768488e-01 3.046491e-01 -9.856262e-01 1.934130e+00 -1.684972e+00 3.683921e-01 4.170203e-01 1.789149e+00 -1.517323e+00 5.875222e+01
<VARIANCE> 13
 2.486153e+01 1.229007e+01 1.126866e+01 1.450946e+01 1.677077e+01 1.575394e+01 1.667092e+01 2.033054e+01 1.884465e+01 1.831877e+01 1.675015e+01 1.593486e+01 1.250685e+02
<GCONST> 6.237380e+01
<STATE> 4
<MEAN> 13
 -4.546223e+00 -2.585182e+00 2.586799e-01 -8.708509e+00 -2.281406e+00 -3.713608e+00 -2.225203e+00 -2.806870e+00 -1.202239e+00 -2.289752e+00 -3.626735e+00 -2.621153e+00 6.008321e+01
<VARIANCE> 13
 3.187853e+01 3.375926e+01 3.588393e+01 6.436066e+01 3.106019e+01 5.188412e+01 4.087243e+01 3.534198e+01 3.149946e+01 2.957408e+01 4.261009e+01 2.493776e+01 6.917367e+01
<GCONST> 7.132081e+01
<TRANSP> 5
 0.000000e+00 1.000000e+00 0.000000e+00 0.000000e+00 0.000000e+00
 0.000000e+00 9.708676e-01 2.913233e-02 0.000000e+00 0.000000e+00
 0.000000e+00 0.000000e+00 9.490393e-01 5.096071e-02 0.000000e+00
 0.000000e+00 0.000000e+00 0.000000e+00 9.510925e-01 4.890742e-02
 0.000000e+00 0.000000e+00 0.000000e+00 0.000000e+00 0.000000e+00
<ENDHMM>
~h "spe"
<BEGINHMM>
<NUMSTATES> 5
<STATE> 2
<MEAN> 13
 -3.740557e+00 -4.177947e+00 -3.484091e+00 -3.558038e+00 1.452145e+00 3.473202e+00 4.700135e+00 1.101033e+00 -4.722085e-01 1.081982e+00 1.042192e+00 -2.768687e+00 5.044629e+01
<VARIANCE> 13
 8.950758e+00 1.062215e+01 9.477856e+00 1.224648e+01 1.613145e+01 1.906375e+01 1.664115e+01 1.775402e+01 1.691788e+01 1.607303e+01 1.560893e+01 1.414894e+01 8.552724e+00
<GCONST> 5.776757e+01
<STATE> 3
<MEAN> 13
 -9.577855e-01 -3.502676e+00 6.271749e-01 -4.835353e+00 -3.232717e+00 -3.613862e-01 -8.486466e-01 -1.115372e+00 -2.265162e+00 -1.619041e-02 -1.056724e+00 -5.926384e+00 5.408797e+01
<VARIANCE> 13
 1.465196e+01 2.972904e+01 3.821441e+01 2.878257e+01 4.824181e+01 3.827588e+01 3.429557e+01 3.410205e+01 3.054533e+01 2.981517e+01 3.118371e+01 2.676628e+01 1.924958e+01
<GCONST> 6.805626e+01
<STATE> 4
<MEAN> 13
 -8.194263e+00 -1.162690e-01 -1.810424e+00 -1.288811e+00 -5.686681e-01 7.938181e-01 3.160711e+00 5.370620e-01 2.940021e-01 1.709732e+00 2.807826e-01 -1.759534e+00 5.067377e+01
<VARIANCE> 13
 2.608348e+01 1.715504e+01 1.047211e+01 1.062286e+01 1.653364e+01 2.225280e+01 1.900190e+01 1.968897e+01 1.781331e+01 1.726240e+01 1.569702e+01 1.477839e+01 3.574812e+01
<GCONST> 6.129179e+01
<TRANSP> 5
 0.000000e+00 1.000000e+00 0.000000e+00 0.000000e+00 0.000000e+00
 0.000000e+00 9.966346e-01 3.365376e-03 0.000000e+00 0.000000e+00
 0.000000e+00 0.000000e+00 9.970157e-01 2.984328e-03 0.000000e+00
 0.000000e+00 0.000000e+00 0.000000e+00 9.978516e-01 2.148476e-03
 0.000000e+00 0.000000e+00 0.000000e+00 0.000000e+00 0.000000e+00
<ENDHMM>
