~o
<STREAMINFO> 1 39
<VECSIZE> 39<NULLD><MFCC_D_A_0><DIAGC>
~h "ap"
<BEGINHMM>
<NUMSTATES> 5
<STATE> 2
<NUMMIXES> 2
<MIXTURE> 1 7.931497e-01
<MEAN> 39
 -1.269598e+01 -9.952071e+00 -4.862554e+00 -1.621792e-01 1.118236e+00 -3.805166e+00 2.173575e+00 -3.503459e+00 -3.098047e+00 -1.027388e+00 6.993124e-01 -1.057907e+00 6.193075e+01 3.320203e-01 2.121744e-01 1.958491e-01 1.072852e-01 2.607424e-01 2.350286e-01 1.500178e-01 1.017182e-01 2.682992e-02 5.634727e-02 8.498646e-02 2.277696e-02 -7.920599e-01 -1.333179e-02 1.525853e-02 1.099278e-03 6.228048e-03 -2.457569e-02 -2.264833e-02 -1.128841e-02 2.206625e-02 1.171366e-02 -2.305055e-03 -5.413946e-03 6.751681e-03 1.515164e-02
<VARIANCE> 39
 2.095945e+01 3.154329e+01 2.700116e+01 2.194834e+01 2.984508e+01 3.144943e+01 2.450628e+01 2.485206e+01 2.127896e+01 1.952651e+01 1.751785e+01 1.532461e+01 7.913670e+01 1.134402e-01 2.405269e-01 3.714263e-01 6.282005e-01 8.993416e-01 1.047648e+00 1.064263e+00 1.199133e+00 1.329321e+00 1.327630e+00 1.271052e+00 1.245048e+00 7.661527e-02 2.160299e-02 4.642797e-02 7.252733e-02 1.241685e-01 1.768641e-01 2.169697e-01 2.072097e-01 2.378707e-01 2.652438e-01 2.812426e-01 2.626297e-01 2.664726e-01 1.005456e-02
<GCONST> 7.965112e+01
<MIXTURE> 2 2.068517e-01
<MEAN> 39
 -1.368708e+01 -7.565325e+00 -4.390514e+00 -3.135891e-02 -1.118906e+00 -5.001784e+00 1.238973e+00 -1.151345e+00 -1.823971e+00 -8.668305e-01 -1.848204e-01 -1.067014e+00 6.326443e+01 -1.351990e+00 -1.073870e+00 -9.066417e-01 -3.724762e-01 -1.058076e+00 -1.130956e+00 -6.724726e-01 -4.547228e-01 -2.285337e-01 -3.100990e-01 -3.600359e-01 -1.084514e-01 3.461209e+00 5.563671e-02 -9.429403e-02 -3.780600e-02 -3.747028e-02 9.301168e-02 5.274118e-02 2.885654e-02 -8.051712e-02 -6.230376e-02 2.189490e-03 2.667760e-02 -2.961946e-02 1.193907e-02
<VARIANCE> 39
 4.461253e+01 4.303074e+01 2.979843e+01 2.453792e+01 4.632485e+01 6.038819e+01 3.069482e+01 2.441994e+01 2.319556e+01 2.338035e+01 2.146156e+01 1.405212e+01 2.045821e+02 3.742451e+00 3.667801e+00 2.060381e+00 2.124104e+00 3.746741e+00 5.935322e+00 2.799173e+00 2.468245e+00 2.324686e+00 2.514959e+00 2.037527e+00 1.549994e+00 1.658347e+01 8.826124e-01 6.588432e-01 4.154522e-01 3.966174e-01 8.107043e-01 1.254091e+00 5.491374e-01 4.332722e-01 4.317462e-01 4.822708e-01 3.839516e-01 2.899908e-01 4.240644e+00
<GCONST> 1.264839e+02
<STATE> 3
<NUMMIXES> 2
<MIXTURE> 1 7.899646e-01
<MEAN> 39
 -1.053746e+01 -1.663247e+01 -1.034031e+01 1.792253e+00 9.691575e-01 -9.188132e+00 4.393638e-01 -2.441114e+00 -6.283293e+00 -3.704249e+00 6.374959e-01 -1.588884e+00 6.871229e+01 2.827733e-01 1.703088e-01 2.450458e-01 2.348937e-01 3.428534e-01 2.308707e-01 1.420833e-01 3.703469e-02 2.836077e-02 3.869688e-02 7.780698e-02 6.775215e-02 -9.055612e-01 -6.700791e-03 2.503442e-02 1.104030e-02 1.863530e-02 -2.190513e-02 -1.321588e-02 -1.169491e-02 2.129951e-02 1.780863e-02 1.128638e-02 7.943499e-03 2.354323e-02 9.399754e-03
<VARIANCE> 39
 1.051856e+01 1.862805e+01 1.671192e+01 2.239941e+01 3.062772e+01 1.884643e+01 2.562190e+01 1.977809e+01 2.351054e+01 2.158497e+01 1.557751e+01 1.636451e+01 5.817433e+01 8.722281e-02 1.993680e-01 3.000090e-01 5.834725e-01 9.350008e-01 1.046754e+00 9.057106e-01 1.037285e+00 1.446600e+00 1.409572e+00 1.143870e+00 1.598127e+00 3.624735e-02 1.812088e-02 3.933457e-02 6.117992e-02 1.271903e-01 1.933210e-01 2.282196e-01 1.847825e-01 1.950811e-01 3.003156e-01 3.022372e-01 2.305964e-01 3.691561e-01 8.602626e-03
<GCONST> 7.525519e+01
<MIXTURE> 2 2.100381e-01
<MEAN> 39
 -1.146878e+01 -1.508350e+01 -1.018429e+01 2.194895e+00 -1.030666e+00 -1.011869e+01 -1.193835e+00 -1.236354e+00 -4.956729e+00 -3.639771e+00 -2.661749e-02 -1.097199e+00 7.150533e+01 -6.570428e-01 -6.090498e-01 -7.817098e-01 -7.432086e-01 -8.673709e-01 -6.205138e-01 -3.673467e-01 -1.893104e-01 -1.587237e-01 -1.594995e-01 -1.277068e-01 -2.582576e-01 2.401454e+00 9.358680e-02 6.914880e-02 8.250653e-02 -2.443326e-02 1.680115e-01 2.028043e-01 1.247124e-01 -2.249795e-02 8.787778e-03 2.801605e-02 -2.244995e-02 -7.274982e-02 -3.682673e-01
<VARIANCE> 39
 2.285823e+01 2.645412e+01 2.154109e+01 2.657920e+01 4.425005e+01 3.413029e+01 3.562649e+01 1.971542e+01 2.766695e+01 2.236459e+01 2.100707e+01 1.510548e+01 1.581246e+02 1.778122e+00 2.250576e+00 1.416994e+00 1.615622e+00 3.329676e+00 3.525378e+00 2.661877e+00 1.685691e+00 2.288938e+00 1.822562e+00 1.753686e+00 1.618420e+00 1.267544e+01 4.284857e-01 4.751836e-01 3.470721e-01 3.410904e-01 8.088158e-01 8.357219e-01 5.216858e-01 3.387485e-01 4.393539e-01 3.485457e-01 3.199469e-01 3.156602e-01 3.661614e+00
<GCONST> 1.180264e+02
<STATE> 4
<NUMMIXES> 2
<MIXTURE> 1 8.685212e-01
<MEAN> 39
 -8.057125e+00 -1.051681e+01 -2.978580e+00 2.308079e+00 -3.398376e-01 -2.652204e+00 4.166826e+00 -2.031592e+00 -3.307744e+00 3.732461e-01 1.219419e+00 -1.853297e+00 5.604842e+01 1.952267e-01 2.839573e-01 1.454383e-01 4.732132e-02 1.300327e-01 1.909885e-01 7.297634e-02 1.469250e-01 7.021316e-02 6.951667e-02 2.834131e-02 -9.554992e-03 -5.791800e-01 -1.319952e-02 6.305248e-03 -1.937913e-03 -1.523687e-03 -2.388863e-02 -1.472100e-02 -9.002738e-03 3.669439e-03 -7.639533e-04 -7.719517e-04 -2.041697e-03 7.372139e-03 1.981221e-02
<VARIANCE> 39
 1.660276e+01 7.239346e+01 1.723494e+01 2.268090e+01 3.030355e+01 3.119942e+01 1.814833e+01 3.179278e+01 2.424964e+01 1.829428e+01 1.560802e+01 1.337254e+01 1.079275e+02 1.291724e-01 2.828493e-01 3.961187e-01 6.490442e-01 9.418506e-01 1.034746e+00 1.101805e+00 1.243968e+00 1.371758e+00 1.417441e+00 1.250684e+00 1.116374e+00 1.544973e-01 2.179500e-02 4.901818e-02 7.825940e-02 1.263939e-01 1.883343e-01 2.131692e-01 2.200941e-01 2.419112e-01 2.835347e-01 3.011770e-01 2.523916e-01 2.262550e-01 6.815911e-03
<GCONST> 8.089953e+01
<MIXTURE> 2 1.314790e-01
<MEAN> 39
 -1.106295e+01 -1.032921e+01 -3.803413e+00 2.265249e+00 -4.150906e+00 -4.459601e+00 3.071073e+00 -1.537745e+00 -3.036487e+00 2.715543e-01 -2.580518e-01 -1.555659e+00 6.262226e+01 -1.176386e+00 -1.498603e+00 -6.738676e-01 -2.864322e-01 -9.992495e-01 -9.609871e-01 -3.294336e-01 -7.685649e-01 -1.815445e-01 -2.207116e-01 -2.362044e-01 8.629403e-03 3.281435e+00 6.629773e-02 -5.424557e-02 -1.650323e-02 -1.266971e-02 1.216311e-01 5.415941e-02 2.874706e-02 -2.904112e-02 -2.835347e-02 -2.122700e-02 -1.072454e-02 -5.787581e-02 -9.177074e-02
<VARIANCE> 39
 3.640125e+01 8.975999e+01 2.074329e+01 2.701190e+01 4.579387e+01 4.695638e+01 2.223606e+01 3.116203e+01 2.313878e+01 1.770267e+01 2.059558e+01 1.415816e+01 2.603026e+02 3.159527e+00 7.105664e+00 1.490946e+00 2.541842e+00 3.900159e+00 4.160563e+00 1.850764e+00 2.610845e+00 2.313610e+00 1.887308e+00 1.965170e+00 1.418583e+00 2.007484e+01 7.350919e-01 1.387611e+00 2.874462e-01 4.959640e-01 8.472618e-01 8.800171e-01 3.565010e-01 5.388889e-01 4.420139e-01 3.669644e-01 4.035750e-01 2.589898e-01 4.940937e+00
<GCONST> 1.255174e+02
<TRANSP> 5
 0.000000e+00 1.000000e+00 0.000000e+00 0.000000e+00 0.000000e+00
 0.000000e+00 9.923152e-01 7.684795e-03 0.000000e+00 0.000000e+00
 0.000000e+00 0.000000e+00 9.866869e-01 1.331311e-02 0.000000e+00
 0.000000e+00 0.000000e+00 0.000000e+00 9.876351e-01 1.236482e-02
 0.000000e+00 0.000000e+00 0.000000e+00 0.000000e+00 0.000000e+00
<ENDHMM>
~h "cl"
<BEGINHMM>
<NUMSTATES> 5
<STATE> 2
<NUMMIXES> 2
<MIXTURE> 1 7.438143e-01
<MEAN> 39
 -1.129474e+01 -1.446277e+00 -1.756647e+00 -2.888346e+00 -7.427795e-01 6.439466e+00 3.239222e+00 -6.529458e-01 2.803924e+00 -1.906107e-01 -2.265296e+00 1.157020e+00 5.402664e+01 3.248548e-01 -4.598074e-02 -2.939656e-04 4.064355e-02 1.120562e-01 3.221779e-02 6.963593e-02 4.362997e-02 -5.138619e-02 5.006519e-02 9.609907e-02 -9.798241e-02 -3.039310e-01 -1.264817e-02 1.021578e-02 -6.543772e-04 4.758033e-03 -5.588160e-03 -1.586151e-02 2.233626e-03 8.957551e-03 -1.074373e-02 -4.058759e-04 -2.854229e-04 5.266417e-03 1.368493e-02
<VARIANCE> 39
 3.150205e+01 2.670433e+01 2.318946e+01 1.393054e+01 1.788428e+01 4.452077e+01 2.018670e+01 2.414143e+01 3.209116e+01 2.233754e+01 2.543701e+01 2.477552e+01 3.697036e+01 3.176752e-01 3.892242e-01 5.166934e-01 6.856302e-01 9.805323e-01 1.260493e+00 1.352796e+00 1.538569e+00 1.642385e+00 1.322787e+00 1.380284e+00 1.317289e+00 1.584299e-01 5.349233e-02 6.586471e-02 9.267753e-02 1.310802e-01 1.907223e-01 2.340985e-01 2.652661e-01 2.933775e-01 3.178693e-01 2.683015e-01 2.727381e-01 2.611159e-01 1.968175e-02
<GCONST> 8.628479e+01
<MIXTURE> 2 2.561861e-01
<MEAN> 39
 -1.384602e+01 3.647872e-01 -4.593821e-01 -2.639684e+00 -1.819990e+00 5.663359e+00 2.610633e+00 -6.278597e-01 2.509037e+00 4.558047e-01 -2.384344e+00 1.714020e+00 5.515770e+01 -2.080899e+00 3.175752e-01 1.521823e-01 -1.755475e-01 -7.386609e-01 4.324371e-01 -4.239868e-01 -7.311408e-01 5.728900e-01 -2.389646e-01 -8.154041e-01 6.388398e-01 1.740916e+00 3.226517e-03 -4.833771e-02 3.316944e-02 -5.483527e-02 -1.528333e-02 1.220483e-01 -2.931214e-02 -1.132538e-01 5.083358e-02 -2.203000e-02 -6.508898e-02 2.820745e-02 -2.154957e-02
<VARIANCE> 39
 5.624265e+01 2.895602e+01 2.808229e+01 1.695152e+01 2.236461e+01 6.096712e+01 2.698427e+01 2.963331e+01 3.527026e+01 3.289501e+01 3.253402e+01 2.676437e+01 7.004891e+01 4.654388e+00 2.047902e+00 1.281146e+00 1.416286e+00 2.214031e+00 4.885702e+00 2.834052e+00 3.475977e+00 3.508226e+00 3.322603e+00 3.019755e+00 2.745148e+00 4.082983e+00 1.130876e+00 3.015874e-01 1.844403e-01 2.275312e-01 4.013659e-01 7.592234e-01 4.715495e-01 5.414042e-01 5.810532e-01 6.310058e-01 5.550280e-01 4.659297e-01 9.543791e-01
<GCONST> 1.215091e+02
<STATE> 3
<NUMMIXES> 2
<MIXTURE> 1 6.571619e-01
<MEAN> 39
 -2.013585e+01 3.219857e+00 1.276252e-01 -5.670533e+00 -4.163671e+00 1.332417e+01 6.384609e-01 -3.855810e+00 8.208694e+00 -3.547238e+00 -3.694399e+00 5.715451e+00 5.862954e+01 5.940214e-01 -5.458262e-02 -3.671182e-02 -4.132690e-02 5.679868e-02 3.472073e-02 -4.774882e-02 5.474085e-02 5.226168e-02 9.458758e-02 1.151948e-01 -4.631355e-02 -4.529943e-01 -1.144671e-02 -4.138345e-03 -2.371111e-02 4.270022e-02 -1.187840e-02 -9.542987e-02 2.829804e-02 3.008347e-02 -4.147386e-02 4.622377e-03 2.300279e-02 -1.427419e-04 1.156197e-02
<VARIANCE> 39
 3.497212e+01 7.350540e+00 1.715524e+01 1.091359e+01 1.552524e+01 2.587802e+01 2.258131e+01 2.020693e+01 2.206055e+01 1.913738e+01 1.838674e+01 1.802719e+01 1.525485e+01 2.588489e-01 3.136711e-01 5.598317e-01 7.486899e-01 9.750292e-01 1.366866e+00 1.401743e+00 1.438845e+00 1.431451e+00 1.439434e+00 1.402929e+00 1.341575e+00 1.278400e-01 9.546043e-02 6.252231e-02 1.180503e-01 1.514903e-01 2.039062e-01 2.941623e-01 3.059407e-01 3.074787e-01 3.001229e-01 2.982457e-01 2.911111e-01 2.820478e-01 5.239394e-02
<GCONST> 8.387370e+01
<MIXTURE> 2 3.428399e-01
<MEAN> 39
 -1.896847e+01 2.147960e+00 -6.543293e-01 -4.783459e+00 -4.412984e+00 9.726531e+00 5.115271e-01 -3.311025e+00 6.499075e+00 -3.673958e+00 -2.928260e+00 4.731735e+00 5.926829e+01 -1.037232e+00 8.534402e-02 4.011694e-02 9.416457e-02 -8.801606e-02 -9.068723e-02 9.796572e-02 -1.130717e-01 -1.397447e-01 -1.831096e-01 -1.984715e-01 7.100135e-02 8.088458e-01 4.945419e-02 4.153162e-03 4.476307e-02 -8.206233e-02 3.112441e-02 1.648461e-01 -5.387650e-02 -4.322805e-02 6.875686e-02 3.262070e-04 -3.284637e-02 -7.652055e-03 -4.150363e-02
<VARIANCE> 39
 7.979089e+01 1.330427e+01 2.460109e+01 1.526058e+01 2.109352e+01 4.194321e+01 3.145183e+01 2.600068e+01 3.255564e+01 2.229968e+01 2.087994e+01 2.296342e+01 3.088904e+01 2.911983e+00 8.051706e-01 1.161501e+00 1.227420e+00 1.720030e+00 3.245646e+00 2.701260e+00 2.300694e+00 2.421006e+00 1.936695e+00 1.816639e+00 2.123550e+00 1.482302e+00 7.651484e-01 1.329698e-01 1.905629e-01 2.263975e-01 3.001626e-01 5.171974e-01 4.646243e-01 4.189736e-01 4.420649e-01 3.844572e-01 3.530706e-01 3.652432e-01 4.133134e-01
<GCONST> 1.086656e+02
<STATE> 4
<NUMMIXES> 2
<MIXTURE> 1 6.604044e-01
<MEAN> 39
 -2.116353e+01 9.251490e-01 7.003661e+00 -3.340157e+00 -6.736543e+00 1.102752e+01 1.505662e+00 -7.368471e+00 2.995901e+00 4.388608e+00 -1.166576e+01 5.003111e+00 5.678417e+01 5.380343e-01 7.443618e-02 2.085836e-01 -1.092289e-01 9.534272e-03 1.468725e-01 3.781127e-02 -1.132755e-01 3.822290e-01 5.977527e-02 2.948559e-03 1.058957e-01 -6.097817e-01 -4.804484e-02 1.849436e-02 -5.659487e-02 4.169111e-02 1.995616e-02 -1.031419e-01 2.072374e-02 9.923908e-02 -8.994069e-03 2.223898e-02 3.281952e-02 -3.889899e-02 3.064653e-02
<VARIANCE> 39
 4.123395e+01 7.589226e+00 1.395366e+01 1.629332e+01 2.777528e+01 2.798023e+01 2.786012e+01 4.554385e+01 3.333961e+01 2.895669e+01 3.084517e+01 3.199284e+01 3.334803e+01 2.140710e-01 3.404879e-01 6.539657e-01 7.552947e-01 1.001428e+00 1.286132e+00 1.338139e+00 1.558263e+00 1.774333e+00 1.483225e+00 1.396467e+00 1.426392e+00 1.359017e-01 8.164695e-02 7.603056e-02 1.398507e-01 1.613993e-01 2.138799e-01 2.857982e-01 2.855008e-01 3.504010e-01 4.101839e-01 3.388890e-01 3.045209e-01 3.144332e-01 7.254313e-02
<GCONST> 9.033707e+01
<MIXTURE> 2 3.395999e-01
<MEAN> 39
 -2.405785e+01 1.293969e+00 5.186833e+00 -2.343543e+00 -6.268037e+00 9.541855e+00 1.837916e+00 -5.573168e+00 2.585571e+00 4.496786e+00 -1.138833e+01 4.486969e+00 5.925709e+01 -8.961325e-01 -1.608414e-01 -3.874550e-01 1.788861e-01 -2.830607e-03 -3.276275e-01 -1.024484e-01 2.361992e-01 -7.507759e-01 -1.333639e-01 3.410123e-02 -2.176723e-01 1.070440e+00 9.380692e-02 -3.300262e-02 1.031209e-01 -7.788809e-02 -3.545086e-02 1.888615e-01 -4.273271e-02 -1.845675e-01 1.397198e-02 -4.279926e-02 -5.880867e-02 6.996834e-02 -6.190657e-02
<VARIANCE> 39
 3.334460e+01 1.117970e+01 1.682788e+01 1.706819e+01 2.502123e+01 3.292771e+01 3.232153e+01 4.627221e+01 3.615662e+01 2.975097e+01 2.542139e+01 2.560280e+01 3.376065e+01 2.123056e+00 8.353329e-01 1.459211e+00 1.350697e+00 1.923692e+00 3.428859e+00 2.264662e+00 4.297016e+00 3.401493e+00 2.751548e+00 2.249601e+00 2.554224e+00 1.684212e+00 5.435767e-01 1.449782e-01 2.911039e-01 2.558740e-01 3.153169e-01 5.643110e-01 3.851406e-01 6.328753e-01 7.212315e-01 4.555865e-01 3.881016e-01 4.545838e-01 5.658869e-01
<GCONST> 1.124875e+02
<TRANSP> 5
 0.000000e+00 1.000000e+00 0.000000e+00 0.000000e+00 0.000000e+00
 0.000000e+00 9.566967e-01 4.330321e-02 0.000000e+00 0.000000e+00
 0.000000e+00 0.000000e+00 9.918360e-01 8.164027e-03 0.000000e+00
 0.000000e+00 0.000000e+00 0.000000e+00 9.936165e-01 6.383535e-03
 0.000000e+00 0.000000e+00 0.000000e+00 0.000000e+00 0.000000e+00
<ENDHMM>
~h "cm"
<BEGINHMM>
<NUMSTATES> 5
<STATE> 2
<NUMMIXES> 2
<MIXTURE> 1 7.191367e-01
<MEAN> 39
 -9.259747e+00 -3.931779e-01 -2.190942e+00 -3.483817e+00 -1.420483e-01 2.474287e-01 -1.050173e+00 -6.587482e-01 -2.653673e+00 -7.038829e-01 3.001789e-01 -2.136581e+00 6.013133e+01 -2.718585e-02 7.546472e-02 2.363767e-02 5.133625e-02 7.227068e-02 1.289403e-01 8.206847e-02 6.500243e-02 2.200112e-02 5.217773e-02 5.210098e-02 1.284065e-02 -1.039696e-01 -1.101688e-02 -8.483579e-03 -1.719297e-02 -2.956878e-02 -3.987021e-02 -4.819247e-02 -4.010848e-02 -1.974984e-02 -2.067250e-02 -1.917050e-02 -1.533222e-02 -1.434217e-02 2.445365e-02
<VARIANCE> 39
 1.910713e+01 1.670114e+01 1.369197e+01 1.475784e+01 1.428491e+01 1.566485e+01 1.802785e+01 2.020091e+01 2.016845e+01 1.822076e+01 1.722253e+01 1.388163e+01 5.837146e+01 2.339442e-01 3.709764e-01 5.133345e-01 7.685797e-01 9.057616e-01 1.148982e+00 1.226710e+00 1.354550e+00 1.453054e+00 1.408710e+00 1.328986e+00 1.184679e+00 2.556705e-01 3.294642e-02 6.345665e-02 8.987372e-02 1.337339e-01 1.747141e-01 2.255762e-01 2.345394e-01 2.670098e-01 2.792123e-01 2.817844e-01 2.668913e-01 2.252886e-01 1.918554e-02
<GCONST> 8.058652e+01
<MIXTURE> 2 2.808665e-01
<MEAN> 39
 -9.708133e+00 -1.854641e+00 -3.183828e+00 -5.274239e+00 -2.062405e+00 -2.597448e+00 -3.107048e+00 -1.810290e+00 -3.450234e+00 -1.715839e+00 -5.945930e-01 -2.075042e+00 6.427147e+01 1.633721e-01 -2.073059e-01 -1.286258e-01 -2.232417e-01 -2.976334e-01 -4.240805e-01 -3.476859e-01 -3.136490e-01 -2.212721e-01 -2.151524e-01 -2.549974e-01 -2.178243e-02 1.016992e+00 4.193799e-02 3.142437e-02 3.704787e-02 8.744761e-02 1.177062e-01 1.511330e-01 1.298710e-01 6.586196e-02 5.608222e-02 7.580720e-02 7.532889e-02 4.176756e-02 -7.330395e-02
<VARIANCE> 39
 1.793132e+01 2.126267e+01 1.913698e+01 2.070032e+01 1.999178e+01 1.977544e+01 2.299563e+01 2.387678e+01 2.343953e+01 1.994147e+01 1.984339e+01 1.697664e+01 7.050044e+01 1.075667e+00 1.319059e+00 1.257590e+00 1.470894e+00 1.722281e+00 1.967210e+00 1.933918e+00 2.074904e+00 2.023586e+00 1.835757e+00 1.787167e+00 1.623859e+00 1.794686e+00 1.469254e-01 2.140548e-01 2.335210e-01 2.799290e-01 3.328723e-01 3.639519e-01 3.718404e-01 3.903204e-01 4.061137e-01 3.609347e-01 3.255532e-01 3.078034e-01 3.376804e-01
<GCONST> 1.031160e+02
<STATE> 3
<NUMMIXES> 2
<MIXTURE> 1 4.361115e-01
<MEAN> 39
 -1.299303e+01 -5.501773e-01 -3.323448e+00 -5.198622e+00 -2.982059e-01 7.154062e-01 -1.604021e+00 -3.497923e-02 -2.765837e+00 8.123074e-03 2.141498e+00 -9.863597e-01 5.979213e+01 1.614700e-01 1.250500e-01 2.352490e-01 3.512812e-01 3.452346e-01 2.653351e-01 2.501020e-01 2.066052e-01 1.988294e-01 1.155705e-01 -3.289599e-02 -5.487383e-02 2.196572e-01 3.529313e-02 3.269528e-02 3.040775e-02 2.945433e-02 2.080430e-02 -1.243892e-02 -3.636186e-02 -1.761493e-02 2.779713e-02 6.580080e-02 6.252784e-02 5.877633e-02 1.926579e-03
<VARIANCE> 39
 8.389095e+00 1.106911e+01 1.009409e+01 1.201593e+01 1.528531e+01 1.605228e+01 1.792914e+01 1.933412e+01 1.804507e+01 1.576618e+01 1.573607e+01 1.462994e+01 2.231687e+01 3.120212e-01 4.337429e-01 5.473537e-01 7.699406e-01 9.837597e-01 1.250745e+00 1.409215e+00 1.538219e+00 1.507646e+00 1.439225e+00 1.376753e+00 1.271749e+00 3.726242e-01 5.029423e-02 7.418640e-02 1.127431e-01 1.613912e-01 2.136186e-01 2.613972e-01 2.869729e-01 3.016403e-01 2.979486e-01 2.819268e-01 2.437330e-01 2.485219e-01 4.798275e-02
<GCONST> 8.176964e+01
<MIXTURE> 2 5.638840e-01
<MEAN> 39
 -1.397414e+01 -2.016937e-01 -3.074797e+00 -5.200125e+00 2.469736e-01 1.224492e+00 -2.027337e+00 -2.056302e-01 -2.526276e+00 1.603876e+00 4.222010e+00 6.801612e-01 5.883955e+01 -2.466901e-02 -1.089487e-01 -1.819931e-01 -2.311508e-01 -2.185719e-01 -2.108112e-01 -2.272892e-01 -2.043934e-01 -1.907291e-01 -1.247656e-01 -5.272160e-02 1.735063e-02 5.580696e-02 1.400334e-02 -1.324257e-02 -1.656095e-02 -1.337667e-02 -3.014763e-02 -1.755149e-02 1.197662e-02 -5.709978e-04 -4.051552e-02 -8.698265e-02 -9.158692e-02 -7.801293e-02 4.921220e-03
<VARIANCE> 39
 5.022542e+00 1.123071e+01 8.495175e+00 1.057349e+01 1.352245e+01 1.441919e+01 1.661631e+01 1.829942e+01 1.598500e+01 1.510802e+01 1.745461e+01 1.568580e+01 1.131191e+01 1.670038e-01 2.892567e-01 4.040197e-01 6.340405e-01 8.306968e-01 1.056674e+00 1.177998e+00 1.208075e+00 1.251778e+00 1.182264e+00 1.223633e+00 1.160007e+00 1.195387e-01 2.134742e-02 5.108698e-02 8.098011e-02 1.304201e-01 1.746300e-01 2.314116e-01 2.611148e-01 2.606759e-01 2.678114e-01 2.467645e-01 2.519776e-01 2.318070e-01 8.086177e-03
<GCONST> 7.152923e+01
<STATE> 4
<NUMMIXES> 2
<MIXTURE> 1 4.974426e-01
<MEAN> 39
 -5.167063e+00 1.666958e+00 -1.243490e+00 -2.141628e+00 8.822277e-01 5.212705e-05 -2.050852e+00 -2.171251e+00 -3.803907e+00 -2.241703e+00 -9.667321e-01 -2.718963e+00 6.355236e+01 4.523720e-02 9.289816e-02 1.150227e-01 1.602726e-01 1.709939e-01 1.387614e-01 1.431755e-01 6.571203e-02 4.666951e-02 3.445905e-02 5.047761e-02 8.938149e-03 -3.887076e-01 -8.685113e-03 -2.178319e-02 -4.570554e-02 -7.445396e-02 -8.732448e-02 -8.659726e-02 -6.964719e-02 -2.572651e-02 -2.758253e-02 -3.618018e-02 -4.131140e-02 -1.962435e-02 1.511220e-02
<VARIANCE> 39
 1.098860e+01 9.083641e+00 1.033388e+01 9.644410e+00 1.104744e+01 1.160189e+01 1.427378e+01 1.694946e+01 1.679679e+01 1.527935e+01 1.430489e+01 1.269031e+01 6.038435e+01 1.682998e-01 2.610402e-01 4.121317e-01 6.195320e-01 8.022063e-01 9.772687e-01 1.103211e+00 1.198917e+00 1.301764e+00 1.313756e+00 1.232399e+00 1.120654e+00 1.704784e-01 2.363550e-02 4.524342e-02 7.556649e-02 1.157542e-01 1.520318e-01 1.909811e-01 2.129924e-01 2.365597e-01 2.563202e-01 2.598902e-01 2.457498e-01 2.261648e-01 1.213803e-02
<GCONST> 7.259335e+01
<MIXTURE> 2 5.025562e-01
<MEAN> 39
 -5.739834e+00 -6.933104e-01 -4.153702e+00 -5.809858e+00 -2.707261e+00 -3.067557e+00 -4.310925e+00 -2.784504e+00 -4.394910e+00 -2.821990e+00 -2.321148e+00 -3.045835e+00 7.220546e+01 7.637582e-02 -4.345908e-02 -3.998944e-02 -6.188472e-02 -9.234784e-02 -1.017861e-01 -9.831959e-02 -1.042170e-01 -4.678421e-02 -4.983889e-02 -4.841197e-02 -2.058032e-02 8.139964e-02 -7.046707e-03 1.699375e-02 4.462657e-02 7.355043e-02 9.252805e-02 9.849973e-02 7.779218e-02 2.992637e-02 3.280972e-02 4.087004e-02 5.218604e-02 3.092377e-02 -4.004366e-02
<VARIANCE> 39
 6.140908e+00 8.214353e+00 8.974076e+00 1.101531e+01 1.087774e+01 1.027680e+01 1.362720e+01 1.693519e+01 1.635713e+01 1.460639e+01 1.394549e+01 1.246933e+01 3.108212e+01 2.510754e-01 3.283757e-01 5.109370e-01 7.370286e-01 9.202156e-01 1.081415e+00 1.235997e+00 1.285659e+00 1.346389e+00 1.339278e+00 1.327191e+00 1.201558e+00 4.522336e-01 4.011426e-02 6.049744e-02 9.628583e-02 1.385079e-01 1.719989e-01 2.057663e-01 2.428618e-01 2.562138e-01 2.737945e-01 2.782243e-01 2.633829e-01 2.416541e-01 4.329574e-02
<GCONST> 7.674412e+01
<TRANSP> 5
 0.000000e+00 1.000000e+00 0.000000e+00 0.000000e+00 0.000000e+00
 0.000000e+00 9.624316e-01 3.756839e-02 0.000000e+00 0.000000e+00
 0.000000e+00 0.000000e+00 9.575066e-01 4.249341e-02 0.000000e+00
 0.000000e+00 0.000000e+00 0.000000e+00 9.856007e-01 1.439929e-02
 0.000000e+00 0.000000e+00 0.000000e+00 0.000000e+00 0.000000e+00
<ENDHMM>
~h "co"
<BEGINHMM>
<NUMSTATES> 5
<STATE> 2
<NUMMIXES> 2
<MIXTURE> 1 6.374866e-01
<MEAN> 39
 -8.462846e+00 -4.996031e+00 2.415753e+00 -1.781566e+00 -1.144910e+01 -6.789208e+00 -3.785581e+00 -2.238125e+00 -3.194838e+00 -5.399925e+00 -5.752337e+00 -7.688460e+00 6.805109e+01 -7.161472e-01 -7.474089e-02 1.545273e-01 -2.380964e-02 8.113111e-01 2.020324e-01 5.449997e-01 -4.748077e-01 -8.057658e-01 -1.847238e-01 4.719450e-01 2.249678e-01 1.282078e+00 1.582797e-01 -1.453417e-01 -1.577791e-01 8.532628e-02 2.426401e-02 4.888145e-02 -4.588752e-03 1.670934e-01 3.207543e-01 3.312838e-01 9.191424e-02 6.229487e-02 -4.219003e-01
<VARIANCE> 39
 2.026019e+01 2.487719e+01 1.953554e+01 3.276605e+01 5.447787e+01 5.318795e+01 5.741417e+01 5.551271e+01 2.837583e+01 3.640930e+01 3.595471e+01 2.435540e+01 8.906983e+01 6.902192e-01 1.077941e+00 1.077997e+00 1.343667e+00 2.196036e+00 2.263905e+00 2.582008e+00 2.386996e+00 2.501755e+00 2.404179e+00 1.447299e+00 1.945890e+00 1.338185e+00 1.091336e-01 1.731543e-01 2.029171e-01 1.859041e-01 3.700962e-01 4.621441e-01 4.572577e-01 4.074404e-01 3.396252e-01 3.573659e-01 3.180071e-01 3.461179e-01 2.336479e-01
<GCONST> 1.087609e+02
<MIXTURE> 2 3.625139e-01
<MEAN> 39
 -6.130638e+00 -6.779253e+00 -2.089489e+00 -7.060341e-01 -1.476834e+01 -6.106755e+00 -4.190340e+00 -5.287296e-02 5.217360e+00 5.137116e-01 -1.593606e+00 -6.885876e+00 5.992115e+01 -4.125090e-01 -2.721181e-01 2.960643e-01 -6.586522e-01 -1.889789e+00 -1.775075e+00 -1.001000e+00 -8.860548e-01 -9.154539e-01 -1.394811e+00 -1.258428e+00 -8.799556e-01 3.483569e+00 -1.702493e-01 2.613684e-01 1.119115e-01 -4.968336e-03 6.375057e-01 2.696078e-01 2.427913e-01 -1.306318e-01 -5.136878e-01 -2.548515e-01 1.489189e-01 -1.415684e-02 1.336602e-01
<VARIANCE> 39
 1.595100e+01 3.521697e+01 4.197539e+01 3.875621e+01 1.141841e+02 6.439257e+01 8.906107e+01 7.520805e+01 6.267556e+01 3.597691e+01 5.296182e+01 4.551655e+01 8.363751e+01 1.318258e+00 2.791875e+00 2.556044e+00 2.281707e+00 7.731221e+00 3.270105e+00 3.935940e+00 4.305797e+00 5.644851e+00 3.836735e+00 2.559274e+00 2.853988e+00 3.561733e+00 1.453047e-01 3.624940e-01 2.992085e-01 3.077263e-01 9.317493e-01 6.163455e-01 7.706563e-01 6.674387e-01 6.903352e-01 6.043085e-01 4.900004e-01 5.927578e-01 5.739217e-01
<GCONST> 1.292965e+02
<STATE> 3
<NUMMIXES> 2
<MIXTURE> 1 7.830399e-01
<MEAN> 39
 -6.367081e+00 -6.369029e+00 -4.818265e-01 -2.090953e+00 -6.496308e+00 -7.857859e+00 -6.302903e+00 -7.578145e+00 -5.580975e+00 -4.495013e+00 -3.691362e+00 -8.989717e+00 6.760668e+01 2.140231e-01 3.359076e-02 2.888050e-02 1.515766e-01 4.151541e-01 9.789921e-02 -2.848530e-02 -1.692097e-01 -3.230535e-02 1.286124e-01 9.822534e-02 4.656662e-02 -5.711741e-01 2.478064e-02 2.698927e-02 1.563275e-02 1.158250e-02 -5.467144e-02 -1.452907e-02 -2.085469e-02 1.377746e-02 1.027459e-02 -3.068016e-02 -5.274627e-02 -1.863633e-02 -2.432442e-02
<VARIANCE> 39
 1.817527e+01 9.857814e+00 2.348066e+01 2.056294e+01 2.458771e+01 2.921483e+01 4.881976e+01 5.368594e+01 3.661162e+01 3.802521e+01 3.531111e+01 3.930127e+01 3.950560e+01 1.985473e-01 3.702154e-01 6.246151e-01 8.133203e-01 1.133637e+00 1.211405e+00 1.488556e+00 1.679116e+00 1.870715e+00 1.774374e+00 1.563781e+00 1.453362e+00 1.436865e-01 4.188495e-02 7.605758e-02 1.216200e-01 1.752424e-01 2.292765e-01 2.503971e-01 3.031676e-01 3.418819e-01 3.990014e-01 3.764364e-01 3.257677e-01 2.950481e-01 2.596792e-02
<GCONST> 9.105950e+01
<MIXTURE> 2 2.169632e-01
<MEAN> 39
 -6.097511e+00 -6.355445e+00 7.910404e-03 -1.670178e+00 -1.028219e+01 -8.126151e+00 -6.651628e+00 -7.112386e+00 -2.813865e+00 -3.843964e+00 -6.052824e+00 -9.923230e+00 6.680738e+01 -2.397028e-01 -1.102004e-01 -2.978166e-02 -3.095363e-01 -9.608930e-01 -2.143866e-01 -2.502992e-01 3.129037e-01 1.238163e-01 -3.024926e-01 -3.071217e-01 -2.775294e-01 1.186954e+00 -6.146237e-02 -6.152136e-02 -1.136949e-02 -1.145958e-02 1.746668e-01 7.403813e-02 7.295696e-02 -2.419690e-02 -1.345259e-02 8.734021e-02 1.581200e-01 6.855553e-02 2.421188e-02
<VARIANCE> 39
 1.264956e+01 1.775258e+01 2.448250e+01 2.751492e+01 4.966681e+01 3.896825e+01 5.080028e+01 6.007392e+01 5.809294e+01 3.868248e+01 4.310818e+01 4.009345e+01 5.360852e+01 1.041482e+00 1.959975e+00 1.834457e+00 2.330314e+00 5.297684e+00 3.066623e+00 4.095823e+00 3.830016e+00 6.925952e+00 3.751317e+00 4.024593e+00 2.717119e+00 2.372873e+00 1.090090e-01 3.807365e-01 2.773984e-01 3.860238e-01 1.099866e+00 5.376148e-01 6.216174e-01 6.690266e-01 1.356278e+00 7.085354e-01 7.316251e-01 4.682873e-01 4.766495e-01
<GCONST> 1.238993e+02
<STATE> 4
<NUMMIXES> 2
<MIXTURE> 1 7.590942e-01
<MEAN> 39
 -3.371255e+00 -2.412428e+00 4.501683e+00 2.696932e+00 7.447531e-01 -2.115345e+00 -3.812445e+00 -4.711908e+00 -3.980191e+00 -4.108039e+00 -3.412584e+00 -7.457560e+00 5.487022e+01 8.612458e-02 1.979111e-01 -2.416614e-02 7.733214e-03 1.904728e-01 1.483604e-01 1.779683e-01 1.754480e-01 1.254550e-02 4.172520e-02 1.692664e-02 5.629791e-02 -5.055962e-01 -8.463714e-03 -7.948724e-03 -2.387190e-02 -2.107897e-02 -4.356442e-02 -1.712185e-02 -1.454777e-02 3.552591e-03 8.598064e-03 7.491402e-04 -7.711905e-03 -9.164688e-03 1.565891e-02
<VARIANCE> 39
 1.269858e+01 1.850758e+01 1.766697e+01 2.359522e+01 2.187996e+01 2.539194e+01 4.381416e+01 3.926907e+01 2.919890e+01 3.014120e+01 2.599291e+01 2.102362e+01 4.632236e+01 1.984344e-01 3.110907e-01 5.332343e-01 7.019379e-01 8.724550e-01 1.055903e+00 1.233092e+00 1.286183e+00 1.375163e+00 1.456111e+00 1.373746e+00 1.150958e+00 1.130363e-01 2.919644e-02 5.712856e-02 9.956016e-02 1.326603e-01 1.688726e-01 2.090298e-01 2.366251e-01 2.476951e-01 2.704966e-01 2.926114e-01 2.818182e-01 2.322294e-01 9.427261e-03
<GCONST> 8.261214e+01
<MIXTURE> 2 2.409065e-01
<MEAN> 39
 -4.750969e+00 -6.362188e+00 2.649636e+00 1.234498e+00 -6.722982e+00 -2.613300e+00 -8.865461e+00 -4.401398e+00 -3.259048e+00 -5.942657e+00 -5.502657e+00 -1.040954e+01 6.384783e+01 -1.505917e-01 -1.728792e-01 1.362048e-01 6.661908e-02 -1.652829e-01 -1.128209e-01 -2.459891e-01 -1.066074e-01 -5.171364e-02 -1.747750e-01 -2.591368e-02 -6.336018e-02 6.495965e-01 8.766966e-03 2.506844e-02 3.450793e-02 3.563026e-02 1.008260e-01 1.249601e-02 4.621142e-02 -2.403925e-02 -4.254645e-02 2.818548e-03 2.940860e-02 1.390939e-02 -1.764099e-02
<VARIANCE> 39
 1.247726e+01 2.902759e+01 2.871480e+01 2.461872e+01 4.808091e+01 4.628528e+01 6.876749e+01 5.152892e+01 3.888357e+01 5.542825e+01 4.250914e+01 4.173844e+01 6.672409e+01 5.847291e-01 1.452837e+00 1.199334e+00 1.383494e+00 3.708017e+00 1.956532e+00 3.557190e+00 2.708282e+00 2.366473e+00 2.922662e+00 2.306729e+00 2.385412e+00 2.235736e+00 9.119568e-02 2.431713e-01 2.137143e-01 2.592383e-01 6.286641e-01 3.562862e-01 6.409658e-01 4.893923e-01 4.514740e-01 5.933103e-01 4.389653e-01 4.618139e-01 2.928309e-01
<GCONST> 1.149034e+02
<TRANSP> 5
 0.000000e+00 1.000000e+00 0.000000e+00 0.000000e+00 0.000000e+00
 0.000000e+00 8.849142e-01 1.150857e-01 0.000000e+00 0.000000e+00
 0.000000e+00 0.000000e+00 9.846601e-01 1.533990e-02 0.000000e+00
 0.000000e+00 0.000000e+00 0.000000e+00 9.799097e-01 2.009035e-02
 0.000000e+00 0.000000e+00 0.000000e+00 0.000000e+00 0.000000e+00
<ENDHMM>
~h "ds"
<BEGINHMM>
<NUMSTATES> 5
<STATE> 2
<NUMMIXES> 2
<MIXTURE> 1 6.406303e-01
<MEAN> 39
 -1.296932e+01 5.096592e-01 1.911975e+00 8.945355e-01 2.433154e+00 -1.831837e-01 6.432756e+00 -7.992318e-01 1.995561e+00 1.157567e+00 4.041232e+00 3.725103e-01 6.376038e+01 3.411219e-01 1.265685e-01 2.577572e-01 3.290577e-01 3.203606e-01 3.474934e-01 1.936505e-01 2.181396e-01 2.768848e-02 3.437407e-02 -6.189399e-02 1.398775e-01 -2.535719e-01 -3.861533e-02 -8.394310e-03 -7.462072e-02 -6.268036e-02 -1.558548e-01 -1.198149e-01 -1.170216e-01 -6.699062e-02 -1.981786e-02 7.352258e-02 4.252090e-02 -1.942871e-02 -2.454896e-02
<VARIANCE> 39
 2.020752e+01 1.688344e+01 1.239478e+01 1.854802e+01 1.665624e+01 2.094770e+01 2.285634e+01 3.593349e+01 3.026281e+01 2.015465e+01 1.840696e+01 1.625089e+01 9.183481e+01 5.716927e-01 6.609222e-01 7.841301e-01 9.622325e-01 1.377224e+00 1.577257e+00 1.605597e+00 1.910255e+00 1.667209e+00 1.839965e+00 1.576962e+00 1.478082e+00 6.698142e-01 1.304367e-01 1.199880e-01 1.600801e-01 2.022882e-01 2.729241e-01 3.081512e-01 2.912473e-01 3.903401e-01 3.337425e-01 3.676275e-01 3.214020e-01 2.894789e-01 2.176483e-01
<GCONST> 9.612001e+01
<MIXTURE> 2 3.593678e-01
<MEAN> 39
 -1.422470e+01 1.116622e+00 -5.766181e-01 -1.489866e+00 -2.698319e+00 -3.756650e+00 3.020412e+00 -3.765181e+00 2.076783e+00 3.633498e+00 4.955206e+00 6.918486e-01 6.651794e+01 -1.285625e+00 -6.652845e-02 -7.793719e-01 -8.307797e-01 -1.055549e+00 -9.648004e-01 -3.678307e-01 -4.620069e-01 1.138068e-01 2.645728e-01 1.271942e-01 -2.122020e-01 2.925077e+00 1.534680e-01 -1.335162e-02 1.469497e-01 1.691214e-01 3.535778e-01 3.699563e-01 1.716456e-01 1.926075e-01 -4.149238e-02 -2.667955e-01 -6.544825e-02 6.851218e-02 -1.561395e-01
<VARIANCE> 39
 2.536396e+01 1.166303e+01 1.543944e+01 1.922099e+01 2.995725e+01 2.343457e+01 2.604948e+01 3.150725e+01 2.437003e+01 2.525122e+01 2.061435e+01 1.814904e+01 8.543300e+01 2.364326e+00 1.243130e+00 1.589354e+00 1.829682e+00 3.145940e+00 2.436661e+00 3.328307e+00 2.954977e+00 2.947580e+00 2.837469e+00 2.526176e+00 1.998084e+00 3.060289e+00 4.954609e-01 2.228335e-01 2.874857e-01 3.993612e-01 5.438281e-01 5.472166e-01 4.891269e-01 5.403019e-01 4.679687e-01 4.423264e-01 4.339848e-01 3.892012e-01 9.461626e-01
<GCONST> 1.141286e+02
<STATE> 3
<NUMMIXES> 2
<MIXTURE> 1 1.915814e-01
<MEAN> 39
 -1.494855e+01 2.134958e+00 -1.729226e+00 -1.100473e+00 -2.942461e+00 -2.797192e+00 8.931933e-01 -2.388385e+00 8.925759e-01 1.080621e+00 2.830018e+00 2.017999e-01 6.818424e+01 2.822502e-01 -7.787683e-02 4.861894e-01 6.774763e-01 9.138500e-01 1.035337e+00 3.401127e-01 5.408168e-01 -8.185488e-02 -4.305583e-01 3.139478e-01 4.912235e-01 -1.835502e-01 1.927759e-01 3.361681e-02 2.181949e-01 2.305663e-01 1.787425e-01 1.236113e-01 1.551657e-01 5.722471e-02 1.232832e-01 7.998195e-02 -7.217740e-02 2.220385e-02 -5.644332e-01
<VARIANCE> 39
 4.030878e+01 2.325876e+01 1.940743e+01 2.211728e+01 2.974329e+01 1.894674e+01 1.887994e+01 1.363466e+01 1.277602e+01 1.979303e+01 2.186808e+01 1.525834e+01 4.783945e+02 5.202675e+00 3.237834e+00 2.147759e+00 1.571258e+00 1.827537e+00 1.670051e+00 2.294697e+00 1.913677e+00 1.582569e+00 1.817704e+00 1.577869e+00 1.398367e+00 5.523180e+01 1.160189e+00 5.211459e-01 3.975586e-01 3.648854e-01 4.625389e-01 3.467951e-01 6.075140e-01 3.093647e-01 3.397605e-01 3.220963e-01 3.207484e-01 3.481325e-01 1.054501e+01
<GCONST> 1.184919e+02
<MIXTURE> 2 8.084188e-01
<MEAN> 39
 -1.522022e+01 3.367476e-01 -9.303952e-01 2.713619e-01 -1.981065e+00 -2.126954e+00 1.416194e+00 -3.017361e+00 1.038217e+00 2.775917e+00 4.330611e+00 -1.167677e-01 6.957603e+01 3.332937e-01 -9.503903e-03 2.010485e-01 2.346218e-01 4.547423e-01 1.247043e-01 -2.481568e-02 -1.043359e-01 -1.098298e-01 -1.488144e-01 -1.674166e-01 -3.088900e-01 -7.602895e-01 1.295635e-02 2.651838e-02 -1.634837e-02 -3.936858e-02 -5.722104e-03 -3.088491e-02 6.426681e-04 -5.007298e-02 -3.481393e-02 2.036403e-02 -1.394515e-02 -3.407298e-02 -1.256944e-03
<VARIANCE> 39
 4.525697e+00 3.185705e+00 4.733460e+00 1.067658e+01 1.326654e+01 1.078976e+01 1.233634e+01 1.277193e+01 1.463783e+01 1.277872e+01 1.245015e+01 1.325119e+01 1.747154e+01 1.314337e-01 2.525479e-01 4.416855e-01 6.380773e-01 7.778476e-01 1.130264e+00 1.179173e+00 1.246095e+00 1.384368e+00 1.215721e+00 1.201109e+00 1.220729e+00 5.054765e-02 2.864664e-02 5.222248e-02 8.977193e-02 1.207260e-01 1.554978e-01 2.710923e-01 2.320832e-01 2.574426e-01 2.713067e-01 2.621360e-01 2.451481e-01 2.554801e-01 1.387310e-02
<GCONST> 6.828701e+01
<STATE> 4
<NUMMIXES> 2
<MIXTURE> 1 7.019644e-01
<MEAN> 39
 -9.374707e+00 1.910904e+00 2.956344e+00 1.678249e+00 3.996840e+00 1.603231e+00 3.749727e+00 -6.764942e-01 5.545772e-01 -4.811588e-01 2.016320e+00 -1.384519e+00 5.515596e+01 1.321349e-01 2.241195e-02 8.343888e-02 6.725135e-02 1.200561e-01 1.238664e-01 6.383741e-02 7.302557e-02 5.782343e-03 4.528710e-02 7.119759e-03 -1.809410e-02 -3.491133e-01 -1.984121e-02 -1.024559e-02 -3.047032e-02 -4.525976e-02 -6.412300e-02 -6.147086e-02 -5.784747e-02 -3.964097e-02 -1.605193e-02 6.413067e-03 1.299100e-02 -9.917580e-03 1.592799e-02
<VARIANCE> 39
 1.298843e+01 1.101444e+01 1.463823e+01 1.550962e+01 1.554508e+01 1.865797e+01 2.171604e+01 1.689679e+01 2.328249e+01 2.156594e+01 1.648207e+01 1.554411e+01 5.645833e+01 2.160810e-01 2.963509e-01 4.859561e-01 6.890189e-01 9.081832e-01 1.097534e+00 1.258184e+00 1.335500e+00 1.473897e+00 1.513840e+00 1.422658e+00 1.215836e+00 1.582819e-01 3.762100e-02 5.622245e-02 9.348498e-02 1.342618e-01 1.785582e-01 2.185347e-01 2.519654e-01 2.642576e-01 3.020974e-01 3.111241e-01 2.930099e-01 2.473460e-01 1.625298e-02
<GCONST> 8.002142e+01
<MIXTURE> 2 2.980393e-01
<MEAN> 39
 -1.067601e+01 5.491519e-01 3.396986e-01 -1.301958e+00 1.038969e+00 -1.102031e+00 1.268928e+00 -2.108086e+00 -3.708289e-01 -3.834192e-01 2.318287e+00 -2.012992e+00 5.582244e+01 -2.038402e-01 -4.082416e-02 -1.414144e-01 -1.400098e-01 -2.329811e-01 -2.323139e-01 -9.262549e-02 -1.213406e-01 -3.528002e-03 -1.343111e-01 -4.652289e-02 3.500002e-02 5.644512e-01 4.294124e-02 2.371422e-02 6.543841e-02 1.001574e-01 1.375809e-01 1.355584e-01 1.287770e-01 9.481469e-02 4.374925e-02 -1.239426e-02 -2.500404e-02 3.078919e-02 -2.968235e-02
<VARIANCE> 39
 2.000001e+01 1.322693e+01 1.535857e+01 1.633183e+01 2.246154e+01 2.429237e+01 2.614218e+01 2.325496e+01 2.698114e+01 2.616773e+01 2.182071e+01 2.125413e+01 5.142741e+01 1.427247e+00 9.524484e-01 1.106655e+00 1.446856e+00 2.166569e+00 2.135371e+00 2.406184e+00 2.038527e+00 2.435560e+00 2.387322e+00 2.035821e+00 1.694118e+00 1.877112e+00 2.478064e-01 1.567647e-01 1.967864e-01 2.644728e-01 4.223297e-01 3.906830e-01 4.379756e-01 4.005769e-01 4.573793e-01 4.677423e-01 4.031823e-01 3.340699e-01 3.206398e-01
<GCONST> 1.052289e+02
<TRANSP> 5
 0.000000e+00 1.000000e+00 0.000000e+00 0.000000e+00 0.000000e+00
 0.000000e+00 9.346477e-01 6.535225e-02 0.000000e+00 0.000000e+00
 0.000000e+00 0.000000e+00 9.300883e-01 6.991172e-02 0.000000e+00
 0.000000e+00 0.000000e+00 0.000000e+00 9.933125e-01 6.687511e-03
 0.000000e+00 0.000000e+00 0.000000e+00 0.000000e+00 0.000000e+00
<ENDHMM>
~h "kj"
<BEGINHMM>
<NUMSTATES> 5
<STATE> 2
<NUMMIXES> 2
<MIXTURE> 1 6.349818e-01
<MEAN> 39
 -1.945555e+01 4.187708e+00 4.429277e-02 -1.496995e+00 -8.587911e-01 3.778135e+00 2.124891e+00 2.621526e+00 -2.142780e-01 -1.985019e-01 1.637026e+00 -9.215887e-01 5.531426e+01 2.559282e-01 9.128076e-02 -3.205429e-02 1.500817e-02 1.131046e-01 1.556859e-01 1.163052e-01 1.211174e-01 1.156874e-01 1.021281e-01 7.928605e-02 -6.442535e-03 -2.269134e-01 -2.036908e-02 -3.586891e-03 -6.484644e-03 1.082183e-02 -2.603251e-03 -1.235702e-02 1.690922e-02 1.964455e-02 1.816681e-03 2.207118e-02 -5.006526e-03 1.129605e-02 1.417542e-02
<VARIANCE> 39
 2.910557e+01 2.081299e+01 1.463266e+01 2.664503e+01 1.571120e+01 3.366462e+01 2.635335e+01 2.040485e+01 1.701665e+01 2.005109e+01 1.651770e+01 1.566305e+01 2.059755e+01 2.839221e-01 3.275793e-01 5.069668e-01 7.685671e-01 9.350318e-01 1.160318e+00 1.380044e+00 1.441059e+00 1.408591e+00 1.517996e+00 1.390569e+00 1.238064e+00 1.288928e-01 5.799913e-02 6.291342e-02 1.017347e-01 1.610830e-01 1.932477e-01 2.455107e-01 2.911752e-01 3.012162e-01 2.949872e-01 3.070926e-01 2.928470e-01 2.576671e-01 2.360421e-02
<GCONST> 8.378854e+01
<MIXTURE> 2 3.650177e-01
<MEAN> 39
 -1.950892e+01 2.553520e+00 -6.704904e-01 -1.253851e+00 -1.162773e+00 2.785185e+00 2.318389e+00 1.962567e+00 -6.502348e-01 6.376742e-01 1.221975e+00 -8.360874e-01 5.672010e+01 -5.195044e-01 -1.176524e-01 6.285516e-02 -3.400197e-02 -2.104908e-01 -2.439557e-01 -1.858321e-01 -2.144515e-01 -1.827129e-01 -1.802935e-01 -1.181878e-01 7.493204e-03 4.242577e-01 3.879244e-02 1.162141e-04 1.189657e-02 -1.809225e-02 -1.789282e-03 1.439688e-02 -2.928051e-02 -3.219134e-02 -1.902485e-03 -3.731397e-02 2.309332e-03 -1.952389e-02 -2.281331e-02
<VARIANCE> 39
 3.503322e+01 2.704970e+01 2.128028e+01 2.601329e+01 1.921449e+01 3.882798e+01 2.579904e+01 2.407897e+01 2.003166e+01 2.301723e+01 1.744204e+01 1.625396e+01 2.685762e+01 9.150196e-01 9.290280e-01 1.105867e+00 1.213014e+00 1.486497e+00 1.896956e+00 1.947341e+00 1.911281e+00 1.907936e+00 1.928553e+00 1.680188e+00 1.502166e+00 5.975989e-01 1.899315e-01 1.686300e-01 1.944956e-01 2.186572e-01 2.739930e-01 3.672772e-01 3.672982e-01 3.733905e-01 3.811039e-01 3.885588e-01 3.205231e-01 2.850165e-01 1.270439e-01
<GCONST> 9.991340e+01
<STATE> 3
<NUMMIXES> 2
<MIXTURE> 1 7.334259e-01
<MEAN> 39
 -1.441690e+01 -7.500369e+00 -4.335206e+00 -7.216088e-01 -1.420851e+00 -3.875453e+00 -2.275715e+00 -4.084731e+00 -2.805145e+00 2.499116e-01 5.131416e-01 -5.083233e-01 6.337423e+01 1.986044e-01 2.461613e-01 4.802870e-02 1.083955e-01 1.066189e-01 1.400501e-01 1.391223e-01 1.069410e-01 2.331642e-02 2.945904e-02 6.737178e-02 1.075210e-02 -6.053241e-01 -2.483221e-02 2.261893e-02 2.610253e-02 -6.615225e-03 -8.677687e-03 -1.019280e-02 3.936070e-02 4.319076e-02 9.831225e-03 3.000548e-02 2.075714e-03 -3.969230e-03 -3.014242e-05
<VARIANCE> 39
 1.715926e+01 2.348657e+01 1.093352e+01 1.217175e+01 1.629237e+01 1.574444e+01 1.870997e+01 1.783683e+01 1.812259e+01 1.612999e+01 1.572985e+01 1.327632e+01 6.285592e+01 2.219109e-01 3.290101e-01 4.813681e-01 6.787376e-01 9.579194e-01 1.130160e+00 1.345109e+00 1.489872e+00 1.553716e+00 1.330576e+00 1.313949e+00 1.180279e+00 1.625469e-01 4.128562e-02 6.556666e-02 9.621078e-02 1.340345e-01 1.948375e-01 2.225317e-01 2.760037e-01 3.086508e-01 3.228906e-01 2.718628e-01 2.714039e-01 2.533441e-01 3.316703e-02
<GCONST> 8.109164e+01
<MIXTURE> 2 2.665739e-01
<MEAN> 39
 -1.686990e+01 -6.313845e+00 -3.513748e+00 -1.311127e+00 -2.895267e+00 -3.699004e+00 -1.216893e+00 -1.958852e+00 -1.852720e+00 1.415361e+00 4.848346e-02 -9.494149e-01 6.492619e+01 -2.213475e-01 -1.152550e+00 -2.329325e-01 -2.691807e-01 -2.326817e-01 -6.108607e-01 -5.135424e-01 -4.781235e-01 -1.377857e-01 -1.002432e-01 -2.205489e-01 1.033261e-02 1.698553e+00 6.878567e-02 6.460705e-03 -2.284769e-02 1.120842e-02 4.867493e-02 8.668084e-02 -3.473186e-02 -6.595711e-02 -1.236728e-02 -6.174117e-02 4.974048e-03 -1.059953e-02 -8.438158e-02
<VARIANCE> 39
 2.243283e+01 5.515446e+01 1.764515e+01 2.194963e+01 1.999764e+01 2.989668e+01 2.710382e+01 2.219454e+01 1.770391e+01 1.992229e+01 1.882161e+01 1.398936e+01 8.900812e+01 1.597909e+00 4.043036e+00 1.720524e+00 1.563732e+00 2.121307e+00 2.895160e+00 2.872856e+00 2.295687e+00 1.883777e+00 1.909508e+00 1.701304e+00 1.556052e+00 3.418657e+00 2.468665e-01 7.841389e-01 2.859429e-01 3.087313e-01 3.787663e-01 5.357674e-01 5.420836e-01 4.303211e-01 3.520699e-01 3.697063e-01 3.271912e-01 2.989171e-01 8.866357e-01
<GCONST> 1.119135e+02
<STATE> 4
<NUMMIXES> 2
<MIXTURE> 1 7.433075e-01
<MEAN> 39
 -2.338812e+01 2.151904e+00 3.660266e+00 3.000396e+00 -3.019798e+00 1.114358e-01 8.550097e+00 -3.403657e-01 -4.177386e+00 5.515284e+00 6.623610e-01 -4.257200e+00 5.581451e+01 8.436499e-02 6.501419e-02 2.487669e-02 -3.831242e-02 1.620025e-02 5.130095e-02 2.593638e-02 2.336421e-02 3.040873e-02 5.704811e-03 2.810258e-03 -1.256658e-02 -1.002818e-01 2.694036e-03 -9.266705e-03 -1.773452e-02 -1.489437e-02 -1.312103e-02 -2.848433e-02 -3.201560e-02 4.068980e-04 -4.762174e-03 -1.566191e-02 -3.273831e-03 1.571986e-02 2.712806e-03
<VARIANCE> 39
 1.934920e+01 1.018859e+01 9.740202e+00 1.536112e+01 1.401594e+01 1.602312e+01 1.988354e+01 1.778473e+01 1.874694e+01 1.979154e+01 1.747773e+01 1.365369e+01 1.453363e+01 3.798773e-01 4.694909e-01 5.674006e-01 8.709406e-01 1.126059e+00 1.265803e+00 1.530680e+00 1.500034e+00 1.630044e+00 1.667166e+00 1.438438e+00 1.269966e+00 2.272907e-01 6.845260e-02 8.999057e-02 1.069135e-01 1.696416e-01 2.202053e-01 2.491088e-01 2.930347e-01 3.053175e-01 3.368110e-01 3.387600e-01 2.922257e-01 2.585879e-01 3.814890e-02
<GCONST> 8.376080e+01
<MIXTURE> 2 2.566952e-01
<MEAN> 39
 -1.577928e+01 -2.933109e+00 -1.445488e+00 -4.851106e-01 -2.342999e+00 -3.501337e+00 1.714046e+00 -1.959306e+00 -3.477322e+00 2.508721e+00 5.947611e-01 -1.704978e+00 5.784222e+01 -1.250008e-01 -1.854460e-01 -6.045204e-02 8.647789e-02 -1.324369e-02 -1.289120e-01 -4.906384e-02 -3.563844e-02 -5.085743e-02 -3.607354e-02 6.412934e-03 5.787613e-02 1.898386e-01 1.206096e-03 2.404161e-02 4.448297e-02 3.809455e-02 4.624895e-02 8.828672e-02 9.165173e-02 1.308842e-03 1.879426e-02 3.901412e-02 1.494748e-02 -3.643740e-02 -1.112291e-02
<VARIANCE> 39
 4.822431e+01 5.616312e+01 2.160173e+01 2.050265e+01 2.362334e+01 2.684191e+01 3.470010e+01 2.420923e+01 2.033974e+01 2.433782e+01 1.902864e+01 1.745701e+01 6.598538e+01 7.442600e-01 1.525503e+00 9.539007e-01 1.171772e+00 1.446847e+00 1.600297e+00 2.029267e+00 1.673075e+00 1.671862e+00 1.945375e+00 1.463272e+00 1.433384e+00 1.367519e+00 1.095314e-01 2.382352e-01 1.695051e-01 2.187655e-01 2.895738e-01 3.159311e-01 3.766939e-01 3.200428e-01 3.220145e-01 3.631470e-01 2.903309e-01 2.840250e-01 1.914786e-01
<GCONST> 1.018510e+02
<TRANSP> 5
 0.000000e+00 1.000000e+00 0.000000e+00 0.000000e+00 0.000000e+00
 0.000000e+00 9.938556e-01 6.144392e-03 0.000000e+00 0.000000e+00
 0.000000e+00 0.000000e+00 9.750829e-01 2.491706e-02 0.000000e+00
 0.000000e+00 0.000000e+00 0.000000e+00 9.910745e-01 8.925486e-03
 0.000000e+00 0.000000e+00 0.000000e+00 0.000000e+00 0.000000e+00
<ENDHMM>
~h "kn"
<BEGINHMM>
<NUMSTATES> 5
<STATE> 2
<NUMMIXES> 2
<MIXTURE> 1 5.285267e-01
<MEAN> 39
 2.764066e+00 -1.162729e-01 -5.832308e+00 -2.168917e+00 7.386655e-01 -2.901587e+00 1.492119e+00 -6.952096e+00 5.045552e-01 -1.748616e+00 1.302392e+00 -4.811844e+00 6.480862e+01 -2.531765e-01 5.092658e-01 1.902050e-01 3.573798e-02 5.535529e-01 -2.914245e-01 1.131017e+00 7.424101e-01 1.867991e+00 5.809366e-01 4.282320e-01 7.779094e-01 2.444006e+00 -1.974749e-01 1.885644e-01 3.239170e-01 1.431653e-01 3.223389e-01 4.069068e-01 -7.721301e-02 1.435768e-01 -4.167999e-01 -8.272818e-02 -1.017436e-02 1.997265e-01 -1.007831e+00
<VARIANCE> 39
 1.412863e+01 3.205058e+01 1.556820e+01 1.404171e+01 1.853098e+01 2.373121e+01 3.222887e+01 3.699841e+01 3.955039e+01 3.072197e+01 2.113739e+01 2.027186e+01 3.188503e+01 2.463320e+00 1.517809e+00 1.786706e+00 1.067838e+00 1.327006e+00 2.140299e+00 2.788057e+00 4.130744e+00 2.928621e+00 2.240958e+00 1.782828e+00 1.732882e+00 6.246919e+00 4.226878e-01 2.270502e-01 2.690471e-01 1.708453e-01 1.995083e-01 3.433070e-01 6.337523e-01 9.081464e-01 5.989229e-01 4.204046e-01 3.423727e-01 3.228793e-01 6.150420e-01
<GCONST> 1.105443e+02
<MIXTURE> 2 4.714732e-01
<MEAN> 39
 -3.754089e+00 3.053672e+00 2.468146e+00 -2.562793e+00 1.669410e+00 2.264877e+00 1.889715e+00 4.169573e-01 -2.340629e+00 8.416520e-01 -3.702565e-01 -3.209448e+00 4.535524e+01 6.672605e-01 -2.899303e-01 -5.292613e-01 1.949994e-01 -1.887978e-01 -5.458047e-01 -3.141070e-01 -1.064602e+00 -1.357498e-01 -2.591787e-01 -1.429175e-01 -4.061726e-01 1.444441e+00 1.129307e-01 -1.834491e-02 -1.706887e-01 -3.695098e-02 1.376729e-02 -4.343090e-02 4.494948e-02 3.909454e-02 2.146662e-01 4.111883e-02 5.176382e-02 1.043247e-02 3.885719e-01
<VARIANCE> 39
 1.873681e+01 2.367987e+01 1.448911e+01 8.971266e+00 2.185938e+01 1.244244e+01 1.792093e+01 4.554359e+01 1.383163e+01 2.995428e+01 2.642574e+01 1.364694e+01 3.058638e+01 1.813082e+00 8.465362e-01 1.846202e+00 9.003280e-01 1.345177e+00 1.835357e+00 2.115196e+00 4.566707e+00 1.594508e+00 2.017227e+00 2.249052e+00 1.898881e+00 6.708009e+00 1.709129e-01 8.077446e-02 2.077623e-01 1.115504e-01 1.959232e-01 2.172793e-01 3.345937e-01 4.773328e-01 3.569787e-01 3.573833e-01 3.370927e-01 3.276879e-01 5.234363e-01
<GCONST> 1.009690e+02
<STATE> 3
<NUMMIXES> 2
<MIXTURE> 1 3.845805e-01
<MEAN> 39
 5.436744e+00 -1.684590e+00 -4.237568e+00 -6.330991e-01 2.504143e+00 -3.015182e+00 1.874573e+00 -4.449693e+00 5.072165e-01 -1.386562e+00 1.594775e+00 -1.872053e+00 6.283182e+01 1.163690e-01 2.604322e-01 1.460632e-01 1.688623e-01 3.282080e-01 1.715754e-01 2.267568e-01 5.549962e-01 4.863894e-01 4.076399e-01 3.156269e-01 4.176427e-01 9.644260e-02 -2.378071e-02 1.760312e-01 1.862376e-01 2.772574e-01 3.087035e-01 3.089659e-01 -7.301746e-02 -2.353968e-02 -1.882454e-01 7.160406e-02 -7.262380e-02 -2.016392e-02 -3.998061e-01
<VARIANCE> 39
 1.290419e+01 2.720297e+01 1.484298e+01 1.324611e+01 1.538070e+01 2.086864e+01 2.323807e+01 2.835806e+01 2.521679e+01 2.408879e+01 1.858349e+01 1.873371e+01 2.827954e+01 5.105904e-01 8.528658e-01 7.949618e-01 1.095829e+00 1.358638e+00 1.410422e+00 1.529201e+00 1.748700e+00 1.887349e+00 1.297016e+00 1.272617e+00 1.218637e+00 2.166547e+00 1.017657e-01 1.989073e-01 1.495629e-01 1.739732e-01 2.525284e-01 2.324254e-01 3.574364e-01 4.960294e-01 4.168642e-01 3.458973e-01 2.901643e-01 3.002627e-01 3.125672e-01
<GCONST> 9.580308e+01
<MIXTURE> 2 6.154195e-01
<MEAN> 39
 5.506609e+00 8.619742e-01 -1.904988e+00 1.736556e+00 5.581369e+00 4.569816e-01 1.575880e+00 -3.679114e+00 -9.631391e-01 -6.765633e-01 7.588604e-01 -1.867438e+00 5.837650e+01 2.078137e-02 -1.904010e-01 -4.230919e-02 -2.333926e-02 -1.556171e-01 -7.411376e-02 -1.529265e-01 -3.219393e-01 -3.717918e-01 -2.390949e-01 -2.128437e-01 -2.191956e-01 -2.202068e-01 1.531609e-02 -1.203589e-01 -1.235618e-01 -1.815194e-01 -2.170860e-01 -2.022269e-01 3.060664e-02 6.352399e-03 9.273803e-02 -5.250663e-02 3.574825e-02 -9.602281e-03 2.241870e-01
<VARIANCE> 39
 1.152131e+01 1.927145e+01 1.243359e+01 1.332331e+01 1.705529e+01 1.774765e+01 1.958677e+01 1.963402e+01 1.947131e+01 1.773841e+01 1.560251e+01 1.603281e+01 3.033621e+01 3.311175e-01 7.381001e-01 7.302044e-01 8.644655e-01 1.249504e+00 1.307529e+00 1.337137e+00 1.740296e+00 1.432543e+00 1.466957e+00 1.301983e+00 1.418052e+00 1.758386e+00 5.145074e-02 1.016700e-01 9.794340e-02 1.393204e-01 1.995226e-01 1.971064e-01 2.540796e-01 3.482442e-01 3.218144e-01 2.917804e-01 2.553430e-01 2.825336e-01 1.937527e-01
<GCONST> 8.817640e+01
<STATE> 4
<NUMMIXES> 2
<MIXTURE> 1 5.421291e-01
<MEAN> 39
 5.352768e+00 9.727822e-01 -7.859671e-01 1.569559e+00 5.169257e+00 7.837526e-01 7.432514e-01 -2.953044e+00 -3.093602e+00 -1.686390e+00 -2.361335e-01 -2.747305e+00 5.368679e+01 -1.110120e-01 2.813917e-01 3.661209e-01 1.086143e-01 1.368740e-01 3.851284e-01 3.031527e-02 3.607701e-01 2.566433e-02 6.387535e-02 -3.875737e-02 -1.131244e-01 -5.488693e-01 -2.878789e-03 3.518565e-02 4.048670e-02 2.423730e-02 7.040672e-02 1.235259e-01 1.892685e-01 1.741181e-01 1.431132e-01 6.737617e-02 6.984994e-02 1.429505e-02 4.129750e-02
<VARIANCE> 39
 7.934123e+00 1.600073e+01 1.358465e+01 1.239282e+01 1.909862e+01 1.829197e+01 1.667233e+01 1.651313e+01 2.121582e+01 1.904321e+01 1.573155e+01 1.646417e+01 2.121687e+01 1.277408e-01 2.696554e-01 4.321346e-01 5.623909e-01 9.787186e-01 9.886252e-01 1.232056e+00 1.356644e+00 1.453312e+00 1.308502e+00 1.213972e+00 1.264948e+00 7.358071e-02 1.710904e-02 4.954048e-02 9.369712e-02 1.202913e-01 1.852214e-01 2.008883e-01 2.229912e-01 2.486605e-01 3.091035e-01 2.518933e-01 2.448811e-01 2.435936e-01 5.518677e-03
<GCONST> 7.358045e+01
<MIXTURE> 2 4.578697e-01
<MEAN> 39
 2.680392e+00 3.260371e+00 1.488572e+00 5.055035e-01 5.364964e+00 3.850583e+00 2.764766e+00 6.640718e-01 -1.944734e+00 -9.627938e-01 2.169897e-01 -2.742984e+00 4.994045e+01 -2.732260e-01 -6.001959e-02 -3.499187e-02 -2.398644e-01 -1.406835e-01 -2.029009e-03 -5.297753e-02 -2.489876e-02 -2.757833e-01 -1.378675e-01 -6.042435e-02 -3.403667e-02 -3.471370e-01 -1.938033e-02 -5.416844e-02 -5.383474e-02 -4.989977e-02 -8.451772e-02 -1.479045e-01 -1.716221e-01 -2.093416e-01 -1.311717e-01 -7.659037e-02 -6.676982e-02 -1.662049e-02 9.770373e-03
<VARIANCE> 39
 1.765709e+01 1.769753e+01 1.549394e+01 1.378806e+01 2.384870e+01 1.506573e+01 1.951905e+01 1.632580e+01 2.074387e+01 2.072808e+01 1.474553e+01 1.339861e+01 2.817127e+01 2.002873e-01 3.546915e-01 5.063205e-01 5.975548e-01 9.100015e-01 1.101016e+00 1.328823e+00 1.517796e+00 1.571333e+00 1.489225e+00 1.288429e+00 1.016017e+00 1.364595e-01 2.971064e-02 5.656978e-02 8.767091e-02 1.138214e-01 1.745246e-01 1.759664e-01 2.454568e-01 2.710204e-01 2.761408e-01 3.026049e-01 2.498716e-01 2.068582e-01 1.072668e-02
<GCONST> 7.794481e+01
<TRANSP> 5
 0.000000e+00 1.000000e+00 0.000000e+00 0.000000e+00 0.000000e+00
 0.000000e+00 8.358133e-01 1.641867e-01 0.000000e+00 0.000000e+00
 0.000000e+00 0.000000e+00 9.855595e-01 1.444052e-02 0.000000e+00
 0.000000e+00 0.000000e+00 0.000000e+00 9.549349e-01 4.506509e-02
 0.000000e+00 0.000000e+00 0.000000e+00 0.000000e+00 0.000000e+00
<ENDHMM>
~h "kt"
<BEGINHMM>
<NUMSTATES> 5
<STATE> 2
<NUMMIXES> 2
<MIXTURE> 1 3.659644e-01
<MEAN> 39
 -1.351838e+01 5.068492e-01 -6.394752e+00 -1.611936e+00 1.760602e-01 -1.110450e+00 2.965132e+00 4.582366e-01 1.828693e+00 5.564420e-01 7.304866e-01 -1.278593e+00 5.841993e+01 -3.870775e-01 1.118250e-01 7.958692e-02 1.413724e-01 6.321238e-02 -6.106794e-02 1.823382e-01 3.572107e-01 3.548658e-01 2.802376e-01 1.557390e-01 7.815073e-02 5.287132e-01 2.052208e-01 -3.333559e-02 1.770980e-02 1.034913e-01 1.984539e-01 2.530842e-01 2.601114e-01 5.244733e-02 -1.366884e-02 7.141314e-02 1.348245e-01 2.298700e-02 -1.834024e-01
<VARIANCE> 39
 1.436222e+01 6.823491e+00 9.878130e+00 1.481212e+01 1.391912e+01 1.800963e+01 1.783226e+01 2.016706e+01 2.056358e+01 1.827561e+01 1.508591e+01 1.382501e+01 2.101471e+01 1.593527e+00 5.682214e-01 7.633356e-01 1.102316e+00 1.297588e+00 1.992684e+00 2.136196e+00 1.845349e+00 1.804571e+00 1.786761e+00 1.648426e+00 1.449381e+00 1.904468e+00 2.389660e-01 1.073713e-01 1.593323e-01 1.952550e-01 2.211062e-01 3.181144e-01 3.636889e-01 3.991915e-01 3.684153e-01 3.925564e-01 3.020579e-01 2.720188e-01 3.116636e-01
<GCONST> 9.439157e+01
<MIXTURE> 2 6.340361e-01
<MEAN> 39
 -9.580146e+00 -8.871842e-02 -6.531266e+00 -7.991016e-01 2.177078e+00 2.709740e+00 5.700717e+00 7.856722e-01 7.930722e-01 1.040618e+00 2.109664e+00 -1.305667e+00 5.418476e+01 2.260799e-01 -6.485673e-02 -5.739290e-02 -8.262164e-02 -3.661700e-02 3.448441e-02 -9.838659e-02 -2.100876e-01 -2.108696e-01 -1.627836e-01 -8.930625e-02 -5.067877e-02 -2.994344e-01 -1.156013e-01 1.801652e-02 -7.533386e-03 -5.808801e-02 -1.120957e-01 -1.455803e-01 -1.498230e-01 -2.936860e-02 5.973078e-03 -4.257291e-02 -7.900353e-02 -1.518864e-02 9.985024e-02
<VARIANCE> 39
 9.551468e+00 5.779093e+00 6.213915e+00 8.300533e+00 9.524400e+00 1.166223e+01 1.269208e+01 1.375154e+01 1.417689e+01 1.357294e+01 1.312905e+01 1.284773e+01 9.894492e+00 3.589875e-01 3.587802e-01 5.292045e-01 6.937703e-01 9.902416e-01 1.166449e+00 1.409811e+00 1.467922e+00 1.399653e+00 1.504502e+00 1.364247e+00 1.211902e+00 2.539837e-01 8.631460e-02 7.296602e-02 1.044994e-01 1.404679e-01 1.907055e-01 2.306993e-01 2.898208e-01 3.146116e-01 3.014559e-01 3.077422e-01 2.770621e-01 2.572511e-01 6.988546e-02
<GCONST> 7.739302e+01
<STATE> 3
<NUMMIXES> 2
<MIXTURE> 1 6.652378e-01
<MEAN> 39
 -1.164753e+01 2.957292e+00 -2.672695e+00 1.035788e+00 1.230252e+00 -1.517505e+00 2.890864e+00 9.891983e-01 1.427797e-01 -9.986508e-01 1.773905e-01 -1.930321e+00 5.245672e+01 3.982866e-01 -2.963927e-02 2.065850e-01 9.874354e-02 2.126652e-01 2.261053e-01 1.619867e-01 5.734215e-02 1.256318e-01 5.780155e-02 1.815716e-01 -1.458495e-02 -6.921044e-01 -4.752028e-02 5.299956e-02 -3.404341e-02 -2.323477e-02 -4.444452e-02 -1.060432e-01 -6.530591e-02 3.806149e-02 3.415056e-03 9.909225e-02 -7.311255e-02 6.056398e-02 -9.165037e-04
<VARIANCE> 39
 5.967294e+00 5.026997e+00 8.325741e+00 1.067055e+01 1.237532e+01 1.257841e+01 1.482203e+01 1.656670e+01 1.686407e+01 1.798956e+01 1.585852e+01 1.354165e+01 1.600928e+01 2.011064e-01 3.000477e-01 5.043724e-01 6.892121e-01 9.663598e-01 1.233522e+00 1.286650e+00 1.394232e+00 1.497692e+00 1.758513e+00 1.382612e+00 1.297759e+00 1.603638e-01 7.967694e-02 6.429065e-02 1.238878e-01 1.592394e-01 2.246916e-01 2.711760e-01 2.842950e-01 3.128382e-01 3.337965e-01 3.960063e-01 2.954879e-01 2.714132e-01 1.576320e-01
<GCONST> 7.978040e+01
<MIXTURE> 2 3.347650e-01
<MEAN> 39
 -1.252164e+01 3.852849e+00 -3.331862e+00 6.604457e-01 3.016996e-01 -3.131277e+00 1.818934e+00 1.822581e+00 1.387998e-01 2.356830e-01 -1.066573e+00 -1.210207e+00 5.286913e+01 -7.937424e-01 7.539831e-02 -4.114537e-01 -1.779026e-01 -3.992319e-01 -4.610715e-01 -2.848135e-01 -1.307583e-01 -2.340571e-01 -1.422543e-01 -3.431314e-01 3.207554e-03 1.350482e+00 1.101837e-01 -1.077206e-01 7.371043e-02 3.782425e-02 9.133044e-02 2.288393e-01 1.327677e-01 -6.628209e-02 5.481156e-03 -1.848302e-01 1.496695e-01 -1.107288e-01 -2.590143e-02
<VARIANCE> 39
 1.153312e+01 7.644454e+00 1.022043e+01 1.339510e+01 1.661614e+01 2.263744e+01 2.066108e+01 1.765290e+01 1.913132e+01 2.017717e+01 1.918308e+01 1.416130e+01 2.604509e+01 8.622336e-01 7.920734e-01 9.489615e-01 1.337960e+00 1.750646e+00 2.427332e+00 2.257053e+00 2.002242e+00 2.107034e+00 2.626038e+00 2.012364e+00 1.537801e+00 1.455304e+00 2.476087e-01 1.213690e-01 1.877839e-01 2.420526e-01 3.465753e-01 4.927801e-01 4.306046e-01 3.530727e-01 3.933468e-01 4.581586e-01 3.647420e-01 2.847684e-01 5.481632e-01
<GCONST> 9.892690e+01
<STATE> 4
<NUMMIXES> 2
<MIXTURE> 1 6.769772e-01
<MEAN> 39
 -9.147017e+00 3.155369e+00 -2.397534e+00 -1.623064e-01 5.601799e-01 2.614360e-01 3.487795e+00 2.017308e+00 7.751489e-01 -2.157192e-02 7.112691e-01 -2.172629e+00 4.816877e+01 3.346030e-01 -5.838583e-02 2.397051e-01 -3.478388e-03 1.308976e-01 1.817053e-01 1.084753e-01 8.962808e-02 8.372793e-02 8.481186e-02 8.288696e-02 4.365094e-03 -3.603106e-01 -3.158709e-02 7.621611e-03 -1.223010e-02 -9.688017e-04 -2.167187e-02 -2.827217e-02 -3.979493e-02 3.154490e-02 -1.351081e-02 1.363075e-02 -2.860759e-02 1.111494e-02 2.853620e-02
<VARIANCE> 39
 6.917111e+00 7.150651e+00 1.000034e+01 1.012740e+01 1.593023e+01 1.396609e+01 1.550058e+01 1.686635e+01 1.678740e+01 1.698862e+01 1.435660e+01 1.279425e+01 7.919870e+00 2.257840e-01 3.461996e-01 4.734493e-01 7.021136e-01 9.372109e-01 1.027221e+00 1.244768e+00 1.307830e+00 1.484418e+00 1.479343e+00 1.338747e+00 1.168455e+00 1.518615e-01 6.255379e-02 7.367036e-02 1.066600e-01 1.457501e-01 1.960505e-01 2.159819e-01 2.545314e-01 2.740535e-01 3.104486e-01 3.144334e-01 2.742378e-01 2.321785e-01 4.048821e-02
<GCONST> 7.659532e+01
<MIXTURE> 2 3.230228e-01
<MEAN> 39
 -1.048194e+01 3.024264e+00 -2.715396e+00 -1.106590e-01 -3.784751e-02 -6.315778e-01 2.502604e+00 2.536594e+00 4.496170e-01 1.225822e-01 3.485780e-01 -1.980527e+00 4.966032e+01 -6.513316e-01 1.095339e-01 -4.811310e-01 -2.385896e-02 -2.610509e-01 -3.519004e-01 -2.228078e-01 -1.753300e-01 -1.786616e-01 -1.665299e-01 -1.624558e-01 -2.081943e-03 7.049415e-01 6.471501e-02 -1.693939e-02 2.542609e-02 6.450941e-03 4.905535e-02 5.679099e-02 7.709877e-02 -6.636138e-02 2.496879e-02 -3.218020e-02 5.917785e-02 -2.313340e-02 -5.330217e-02
<VARIANCE> 39
 1.394947e+01 1.386374e+01 1.387074e+01 1.450788e+01 1.929531e+01 1.989457e+01 1.974153e+01 1.872543e+01 1.882039e+01 1.835021e+01 1.656823e+01 1.339160e+01 1.791364e+01 1.014240e+00 8.852156e-01 8.383774e-01 1.171949e+00 1.499948e+00 1.667135e+00 1.709950e+00 1.757081e+00 1.783429e+00 1.823451e+00 1.617001e+00 1.318410e+00 1.269005e+00 2.682576e-01 1.582547e-01 1.989563e-01 2.218281e-01 2.948781e-01 3.482339e-01 3.483066e-01 3.335342e-01 3.601411e-01 3.653620e-01 3.257213e-01 2.637638e-01 3.391888e-01
<GCONST> 9.603497e+01
<TRANSP> 5
 0.000000e+00 1.000000e+00 0.000000e+00 0.000000e+00 0.000000e+00
 0.000000e+00 9.916014e-01 8.398551e-03 0.000000e+00 0.000000e+00
 0.000000e+00 0.000000e+00 9.875601e-01 1.243991e-02 0.000000e+00
 0.000000e+00 0.000000e+00 0.000000e+00 9.923300e-01 7.669961e-03
 0.000000e+00 0.000000e+00 0.000000e+00 0.000000e+00 0.000000e+00
<ENDHMM>
~h "pr"
<BEGINHMM>
<NUMSTATES> 5
<STATE> 2
<NUMMIXES> 2
<MIXTURE> 1 4.615618e-01
<MEAN> 39
 -1.316488e+01 -1.034388e+01 -4.033733e-01 -8.260591e+00 4.666564e+00 8.145247e+00 4.577418e+00 -1.383830e+00 -5.479689e+00 -3.222903e+00 7.197069e+00 2.085663e+00 5.778377e+01 8.821736e-02 8.683444e-02 5.360336e-02 1.047962e-01 1.270737e-01 1.302544e-01 6.432538e-02 4.385448e-02 7.119338e-02 8.927238e-02 5.910387e-02 4.838708e-02 -9.448583e-02 1.157645e-02 3.553607e-02 5.596246e-02 5.784092e-02 2.327158e-02 6.579317e-03 6.080250e-02 1.328230e-01 1.181510e-01 9.496317e-02 -1.083591e-02 -3.050177e-02 -6.371587e-03
<VARIANCE> 39
 3.024379e+01 3.060711e+01 3.355927e+01 3.208015e+01 5.052836e+01 8.856828e+01 6.731741e+01 7.240874e+01 7.354963e+01 4.047938e+01 7.801822e+01 7.707519e+01 1.753707e+01 5.341235e-01 6.175594e-01 8.219934e-01 1.522647e+00 1.439429e+00 1.843333e+00 2.110193e+00 2.661922e+00 2.586955e+00 2.151005e+00 2.904032e+00 2.489451e+00 3.123370e-01 1.131644e-01 1.165057e-01 1.649399e-01 2.857532e-01 2.767846e-01 3.567038e-01 4.210546e-01 4.874094e-01 5.174222e-01 4.055889e-01 5.802163e-01 4.880699e-01 6.996558e-02
<GCONST> 1.095347e+02
<MIXTURE> 2 5.384387e-01
<MEAN> 39
 -1.591357e+01 -5.031689e+00 -2.727790e-01 -6.237533e+00 1.036199e+00 3.967835e+00 5.753839e+00 1.456051e+00 3.606795e-03 -1.126006e+00 3.207176e+00 -2.297203e+00 5.886648e+01 -1.438588e-01 -9.673683e-02 -2.578124e-02 -1.033248e-01 -8.373100e-02 -8.849213e-02 -3.365219e-02 -5.403419e-02 -6.317380e-02 -1.021908e-01 -5.336181e-02 3.474278e-02 1.394548e-01 1.176070e-02 -2.618189e-02 -4.726376e-02 -4.540073e-02 -2.671838e-02 -4.422621e-03 -6.122395e-02 -1.089058e-01 -9.732629e-02 -7.260576e-02 -5.868735e-03 1.903607e-02 -1.212241e-02
<VARIANCE> 39
 3.210030e+01 3.797851e+01 5.480339e+01 3.096695e+01 3.437231e+01 4.443239e+01 3.568403e+01 5.305103e+01 2.700137e+01 2.672556e+01 2.676854e+01 2.181760e+01 3.196456e+01 1.031634e+00 9.479586e-01 1.060679e+00 1.218412e+00 1.458777e+00 1.715128e+00 2.015523e+00 1.979257e+00 1.880565e+00 1.800665e+00 1.876832e+00 1.724753e+00 8.377075e-01 1.182514e-01 1.363547e-01 1.567759e-01 1.934032e-01 2.542080e-01 2.920283e-01 3.364146e-01 3.209947e-01 3.088544e-01 3.014511e-01 3.112064e-01 2.723372e-01 9.311604e-02
<GCONST> 1.025996e+02
<STATE> 3
<NUMMIXES> 2
<MIXTURE> 1 5.360260e-01
<MEAN> 39
 -1.670009e+01 1.587167e+00 1.881224e+01 -1.917635e+01 5.182509e+00 1.193321e+01 -7.025077e+00 -1.690235e+00 8.975863e+00 -2.111296e+00 -1.095959e+01 1.052428e+01 5.027972e+01 1.328769e-01 2.720508e-02 3.216383e-02 6.082410e-02 1.877801e-01 -7.861517e-02 7.945876e-02 2.470232e-01 -1.367739e-01 1.801614e-01 -1.476386e-02 -1.075094e-02 -7.661580e-02 -8.916257e-02 4.147513e-02 1.121777e-03 4.185361e-02 6.433844e-02 -5.666521e-02 1.039507e-01 4.254042e-02 -5.478671e-02 -5.483799e-05 1.026433e-01 -2.041231e-02 6.246737e-02
<VARIANCE> 39
 1.755945e+01 1.164330e+01 1.116563e+01 2.685349e+01 3.275783e+01 2.178902e+01 1.418237e+01 4.101898e+01 3.785254e+01 4.532284e+01 2.424367e+01 1.896341e+01 1.008409e+01 3.012140e-01 2.885050e-01 4.289440e-01 7.475221e-01 9.909788e-01 1.172661e+00 1.144488e+00 1.233691e+00 1.479423e+00 1.396899e+00 1.299168e+00 1.002052e+00 1.070046e-01 6.014368e-02 5.407241e-02 7.775540e-02 1.344179e-01 2.172321e-01 2.281783e-01 2.372259e-01 2.719413e-01 2.876756e-01 2.879499e-01 2.742009e-01 1.932320e-01 2.208677e-02
<GCONST> 8.191988e+01
<MIXTURE> 2 4.639734e-01
<MEAN> 39
 -2.197184e+01 5.316573e+00 1.654313e+01 -1.303401e+01 1.525541e+00 1.216874e+01 -4.750348e+00 -6.712739e+00 1.165896e+01 -8.320798e+00 -5.726272e+00 7.025369e+00 5.533845e+01 -6.448735e-03 -1.008329e-01 -5.885249e-02 -7.635253e-02 -1.752375e-01 5.705264e-02 -1.500340e-01 -2.134946e-01 1.028896e-01 -1.300087e-01 -4.761821e-02 3.037718e-02 -2.454033e-02 1.147635e-01 -4.283240e-02 -2.011998e-02 -3.047110e-02 -6.060207e-02 3.686815e-02 -1.106604e-01 -2.846528e-02 4.263785e-02 7.068921e-05 -9.244122e-02 -5.596708e-03 -8.072104e-02
<VARIANCE> 39
 1.035973e+01 1.814709e+01 1.569299e+01 1.823825e+01 1.693436e+01 2.749281e+01 1.871711e+01 2.268826e+01 2.577693e+01 2.587341e+01 2.510706e+01 1.600327e+01 5.894193e+00 8.107103e-01 6.428058e-01 6.659529e-01 1.040452e+00 1.516288e+00 2.116740e+00 1.617467e+00 1.794734e+00 1.758096e+00 1.964978e+00 2.562031e+00 1.305126e+00 3.928380e-01 1.976341e-01 1.206503e-01 1.368019e-01 2.233820e-01 2.989089e-01 4.653979e-01 3.037122e-01 3.502309e-01 3.849869e-01 3.675672e-01 4.612295e-01 2.725137e-01 8.884660e-02
<GCONST> 9.387547e+01
<STATE> 4
<NUMMIXES> 2
<MIXTURE> 1 3.461320e-01
<MEAN> 39
 -1.735070e+01 -3.896864e+00 8.476108e+00 -8.640779e+00 5.262514e+00 1.599866e+00 -1.145421e+00 1.704656e+00 5.605866e+00 -4.259502e+00 -5.267713e+00 6.058050e+00 5.452510e+01 -2.567583e-03 1.117482e-02 6.052479e-02 3.042931e-02 6.424725e-02 8.955655e-02 1.090525e-01 5.201312e-02 1.315253e-01 8.096150e-02 5.412723e-02 2.501895e-02 6.891949e-02 2.573449e-02 3.114864e-02 3.757134e-02 4.485680e-02 5.929492e-02 6.466307e-02 1.004864e-01 8.175615e-02 5.168890e-02 6.292675e-02 4.776134e-02 1.129956e-02 -3.996458e-03
<VARIANCE> 39
 3.104297e+01 6.314566e+01 5.670370e+01 6.656908e+01 5.347652e+01 1.330976e+02 3.938592e+01 7.146533e+01 7.356006e+01 4.596330e+01 5.339594e+01 5.307283e+01 3.171476e+01 6.631103e-01 5.944138e-01 9.397331e-01 1.335702e+00 1.541379e+00 1.966101e+00 1.917448e+00 1.997212e+00 2.096329e+00 2.072761e+00 2.005692e+00 1.659582e+00 3.597858e-01 1.208665e-01 1.080245e-01 1.743139e-01 2.353477e-01 3.000554e-01 3.934548e-01 3.737833e-01 3.795750e-01 3.980801e-01 4.019102e-01 3.965515e-01 3.067453e-01 6.326331e-02
<GCONST> 1.089152e+02
<MIXTURE> 2 6.538690e-01
<MEAN> 39
 -1.230896e+01 -6.149316e+00 2.799196e+00 -3.959300e+00 2.611400e+00 -2.942255e+00 5.714232e+00 6.047548e+00 1.259138e+00 -7.616387e-01 -1.853406e+00 9.354210e-01 5.406950e+01 4.933337e-02 2.697568e-02 -5.886237e-02 3.184636e-03 -6.266794e-02 -5.658867e-02 -5.134419e-02 -3.669073e-02 -6.606472e-02 -4.476634e-02 -1.328702e-02 -4.317469e-02 -8.139879e-02 -1.490617e-02 -1.564931e-02 -1.780504e-02 -2.532016e-02 -3.212858e-02 -3.174905e-02 -5.343447e-02 -4.420197e-02 -2.683438e-02 -3.160005e-02 -2.461453e-02 -7.747305e-03 2.258007e-03
<VARIANCE> 39
 3.445790e+01 4.948094e+01 3.654465e+01 4.108019e+01 1.006519e+02 6.016705e+01 6.644328e+01 5.246286e+01 3.636651e+01 4.698633e+01 4.738928e+01 7.318713e+01 5.381572e+01 1.463253e-01 3.228850e-01 5.137335e-01 7.426885e-01 9.459820e-01 1.300689e+00 1.366949e+00 1.384687e+00 1.504355e+00 1.582276e+00 1.343139e+00 1.237369e+00 5.552912e-02 2.450826e-02 5.669866e-02 9.537531e-02 1.370036e-01 1.814775e-01 2.427104e-01 2.630173e-01 2.544705e-01 2.891259e-01 3.103722e-01 2.637611e-01 2.484625e-01 7.938915e-03
<GCONST> 9.147715e+01
<TRANSP> 5
 0.000000e+00 1.000000e+00 0.000000e+00 0.000000e+00 0.000000e+00
 0.000000e+00 9.889021e-01 1.109788e-02 0.000000e+00 0.000000e+00
 0.000000e+00 0.000000e+00 9.850434e-01 1.495661e-02 0.000000e+00
 0.000000e+00 0.000000e+00 0.000000e+00 9.953061e-01 4.693855e-03
 0.000000e+00 0.000000e+00 0.000000e+00 0.000000e+00 0.000000e+00
<ENDHMM>
~h "pw"
<BEGINHMM>
<NUMSTATES> 5
<STATE> 2
<NUMMIXES> 2
<MIXTURE> 1 6.485444e-01
<MEAN> 39
 -1.303116e+01 -1.385353e+00 -7.032113e-01 -4.351151e-01 1.569601e+00 -5.618744e-01 3.212510e+00 4.553566e-01 -5.136253e-01 8.923929e-01 1.426571e-01 -1.133228e+00 5.282476e+01 1.368860e-01 2.188497e-01 4.326927e-02 2.935802e-02 6.930265e-02 1.214898e-01 1.124042e-01 1.196496e-01 4.940296e-02 6.496413e-02 3.908322e-02 2.473905e-02 -2.477213e-01 -3.517428e-02 -1.169791e-02 9.109760e-03 5.253574e-03 -2.864902e-02 -5.325514e-02 -2.380640e-02 -6.277118e-03 -1.664658e-02 8.518300e-03 -1.066113e-02 2.182580e-02 3.108753e-02
<VARIANCE> 39
 1.308534e+01 1.810295e+01 1.015879e+01 1.083036e+01 1.315907e+01 1.344038e+01 1.507137e+01 1.680071e+01 1.571469e+01 1.442295e+01 1.417950e+01 1.221416e+01 1.695216e+01 2.886649e-01 3.913849e-01 4.958008e-01 7.264029e-01 9.281758e-01 1.091834e+00 1.245831e+00 1.369497e+00 1.415978e+00 1.303075e+00 1.345222e+00 1.171057e+00 1.687834e-01 4.614265e-02 7.296698e-02 1.020365e-01 1.471310e-01 1.854383e-01 2.258725e-01 2.594500e-01 2.869873e-01 2.961933e-01 2.657311e-01 2.850752e-01 2.362509e-01 2.309721e-02
<GCONST> 7.792606e+01
<MIXTURE> 2 3.514560e-01
<MEAN> 39
 -1.501967e+01 -3.471267e+00 -8.824625e-01 -4.623919e-01 7.209687e-01 -2.268074e+00 2.448668e+00 -1.399086e-01 -1.077564e+00 8.507333e-01 -2.807958e-01 -6.033302e-01 5.599923e+01 -2.791427e-01 -4.287605e-01 -7.053477e-02 -5.356025e-02 -1.366502e-01 -2.543683e-01 -2.107446e-01 -2.390215e-01 -9.424969e-02 -1.250886e-01 -7.842810e-02 -4.223837e-02 5.054383e-01 6.345166e-02 1.369204e-02 -2.532417e-02 -1.171656e-02 4.343723e-02 8.917850e-02 3.521554e-02 7.154971e-03 2.576265e-02 -1.250292e-02 1.652479e-02 -3.954109e-02 -4.265859e-02
<VARIANCE> 39
 1.738145e+01 2.744718e+01 1.383808e+01 1.503178e+01 1.825340e+01 2.122868e+01 2.016409e+01 1.998708e+01 1.801434e+01 1.764085e+01 1.537355e+01 1.413079e+01 2.836644e+01 9.928364e-01 1.281979e+00 1.132782e+00 1.246788e+00 1.519365e+00 1.897497e+00 1.791947e+00 1.802919e+00 1.834173e+00 1.702297e+00 1.656685e+00 1.365708e+00 9.893318e-01 1.780209e-01 2.550761e-01 2.065335e-01 2.403985e-01 2.978049e-01 3.890830e-01 3.661811e-01 3.557053e-01 3.612969e-01 3.341537e-01 3.261241e-01 2.798261e-01 2.094107e-01
<GCONST> 9.803100e+01
<STATE> 3
<NUMMIXES> 2
<MIXTURE> 1 7.613442e-01
<MEAN> 39
 -1.062544e+01 -6.319606e+00 -2.739241e+00 -1.388724e+00 5.282316e-01 -4.100062e+00 -4.901367e-01 -4.759132e+00 -3.505814e+00 -1.055900e+00 5.555428e-02 -4.853885e-01 6.035040e+01 1.372540e-01 2.318611e-01 6.136995e-02 8.294746e-02 1.600682e-01 2.121747e-01 1.214381e-01 1.215996e-01 4.633645e-03 4.762005e-02 1.960663e-02 3.986505e-02 -6.687560e-01 -2.432078e-02 1.703954e-02 1.288120e-02 3.556806e-03 -2.196709e-02 -2.152194e-02 9.705295e-03 3.889627e-02 3.242817e-02 2.016693e-02 -1.972813e-02 -5.642350e-04 1.337781e-02
<VARIANCE> 39
 1.874253e+01 2.476373e+01 1.208705e+01 1.125487e+01 1.474409e+01 2.078759e+01 2.007941e+01 2.429521e+01 1.886120e+01 1.533030e+01 1.362165e+01 1.229448e+01 6.316911e+01 2.240180e-01 3.374815e-01 4.641291e-01 6.610340e-01 9.023286e-01 1.055786e+00 1.201481e+00 1.420384e+00 1.445170e+00 1.296420e+00 1.250473e+00 1.117546e+00 1.540680e-01 3.930545e-02 6.312699e-02 9.270045e-02 1.297203e-01 1.881852e-01 2.191250e-01 2.476209e-01 2.976522e-01 3.019646e-01 2.655105e-01 2.592578e-01 2.349709e-01 2.657994e-02
<GCONST> 8.022810e+01
<MIXTURE> 2 2.386577e-01
<MEAN> 39
 -1.312465e+01 -4.881937e+00 -1.784241e+00 -1.666417e+00 -1.378200e+00 -5.128055e+00 -1.919887e-01 -2.619042e+00 -1.802473e+00 -1.216987e-01 -8.419579e-01 -6.571491e-01 6.221041e+01 -3.782472e-01 -8.543057e-01 -2.215232e-01 -2.339071e-01 -5.039783e-01 -7.512853e-01 -5.238136e-01 -5.683987e-01 -1.297030e-01 -2.115789e-01 -3.967009e-02 -8.020350e-02 2.199382e+00 1.036909e-01 -1.335136e-02 -3.128665e-02 -3.930265e-03 1.127013e-01 1.283505e-01 2.178021e-02 -8.068434e-02 -7.473841e-02 -4.587369e-02 7.604942e-02 -1.729155e-02 -1.217289e-01
<VARIANCE> 39
 2.097108e+01 3.038780e+01 1.607613e+01 1.580074e+01 2.446689e+01 3.639204e+01 2.744578e+01 2.940471e+01 1.895089e+01 1.962467e+01 1.730225e+01 1.555531e+01 1.159391e+02 1.472668e+00 2.150429e+00 1.352357e+00 1.389416e+00 2.673387e+00 3.586096e+00 2.684134e+00 2.548220e+00 1.808674e+00 1.953832e+00 1.812209e+00 1.821899e+00 7.517775e+00 2.597010e-01 4.196766e-01 2.390711e-01 2.695148e-01 5.413268e-01 7.329584e-01 5.231393e-01 4.786173e-01 3.299923e-01 3.858116e-01 3.556530e-01 3.695571e-01 1.805262e+00
<GCONST> 1.130970e+02
<STATE> 4
<NUMMIXES> 2
<MIXTURE> 1 7.157906e-01
<MEAN> 39
 -1.118199e+01 -2.121891e+00 -1.645785e+00 -9.048920e-01 1.394980e+00 -1.596669e-02 3.482860e+00 -9.179763e-03 -6.855253e-01 9.413967e-01 6.170174e-01 -9.309255e-01 5.290848e+01 1.307672e-01 1.824030e-01 1.000617e-02 2.144727e-03 5.530208e-02 1.325389e-01 1.072275e-01 1.058117e-01 4.860299e-02 5.156914e-02 1.208105e-02 -5.786965e-03 -2.697035e-01 -2.803901e-02 -1.369430e-02 1.482409e-03 -3.471436e-03 -3.779806e-02 -5.216215e-02 -2.622800e-02 -7.137449e-03 -8.387844e-03 -8.242124e-03 -1.997128e-02 1.095548e-02 3.065867e-02
<VARIANCE> 39
 1.439075e+01 1.708536e+01 1.196186e+01 1.085744e+01 1.222926e+01 1.665684e+01 1.555402e+01 1.810674e+01 1.598350e+01 1.475709e+01 1.341547e+01 1.269400e+01 2.100256e+01 2.884901e-01 3.860037e-01 5.065861e-01 7.140323e-01 9.533776e-01 1.167914e+00 1.260939e+00 1.394459e+00 1.434424e+00 1.399837e+00 1.307424e+00 1.217298e+00 1.742876e-01 4.642916e-02 7.074674e-02 9.897501e-02 1.417848e-01 1.878169e-01 2.349647e-01 2.535775e-01 2.818934e-01 2.902182e-01 2.897935e-01 2.658494e-01 2.481160e-01 2.280521e-02
<GCONST> 7.880711e+01
<MIXTURE> 2 2.842251e-01
<MEAN> 39
 -1.369627e+01 -4.716259e+00 -1.549029e+00 -1.022444e+00 -2.318590e-01 -3.135910e+00 1.740820e+00 -1.263613e+00 -1.122255e+00 3.952991e-01 -6.387646e-02 -6.170424e-01 5.785883e+01 -3.049895e-01 -4.499315e-01 -2.006263e-02 -1.594408e-02 -1.351197e-01 -3.042970e-01 -2.410813e-01 -2.283710e-01 -9.614920e-02 -1.153033e-01 -2.557470e-02 -2.187229e-03 6.365733e-01 7.224433e-02 3.113112e-02 -4.550969e-03 6.281801e-03 9.173878e-02 1.276486e-01 5.971786e-02 1.006855e-02 1.450824e-02 1.734225e-02 5.018774e-02 -2.544752e-02 -7.487670e-02
<VARIANCE> 39
 2.008536e+01 2.624547e+01 1.520652e+01 1.521150e+01 1.833440e+01 2.487171e+01 2.308887e+01 2.688638e+01 2.069090e+01 1.948194e+01 1.636028e+01 1.516374e+01 4.781498e+01 1.052308e+00 1.433119e+00 1.060239e+00 1.207170e+00 1.584690e+00 2.049774e+00 1.899384e+00 1.921391e+00 1.760475e+00 1.768322e+00 1.690229e+00 1.486414e+00 2.062369e+00 1.879368e-01 2.680283e-01 1.900618e-01 2.319590e-01 3.085832e-01 4.158444e-01 3.856547e-01 3.886044e-01 3.629806e-01 3.626035e-01 3.424213e-01 3.112305e-01 3.805728e-01
<GCONST> 1.019393e+02
<TRANSP> 5
 0.000000e+00 1.000000e+00 0.000000e+00 0.000000e+00 0.000000e+00
 0.000000e+00 9.928931e-01 7.106877e-03 0.000000e+00 0.000000e+00
 0.000000e+00 0.000000e+00 9.901288e-01 9.871260e-03 0.000000e+00
 0.000000e+00 0.000000e+00 0.000000e+00 9.972681e-01 2.731859e-03
 0.000000e+00 0.000000e+00 0.000000e+00 0.000000e+00 0.000000e+00
<ENDHMM>
~h "si"
<BEGINHMM>
<NUMSTATES> 5
<STATE> 2
<NUMMIXES> 2
<MIXTURE> 1 5.756187e-01
<MEAN> 39
 -5.340734e+00 2.127223e+00 1.110657e+00 -2.601335e+00 2.137394e+00 1.768650e+00 1.463761e+00 3.599715e+00 -1.094897e+00 -2.336348e-01 7.763513e-01 -2.923307e+00 4.329530e+01 4.556002e-02 1.005112e-01 1.354589e-01 1.856320e-01 2.421856e-01 2.723403e-01 2.616360e-01 2.614203e-01 1.969187e-01 1.567120e-01 1.071449e-01 5.086415e-02 -9.367277e-03 5.121121e-04 1.703612e-02 3.225409e-02 4.920482e-02 5.207433e-02 5.784539e-02 6.745169e-02 6.093366e-02 6.005171e-02 4.535741e-02 2.641451e-02 1.525754e-02 7.587277e-03
<VARIANCE> 39
 3.829278e+00 3.873729e+00 7.775029e+00 9.183379e+00 1.529761e+01 1.320707e+01 1.412616e+01 1.617456e+01 1.497148e+01 1.540018e+01 1.376227e+01 1.243126e+01 2.420476e+00 1.113898e-01 2.291434e-01 3.999877e-01 5.949600e-01 7.916800e-01 9.539721e-01 1.122266e+00 1.234364e+00 1.288358e+00 1.333810e+00 1.260967e+00 1.096322e+00 3.432841e-02 2.128932e-02 4.652051e-02 8.442558e-02 1.293998e-01 1.723728e-01 2.081704e-01 2.428014e-01 2.625916e-01 2.678787e-01 2.801546e-01 2.620682e-01 2.248109e-01 5.899655e-03
<GCONST> 6.521547e+01
<MIXTURE> 2 4.243745e-01
<MEAN> 39
 -5.882025e+00 2.324913e+00 1.738846e+00 -1.251893e+00 2.748268e+00 2.420748e+00 2.908557e+00 3.749182e+00 6.402265e-02 6.044254e-01 9.217044e-01 -2.448418e+00 4.458207e+01 -7.161455e-02 -1.282266e-01 -2.100900e-01 -2.773572e-01 -3.477657e-01 -3.676150e-01 -3.474780e-01 -3.241167e-01 -2.596174e-01 -1.965146e-01 -1.292555e-01 -7.150239e-02 -2.254879e-02 -4.072550e-03 -2.606389e-02 -4.619567e-02 -6.760745e-02 -7.418390e-02 -8.175367e-02 -9.395889e-02 -8.932544e-02 -8.303789e-02 -6.060105e-02 -3.588545e-02 -1.910713e-02 -6.126749e-03
<VARIANCE> 39
 8.692494e+00 8.051357e+00 1.142958e+01 1.227946e+01 1.794461e+01 1.643091e+01 1.672166e+01 2.025480e+01 1.707796e+01 1.717036e+01 1.554397e+01 1.360835e+01 8.119272e+00 2.278288e-01 3.620354e-01 4.952399e-01 6.932944e-01 9.007820e-01 1.072561e+00 1.245725e+00 1.324682e+00 1.407430e+00 1.418583e+00 1.365318e+00 1.156225e+00 1.168520e-01 3.985463e-02 6.905498e-02 9.837069e-02 1.393207e-01 1.899569e-01 2.269370e-01 2.560529e-01 2.749183e-01 2.858625e-01 2.847735e-01 2.752583e-01 2.299218e-01 1.720554e-02
<GCONST> 7.610017e+01
<STATE> 3
<NUMMIXES> 2
<MIXTURE> 1 5.436320e-01
<MEAN> 39
 -3.441381e+00 -4.264796e+00 -4.009496e+00 -3.336648e+00 1.895354e+00 4.437330e+00 4.929262e+00 9.286375e-01 -8.328302e-01 1.240459e+00 1.304037e+00 -2.586371e+00 5.008851e+01 4.302791e-02 8.043414e-02 1.267086e-01 1.934518e-01 2.498137e-01 2.742100e-01 2.610678e-01 2.449345e-01 2.163301e-01 1.817357e-01 1.187976e-01 6.369467e-02 -1.063833e-02 -3.685539e-03 1.292922e-02 1.952894e-02 1.278989e-02 -1.075592e-02 -2.521018e-02 -2.731151e-02 -7.435834e-03 1.029819e-02 8.505955e-03 3.208712e-03 7.323734e-04 6.292467e-03
<VARIANCE> 39
 4.506699e+00 5.243941e+00 5.585522e+00 6.714353e+00 1.025997e+01 1.108532e+01 1.210049e+01 1.358252e+01 1.318891e+01 1.313461e+01 1.255593e+01 1.161096e+01 2.093595e+00 1.159501e-01 2.415337e-01 4.268996e-01 5.746820e-01 8.183117e-01 9.770721e-01 1.103773e+00 1.288849e+00 1.290374e+00 1.346380e+00 1.284931e+00 1.148240e+00 3.537228e-02 2.124479e-02 4.789565e-02 8.824628e-02 1.206988e-01 1.767010e-01 2.088624e-01 2.304822e-01 2.703384e-01 2.720533e-01 2.776494e-01 2.601274e-01 2.321723e-01 6.206577e-03
<GCONST> 6.394389e+01
<MIXTURE> 2 4.563635e-01
<MEAN> 39
 -4.456478e+00 -3.426211e+00 -3.160293e+00 -3.160824e+00 3.613800e-01 2.718812e+00 3.457648e+00 1.944529e-01 -3.878036e-01 1.109594e+00 1.123666e+00 -2.655335e+00 5.172661e+01 -5.958715e-02 -1.085741e-01 -1.787022e-01 -2.568655e-01 -3.207793e-01 -3.254455e-01 -3.109374e-01 -2.894063e-01 -2.530751e-01 -2.023794e-01 -1.378042e-01 -6.752589e-02 -1.370112e-02 -5.166567e-04 -1.060022e-02 -1.637676e-02 -1.015895e-02 1.408901e-02 2.541615e-02 2.932658e-02 8.173670e-03 -1.135391e-02 -1.225634e-02 -5.737271e-03 2.329436e-04 -1.436355e-03
<VARIANCE> 39
 1.142034e+01 1.220177e+01 1.087167e+01 1.259247e+01 2.030052e+01 1.986649e+01 2.042660e+01 1.959894e+01 1.864219e+01 1.859120e+01 1.756973e+01 1.563506e+01 8.414786e+00 2.322003e-01 3.683256e-01 5.290608e-01 7.131402e-01 9.598694e-01 1.180524e+00 1.327548e+00 1.459759e+00 1.442310e+00 1.458659e+00 1.417482e+00 1.273305e+00 1.322988e-01 3.920859e-02 7.044139e-02 1.091343e-01 1.545896e-01 2.140524e-01 2.603229e-01 2.902279e-01 3.169871e-01 3.064790e-01 3.130561e-01 2.999869e-01 2.621476e-01 1.991309e-02
<GCONST> 7.973320e+01
<STATE> 4
<NUMMIXES> 2
<MIXTURE> 1 7.555216e-01
<MEAN> 39
 -7.724679e+00 1.278595e+00 4.355918e-01 -1.423824e+00 9.816515e-01 1.276703e+00 3.044794e+00 2.001449e+00 2.202563e-01 9.554941e-01 8.646408e-01 -1.980412e+00 4.721667e+01 4.054480e-02 6.469141e-02 6.686960e-03 1.306677e-02 2.264391e-02 4.958244e-02 2.881037e-02 5.459487e-02 1.198704e-02 1.336022e-02 9.645221e-03 -1.101308e-02 -9.394478e-02 -1.234253e-02 -1.281096e-02 -7.544600e-03 -1.128897e-02 -1.781600e-02 -2.186699e-02 -1.934222e-02 -1.744012e-02 -8.590274e-03 -2.875663e-03 -3.705096e-03 2.358468e-03 1.390882e-02
<VARIANCE> 39
 1.440126e+01 8.321321e+00 1.011610e+01 1.095998e+01 1.617005e+01 1.492754e+01 1.577282e+01 1.806154e+01 1.660694e+01 1.627589e+01 1.462584e+01 1.352312e+01 1.662626e+01 1.806535e-01 2.978761e-01 4.635852e-01 6.803893e-01 9.061236e-01 1.092219e+00 1.245642e+00 1.341327e+00 1.383343e+00 1.400550e+00 1.306106e+00 1.151536e+00 9.705480e-02 2.824531e-02 5.344133e-02 8.853251e-02 1.318632e-01 1.784135e-01 2.159391e-01 2.479145e-01 2.677952e-01 2.782307e-01 2.840565e-01 2.635441e-01 2.320089e-01 1.107574e-02
<GCONST> 7.442132e+01
<MIXTURE> 2 2.445341e-01
<MEAN> 39
 -1.065686e+01 -1.855687e+00 -1.260406e-02 -2.129118e+00 -3.378806e-01 -1.389803e+00 1.677806e+00 -5.709443e-01 -4.828911e-01 3.235961e-01 6.088992e-01 -1.157666e+00 5.369083e+01 -1.537808e-01 -1.992547e-01 -1.526060e-02 -3.895818e-02 -7.199082e-02 -1.653617e-01 -8.334469e-02 -1.637493e-01 -2.050460e-02 -2.710120e-02 -1.278589e-02 4.754438e-02 3.326916e-01 4.355422e-02 3.904816e-02 2.291345e-02 3.376934e-02 5.774635e-02 7.244750e-02 6.180812e-02 5.651627e-02 2.716608e-02 8.280507e-03 1.196914e-02 -9.458097e-03 -4.429197e-02
<VARIANCE> 39
 2.893261e+01 2.977627e+01 2.234506e+01 2.208578e+01 2.778706e+01 2.571908e+01 2.833780e+01 3.140962e+01 2.574240e+01 2.302793e+01 2.270971e+01 2.043386e+01 4.367710e+01 9.880272e-01 1.161088e+00 9.707223e-01 1.219759e+00 1.525809e+00 1.822574e+00 1.823341e+00 1.956007e+00 1.831887e+00 1.767113e+00 1.637987e+00 1.449706e+00 1.438883e+00 1.592607e-01 2.027281e-01 1.782716e-01 2.372027e-01 2.922922e-01 3.618071e-01 3.635806e-01 3.927442e-01 3.706372e-01 3.570403e-01 3.324110e-01 2.940674e-01 2.331308e-01
<GCONST> 1.027129e+02
<TRANSP> 5
 0.000000e+00 1.000000e+00 0.000000e+00 0.000000e+00 0.000000e+00
 0.000000e+00 9.885285e-01 1.147146e-02 0.000000e+00 0.000000e+00
 0.000000e+00 0.000000e+00 9.806860e-01 1.931395e-02 0.000000e+00
 0.000000e+00 0.000000e+00 0.000000e+00 9.927180e-01 7.281956e-03
 0.000000e+00 0.000000e+00 0.000000e+00 0.000000e+00 0.000000e+00
<ENDHMM>
~h "st"
<BEGINHMM>
<NUMSTATES> 5
<STATE> 2
<NUMMIXES> 2
<MIXTURE> 1 7.119515e-01
<MEAN> 39
 -9.563629e+00 -4.550410e+00 6.961946e-01 -7.019002e+00 -1.797523e+00 -5.866804e+00 -5.335830e-01 -7.599218e-01 -3.179268e-01 -7.532854e-01 1.016093e+00 -2.404558e+00 6.325343e+01 2.287836e-01 9.697339e-02 1.672355e-01 1.604733e-01 2.159145e-01 2.762192e-01 3.307514e-01 2.699200e-02 6.583040e-02 7.818161e-03 -2.902434e-02 7.752604e-02 -6.373231e-01 1.563822e-02 7.815213e-02 -4.947340e-02 7.142371e-02 6.505144e-02 8.509764e-02 2.195288e-02 -3.177128e-03 -2.313523e-02 -1.937834e-02 -1.557191e-02 -1.785558e-02 -1.483627e-01
<VARIANCE> 39
 1.506270e+01 2.590766e+01 1.556800e+01 2.304526e+01 2.355319e+01 2.459367e+01 2.290400e+01 2.312900e+01 1.989351e+01 2.037314e+01 1.790535e+01 1.314660e+01 6.011515e+01 2.957421e-01 4.628626e-01 6.811516e-01 8.369751e-01 1.141804e+00 1.402837e+00 1.462348e+00 1.692798e+00 1.390142e+00 1.706840e+00 1.692748e+00 1.356509e+00 3.481524e-01 5.717919e-02 1.231012e-01 1.130448e-01 1.767184e-01 2.288384e-01 2.896893e-01 2.829127e-01 3.217700e-01 2.722287e-01 3.230371e-01 3.387197e-01 2.509486e-01 1.984256e-01
<GCONST> 9.069691e+01
<MIXTURE> 2 2.880467e-01
<MEAN> 39
 -9.474334e+00 -2.592628e+00 -1.101288e+00 -6.070472e+00 -1.515577e+00 -3.536405e+00 -1.246652e-01 3.153488e-01 5.834831e-02 -2.087525e-01 1.177492e+00 -2.619965e+00 5.947192e+01 -6.827583e-01 -1.152060e+00 1.624552e-01 -1.157385e+00 -9.104285e-01 -1.601867e+00 -9.795201e-01 -2.181798e-01 -1.024597e-01 -1.877167e-01 1.279589e-02 -7.940521e-02 3.165116e+00 1.519385e-01 3.127647e-02 6.405351e-02 9.789161e-02 8.254772e-02 2.152661e-01 2.174390e-01 3.487452e-02 3.905382e-02 1.072668e-01 -8.288267e-03 3.995541e-02 -2.725031e-01
<VARIANCE> 39
 2.445347e+01 2.790706e+01 2.063966e+01 2.904233e+01 2.751567e+01 3.840396e+01 3.387694e+01 2.769264e+01 1.910643e+01 1.936188e+01 2.078871e+01 1.493118e+01 9.324843e+01 1.981561e+00 1.793007e+00 1.614069e+00 2.302333e+00 2.816523e+00 3.044558e+00 3.067242e+00 2.852428e+00 1.975797e+00 2.407153e+00 2.606657e+00 1.690686e+00 4.165812e+00 2.710812e-01 3.091988e-01 2.807375e-01 4.414489e-01 4.957679e-01 6.503319e-01 6.303108e-01 5.452157e-01 3.144757e-01 4.140058e-01 4.456958e-01 2.880436e-01 1.358335e+00
<GCONST> 1.154075e+02
<STATE> 3
<NUMMIXES> 2
<MIXTURE> 1 7.518684e-01
<MEAN> 39
 -6.730567e+00 -3.171272e+00 -1.903632e+00 -4.443155e+00 -4.324615e-01 -1.149897e-02 2.800170e+00 -2.828906e-01 -1.195817e+00 -2.277727e-01 9.752547e-01 -2.432575e+00 5.513241e+01 9.839332e-02 1.231148e-01 -5.352139e-02 1.743846e-01 1.251541e-01 1.952692e-01 1.011704e-01 9.555336e-04 -2.365286e-02 3.627000e-02 5.201413e-03 -3.207708e-03 -3.900965e-01 -1.002221e-02 -1.127738e-02 -7.580058e-03 -2.013819e-02 -2.983550e-02 -3.475779e-02 -2.785672e-02 -4.128532e-03 1.520963e-03 -2.195454e-03 3.753664e-03 -2.111292e-03 3.022072e-02
<VARIANCE> 39
 1.304847e+01 1.388282e+01 1.342384e+01 1.596100e+01 1.619498e+01 2.065332e+01 1.748362e+01 1.775896e+01 1.776549e+01 1.824457e+01 1.500931e+01 1.390325e+01 2.001329e+01 2.191923e-01 3.389206e-01 5.140194e-01 7.096317e-01 9.384794e-01 1.146610e+00 1.268558e+00 1.366297e+00 1.410397e+00 1.455752e+00 1.381086e+00 1.225874e+00 1.714193e-01 3.418488e-02 6.036733e-02 9.925710e-02 1.388278e-01 1.873606e-01 2.346692e-01 2.615930e-01 2.809020e-01 2.923285e-01 3.016991e-01 2.851087e-01 2.498558e-01 1.601976e-02
<GCONST> 7.900330e+01
<MIXTURE> 2 2.481376e-01
<MEAN> 39
 -8.804130e+00 -3.122443e+00 -1.641162e+00 -6.531548e+00 -2.363597e+00 -2.048133e+00 1.548506e+00 -2.920264e-01 -8.092316e-01 -5.665175e-01 1.062962e+00 -2.564745e+00 5.873189e+01 -3.031866e-01 -3.047339e-01 1.304095e-01 -4.614576e-01 -3.600005e-01 -4.993166e-01 -2.713915e-01 -8.524341e-03 4.565118e-02 -1.009837e-01 -1.111246e-02 1.073646e-02 1.035622e+00 2.215510e-02 3.777045e-02 2.369200e-02 6.032059e-02 8.697835e-02 9.683048e-02 7.255851e-02 1.244436e-02 -1.143213e-03 9.006244e-03 -7.123239e-03 1.034256e-02 -8.214814e-02
<VARIANCE> 39
 1.860660e+01 2.218580e+01 1.779118e+01 2.778849e+01 2.592412e+01 2.722562e+01 2.320156e+01 2.185857e+01 2.056782e+01 2.078614e+01 1.771004e+01 1.578109e+01 4.955126e+01 1.363834e+00 1.584937e+00 1.319315e+00 2.232506e+00 2.340828e+00 2.530638e+00 2.244134e+00 2.174236e+00 2.102765e+00 1.976538e+00 1.825228e+00 1.590086e+00 3.171695e+00 2.332038e-01 2.688364e-01 2.449394e-01 4.416026e-01 4.635917e-01 5.161241e-01 4.456518e-01 4.359884e-01 4.191186e-01 4.043187e-01 3.682650e-01 3.205183e-01 7.311648e-01
<GCONST> 1.088579e+02
<STATE> 4
<NUMMIXES> 2
<MIXTURE> 1 7.587010e-01
<MEAN> 39
 -1.007685e+01 1.032476e+00 9.638251e-01 -1.797022e+00 8.745431e-01 -1.929666e-01 2.412800e+00 4.915410e-01 2.257912e-01 -1.460347e-01 7.361776e-01 -2.192522e+00 5.088919e+01 3.822559e-02 8.567744e-02 1.879728e-02 1.230367e-01 1.062846e-01 1.489970e-01 7.357327e-02 6.883626e-02 1.175479e-02 7.327185e-03 6.848393e-03 7.393926e-03 -2.716783e-01 -5.549635e-03 -1.228779e-02 -1.298303e-02 -3.109100e-02 -3.248927e-02 -3.009618e-02 -2.290993e-02 -3.131325e-03 -3.785849e-03 9.803502e-04 -1.612944e-03 -2.167728e-03 2.278647e-02
<VARIANCE> 39
 1.301475e+01 7.228785e+00 9.833299e+00 1.321204e+01 1.338157e+01 1.579669e+01 1.565234e+01 1.828569e+01 1.669422e+01 1.591544e+01 1.408649e+01 1.281537e+01 2.214194e+01 2.035374e-01 3.001755e-01 4.656282e-01 7.015566e-01 8.953022e-01 1.076665e+00 1.220829e+00 1.379730e+00 1.402947e+00 1.429780e+00 1.358666e+00 1.192417e+00 1.566718e-01 3.170205e-02 5.351789e-02 9.024762e-02 1.324485e-01 1.742556e-01 2.137793e-01 2.436734e-01 2.779917e-01 2.821011e-01 2.910166e-01 2.775382e-01 2.457685e-01 1.438311e-02
<GCONST> 7.565520e+01
<MIXTURE> 2 2.413062e-01
<MEAN> 39
 -1.104395e+01 3.000887e-01 4.649702e-01 -4.724819e+00 -1.626088e+00 -2.471660e+00 9.630983e-01 6.997315e-02 4.111514e-01 -5.068504e-02 6.907514e-01 -2.470313e+00 5.594130e+01 -1.233288e-01 -2.570589e-01 -6.605692e-02 -3.889634e-01 -3.062174e-01 -4.150306e-01 -2.060300e-01 -2.079580e-01 -1.795788e-02 -2.325249e-02 -3.038284e-02 -1.005740e-02 8.116916e-01 2.501492e-02 3.115631e-02 3.602115e-02 8.815426e-02 9.403196e-02 9.366231e-02 7.424329e-02 1.398554e-02 1.286223e-02 1.328993e-03 7.513387e-03 7.848003e-03 -7.011075e-02
<VARIANCE> 39
 1.932690e+01 1.516254e+01 1.506511e+01 2.353540e+01 2.178383e+01 2.663269e+01 2.358510e+01 2.464583e+01 2.042318e+01 1.806186e+01 1.653658e+01 1.492867e+01 6.282740e+01 1.182146e+00 1.087404e+00 1.151377e+00 1.810767e+00 1.939010e+00 2.182293e+00 2.090454e+00 2.018405e+00 1.957878e+00 1.758062e+00 1.656118e+00 1.547469e+00 2.813647e+00 1.993010e-01 2.047188e-01 2.173336e-01 3.500230e-01 3.830637e-01 4.452930e-01 4.198566e-01 4.187835e-01 3.992987e-01 3.574476e-01 3.481854e-01 3.194557e-01 4.736984e-01
<GCONST> 1.044243e+02
<TRANSP> 5
 0.000000e+00 1.000000e+00 0.000000e+00 0.000000e+00 0.000000e+00
 0.000000e+00 8.835765e-01 1.164235e-01 0.000000e+00 0.000000e+00
 0.000000e+00 0.000000e+00 9.915246e-01 8.475344e-03 0.000000e+00
 0.000000e+00 0.000000e+00 0.000000e+00 9.911904e-01 8.809614e-03
 0.000000e+00 0.000000e+00 0.000000e+00 0.000000e+00 0.000000e+00
<ENDHMM>
~h "spe"
<BEGINHMM>
<NUMSTATES> 5
<STATE> 2
<NUMMIXES> 2
<MIXTURE> 1 4.048630e-01
<MEAN> 39
 -3.796806e+00 1.901691e+00 1.168476e+00 -3.406663e+00 -2.832670e+00 -2.692087e+00 -3.909660e-02 -1.516931e+00 -2.358377e+00 -1.829285e-01 -6.236039e-01 -4.234333e+00 5.385671e+01 -6.676702e-02 -1.424159e-01 2.004708e-01 -1.735059e-01 -3.744166e-01 -3.089239e-01 -1.102686e-01 9.826854e-03 2.249490e-02 8.338356e-02 5.506001e-02 -4.302037e-02 2.895691e-01 4.367683e-02 -8.705272e-02 3.743385e-02 -3.618981e-02 -4.895724e-02 1.208719e-02 -7.936586e-02 -1.125762e-02 -2.116173e-02 1.035585e-02 -9.168223e-03 -6.267624e-02 2.733856e-02
<VARIANCE> 39
 3.004394e+01 2.948934e+01 3.721273e+01 2.940524e+01 4.403177e+01 4.215317e+01 2.624245e+01 3.263921e+01 2.721090e+01 2.764371e+01 2.363605e+01 2.576025e+01 1.053649e+01 1.183213e+00 1.475462e+00 1.660699e+00 1.620237e+00 2.861780e+00 2.269815e+00 2.000879e+00 2.397674e+00 2.171524e+00 2.125257e+00 1.903103e+00 1.974005e+00 3.470677e-01 1.304663e-01 1.739807e-01 2.060965e-01 2.455575e-01 4.258533e-01 4.027320e-01 3.369517e-01 4.104006e-01 3.750051e-01 3.879979e-01 3.364055e-01 3.271449e-01 4.553803e-02
<GCONST> 1.041769e+02
<MIXTURE> 2 5.951434e-01
<MEAN> 39
 7.202920e-01 -4.007211e+00 3.747967e+00 -4.745636e+00 -6.101321e+00 -1.639338e-01 -3.156417e+00 -2.270458e+00 -4.080438e+00 -9.969804e-01 -1.612974e+00 -7.434368e+00 5.530430e+01 4.567872e-02 7.080852e-02 -8.470843e-02 1.091117e-01 2.097917e-01 1.312793e-01 2.776607e-02 -1.570239e-02 -2.155878e-02 -4.428647e-02 -4.559345e-02 1.799896e-02 -1.496741e-01 -3.169917e-02 5.338155e-02 -3.642258e-02 2.463615e-02 3.864112e-02 -9.098227e-03 5.916120e-02 1.736774e-02 2.521184e-02 -1.708050e-03 5.954636e-04 4.444857e-02 -2.140968e-02
<VARIANCE> 39
 6.095054e+00 1.738795e+01 6.168165e+01 2.868324e+01 5.959249e+01 3.918364e+01 3.036367e+01 4.702903e+01 3.600629e+01 3.317167e+01 3.676120e+01 2.961237e+01 1.548188e+01 1.790771e-01 4.343869e-01 7.465761e-01 8.208225e-01 1.267132e+00 1.402560e+00 1.450671e+00 1.839943e+00 1.609499e+00 1.565909e+00 1.589937e+00 1.445895e+00 1.263636e-01 2.981197e-02 7.409398e-02 1.145245e-01 1.556000e-01 2.376516e-01 2.624390e-01 2.849267e-01 3.514347e-01 3.212469e-01 3.063598e-01 3.168800e-01 2.690168e-01 1.501150e-02
<GCONST> 8.965948e+01
<STATE> 3
<NUMMIXES> 2
<MIXTURE> 1 5.962794e-01
<MEAN> 39
 -2.516094e+00 -4.248583e+00 -6.912572e-01 -1.042946e+01 -7.612164e-01 -2.943923e+00 -2.187976e+00 3.810040e-01 -7.166048e-01 -1.127240e+00 -4.475826e+00 -5.005281e+00 6.143171e+01 -2.347400e-02 1.810640e-01 -3.456444e-02 2.119876e-01 1.681927e-01 1.499841e-01 9.710895e-02 -1.487807e-01 -2.213883e-02 1.281033e-02 4.507347e-02 4.142229e-02 -2.589962e-01 -3.152944e-04 1.375189e-02 6.038859e-03 2.255199e-02 -9.501162e-03 -3.097519e-02 -2.151510e-02 -1.551357e-02 -2.226665e-02 -8.419366e-03 2.833564e-02 2.053109e-02 -2.974359e-02
<VARIANCE> 39
 2.832925e+01 4.515137e+01 3.525156e+01 5.905277e+01 3.907676e+01 4.272026e+01 3.765620e+01 4.099888e+01 2.769166e+01 3.211059e+01 4.896678e+01 2.671563e+01 3.318349e+01 2.715996e-01 5.016359e-01 6.970710e-01 9.805624e-01 1.140265e+00 1.269813e+00 1.328712e+00 1.496756e+00 1.647279e+00 1.598676e+00 1.689692e+00 1.389696e+00 1.898400e-01 4.494202e-02 7.814066e-02 1.260924e-01 1.842249e-01 2.197081e-01 2.372137e-01 2.674168e-01 2.788571e-01 3.323177e-01 3.238268e-01 3.212149e-01 2.824022e-01 2.331414e-02
<GCONST> 9.419506e+01
<MIXTURE> 2 4.037206e-01
<MEAN> 39
 -2.024465e+00 -3.989271e+00 2.582722e+00 -1.597288e+01 -2.299942e+00 -9.933167e+00 -6.144496e+00 -3.190624e+00 -1.028113e+00 -3.779588e+00 -8.285579e+00 -1.988682e+00 6.270843e+01 -4.662225e-02 -1.786054e-01 -1.450215e-01 -1.668769e-01 -5.674668e-02 -1.145564e-01 -4.037198e-02 1.365630e-01 7.453316e-02 -3.484311e-02 -1.057460e-01 -6.444301e-02 3.358480e-01 3.681833e-03 4.096563e-03 -1.317993e-03 1.285197e-02 1.770970e-02 7.330790e-02 5.569993e-02 -1.096001e-02 -5.912177e-03 3.913088e-03 -2.693300e-02 -1.969013e-02 3.389382e-03
<VARIANCE> 39
 2.437539e+01 3.316088e+01 7.580634e+01 6.842004e+01 5.470676e+01 4.905831e+01 5.327584e+01 7.056308e+01 4.346295e+01 4.159890e+01 4.088155e+01 3.781783e+01 1.419753e+01 1.253460e+00 1.973289e+00 2.312968e+00 2.666936e+00 2.705427e+00 2.691215e+00 3.049820e+00 3.625148e+00 3.485370e+00 2.764405e+00 2.604129e+00 2.301462e+00 7.563555e-01 1.636679e-01 2.631062e-01 3.086195e-01 3.985067e-01 4.179938e-01 4.821529e-01 5.089348e-01 6.178162e-01 6.060796e-01 5.330740e-01 4.834180e-01 4.318492e-01 9.900849e-02
<GCONST> 1.184311e+02
<STATE> 4
<NUMMIXES> 2
<MIXTURE> 1 5.715669e-01
<MEAN> 39
 -2.183902e+00 -2.331670e+00 -1.657543e+00 -3.117986e+00 -2.918242e-01 1.631793e+00 2.386727e+00 -3.774314e-01 -1.301540e+00 5.792726e-01 -1.704501e-01 -4.165597e+00 5.062954e+01 -1.531353e-02 3.342925e-02 -2.486763e-02 7.786375e-02 7.270052e-02 1.269693e-01 1.329805e-01 6.479594e-02 4.153218e-02 4.331837e-02 7.199062e-02 9.254589e-02 -1.074826e-01 1.272252e-02 -7.233049e-03 1.576499e-02 -2.362934e-02 -3.778769e-02 -3.369363e-02 -4.306370e-02 -1.451376e-02 -1.261399e-02 -1.612800e-02 -2.424655e-02 -3.606191e-02 2.162410e-02
<VARIANCE> 39
 1.095908e+01 1.584554e+01 1.613172e+01 1.305789e+01 2.336166e+01 2.173125e+01 2.114911e+01 2.080466e+01 2.062366e+01 1.886541e+01 1.934814e+01 1.772553e+01 5.546606e+00 2.030561e-01 3.314917e-01 5.364842e-01 7.101317e-01 9.579976e-01 1.192647e+00 1.256775e+00 1.418690e+00 1.432680e+00 1.446924e+00 1.443587e+00 1.311613e+00 7.057153e-02 3.463664e-02 5.880922e-02 1.011549e-01 1.359620e-01 1.851117e-01 2.321719e-01 2.443665e-01 2.831966e-01 2.826452e-01 2.828730e-01 2.809652e-01 2.575496e-01 1.023112e-02
<GCONST> 7.774468e+01
<MIXTURE> 2 4.284303e-01
<MEAN> 39
 3.730399e-01 -5.686422e+00 1.084258e+00 -6.915121e+00 -4.601145e+00 -1.425541e+00 -3.205066e+00 -1.097670e+00 -2.074068e+00 -3.710205e-01 -1.764074e+00 -7.437216e+00 5.637436e+01 2.636445e-02 -5.308377e-02 2.125194e-02 -8.934698e-02 -7.456990e-02 -1.279584e-01 -1.504145e-01 -5.543710e-02 -4.817772e-02 -4.324284e-02 -8.027443e-02 -1.105938e-01 1.046028e-01 -1.973155e-02 1.091466e-02 -1.915895e-02 3.063254e-02 5.089944e-02 4.557629e-02 5.745734e-02 1.926122e-02 1.690356e-02 2.122772e-02 3.057939e-02 4.828361e-02 -2.782303e-02
<VARIANCE> 39
 1.155591e+01 3.283102e+01 3.938383e+01 3.404127e+01 5.644587e+01 4.117822e+01 3.431528e+01 3.800799e+01 3.622495e+01 3.781812e+01 3.953072e+01 2.779203e+01 1.430003e+01 4.220041e-01 9.756523e-01 1.094669e+00 1.324702e+00 1.854000e+00 1.748919e+00 1.816333e+00 1.925338e+00 2.054402e+00 1.894442e+00 1.854505e+00 1.663385e+00 3.731102e-01 5.212952e-02 1.275529e-01 1.539395e-01 1.984373e-01 2.713124e-01 2.912599e-01 3.126086e-01 3.521613e-01 3.806944e-01 3.548395e-01 3.340698e-01 3.078462e-01 3.582522e-02
<GCONST> 9.918621e+01
<TRANSP> 5
 0.000000e+00 1.000000e+00 0.000000e+00 0.000000e+00 0.000000e+00
 0.000000e+00 9.902508e-01 9.749242e-03 0.000000e+00 0.000000e+00
 0.000000e+00 0.000000e+00 9.794469e-01 2.055312e-02 0.000000e+00
 0.000000e+00 0.000000e+00 0.000000e+00 9.957725e-01 4.227467e-03
 0.000000e+00 0.000000e+00 0.000000e+00 0.000000e+00 0.000000e+00
<ENDHMM>
