~h "ap"
<BEGINHMM>
<NUMSTATES> 5
<STATE> 2
<MEAN> 39
 -8.934282e+00 -6.825228e-01 -9.848723e-02 -2.161269e+00 6.876392e-01 1.002387e+00 2.231934e+00 5.421166e-01 -3.167706e-01 1.483874e-01 2.504286e-01 -1.640889e+00 5.212624e+01 4.743970e-03 7.892871e-04 7.593678e-05 5.907263e-04 3.184664e-03 2.336474e-03 2.450208e-03 1.397646e-03 1.296352e-04 8.157795e-04 1.265297e-03 9.568669e-05 -8.663196e-03 9.628876e-04 5.210101e-04 1.382672e-04 4.705877e-04 6.232991e-04 6.379766e-04 1.790232e-04 2.649083e-04 -2.748095e-04 2.355658e-04 9.820535e-05 -1.290426e-04 -2.441968e-03
<VARIANCE> 39
 3.853715e+01 2.690095e+01 2.425870e+01 2.146677e+01 2.593693e+01 3.315263e+01 2.608070e+01 2.961901e+01 2.535707e+01 2.224580e+01 2.424195e+01 2.263577e+01 6.635159e+01 4.642311e-01 5.289719e-01 6.282363e-01 8.518587e-01 1.149276e+00 1.378639e+00 1.447523e+00 1.551474e+00 1.575974e+00 1.549752e+00 1.449530e+00 1.286980e+00 7.967617e-01 7.688025e-02 9.136591e-02 1.172399e-01 1.635698e-01 2.224044e-01 2.706322e-01 2.860503e-01 3.065470e-01 3.154499e-01 3.127446e-01 2.914167e-01 2.582301e-01 1.163487e-01
<GCONST> 9.443885e+01
<STATE> 3
<MEAN> 39
 -8.934282e+00 -6.825228e-01 -9.848723e-02 -2.161269e+00 6.876392e-01 1.002387e+00 2.231934e+00 5.421166e-01 -3.167706e-01 1.483874e-01 2.504286e-01 -1.640889e+00 5.212624e+01 4.743970e-03 7.892871e-04 7.593678e-05 5.907263e-04 3.184664e-03 2.336474e-03 2.450208e-03 1.397646e-03 1.296352e-04 8.157795e-04 1.265297e-03 9.568669e-05 -8.663196e-03 9.628876e-04 5.210101e-04 1.382672e-04 4.705877e-04 6.232991e-04 6.379766e-04 1.790232e-04 2.649083e-04 -2.748095e-04 2.355658e-04 9.820535e-05 -1.290426e-04 -2.441968e-03
<VARIANCE> 39
 3.853715e+01 2.690095e+01 2.425870e+01 2.146677e+01 2.593693e+01 3.315263e+01 2.608070e+01 2.961901e+01 2.535707e+01 2.224580e+01 2.424195e+01 2.263577e+01 6.635159e+01 4.642311e-01 5.289719e-01 6.282363e-01 8.518587e-01 1.149276e+00 1.378639e+00 1.447523e+00 1.551474e+00 1.575974e+00 1.549752e+00 1.449530e+00 1.286980e+00 7.967617e-01 7.688025e-02 9.136591e-02 1.172399e-01 1.635698e-01 2.224044e-01 2.706322e-01 2.860503e-01 3.065470e-01 3.154499e-01 3.127446e-01 2.914167e-01 2.582301e-01 1.163487e-01
<GCONST> 9.443885e+01
<STATE> 4
<MEAN> 39
 -8.934282e+00 -6.825228e-01 -9.848723e-02 -2.161269e+00 6.876392e-01 1.002387e+00 2.231934e+00 5.421166e-01 -3.167706e-01 1.483874e-01 2.504286e-01 -1.640889e+00 5.212624e+01 4.743970e-03 7.892871e-04 7.593678e-05 5.907263e-04 3.184664e-03 2.336474e-03 2.450208e-03 1.397646e-03 1.296352e-04 8.157795e-04 1.265297e-03 9.568669e-05 -8.663196e-03 9.628876e-04 5.210101e-04 1.382672e-04 4.705877e-04 6.232991e-04 6.379766e-04 1.790232e-04 2.649083e-04 -2.748095e-04 2.355658e-04 9.820535e-05 -1.290426e-04 -2.441968e-03
<VARIANCE> 39
 3.853715e+01 2.690095e+01 2.425870e+01 2.146677e+01 2.593693e+01 3.315263e+01 2.608070e+01 2.961901e+01 2.535707e+01 2.224580e+01 2.424195e+01 2.263577e+01 6.635159e+01 4.642311e-01 5.289719e-01 6.282363e-01 8.518587e-01 1.149276e+00 1.378639e+00 1.447523e+00 1.551474e+00 1.575974e+00 1.549752e+00 1.449530e+00 1.286980e+00 7.967617e-01 7.688025e-02 9.136591e-02 1.172399e-01 1.635698e-01 2.224044e-01 2.706322e-01 2.860503e-01 3.065470e-01 3.154499e-01 3.127446e-01 2.914167e-01 2.582301e-01 1.163487e-01
<GCONST> 9.443885e+01
<TRANSP> 5
 0.000000e+00 1.000000e+00 0.000000e+00 0.000000e+00 0.000000e+00
 0.000000e+00 6.000000e-01 4.000000e-01 0.000000e+00 0.000000e+00
 0.000000e+00 0.000000e+00 6.000000e-01 4.000000e-01 0.000000e+00
 0.000000e+00 0.000000e+00 0.000000e+00 7.000000e-01 3.000000e-01
 0.000000e+00 0.000000e+00 0.000000e+00 0.000000e+00 0.000000e+00
<ENDHMM>
~h "cm"
<BEGINHMM>
<NUMSTATES> 5
<STATE> 2
<MEAN> 39
 -8.934282e+00 -6.825228e-01 -9.848723e-02 -2.161269e+00 6.876392e-01 1.002387e+00 2.231934e+00 5.421166e-01 -3.167706e-01 1.483874e-01 2.504286e-01 -1.640889e+00 5.212624e+01 4.743970e-03 7.892871e-04 7.593678e-05 5.907263e-04 3.184664e-03 2.336474e-03 2.450208e-03 1.397646e-03 1.296352e-04 8.157795e-04 1.265297e-03 9.568669e-05 -8.663196e-03 9.628876e-04 5.210101e-04 1.382672e-04 4.705877e-04 6.232991e-04 6.379766e-04 1.790232e-04 2.649083e-04 -2.748095e-04 2.355658e-04 9.820535e-05 -1.290426e-04 -2.441968e-03
<VARIANCE> 39
 3.853715e+01 2.690095e+01 2.425870e+01 2.146677e+01 2.593693e+01 3.315263e+01 2.608070e+01 2.961901e+01 2.535707e+01 2.224580e+01 2.424195e+01 2.263577e+01 6.635159e+01 4.642311e-01 5.289719e-01 6.282363e-01 8.518587e-01 1.149276e+00 1.378639e+00 1.447523e+00 1.551474e+00 1.575974e+00 1.549752e+00 1.449530e+00 1.286980e+00 7.967617e-01 7.688025e-02 9.136591e-02 1.172399e-01 1.635698e-01 2.224044e-01 2.706322e-01 2.860503e-01 3.065470e-01 3.154499e-01 3.127446e-01 2.914167e-01 2.582301e-01 1.163487e-01
<GCONST> 9.443885e+01
<STATE> 3
<MEAN> 39
 -8.934282e+00 -6.825228e-01 -9.848723e-02 -2.161269e+00 6.876392e-01 1.002387e+00 2.231934e+00 5.421166e-01 -3.167706e-01 1.483874e-01 2.504286e-01 -1.640889e+00 5.212624e+01 4.743970e-03 7.892871e-04 7.593678e-05 5.907263e-04 3.184664e-03 2.336474e-03 2.450208e-03 1.397646e-03 1.296352e-04 8.157795e-04 1.265297e-03 9.568669e-05 -8.663196e-03 9.628876e-04 5.210101e-04 1.382672e-04 4.705877e-04 6.232991e-04 6.379766e-04 1.790232e-04 2.649083e-04 -2.748095e-04 2.355658e-04 9.820535e-05 -1.290426e-04 -2.441968e-03
<VARIANCE> 39
 3.853715e+01 2.690095e+01 2.425870e+01 2.146677e+01 2.593693e+01 3.315263e+01 2.608070e+01 2.961901e+01 2.535707e+01 2.224580e+01 2.424195e+01 2.263577e+01 6.635159e+01 4.642311e-01 5.289719e-01 6.282363e-01 8.518587e-01 1.149276e+00 1.378639e+00 1.447523e+00 1.551474e+00 1.575974e+00 1.549752e+00 1.449530e+00 1.286980e+00 7.967617e-01 7.688025e-02 9.136591e-02 1.172399e-01 1.635698e-01 2.224044e-01 2.706322e-01 2.860503e-01 3.065470e-01 3.154499e-01 3.127446e-01 2.914167e-01 2.582301e-01 1.163487e-01
<GCONST> 9.443885e+01
<STATE> 4
<MEAN> 39
 -8.934282e+00 -6.825228e-01 -9.848723e-02 -2.161269e+00 6.876392e-01 1.002387e+00 2.231934e+00 5.421166e-01 -3.167706e-01 1.483874e-01 2.504286e-01 -1.640889e+00 5.212624e+01 4.743970e-03 7.892871e-04 7.593678e-05 5.907263e-04 3.184664e-03 2.336474e-03 2.450208e-03 1.397646e-03 1.296352e-04 8.157795e-04 1.265297e-03 9.568669e-05 -8.663196e-03 9.628876e-04 5.210101e-04 1.382672e-04 4.705877e-04 6.232991e-04 6.379766e-04 1.790232e-04 2.649083e-04 -2.748095e-04 2.355658e-04 9.820535e-05 -1.290426e-04 -2.441968e-03
<VARIANCE> 39
 3.853715e+01 2.690095e+01 2.425870e+01 2.146677e+01 2.593693e+01 3.315263e+01 2.608070e+01 2.961901e+01 2.535707e+01 2.224580e+01 2.424195e+01 2.263577e+01 6.635159e+01 4.642311e-01 5.289719e-01 6.282363e-01 8.518587e-01 1.149276e+00 1.378639e+00 1.447523e+00 1.551474e+00 1.575974e+00 1.549752e+00 1.449530e+00 1.286980e+00 7.967617e-01 7.688025e-02 9.136591e-02 1.172399e-01 1.635698e-01 2.224044e-01 2.706322e-01 2.860503e-01 3.065470e-01 3.154499e-01 3.127446e-01 2.914167e-01 2.582301e-01 1.163487e-01
<GCONST> 9.443885e+01
<TRANSP> 5
 0.000000e+00 1.000000e+00 0.000000e+00 0.000000e+00 0.000000e+00
 0.000000e+00 6.000000e-01 4.000000e-01 0.000000e+00 0.000000e+00
 0.000000e+00 0.000000e+00 6.000000e-01 4.000000e-01 0.000000e+00
 0.000000e+00 0.000000e+00 0.000000e+00 7.000000e-01 3.000000e-01
 0.000000e+00 0.000000e+00 0.000000e+00 0.000000e+00 0.000000e+00
<ENDHMM>
~h "co"
<BEGINHMM>
<NUMSTATES> 5
<STATE> 2
<MEAN> 39
 -8.934282e+00 -6.825228e-01 -9.848723e-02 -2.161269e+00 6.876392e-01 1.002387e+00 2.231934e+00 5.421166e-01 -3.167706e-01 1.483874e-01 2.504286e-01 -1.640889e+00 5.212624e+01 4.743970e-03 7.892871e-04 7.593678e-05 5.907263e-04 3.184664e-03 2.336474e-03 2.450208e-03 1.397646e-03 1.296352e-04 8.157795e-04 1.265297e-03 9.568669e-05 -8.663196e-03 9.628876e-04 5.210101e-04 1.382672e-04 4.705877e-04 6.232991e-04 6.379766e-04 1.790232e-04 2.649083e-04 -2.748095e-04 2.355658e-04 9.820535e-05 -1.290426e-04 -2.441968e-03
<VARIANCE> 39
 3.853715e+01 2.690095e+01 2.425870e+01 2.146677e+01 2.593693e+01 3.315263e+01 2.608070e+01 2.961901e+01 2.535707e+01 2.224580e+01 2.424195e+01 2.263577e+01 6.635159e+01 4.642311e-01 5.289719e-01 6.282363e-01 8.518587e-01 1.149276e+00 1.378639e+00 1.447523e+00 1.551474e+00 1.575974e+00 1.549752e+00 1.449530e+00 1.286980e+00 7.967617e-01 7.688025e-02 9.136591e-02 1.172399e-01 1.635698e-01 2.224044e-01 2.706322e-01 2.860503e-01 3.065470e-01 3.154499e-01 3.127446e-01 2.914167e-01 2.582301e-01 1.163487e-01
<GCONST> 9.443885e+01
<STATE> 3
<MEAN> 39
 -8.934282e+00 -6.825228e-01 -9.848723e-02 -2.161269e+00 6.876392e-01 1.002387e+00 2.231934e+00 5.421166e-01 -3.167706e-01 1.483874e-01 2.504286e-01 -1.640889e+00 5.212624e+01 4.743970e-03 7.892871e-04 7.593678e-05 5.907263e-04 3.184664e-03 2.336474e-03 2.450208e-03 1.397646e-03 1.296352e-04 8.157795e-04 1.265297e-03 9.568669e-05 -8.663196e-03 9.628876e-04 5.210101e-04 1.382672e-04 4.705877e-04 6.232991e-04 6.379766e-04 1.790232e-04 2.649083e-04 -2.748095e-04 2.355658e-04 9.820535e-05 -1.290426e-04 -2.441968e-03
<VARIANCE> 39
 3.853715e+01 2.690095e+01 2.425870e+01 2.146677e+01 2.593693e+01 3.315263e+01 2.608070e+01 2.961901e+01 2.535707e+01 2.224580e+01 2.424195e+01 2.263577e+01 6.635159e+01 4.642311e-01 5.289719e-01 6.282363e-01 8.518587e-01 1.149276e+00 1.378639e+00 1.447523e+00 1.551474e+00 1.575974e+00 1.549752e+00 1.449530e+00 1.286980e+00 7.967617e-01 7.688025e-02 9.136591e-02 1.172399e-01 1.635698e-01 2.224044e-01 2.706322e-01 2.860503e-01 3.065470e-01 3.154499e-01 3.127446e-01 2.914167e-01 2.582301e-01 1.163487e-01
<GCONST> 9.443885e+01
<STATE> 4
<MEAN> 39
 -8.934282e+00 -6.825228e-01 -9.848723e-02 -2.161269e+00 6.876392e-01 1.002387e+00 2.231934e+00 5.421166e-01 -3.167706e-01 1.483874e-01 2.504286e-01 -1.640889e+00 5.212624e+01 4.743970e-03 7.892871e-04 7.593678e-05 5.907263e-04 3.184664e-03 2.336474e-03 2.450208e-03 1.397646e-03 1.296352e-04 8.157795e-04 1.265297e-03 9.568669e-05 -8.663196e-03 9.628876e-04 5.210101e-04 1.382672e-04 4.705877e-04 6.232991e-04 6.379766e-04 1.790232e-04 2.649083e-04 -2.748095e-04 2.355658e-04 9.820535e-05 -1.290426e-04 -2.441968e-03
<VARIANCE> 39
 3.853715e+01 2.690095e+01 2.425870e+01 2.146677e+01 2.593693e+01 3.315263e+01 2.608070e+01 2.961901e+01 2.535707e+01 2.224580e+01 2.424195e+01 2.263577e+01 6.635159e+01 4.642311e-01 5.289719e-01 6.282363e-01 8.518587e-01 1.149276e+00 1.378639e+00 1.447523e+00 1.551474e+00 1.575974e+00 1.549752e+00 1.449530e+00 1.286980e+00 7.967617e-01 7.688025e-02 9.136591e-02 1.172399e-01 1.635698e-01 2.224044e-01 2.706322e-01 2.860503e-01 3.065470e-01 3.154499e-01 3.127446e-01 2.914167e-01 2.582301e-01 1.163487e-01
<GCONST> 9.443885e+01
<TRANSP> 5
 0.000000e+00 1.000000e+00 0.000000e+00 0.000000e+00 0.000000e+00
 0.000000e+00 6.000000e-01 4.000000e-01 0.000000e+00 0.000000e+00
 0.000000e+00 0.000000e+00 6.000000e-01 4.000000e-01 0.000000e+00
 0.000000e+00 0.000000e+00 0.000000e+00 7.000000e-01 3.000000e-01
 0.000000e+00 0.000000e+00 0.000000e+00 0.000000e+00 0.000000e+00
<ENDHMM>
~h "ds"
<BEGINHMM>
<NUMSTATES> 5
<STATE> 2
<MEAN> 39
 -8.934282e+00 -6.825228e-01 -9.848723e-02 -2.161269e+00 6.876392e-01 1.002387e+00 2.231934e+00 5.421166e-01 -3.167706e-01 1.483874e-01 2.504286e-01 -1.640889e+00 5.212624e+01 4.743970e-03 7.892871e-04 7.593678e-05 5.907263e-04 3.184664e-03 2.336474e-03 2.450208e-03 1.397646e-03 1.296352e-04 8.157795e-04 1.265297e-03 9.568669e-05 -8.663196e-03 9.628876e-04 5.210101e-04 1.382672e-04 4.705877e-04 6.232991e-04 6.379766e-04 1.790232e-04 2.649083e-04 -2.748095e-04 2.355658e-04 9.820535e-05 -1.290426e-04 -2.441968e-03
<VARIANCE> 39
 3.853715e+01 2.690095e+01 2.425870e+01 2.146677e+01 2.593693e+01 3.315263e+01 2.608070e+01 2.961901e+01 2.535707e+01 2.224580e+01 2.424195e+01 2.263577e+01 6.635159e+01 4.642311e-01 5.289719e-01 6.282363e-01 8.518587e-01 1.149276e+00 1.378639e+00 1.447523e+00 1.551474e+00 1.575974e+00 1.549752e+00 1.449530e+00 1.286980e+00 7.967617e-01 7.688025e-02 9.136591e-02 1.172399e-01 1.635698e-01 2.224044e-01 2.706322e-01 2.860503e-01 3.065470e-01 3.154499e-01 3.127446e-01 2.914167e-01 2.582301e-01 1.163487e-01
<GCONST> 9.443885e+01
<STATE> 3
<MEAN> 39
 -8.934282e+00 -6.825228e-01 -9.848723e-02 -2.161269e+00 6.876392e-01 1.002387e+00 2.231934e+00 5.421166e-01 -3.167706e-01 1.483874e-01 2.504286e-01 -1.640889e+00 5.212624e+01 4.743970e-03 7.892871e-04 7.593678e-05 5.907263e-04 3.184664e-03 2.336474e-03 2.450208e-03 1.397646e-03 1.296352e-04 8.157795e-04 1.265297e-03 9.568669e-05 -8.663196e-03 9.628876e-04 5.210101e-04 1.382672e-04 4.705877e-04 6.232991e-04 6.379766e-04 1.790232e-04 2.649083e-04 -2.748095e-04 2.355658e-04 9.820535e-05 -1.290426e-04 -2.441968e-03
<VARIANCE> 39
 3.853715e+01 2.690095e+01 2.425870e+01 2.146677e+01 2.593693e+01 3.315263e+01 2.608070e+01 2.961901e+01 2.535707e+01 2.224580e+01 2.424195e+01 2.263577e+01 6.635159e+01 4.642311e-01 5.289719e-01 6.282363e-01 8.518587e-01 1.149276e+00 1.378639e+00 1.447523e+00 1.551474e+00 1.575974e+00 1.549752e+00 1.449530e+00 1.286980e+00 7.967617e-01 7.688025e-02 9.136591e-02 1.172399e-01 1.635698e-01 2.224044e-01 2.706322e-01 2.860503e-01 3.065470e-01 3.154499e-01 3.127446e-01 2.914167e-01 2.582301e-01 1.163487e-01
<GCONST> 9.443885e+01
<STATE> 4
<MEAN> 39
 -8.934282e+00 -6.825228e-01 -9.848723e-02 -2.161269e+00 6.876392e-01 1.002387e+00 2.231934e+00 5.421166e-01 -3.167706e-01 1.483874e-01 2.504286e-01 -1.640889e+00 5.212624e+01 4.743970e-03 7.892871e-04 7.593678e-05 5.907263e-04 3.184664e-03 2.336474e-03 2.450208e-03 1.397646e-03 1.296352e-04 8.157795e-04 1.265297e-03 9.568669e-05 -8.663196e-03 9.628876e-04 5.210101e-04 1.382672e-04 4.705877e-04 6.232991e-04 6.379766e-04 1.790232e-04 2.649083e-04 -2.748095e-04 2.355658e-04 9.820535e-05 -1.290426e-04 -2.441968e-03
<VARIANCE> 39
 3.853715e+01 2.690095e+01 2.425870e+01 2.146677e+01 2.593693e+01 3.315263e+01 2.608070e+01 2.961901e+01 2.535707e+01 2.224580e+01 2.424195e+01 2.263577e+01 6.635159e+01 4.642311e-01 5.289719e-01 6.282363e-01 8.518587e-01 1.149276e+00 1.378639e+00 1.447523e+00 1.551474e+00 1.575974e+00 1.549752e+00 1.449530e+00 1.286980e+00 7.967617e-01 7.688025e-02 9.136591e-02 1.172399e-01 1.635698e-01 2.224044e-01 2.706322e-01 2.860503e-01 3.065470e-01 3.154499e-01 3.127446e-01 2.914167e-01 2.582301e-01 1.163487e-01
<GCONST> 9.443885e+01
<TRANSP> 5
 0.000000e+00 1.000000e+00 0.000000e+00 0.000000e+00 0.000000e+00
 0.000000e+00 6.000000e-01 4.000000e-01 0.000000e+00 0.000000e+00
 0.000000e+00 0.000000e+00 6.000000e-01 4.000000e-01 0.000000e+00
 0.000000e+00 0.000000e+00 0.000000e+00 7.000000e-01 3.000000e-01
 0.000000e+00 0.000000e+00 0.000000e+00 0.000000e+00 0.000000e+00
<ENDHMM>
~h "kt"
<BEGINHMM>
<NUMSTATES> 5
<STATE> 2
<MEAN> 39
 -8.934282e+00 -6.825228e-01 -9.848723e-02 -2.161269e+00 6.876392e-01 1.002387e+00 2.231934e+00 5.421166e-01 -3.167706e-01 1.483874e-01 2.504286e-01 -1.640889e+00 5.212624e+01 4.743970e-03 7.892871e-04 7.593678e-05 5.907263e-04 3.184664e-03 2.336474e-03 2.450208e-03 1.397646e-03 1.296352e-04 8.157795e-04 1.265297e-03 9.568669e-05 -8.663196e-03 9.628876e-04 5.210101e-04 1.382672e-04 4.705877e-04 6.232991e-04 6.379766e-04 1.790232e-04 2.649083e-04 -2.748095e-04 2.355658e-04 9.820535e-05 -1.290426e-04 -2.441968e-03
<VARIANCE> 39
 3.853715e+01 2.690095e+01 2.425870e+01 2.146677e+01 2.593693e+01 3.315263e+01 2.608070e+01 2.961901e+01 2.535707e+01 2.224580e+01 2.424195e+01 2.263577e+01 6.635159e+01 4.642311e-01 5.289719e-01 6.282363e-01 8.518587e-01 1.149276e+00 1.378639e+00 1.447523e+00 1.551474e+00 1.575974e+00 1.549752e+00 1.449530e+00 1.286980e+00 7.967617e-01 7.688025e-02 9.136591e-02 1.172399e-01 1.635698e-01 2.224044e-01 2.706322e-01 2.860503e-01 3.065470e-01 3.154499e-01 3.127446e-01 2.914167e-01 2.582301e-01 1.163487e-01
<GCONST> 9.443885e+01
<STATE> 3
<MEAN> 39
 -8.934282e+00 -6.825228e-01 -9.848723e-02 -2.161269e+00 6.876392e-01 1.002387e+00 2.231934e+00 5.421166e-01 -3.167706e-01 1.483874e-01 2.504286e-01 -1.640889e+00 5.212624e+01 4.743970e-03 7.892871e-04 7.593678e-05 5.907263e-04 3.184664e-03 2.336474e-03 2.450208e-03 1.397646e-03 1.296352e-04 8.157795e-04 1.265297e-03 9.568669e-05 -8.663196e-03 9.628876e-04 5.210101e-04 1.382672e-04 4.705877e-04 6.232991e-04 6.379766e-04 1.790232e-04 2.649083e-04 -2.748095e-04 2.355658e-04 9.820535e-05 -1.290426e-04 -2.441968e-03
<VARIANCE> 39
 3.853715e+01 2.690095e+01 2.425870e+01 2.146677e+01 2.593693e+01 3.315263e+01 2.608070e+01 2.961901e+01 2.535707e+01 2.224580e+01 2.424195e+01 2.263577e+01 6.635159e+01 4.642311e-01 5.289719e-01 6.282363e-01 8.518587e-01 1.149276e+00 1.378639e+00 1.447523e+00 1.551474e+00 1.575974e+00 1.549752e+00 1.449530e+00 1.286980e+00 7.967617e-01 7.688025e-02 9.136591e-02 1.172399e-01 1.635698e-01 2.224044e-01 2.706322e-01 2.860503e-01 3.065470e-01 3.154499e-01 3.127446e-01 2.914167e-01 2.582301e-01 1.163487e-01
<GCONST> 9.443885e+01
<STATE> 4
<MEAN> 39
 -8.934282e+00 -6.825228e-01 -9.848723e-02 -2.161269e+00 6.876392e-01 1.002387e+00 2.231934e+00 5.421166e-01 -3.167706e-01 1.483874e-01 2.504286e-01 -1.640889e+00 5.212624e+01 4.743970e-03 7.892871e-04 7.593678e-05 5.907263e-04 3.184664e-03 2.336474e-03 2.450208e-03 1.397646e-03 1.296352e-04 8.157795e-04 1.265297e-03 9.568669e-05 -8.663196e-03 9.628876e-04 5.210101e-04 1.382672e-04 4.705877e-04 6.232991e-04 6.379766e-04 1.790232e-04 2.649083e-04 -2.748095e-04 2.355658e-04 9.820535e-05 -1.290426e-04 -2.441968e-03
<VARIANCE> 39
 3.853715e+01 2.690095e+01 2.425870e+01 2.146677e+01 2.593693e+01 3.315263e+01 2.608070e+01 2.961901e+01 2.535707e+01 2.224580e+01 2.424195e+01 2.263577e+01 6.635159e+01 4.642311e-01 5.289719e-01 6.282363e-01 8.518587e-01 1.149276e+00 1.378639e+00 1.447523e+00 1.551474e+00 1.575974e+00 1.549752e+00 1.449530e+00 1.286980e+00 7.967617e-01 7.688025e-02 9.136591e-02 1.172399e-01 1.635698e-01 2.224044e-01 2.706322e-01 2.860503e-01 3.065470e-01 3.154499e-01 3.127446e-01 2.914167e-01 2.582301e-01 1.163487e-01
<GCONST> 9.443885e+01
<TRANSP> 5
 0.000000e+00 1.000000e+00 0.000000e+00 0.000000e+00 0.000000e+00
 0.000000e+00 6.000000e-01 4.000000e-01 0.000000e+00 0.000000e+00
 0.000000e+00 0.000000e+00 6.000000e-01 4.000000e-01 0.000000e+00
 0.000000e+00 0.000000e+00 0.000000e+00 7.000000e-01 3.000000e-01
 0.000000e+00 0.000000e+00 0.000000e+00 0.000000e+00 0.000000e+00
<ENDHMM>
~h "kj"
<BEGINHMM>
<NUMSTATES> 5
<STATE> 2
<MEAN> 39
 -8.934282e+00 -6.825228e-01 -9.848723e-02 -2.161269e+00 6.876392e-01 1.002387e+00 2.231934e+00 5.421166e-01 -3.167706e-01 1.483874e-01 2.504286e-01 -1.640889e+00 5.212624e+01 4.743970e-03 7.892871e-04 7.593678e-05 5.907263e-04 3.184664e-03 2.336474e-03 2.450208e-03 1.397646e-03 1.296352e-04 8.157795e-04 1.265297e-03 9.568669e-05 -8.663196e-03 9.628876e-04 5.210101e-04 1.382672e-04 4.705877e-04 6.232991e-04 6.379766e-04 1.790232e-04 2.649083e-04 -2.748095e-04 2.355658e-04 9.820535e-05 -1.290426e-04 -2.441968e-03
<VARIANCE> 39
 3.853715e+01 2.690095e+01 2.425870e+01 2.146677e+01 2.593693e+01 3.315263e+01 2.608070e+01 2.961901e+01 2.535707e+01 2.224580e+01 2.424195e+01 2.263577e+01 6.635159e+01 4.642311e-01 5.289719e-01 6.282363e-01 8.518587e-01 1.149276e+00 1.378639e+00 1.447523e+00 1.551474e+00 1.575974e+00 1.549752e+00 1.449530e+00 1.286980e+00 7.967617e-01 7.688025e-02 9.136591e-02 1.172399e-01 1.635698e-01 2.224044e-01 2.706322e-01 2.860503e-01 3.065470e-01 3.154499e-01 3.127446e-01 2.914167e-01 2.582301e-01 1.163487e-01
<GCONST> 9.443885e+01
<STATE> 3
<MEAN> 39
 -8.934282e+00 -6.825228e-01 -9.848723e-02 -2.161269e+00 6.876392e-01 1.002387e+00 2.231934e+00 5.421166e-01 -3.167706e-01 1.483874e-01 2.504286e-01 -1.640889e+00 5.212624e+01 4.743970e-03 7.892871e-04 7.593678e-05 5.907263e-04 3.184664e-03 2.336474e-03 2.450208e-03 1.397646e-03 1.296352e-04 8.157795e-04 1.265297e-03 9.568669e-05 -8.663196e-03 9.628876e-04 5.210101e-04 1.382672e-04 4.705877e-04 6.232991e-04 6.379766e-04 1.790232e-04 2.649083e-04 -2.748095e-04 2.355658e-04 9.820535e-05 -1.290426e-04 -2.441968e-03
<VARIANCE> 39
 3.853715e+01 2.690095e+01 2.425870e+01 2.146677e+01 2.593693e+01 3.315263e+01 2.608070e+01 2.961901e+01 2.535707e+01 2.224580e+01 2.424195e+01 2.263577e+01 6.635159e+01 4.642311e-01 5.289719e-01 6.282363e-01 8.518587e-01 1.149276e+00 1.378639e+00 1.447523e+00 1.551474e+00 1.575974e+00 1.549752e+00 1.449530e+00 1.286980e+00 7.967617e-01 7.688025e-02 9.136591e-02 1.172399e-01 1.635698e-01 2.224044e-01 2.706322e-01 2.860503e-01 3.065470e-01 3.154499e-01 3.127446e-01 2.914167e-01 2.582301e-01 1.163487e-01
<GCONST> 9.443885e+01
<STATE> 4
<MEAN> 39
 -8.934282e+00 -6.825228e-01 -9.848723e-02 -2.161269e+00 6.876392e-01 1.002387e+00 2.231934e+00 5.421166e-01 -3.167706e-01 1.483874e-01 2.504286e-01 -1.640889e+00 5.212624e+01 4.743970e-03 7.892871e-04 7.593678e-05 5.907263e-04 3.184664e-03 2.336474e-03 2.450208e-03 1.397646e-03 1.296352e-04 8.157795e-04 1.265297e-03 9.568669e-05 -8.663196e-03 9.628876e-04 5.210101e-04 1.382672e-04 4.705877e-04 6.232991e-04 6.379766e-04 1.790232e-04 2.649083e-04 -2.748095e-04 2.355658e-04 9.820535e-05 -1.290426e-04 -2.441968e-03
<VARIANCE> 39
 3.853715e+01 2.690095e+01 2.425870e+01 2.146677e+01 2.593693e+01 3.315263e+01 2.608070e+01 2.961901e+01 2.535707e+01 2.224580e+01 2.424195e+01 2.263577e+01 6.635159e+01 4.642311e-01 5.289719e-01 6.282363e-01 8.518587e-01 1.149276e+00 1.378639e+00 1.447523e+00 1.551474e+00 1.575974e+00 1.549752e+00 1.449530e+00 1.286980e+00 7.967617e-01 7.688025e-02 9.136591e-02 1.172399e-01 1.635698e-01 2.224044e-01 2.706322e-01 2.860503e-01 3.065470e-01 3.154499e-01 3.127446e-01 2.914167e-01 2.582301e-01 1.163487e-01
<GCONST> 9.443885e+01
<TRANSP> 5
 0.000000e+00 1.000000e+00 0.000000e+00 0.000000e+00 0.000000e+00
 0.000000e+00 6.000000e-01 4.000000e-01 0.000000e+00 0.000000e+00
 0.000000e+00 0.000000e+00 6.000000e-01 4.000000e-01 0.000000e+00
 0.000000e+00 0.000000e+00 0.000000e+00 7.000000e-01 3.000000e-01
 0.000000e+00 0.000000e+00 0.000000e+00 0.000000e+00 0.000000e+00
<ENDHMM>
~h "kn"
<BEGINHMM>
<NUMSTATES> 5
<STATE> 2
<MEAN> 39
 -8.934282e+00 -6.825228e-01 -9.848723e-02 -2.161269e+00 6.876392e-01 1.002387e+00 2.231934e+00 5.421166e-01 -3.167706e-01 1.483874e-01 2.504286e-01 -1.640889e+00 5.212624e+01 4.743970e-03 7.892871e-04 7.593678e-05 5.907263e-04 3.184664e-03 2.336474e-03 2.450208e-03 1.397646e-03 1.296352e-04 8.157795e-04 1.265297e-03 9.568669e-05 -8.663196e-03 9.628876e-04 5.210101e-04 1.382672e-04 4.705877e-04 6.232991e-04 6.379766e-04 1.790232e-04 2.649083e-04 -2.748095e-04 2.355658e-04 9.820535e-05 -1.290426e-04 -2.441968e-03
<VARIANCE> 39
 3.853715e+01 2.690095e+01 2.425870e+01 2.146677e+01 2.593693e+01 3.315263e+01 2.608070e+01 2.961901e+01 2.535707e+01 2.224580e+01 2.424195e+01 2.263577e+01 6.635159e+01 4.642311e-01 5.289719e-01 6.282363e-01 8.518587e-01 1.149276e+00 1.378639e+00 1.447523e+00 1.551474e+00 1.575974e+00 1.549752e+00 1.449530e+00 1.286980e+00 7.967617e-01 7.688025e-02 9.136591e-02 1.172399e-01 1.635698e-01 2.224044e-01 2.706322e-01 2.860503e-01 3.065470e-01 3.154499e-01 3.127446e-01 2.914167e-01 2.582301e-01 1.163487e-01
<GCONST> 9.443885e+01
<STATE> 3
<MEAN> 39
 -8.934282e+00 -6.825228e-01 -9.848723e-02 -2.161269e+00 6.876392e-01 1.002387e+00 2.231934e+00 5.421166e-01 -3.167706e-01 1.483874e-01 2.504286e-01 -1.640889e+00 5.212624e+01 4.743970e-03 7.892871e-04 7.593678e-05 5.907263e-04 3.184664e-03 2.336474e-03 2.450208e-03 1.397646e-03 1.296352e-04 8.157795e-04 1.265297e-03 9.568669e-05 -8.663196e-03 9.628876e-04 5.210101e-04 1.382672e-04 4.705877e-04 6.232991e-04 6.379766e-04 1.790232e-04 2.649083e-04 -2.748095e-04 2.355658e-04 9.820535e-05 -1.290426e-04 -2.441968e-03
<VARIANCE> 39
 3.853715e+01 2.690095e+01 2.425870e+01 2.146677e+01 2.593693e+01 3.315263e+01 2.608070e+01 2.961901e+01 2.535707e+01 2.224580e+01 2.424195e+01 2.263577e+01 6.635159e+01 4.642311e-01 5.289719e-01 6.282363e-01 8.518587e-01 1.149276e+00 1.378639e+00 1.447523e+00 1.551474e+00 1.575974e+00 1.549752e+00 1.449530e+00 1.286980e+00 7.967617e-01 7.688025e-02 9.136591e-02 1.172399e-01 1.635698e-01 2.224044e-01 2.706322e-01 2.860503e-01 3.065470e-01 3.154499e-01 3.127446e-01 2.914167e-01 2.582301e-01 1.163487e-01
<GCONST> 9.443885e+01
<STATE> 4
<MEAN> 39
 -8.934282e+00 -6.825228e-01 -9.848723e-02 -2.161269e+00 6.876392e-01 1.002387e+00 2.231934e+00 5.421166e-01 -3.167706e-01 1.483874e-01 2.504286e-01 -1.640889e+00 5.212624e+01 4.743970e-03 7.892871e-04 7.593678e-05 5.907263e-04 3.184664e-03 2.336474e-03 2.450208e-03 1.397646e-03 1.296352e-04 8.157795e-04 1.265297e-03 9.568669e-05 -8.663196e-03 9.628876e-04 5.210101e-04 1.382672e-04 4.705877e-04 6.232991e-04 6.379766e-04 1.790232e-04 2.649083e-04 -2.748095e-04 2.355658e-04 9.820535e-05 -1.290426e-04 -2.441968e-03
<VARIANCE> 39
 3.853715e+01 2.690095e+01 2.425870e+01 2.146677e+01 2.593693e+01 3.315263e+01 2.608070e+01 2.961901e+01 2.535707e+01 2.224580e+01 2.424195e+01 2.263577e+01 6.635159e+01 4.642311e-01 5.289719e-01 6.282363e-01 8.518587e-01 1.149276e+00 1.378639e+00 1.447523e+00 1.551474e+00 1.575974e+00 1.549752e+00 1.449530e+00 1.286980e+00 7.967617e-01 7.688025e-02 9.136591e-02 1.172399e-01 1.635698e-01 2.224044e-01 2.706322e-01 2.860503e-01 3.065470e-01 3.154499e-01 3.127446e-01 2.914167e-01 2.582301e-01 1.163487e-01
<GCONST> 9.443885e+01
<TRANSP> 5
 0.000000e+00 1.000000e+00 0.000000e+00 0.000000e+00 0.000000e+00
 0.000000e+00 6.000000e-01 4.000000e-01 0.000000e+00 0.000000e+00
 0.000000e+00 0.000000e+00 6.000000e-01 4.000000e-01 0.000000e+00
 0.000000e+00 0.000000e+00 0.000000e+00 7.000000e-01 3.000000e-01
 0.000000e+00 0.000000e+00 0.000000e+00 0.000000e+00 0.000000e+00
<ENDHMM>
~h "pw"
<BEGINHMM>
<NUMSTATES> 5
<STATE> 2
<MEAN> 39
 -8.934282e+00 -6.825228e-01 -9.848723e-02 -2.161269e+00 6.876392e-01 1.002387e+00 2.231934e+00 5.421166e-01 -3.167706e-01 1.483874e-01 2.504286e-01 -1.640889e+00 5.212624e+01 4.743970e-03 7.892871e-04 7.593678e-05 5.907263e-04 3.184664e-03 2.336474e-03 2.450208e-03 1.397646e-03 1.296352e-04 8.157795e-04 1.265297e-03 9.568669e-05 -8.663196e-03 9.628876e-04 5.210101e-04 1.382672e-04 4.705877e-04 6.232991e-04 6.379766e-04 1.790232e-04 2.649083e-04 -2.748095e-04 2.355658e-04 9.820535e-05 -1.290426e-04 -2.441968e-03
<VARIANCE> 39
 3.853715e+01 2.690095e+01 2.425870e+01 2.146677e+01 2.593693e+01 3.315263e+01 2.608070e+01 2.961901e+01 2.535707e+01 2.224580e+01 2.424195e+01 2.263577e+01 6.635159e+01 4.642311e-01 5.289719e-01 6.282363e-01 8.518587e-01 1.149276e+00 1.378639e+00 1.447523e+00 1.551474e+00 1.575974e+00 1.549752e+00 1.449530e+00 1.286980e+00 7.967617e-01 7.688025e-02 9.136591e-02 1.172399e-01 1.635698e-01 2.224044e-01 2.706322e-01 2.860503e-01 3.065470e-01 3.154499e-01 3.127446e-01 2.914167e-01 2.582301e-01 1.163487e-01
<GCONST> 9.443885e+01
<STATE> 3
<MEAN> 39
 -8.934282e+00 -6.825228e-01 -9.848723e-02 -2.161269e+00 6.876392e-01 1.002387e+00 2.231934e+00 5.421166e-01 -3.167706e-01 1.483874e-01 2.504286e-01 -1.640889e+00 5.212624e+01 4.743970e-03 7.892871e-04 7.593678e-05 5.907263e-04 3.184664e-03 2.336474e-03 2.450208e-03 1.397646e-03 1.296352e-04 8.157795e-04 1.265297e-03 9.568669e-05 -8.663196e-03 9.628876e-04 5.210101e-04 1.382672e-04 4.705877e-04 6.232991e-04 6.379766e-04 1.790232e-04 2.649083e-04 -2.748095e-04 2.355658e-04 9.820535e-05 -1.290426e-04 -2.441968e-03
<VARIANCE> 39
 3.853715e+01 2.690095e+01 2.425870e+01 2.146677e+01 2.593693e+01 3.315263e+01 2.608070e+01 2.961901e+01 2.535707e+01 2.224580e+01 2.424195e+01 2.263577e+01 6.635159e+01 4.642311e-01 5.289719e-01 6.282363e-01 8.518587e-01 1.149276e+00 1.378639e+00 1.447523e+00 1.551474e+00 1.575974e+00 1.549752e+00 1.449530e+00 1.286980e+00 7.967617e-01 7.688025e-02 9.136591e-02 1.172399e-01 1.635698e-01 2.224044e-01 2.706322e-01 2.860503e-01 3.065470e-01 3.154499e-01 3.127446e-01 2.914167e-01 2.582301e-01 1.163487e-01
<GCONST> 9.443885e+01
<STATE> 4
<MEAN> 39
 -8.934282e+00 -6.825228e-01 -9.848723e-02 -2.161269e+00 6.876392e-01 1.002387e+00 2.231934e+00 5.421166e-01 -3.167706e-01 1.483874e-01 2.504286e-01 -1.640889e+00 5.212624e+01 4.743970e-03 7.892871e-04 7.593678e-05 5.907263e-04 3.184664e-03 2.336474e-03 2.450208e-03 1.397646e-03 1.296352e-04 8.157795e-04 1.265297e-03 9.568669e-05 -8.663196e-03 9.628876e-04 5.210101e-04 1.382672e-04 4.705877e-04 6.232991e-04 6.379766e-04 1.790232e-04 2.649083e-04 -2.748095e-04 2.355658e-04 9.820535e-05 -1.290426e-04 -2.441968e-03
<VARIANCE> 39
 3.853715e+01 2.690095e+01 2.425870e+01 2.146677e+01 2.593693e+01 3.315263e+01 2.608070e+01 2.961901e+01 2.535707e+01 2.224580e+01 2.424195e+01 2.263577e+01 6.635159e+01 4.642311e-01 5.289719e-01 6.282363e-01 8.518587e-01 1.149276e+00 1.378639e+00 1.447523e+00 1.551474e+00 1.575974e+00 1.549752e+00 1.449530e+00 1.286980e+00 7.967617e-01 7.688025e-02 9.136591e-02 1.172399e-01 1.635698e-01 2.224044e-01 2.706322e-01 2.860503e-01 3.065470e-01 3.154499e-01 3.127446e-01 2.914167e-01 2.582301e-01 1.163487e-01
<GCONST> 9.443885e+01
<TRANSP> 5
 0.000000e+00 1.000000e+00 0.000000e+00 0.000000e+00 0.000000e+00
 0.000000e+00 6.000000e-01 4.000000e-01 0.000000e+00 0.000000e+00
 0.000000e+00 0.000000e+00 6.000000e-01 4.000000e-01 0.000000e+00
 0.000000e+00 0.000000e+00 0.000000e+00 7.000000e-01 3.000000e-01
 0.000000e+00 0.000000e+00 0.000000e+00 0.000000e+00 0.000000e+00
<ENDHMM>
~h "pr"
<BEGINHMM>
<NUMSTATES> 5
<STATE> 2
<MEAN> 39
 -8.934282e+00 -6.825228e-01 -9.848723e-02 -2.161269e+00 6.876392e-01 1.002387e+00 2.231934e+00 5.421166e-01 -3.167706e-01 1.483874e-01 2.504286e-01 -1.640889e+00 5.212624e+01 4.743970e-03 7.892871e-04 7.593678e-05 5.907263e-04 3.184664e-03 2.336474e-03 2.450208e-03 1.397646e-03 1.296352e-04 8.157795e-04 1.265297e-03 9.568669e-05 -8.663196e-03 9.628876e-04 5.210101e-04 1.382672e-04 4.705877e-04 6.232991e-04 6.379766e-04 1.790232e-04 2.649083e-04 -2.748095e-04 2.355658e-04 9.820535e-05 -1.290426e-04 -2.441968e-03
<VARIANCE> 39
 3.853715e+01 2.690095e+01 2.425870e+01 2.146677e+01 2.593693e+01 3.315263e+01 2.608070e+01 2.961901e+01 2.535707e+01 2.224580e+01 2.424195e+01 2.263577e+01 6.635159e+01 4.642311e-01 5.289719e-01 6.282363e-01 8.518587e-01 1.149276e+00 1.378639e+00 1.447523e+00 1.551474e+00 1.575974e+00 1.549752e+00 1.449530e+00 1.286980e+00 7.967617e-01 7.688025e-02 9.136591e-02 1.172399e-01 1.635698e-01 2.224044e-01 2.706322e-01 2.860503e-01 3.065470e-01 3.154499e-01 3.127446e-01 2.914167e-01 2.582301e-01 1.163487e-01
<GCONST> 9.443885e+01
<STATE> 3
<MEAN> 39
 -8.934282e+00 -6.825228e-01 -9.848723e-02 -2.161269e+00 6.876392e-01 1.002387e+00 2.231934e+00 5.421166e-01 -3.167706e-01 1.483874e-01 2.504286e-01 -1.640889e+00 5.212624e+01 4.743970e-03 7.892871e-04 7.593678e-05 5.907263e-04 3.184664e-03 2.336474e-03 2.450208e-03 1.397646e-03 1.296352e-04 8.157795e-04 1.265297e-03 9.568669e-05 -8.663196e-03 9.628876e-04 5.210101e-04 1.382672e-04 4.705877e-04 6.232991e-04 6.379766e-04 1.790232e-04 2.649083e-04 -2.748095e-04 2.355658e-04 9.820535e-05 -1.290426e-04 -2.441968e-03
<VARIANCE> 39
 3.853715e+01 2.690095e+01 2.425870e+01 2.146677e+01 2.593693e+01 3.315263e+01 2.608070e+01 2.961901e+01 2.535707e+01 2.224580e+01 2.424195e+01 2.263577e+01 6.635159e+01 4.642311e-01 5.289719e-01 6.282363e-01 8.518587e-01 1.149276e+00 1.378639e+00 1.447523e+00 1.551474e+00 1.575974e+00 1.549752e+00 1.449530e+00 1.286980e+00 7.967617e-01 7.688025e-02 9.136591e-02 1.172399e-01 1.635698e-01 2.224044e-01 2.706322e-01 2.860503e-01 3.065470e-01 3.154499e-01 3.127446e-01 2.914167e-01 2.582301e-01 1.163487e-01
<GCONST> 9.443885e+01
<STATE> 4
<MEAN> 39
 -8.934282e+00 -6.825228e-01 -9.848723e-02 -2.161269e+00 6.876392e-01 1.002387e+00 2.231934e+00 5.421166e-01 -3.167706e-01 1.483874e-01 2.504286e-01 -1.640889e+00 5.212624e+01 4.743970e-03 7.892871e-04 7.593678e-05 5.907263e-04 3.184664e-03 2.336474e-03 2.450208e-03 1.397646e-03 1.296352e-04 8.157795e-04 1.265297e-03 9.568669e-05 -8.663196e-03 9.628876e-04 5.210101e-04 1.382672e-04 4.705877e-04 6.232991e-04 6.379766e-04 1.790232e-04 2.649083e-04 -2.748095e-04 2.355658e-04 9.820535e-05 -1.290426e-04 -2.441968e-03
<VARIANCE> 39
 3.853715e+01 2.690095e+01 2.425870e+01 2.146677e+01 2.593693e+01 3.315263e+01 2.608070e+01 2.961901e+01 2.535707e+01 2.224580e+01 2.424195e+01 2.263577e+01 6.635159e+01 4.642311e-01 5.289719e-01 6.282363e-01 8.518587e-01 1.149276e+00 1.378639e+00 1.447523e+00 1.551474e+00 1.575974e+00 1.549752e+00 1.449530e+00 1.286980e+00 7.967617e-01 7.688025e-02 9.136591e-02 1.172399e-01 1.635698e-01 2.224044e-01 2.706322e-01 2.860503e-01 3.065470e-01 3.154499e-01 3.127446e-01 2.914167e-01 2.582301e-01 1.163487e-01
<GCONST> 9.443885e+01
<TRANSP> 5
 0.000000e+00 1.000000e+00 0.000000e+00 0.000000e+00 0.000000e+00
 0.000000e+00 6.000000e-01 4.000000e-01 0.000000e+00 0.000000e+00
 0.000000e+00 0.000000e+00 6.000000e-01 4.000000e-01 0.000000e+00
 0.000000e+00 0.000000e+00 0.000000e+00 7.000000e-01 3.000000e-01
 0.000000e+00 0.000000e+00 0.000000e+00 0.000000e+00 0.000000e+00
<ENDHMM>
~h "spe"
<BEGINHMM>
<NUMSTATES> 5
<STATE> 2
<MEAN> 39
 -8.934282e+00 -6.825228e-01 -9.848723e-02 -2.161269e+00 6.876392e-01 1.002387e+00 2.231934e+00 5.421166e-01 -3.167706e-01 1.483874e-01 2.504286e-01 -1.640889e+00 5.212624e+01 4.743970e-03 7.892871e-04 7.593678e-05 5.907263e-04 3.184664e-03 2.336474e-03 2.450208e-03 1.397646e-03 1.296352e-04 8.157795e-04 1.265297e-03 9.568669e-05 -8.663196e-03 9.628876e-04 5.210101e-04 1.382672e-04 4.705877e-04 6.232991e-04 6.379766e-04 1.790232e-04 2.649083e-04 -2.748095e-04 2.355658e-04 9.820535e-05 -1.290426e-04 -2.441968e-03
<VARIANCE> 39
 3.853715e+01 2.690095e+01 2.425870e+01 2.146677e+01 2.593693e+01 3.315263e+01 2.608070e+01 2.961901e+01 2.535707e+01 2.224580e+01 2.424195e+01 2.263577e+01 6.635159e+01 4.642311e-01 5.289719e-01 6.282363e-01 8.518587e-01 1.149276e+00 1.378639e+00 1.447523e+00 1.551474e+00 1.575974e+00 1.549752e+00 1.449530e+00 1.286980e+00 7.967617e-01 7.688025e-02 9.136591e-02 1.172399e-01 1.635698e-01 2.224044e-01 2.706322e-01 2.860503e-01 3.065470e-01 3.154499e-01 3.127446e-01 2.914167e-01 2.582301e-01 1.163487e-01
<GCONST> 9.443885e+01
<STATE> 3
<MEAN> 39
 -8.934282e+00 -6.825228e-01 -9.848723e-02 -2.161269e+00 6.876392e-01 1.002387e+00 2.231934e+00 5.421166e-01 -3.167706e-01 1.483874e-01 2.504286e-01 -1.640889e+00 5.212624e+01 4.743970e-03 7.892871e-04 7.593678e-05 5.907263e-04 3.184664e-03 2.336474e-03 2.450208e-03 1.397646e-03 1.296352e-04 8.157795e-04 1.265297e-03 9.568669e-05 -8.663196e-03 9.628876e-04 5.210101e-04 1.382672e-04 4.705877e-04 6.232991e-04 6.379766e-04 1.790232e-04 2.649083e-04 -2.748095e-04 2.355658e-04 9.820535e-05 -1.290426e-04 -2.441968e-03
<VARIANCE> 39
 3.853715e+01 2.690095e+01 2.425870e+01 2.146677e+01 2.593693e+01 3.315263e+01 2.608070e+01 2.961901e+01 2.535707e+01 2.224580e+01 2.424195e+01 2.263577e+01 6.635159e+01 4.642311e-01 5.289719e-01 6.282363e-01 8.518587e-01 1.149276e+00 1.378639e+00 1.447523e+00 1.551474e+00 1.575974e+00 1.549752e+00 1.449530e+00 1.286980e+00 7.967617e-01 7.688025e-02 9.136591e-02 1.172399e-01 1.635698e-01 2.224044e-01 2.706322e-01 2.860503e-01 3.065470e-01 3.154499e-01 3.127446e-01 2.914167e-01 2.582301e-01 1.163487e-01
<GCONST> 9.443885e+01
<STATE> 4
<MEAN> 39
 -8.934282e+00 -6.825228e-01 -9.848723e-02 -2.161269e+00 6.876392e-01 1.002387e+00 2.231934e+00 5.421166e-01 -3.167706e-01 1.483874e-01 2.504286e-01 -1.640889e+00 5.212624e+01 4.743970e-03 7.892871e-04 7.593678e-05 5.907263e-04 3.184664e-03 2.336474e-03 2.450208e-03 1.397646e-03 1.296352e-04 8.157795e-04 1.265297e-03 9.568669e-05 -8.663196e-03 9.628876e-04 5.210101e-04 1.382672e-04 4.705877e-04 6.232991e-04 6.379766e-04 1.790232e-04 2.649083e-04 -2.748095e-04 2.355658e-04 9.820535e-05 -1.290426e-04 -2.441968e-03
<VARIANCE> 39
 3.853715e+01 2.690095e+01 2.425870e+01 2.146677e+01 2.593693e+01 3.315263e+01 2.608070e+01 2.961901e+01 2.535707e+01 2.224580e+01 2.424195e+01 2.263577e+01 6.635159e+01 4.642311e-01 5.289719e-01 6.282363e-01 8.518587e-01 1.149276e+00 1.378639e+00 1.447523e+00 1.551474e+00 1.575974e+00 1.549752e+00 1.449530e+00 1.286980e+00 7.967617e-01 7.688025e-02 9.136591e-02 1.172399e-01 1.635698e-01 2.224044e-01 2.706322e-01 2.860503e-01 3.065470e-01 3.154499e-01 3.127446e-01 2.914167e-01 2.582301e-01 1.163487e-01
<GCONST> 9.443885e+01
<TRANSP> 5
 0.000000e+00 1.000000e+00 0.000000e+00 0.000000e+00 0.000000e+00
 0.000000e+00 6.000000e-01 4.000000e-01 0.000000e+00 0.000000e+00
 0.000000e+00 0.000000e+00 6.000000e-01 4.000000e-01 0.000000e+00
 0.000000e+00 0.000000e+00 0.000000e+00 7.000000e-01 3.000000e-01
 0.000000e+00 0.000000e+00 0.000000e+00 0.000000e+00 0.000000e+00
<ENDHMM>
~h "cl"
<BEGINHMM>
<NUMSTATES> 5
<STATE> 2
<MEAN> 39
 -8.934282e+00 -6.825228e-01 -9.848723e-02 -2.161269e+00 6.876392e-01 1.002387e+00 2.231934e+00 5.421166e-01 -3.167706e-01 1.483874e-01 2.504286e-01 -1.640889e+00 5.212624e+01 4.743970e-03 7.892871e-04 7.593678e-05 5.907263e-04 3.184664e-03 2.336474e-03 2.450208e-03 1.397646e-03 1.296352e-04 8.157795e-04 1.265297e-03 9.568669e-05 -8.663196e-03 9.628876e-04 5.210101e-04 1.382672e-04 4.705877e-04 6.232991e-04 6.379766e-04 1.790232e-04 2.649083e-04 -2.748095e-04 2.355658e-04 9.820535e-05 -1.290426e-04 -2.441968e-03
<VARIANCE> 39
 3.853715e+01 2.690095e+01 2.425870e+01 2.146677e+01 2.593693e+01 3.315263e+01 2.608070e+01 2.961901e+01 2.535707e+01 2.224580e+01 2.424195e+01 2.263577e+01 6.635159e+01 4.642311e-01 5.289719e-01 6.282363e-01 8.518587e-01 1.149276e+00 1.378639e+00 1.447523e+00 1.551474e+00 1.575974e+00 1.549752e+00 1.449530e+00 1.286980e+00 7.967617e-01 7.688025e-02 9.136591e-02 1.172399e-01 1.635698e-01 2.224044e-01 2.706322e-01 2.860503e-01 3.065470e-01 3.154499e-01 3.127446e-01 2.914167e-01 2.582301e-01 1.163487e-01
<GCONST> 9.443885e+01
<STATE> 3
<MEAN> 39
 -8.934282e+00 -6.825228e-01 -9.848723e-02 -2.161269e+00 6.876392e-01 1.002387e+00 2.231934e+00 5.421166e-01 -3.167706e-01 1.483874e-01 2.504286e-01 -1.640889e+00 5.212624e+01 4.743970e-03 7.892871e-04 7.593678e-05 5.907263e-04 3.184664e-03 2.336474e-03 2.450208e-03 1.397646e-03 1.296352e-04 8.157795e-04 1.265297e-03 9.568669e-05 -8.663196e-03 9.628876e-04 5.210101e-04 1.382672e-04 4.705877e-04 6.232991e-04 6.379766e-04 1.790232e-04 2.649083e-04 -2.748095e-04 2.355658e-04 9.820535e-05 -1.290426e-04 -2.441968e-03
<VARIANCE> 39
 3.853715e+01 2.690095e+01 2.425870e+01 2.146677e+01 2.593693e+01 3.315263e+01 2.608070e+01 2.961901e+01 2.535707e+01 2.224580e+01 2.424195e+01 2.263577e+01 6.635159e+01 4.642311e-01 5.289719e-01 6.282363e-01 8.518587e-01 1.149276e+00 1.378639e+00 1.447523e+00 1.551474e+00 1.575974e+00 1.549752e+00 1.449530e+00 1.286980e+00 7.967617e-01 7.688025e-02 9.136591e-02 1.172399e-01 1.635698e-01 2.224044e-01 2.706322e-01 2.860503e-01 3.065470e-01 3.154499e-01 3.127446e-01 2.914167e-01 2.582301e-01 1.163487e-01
<GCONST> 9.443885e+01
<STATE> 4
<MEAN> 39
 -8.934282e+00 -6.825228e-01 -9.848723e-02 -2.161269e+00 6.876392e-01 1.002387e+00 2.231934e+00 5.421166e-01 -3.167706e-01 1.483874e-01 2.504286e-01 -1.640889e+00 5.212624e+01 4.743970e-03 7.892871e-04 7.593678e-05 5.907263e-04 3.184664e-03 2.336474e-03 2.450208e-03 1.397646e-03 1.296352e-04 8.157795e-04 1.265297e-03 9.568669e-05 -8.663196e-03 9.628876e-04 5.210101e-04 1.382672e-04 4.705877e-04 6.232991e-04 6.379766e-04 1.790232e-04 2.649083e-04 -2.748095e-04 2.355658e-04 9.820535e-05 -1.290426e-04 -2.441968e-03
<VARIANCE> 39
 3.853715e+01 2.690095e+01 2.425870e+01 2.146677e+01 2.593693e+01 3.315263e+01 2.608070e+01 2.961901e+01 2.535707e+01 2.224580e+01 2.424195e+01 2.263577e+01 6.635159e+01 4.642311e-01 5.289719e-01 6.282363e-01 8.518587e-01 1.149276e+00 1.378639e+00 1.447523e+00 1.551474e+00 1.575974e+00 1.549752e+00 1.449530e+00 1.286980e+00 7.967617e-01 7.688025e-02 9.136591e-02 1.172399e-01 1.635698e-01 2.224044e-01 2.706322e-01 2.860503e-01 3.065470e-01 3.154499e-01 3.127446e-01 2.914167e-01 2.582301e-01 1.163487e-01
<GCONST> 9.443885e+01
<TRANSP> 5
 0.000000e+00 1.000000e+00 0.000000e+00 0.000000e+00 0.000000e+00
 0.000000e+00 6.000000e-01 4.000000e-01 0.000000e+00 0.000000e+00
 0.000000e+00 0.000000e+00 6.000000e-01 4.000000e-01 0.000000e+00
 0.000000e+00 0.000000e+00 0.000000e+00 7.000000e-01 3.000000e-01
 0.000000e+00 0.000000e+00 0.000000e+00 0.000000e+00 0.000000e+00
<ENDHMM>
~h "st"
<BEGINHMM>
<NUMSTATES> 5
<STATE> 2
<MEAN> 39
 -8.934282e+00 -6.825228e-01 -9.848723e-02 -2.161269e+00 6.876392e-01 1.002387e+00 2.231934e+00 5.421166e-01 -3.167706e-01 1.483874e-01 2.504286e-01 -1.640889e+00 5.212624e+01 4.743970e-03 7.892871e-04 7.593678e-05 5.907263e-04 3.184664e-03 2.336474e-03 2.450208e-03 1.397646e-03 1.296352e-04 8.157795e-04 1.265297e-03 9.568669e-05 -8.663196e-03 9.628876e-04 5.210101e-04 1.382672e-04 4.705877e-04 6.232991e-04 6.379766e-04 1.790232e-04 2.649083e-04 -2.748095e-04 2.355658e-04 9.820535e-05 -1.290426e-04 -2.441968e-03
<VARIANCE> 39
 3.853715e+01 2.690095e+01 2.425870e+01 2.146677e+01 2.593693e+01 3.315263e+01 2.608070e+01 2.961901e+01 2.535707e+01 2.224580e+01 2.424195e+01 2.263577e+01 6.635159e+01 4.642311e-01 5.289719e-01 6.282363e-01 8.518587e-01 1.149276e+00 1.378639e+00 1.447523e+00 1.551474e+00 1.575974e+00 1.549752e+00 1.449530e+00 1.286980e+00 7.967617e-01 7.688025e-02 9.136591e-02 1.172399e-01 1.635698e-01 2.224044e-01 2.706322e-01 2.860503e-01 3.065470e-01 3.154499e-01 3.127446e-01 2.914167e-01 2.582301e-01 1.163487e-01
<GCONST> 9.443885e+01
<STATE> 3
<MEAN> 39
 -8.934282e+00 -6.825228e-01 -9.848723e-02 -2.161269e+00 6.876392e-01 1.002387e+00 2.231934e+00 5.421166e-01 -3.167706e-01 1.483874e-01 2.504286e-01 -1.640889e+00 5.212624e+01 4.743970e-03 7.892871e-04 7.593678e-05 5.907263e-04 3.184664e-03 2.336474e-03 2.450208e-03 1.397646e-03 1.296352e-04 8.157795e-04 1.265297e-03 9.568669e-05 -8.663196e-03 9.628876e-04 5.210101e-04 1.382672e-04 4.705877e-04 6.232991e-04 6.379766e-04 1.790232e-04 2.649083e-04 -2.748095e-04 2.355658e-04 9.820535e-05 -1.290426e-04 -2.441968e-03
<VARIANCE> 39
 3.853715e+01 2.690095e+01 2.425870e+01 2.146677e+01 2.593693e+01 3.315263e+01 2.608070e+01 2.961901e+01 2.535707e+01 2.224580e+01 2.424195e+01 2.263577e+01 6.635159e+01 4.642311e-01 5.289719e-01 6.282363e-01 8.518587e-01 1.149276e+00 1.378639e+00 1.447523e+00 1.551474e+00 1.575974e+00 1.549752e+00 1.449530e+00 1.286980e+00 7.967617e-01 7.688025e-02 9.136591e-02 1.172399e-01 1.635698e-01 2.224044e-01 2.706322e-01 2.860503e-01 3.065470e-01 3.154499e-01 3.127446e-01 2.914167e-01 2.582301e-01 1.163487e-01
<GCONST> 9.443885e+01
<STATE> 4
<MEAN> 39
 -8.934282e+00 -6.825228e-01 -9.848723e-02 -2.161269e+00 6.876392e-01 1.002387e+00 2.231934e+00 5.421166e-01 -3.167706e-01 1.483874e-01 2.504286e-01 -1.640889e+00 5.212624e+01 4.743970e-03 7.892871e-04 7.593678e-05 5.907263e-04 3.184664e-03 2.336474e-03 2.450208e-03 1.397646e-03 1.296352e-04 8.157795e-04 1.265297e-03 9.568669e-05 -8.663196e-03 9.628876e-04 5.210101e-04 1.382672e-04 4.705877e-04 6.232991e-04 6.379766e-04 1.790232e-04 2.649083e-04 -2.748095e-04 2.355658e-04 9.820535e-05 -1.290426e-04 -2.441968e-03
<VARIANCE> 39
 3.853715e+01 2.690095e+01 2.425870e+01 2.146677e+01 2.593693e+01 3.315263e+01 2.608070e+01 2.961901e+01 2.535707e+01 2.224580e+01 2.424195e+01 2.263577e+01 6.635159e+01 4.642311e-01 5.289719e-01 6.282363e-01 8.518587e-01 1.149276e+00 1.378639e+00 1.447523e+00 1.551474e+00 1.575974e+00 1.549752e+00 1.449530e+00 1.286980e+00 7.967617e-01 7.688025e-02 9.136591e-02 1.172399e-01 1.635698e-01 2.224044e-01 2.706322e-01 2.860503e-01 3.065470e-01 3.154499e-01 3.127446e-01 2.914167e-01 2.582301e-01 1.163487e-01
<GCONST> 9.443885e+01
<TRANSP> 5
 0.000000e+00 1.000000e+00 0.000000e+00 0.000000e+00 0.000000e+00
 0.000000e+00 6.000000e-01 4.000000e-01 0.000000e+00 0.000000e+00
 0.000000e+00 0.000000e+00 6.000000e-01 4.000000e-01 0.000000e+00
 0.000000e+00 0.000000e+00 0.000000e+00 7.000000e-01 3.000000e-01
 0.000000e+00 0.000000e+00 0.000000e+00 0.000000e+00 0.000000e+00
<ENDHMM>
~h "si"
<BEGINHMM>
<NUMSTATES> 5
<STATE> 2
<MEAN> 39
 -8.934282e+00 -6.825228e-01 -9.848723e-02 -2.161269e+00 6.876392e-01 1.002387e+00 2.231934e+00 5.421166e-01 -3.167706e-01 1.483874e-01 2.504286e-01 -1.640889e+00 5.212624e+01 4.743970e-03 7.892871e-04 7.593678e-05 5.907263e-04 3.184664e-03 2.336474e-03 2.450208e-03 1.397646e-03 1.296352e-04 8.157795e-04 1.265297e-03 9.568669e-05 -8.663196e-03 9.628876e-04 5.210101e-04 1.382672e-04 4.705877e-04 6.232991e-04 6.379766e-04 1.790232e-04 2.649083e-04 -2.748095e-04 2.355658e-04 9.820535e-05 -1.290426e-04 -2.441968e-03
<VARIANCE> 39
 3.853715e+01 2.690095e+01 2.425870e+01 2.146677e+01 2.593693e+01 3.315263e+01 2.608070e+01 2.961901e+01 2.535707e+01 2.224580e+01 2.424195e+01 2.263577e+01 6.635159e+01 4.642311e-01 5.289719e-01 6.282363e-01 8.518587e-01 1.149276e+00 1.378639e+00 1.447523e+00 1.551474e+00 1.575974e+00 1.549752e+00 1.449530e+00 1.286980e+00 7.967617e-01 7.688025e-02 9.136591e-02 1.172399e-01 1.635698e-01 2.224044e-01 2.706322e-01 2.860503e-01 3.065470e-01 3.154499e-01 3.127446e-01 2.914167e-01 2.582301e-01 1.163487e-01
<GCONST> 9.443885e+01
<STATE> 3
<MEAN> 39
 -8.934282e+00 -6.825228e-01 -9.848723e-02 -2.161269e+00 6.876392e-01 1.002387e+00 2.231934e+00 5.421166e-01 -3.167706e-01 1.483874e-01 2.504286e-01 -1.640889e+00 5.212624e+01 4.743970e-03 7.892871e-04 7.593678e-05 5.907263e-04 3.184664e-03 2.336474e-03 2.450208e-03 1.397646e-03 1.296352e-04 8.157795e-04 1.265297e-03 9.568669e-05 -8.663196e-03 9.628876e-04 5.210101e-04 1.382672e-04 4.705877e-04 6.232991e-04 6.379766e-04 1.790232e-04 2.649083e-04 -2.748095e-04 2.355658e-04 9.820535e-05 -1.290426e-04 -2.441968e-03
<VARIANCE> 39
 3.853715e+01 2.690095e+01 2.425870e+01 2.146677e+01 2.593693e+01 3.315263e+01 2.608070e+01 2.961901e+01 2.535707e+01 2.224580e+01 2.424195e+01 2.263577e+01 6.635159e+01 4.642311e-01 5.289719e-01 6.282363e-01 8.518587e-01 1.149276e+00 1.378639e+00 1.447523e+00 1.551474e+00 1.575974e+00 1.549752e+00 1.449530e+00 1.286980e+00 7.967617e-01 7.688025e-02 9.136591e-02 1.172399e-01 1.635698e-01 2.224044e-01 2.706322e-01 2.860503e-01 3.065470e-01 3.154499e-01 3.127446e-01 2.914167e-01 2.582301e-01 1.163487e-01
<GCONST> 9.443885e+01
<STATE> 4
<MEAN> 39
 -8.934282e+00 -6.825228e-01 -9.848723e-02 -2.161269e+00 6.876392e-01 1.002387e+00 2.231934e+00 5.421166e-01 -3.167706e-01 1.483874e-01 2.504286e-01 -1.640889e+00 5.212624e+01 4.743970e-03 7.892871e-04 7.593678e-05 5.907263e-04 3.184664e-03 2.336474e-03 2.450208e-03 1.397646e-03 1.296352e-04 8.157795e-04 1.265297e-03 9.568669e-05 -8.663196e-03 9.628876e-04 5.210101e-04 1.382672e-04 4.705877e-04 6.232991e-04 6.379766e-04 1.790232e-04 2.649083e-04 -2.748095e-04 2.355658e-04 9.820535e-05 -1.290426e-04 -2.441968e-03
<VARIANCE> 39
 3.853715e+01 2.690095e+01 2.425870e+01 2.146677e+01 2.593693e+01 3.315263e+01 2.608070e+01 2.961901e+01 2.535707e+01 2.224580e+01 2.424195e+01 2.263577e+01 6.635159e+01 4.642311e-01 5.289719e-01 6.282363e-01 8.518587e-01 1.149276e+00 1.378639e+00 1.447523e+00 1.551474e+00 1.575974e+00 1.549752e+00 1.449530e+00 1.286980e+00 7.967617e-01 7.688025e-02 9.136591e-02 1.172399e-01 1.635698e-01 2.224044e-01 2.706322e-01 2.860503e-01 3.065470e-01 3.154499e-01 3.127446e-01 2.914167e-01 2.582301e-01 1.163487e-01
<GCONST> 9.443885e+01
<TRANSP> 5
 0.000000e+00 1.000000e+00 0.000000e+00 0.000000e+00 0.000000e+00
 0.000000e+00 6.000000e-01 4.000000e-01 0.000000e+00 0.000000e+00
 0.000000e+00 0.000000e+00 6.000000e-01 4.000000e-01 0.000000e+00
 0.000000e+00 0.000000e+00 0.000000e+00 7.000000e-01 3.000000e-01
 0.000000e+00 0.000000e+00 0.000000e+00 0.000000e+00 0.000000e+00
<ENDHMM>
