~o
<STREAMINFO> 1 13
<VECSIZE> 13<NULLD><MFCC_0><DIAGC>
~h "ap"
<BEGINHMM>
<NUMSTATES> 5
<STATE> 2
<NUMMIXES> 2
<MIXTURE> 1 5.985943e-01
<MEAN> 13
 -3.716759e+00 -3.582438e+00 -3.666061e+00 -2.421999e+00 3.001018e+00 5.965457e+00 5.973230e+00 1.969997e+00 6.173914e-02 1.829760e+00 1.942876e+00 -1.720185e+00 5.011358e+01
<VARIANCE> 13
 4.815538e+00 4.641667e+00 4.799431e+00 5.865627e+00 7.133181e+00 8.707997e+00 9.430112e+00 1.063977e+01 1.083499e+01 1.196094e+01 1.090846e+01 1.129916e+01 1.215739e+00
<GCONST> 4.894848e+01
<MIXTURE> 2 4.013904e-01
<MEAN> 13
 -3.686403e+00 -4.172024e+00 -3.610290e+00 -3.772235e+00 -8.698395e-01 1.490634e+00 1.343761e+00 -1.382692e+00 -1.668956e+00 2.617401e-01 1.019863e+00 -2.409258e+00 5.101786e+01
<VARIANCE> 13
 6.254461e+00 6.715814e+00 9.755442e+00 1.026833e+01 1.369296e+01 1.773391e+01 2.001756e+01 1.785275e+01 1.831078e+01 1.733152e+01 1.500601e+01 1.579167e+01 6.697931e+00
<GCONST> 5.673793e+01
<STATE> 3
<NUMMIXES> 2
<MIXTURE> 1 6.534477e-01
<MEAN> 13
 -4.964451e+00 1.591374e+00 -1.242087e+00 -4.742322e-01 -5.013663e-02 3.682547e+00 5.006829e+00 2.681491e+00 1.705851e-01 2.220959e+00 9.481533e-01 -2.125773e+00 4.440311e+01
<VARIANCE> 13
 1.604880e+00 2.367809e+00 4.183483e+00 5.646707e+00 8.267541e+00 8.428739e+00 9.786791e+00 1.084020e+01 1.116900e+01 1.149705e+01 1.055402e+01 9.618783e+00 7.629833e-01
<GCONST> 4.650285e+01
<MIXTURE> 2 3.465712e-01
<MEAN> 13
 -8.627359e+00 -1.388373e-01 -1.656673e+00 -1.228798e+00 1.206384e+00 -5.295001e-02 2.804492e+00 1.956223e-02 -8.225022e-01 9.479349e-01 1.600593e-01 -1.112228e+00 4.911760e+01
<VARIANCE> 13
 9.544696e+00 1.285871e+01 8.430983e+00 8.750371e+00 1.391503e+01 1.217133e+01 1.500413e+01 1.292121e+01 1.337712e+01 1.483200e+01 1.402795e+01 1.220819e+01 1.198577e+01
<GCONST> 5.631987e+01
<STATE> 4
<NUMMIXES> 2
<MIXTURE> 1 4.427459e-01
<MEAN> 13
 -7.269726e+00 -6.014361e+00 -1.301592e+00 1.812827e+00 2.784850e+00 -7.029232e-01 3.834304e+00 5.271803e-01 -1.905573e+00 2.746433e-01 1.559387e+00 -1.773637e+00 5.070731e+01
<VARIANCE> 13
 1.157488e+01 3.682703e+01 1.504115e+01 2.226788e+01 2.134374e+01 2.332091e+01 1.924247e+01 2.569293e+01 1.979665e+01 1.797120e+01 1.491792e+01 1.367829e+01 3.039935e+01
<GCONST> 6.278193e+01
<MIXTURE> 2 5.571113e-01
<MEAN> 13
 -1.314999e+01 -1.558994e+01 -8.477800e+00 8.054845e-01 -1.538223e+00 -8.014248e+00 6.491718e-01 -4.143817e+00 -5.185136e+00 -2.435305e+00 6.743417e-02 -1.286498e+00 7.007523e+01
<VARIANCE> 13
 1.972928e+01 3.029882e+01 2.411378e+01 2.392216e+01 3.648218e+01 2.751518e+01 2.739265e+01 2.328661e+01 2.443445e+01 2.252848e+01 1.872909e+01 1.597354e+01 6.198068e+01
<GCONST> 6.615153e+01
<TRANSP> 5
 0.000000e+00 1.000000e+00 0.000000e+00 0.000000e+00 0.000000e+00
 0.000000e+00 9.782657e-01 2.173429e-02 0.000000e+00 0.000000e+00
 0.000000e+00 0.000000e+00 9.828970e-01 1.710296e-02 0.000000e+00
 0.000000e+00 0.000000e+00 0.000000e+00 9.966930e-01 3.306952e-03
 0.000000e+00 0.000000e+00 0.000000e+00 0.000000e+00 0.000000e+00
<ENDHMM>
~h "cl"
<BEGINHMM>
<NUMSTATES> 5
<STATE> 2
<NUMMIXES> 2
<MIXTURE> 1 6.230190e-01
<MEAN> 13
 -6.193299e+00 -2.423438e+00 -5.651567e-01 -2.202971e+00 4.059688e-01 2.643596e+00 3.907694e+00 2.195117e+00 8.723963e-01 -1.958989e-01 1.461821e+00 -2.505261e+00 4.843659e+01
<VARIANCE> 13
 1.861451e+01 1.779329e+01 2.712656e+01 2.930855e+01 2.025768e+01 3.405737e+01 1.745046e+01 2.894972e+01 3.309025e+01 5.635565e+01 4.887186e+01 2.141287e+01 1.409565e+01
<GCONST> 6.626504e+01
<MIXTURE> 2 3.769685e-01
<MEAN> 13
 -1.620461e+01 -8.395874e+00 6.590524e+00 -8.060988e+00 8.532932e+00 -3.097933e+00 4.110912e-01 7.276926e+00 -1.064833e+00 -5.330171e+00 -2.974775e+00 4.309767e+00 5.668283e+01
<VARIANCE> 13
 4.790412e+01 4.055773e+01 3.986229e+01 4.466519e+01 8.941386e+01 6.602054e+01 4.234780e+01 7.463728e+01 4.719847e+01 6.656165e+01 6.458974e+01 1.060083e+02 4.223684e+01
<GCONST> 7.631812e+01
<STATE> 3
<NUMMIXES> 2
<MIXTURE> 1 5.936657e-01
<MEAN> 13
 -2.056313e+01 3.014334e+00 -4.840270e-01 -5.462312e+00 -3.209828e+00 1.443535e+01 1.708632e+00 -3.249940e+00 9.175508e+00 -3.240833e+00 -3.203563e+00 5.827466e+00 5.966798e+01
<VARIANCE> 13
 2.914877e+01 5.385647e+00 1.052083e+01 9.082841e+00 1.318820e+01 1.901290e+01 2.080880e+01 1.733600e+01 1.715079e+01 1.800925e+01 1.703630e+01 1.657246e+01 1.285448e+01
<GCONST> 5.885061e+01
<MIXTURE> 2 4.063574e-01
<MEAN> 13
 -1.530816e+01 1.933382e+00 -2.739174e+00 -5.136141e+00 -3.994660e+00 9.503060e+00 -5.884436e-01 -4.985689e+00 4.854759e+00 -3.063561e+00 -2.720331e+00 4.526071e+00 5.744513e+01
<VARIANCE> 13
 4.874305e+01 1.458548e+01 1.369934e+01 1.486961e+01 2.054403e+01 2.853302e+01 3.011597e+01 2.878115e+01 2.262445e+01 2.293817e+01 2.085410e+01 1.935073e+01 2.216385e+01
<GCONST> 6.426465e+01
<STATE> 4
<NUMMIXES> 2
<MIXTURE> 1 5.866882e-01
<MEAN> 13
 -1.969983e+01 1.702928e+00 5.702423e+00 -2.486270e+00 -3.960809e+00 9.238067e+00 3.822978e+00 -3.234437e+00 2.755751e+00 4.261361e+00 -8.676394e+00 2.756392e+00 5.442552e+01
<VARIANCE> 13
 5.806293e+01 7.270751e+00 1.456790e+01 1.668245e+01 2.017214e+01 2.972059e+01 1.925017e+01 3.156006e+01 2.857498e+01 3.146959e+01 2.710494e+01 1.910436e+01 3.652963e+01
<GCONST> 6.488583e+01
<MIXTURE> 2 4.131730e-01
<MEAN> 13
 -2.236914e+01 2.368396e-01 7.011999e+00 -3.921138e+00 -9.399955e+00 1.072383e+01 -1.567216e+00 -1.073422e+01 2.989566e+00 4.007472e+00 -1.378109e+01 7.064969e+00 5.957164e+01
<VARIANCE> 13
 4.516176e+01 1.063627e+01 1.913682e+01 1.618220e+01 2.188515e+01 4.060571e+01 2.404802e+01 3.971739e+01 4.224496e+01 2.486197e+01 3.037186e+01 3.543117e+01 3.496498e+01
<GCONST> 6.694629e+01
<TRANSP> 5
 0.000000e+00 1.000000e+00 0.000000e+00 0.000000e+00 0.000000e+00
 0.000000e+00 9.824291e-01 1.757083e-02 0.000000e+00 0.000000e+00
 0.000000e+00 0.000000e+00 9.874688e-01 1.253123e-02 0.000000e+00
 0.000000e+00 0.000000e+00 0.000000e+00 9.943389e-01 5.661087e-03
 0.000000e+00 0.000000e+00 0.000000e+00 0.000000e+00 0.000000e+00
<ENDHMM>
~h "cm"
<BEGINHMM>
<NUMSTATES> 5
<STATE> 2
<NUMMIXES> 2
<MIXTURE> 1 5.156888e-01
<MEAN> 13
 -1.200698e+01 -1.119442e-01 -2.366965e+00 -3.901729e+00 5.991814e-01 1.072860e+00 -7.395267e-01 -3.000077e-03 -2.003841e+00 4.140019e-01 2.229359e+00 -8.150811e-01 5.888512e+01
<VARIANCE> 13
 1.832945e+01 1.207770e+01 1.092746e+01 1.305254e+01 1.318019e+01 1.457481e+01 1.651029e+01 1.677828e+01 1.619614e+01 1.517743e+01 1.721062e+01 1.514787e+01 2.006304e+01
<GCONST> 5.920146e+01
<MIXTURE> 2 4.842328e-01
<MEAN> 13
 -6.374228e+00 -1.723046e-01 -3.239831e+00 -4.253112e+00 -1.621240e+00 -2.273521e+00 -4.097439e+00 -3.685903e+00 -5.257997e+00 -3.271256e+00 -2.054248e+00 -2.959358e+00 6.759351e+01
<VARIANCE> 13
 1.241795e+01 1.170132e+01 1.229844e+01 1.323591e+01 1.327880e+01 1.241645e+01 1.348436e+01 1.554966e+01 1.588523e+01 1.459580e+01 1.408924e+01 1.307222e+01 5.301893e+01
<GCONST> 5.904709e+01
<STATE> 3
<NUMMIXES> 2
<MIXTURE> 1 5.175363e-01
<MEAN> 13
 -8.107042e+00 2.442287e+00 -1.930944e-01 -1.374009e+00 8.175719e-01 1.678444e+00 4.062574e+00 2.769972e+00 1.241880e+00 1.163972e+00 6.843522e-01 -2.271125e+00 4.749892e+01
<VARIANCE> 13
 8.392478e+00 4.020052e+00 6.314977e+00 8.082928e+00 1.045658e+01 1.092439e+01 1.143477e+01 1.313050e+01 1.404771e+01 1.441022e+01 1.304834e+01 1.234776e+01 4.692328e+00
<GCONST> 5.303201e+01
<MIXTURE> 2 4.824674e-01
<MEAN> 13
 -7.579215e+00 1.103204e+00 -6.043261e-01 -2.806116e+00 -1.277375e+00 -1.540076e+00 -1.807564e-01 -9.371613e-01 -1.232359e+00 -1.986564e-01 2.154275e-01 -2.328761e+00 5.087997e+01
<VARIANCE> 13
 1.549619e+01 1.439416e+01 1.195846e+01 1.539711e+01 1.694459e+01 1.708219e+01 1.579755e+01 1.928403e+01 2.004095e+01 1.768394e+01 1.577981e+01 1.510334e+01 1.369938e+01
<GCONST> 5.986399e+01
<STATE> 4
<NUMMIXES> 2
<MIXTURE> 1 6.318622e-01
<MEAN> 13
 -4.487615e+00 -3.129181e+00 -4.104098e+00 -3.334490e+00 1.396516e+00 3.819294e+00 4.681127e+00 1.035639e+00 -4.623613e-01 1.173380e+00 1.099560e+00 -2.683838e+00 5.104819e+01
<VARIANCE> 13
 5.759812e+00 5.919416e+00 5.850384e+00 7.205899e+00 9.904872e+00 1.105179e+01 1.214505e+01 1.407087e+01 1.395508e+01 1.364809e+01 1.344132e+01 1.238595e+01 3.190371e+00
<GCONST> 5.252408e+01
<MIXTURE> 2 3.681692e-01
<MEAN> 13
 -7.545390e+00 -3.833179e+00 -2.664495e+00 -6.776065e+00 -2.560359e+00 -2.058107e+00 4.139426e-01 -3.194996e-01 -8.024878e-01 1.573249e-01 9.417874e-01 -2.514744e+00 5.713139e+01
<VARIANCE> 13
 1.938190e+01 1.769136e+01 1.692515e+01 1.808194e+01 2.010359e+01 2.039972e+01 1.861261e+01 2.078974e+01 2.020018e+01 1.972718e+01 1.828067e+01 1.759914e+01 2.741167e+01
<GCONST> 6.250061e+01
<TRANSP> 5
 0.000000e+00 1.000000e+00 0.000000e+00 0.000000e+00 0.000000e+00
 0.000000e+00 9.895602e-01 1.043978e-02 0.000000e+00 0.000000e+00
 0.000000e+00 0.000000e+00 9.867893e-01 1.321074e-02 0.000000e+00
 0.000000e+00 0.000000e+00 0.000000e+00 9.927794e-01 7.220545e-03
 0.000000e+00 0.000000e+00 0.000000e+00 0.000000e+00 0.000000e+00
<ENDHMM>
~h "co"
<BEGINHMM>
<NUMSTATES> 5
<STATE> 2
<NUMMIXES> 2
<MIXTURE> 1 4.316228e-01
<MEAN> 13
 -5.490856e+00 -4.685549e+00 2.345799e+00 8.743713e-01 -1.704300e+00 -2.645371e+00 -1.593332e+00 -4.568383e+00 -2.783556e+00 -2.311104e+00 -2.089382e+00 -5.803688e+00 5.792602e+01
<VARIANCE> 13
 2.076317e+01 1.439678e+01 2.004591e+01 2.395592e+01 2.422774e+01 3.438151e+01 4.650060e+01 5.361813e+01 3.019909e+01 3.107426e+01 2.777313e+01 2.336558e+01 6.172598e+01
<GCONST> 6.775542e+01
<MIXTURE> 2 5.683975e-01
<MEAN> 13
 -6.035951e+00 -6.869894e+00 -5.024624e-01 -1.993525e+00 -9.321287e+00 -7.922649e+00 -8.567764e+00 -6.424443e+00 -4.176769e+00 -5.584351e+00 -5.456836e+00 -1.058069e+01 6.891775e+01
<VARIANCE> 13
 1.325303e+01 1.457381e+01 2.804351e+01 2.526578e+01 3.938507e+01 4.012430e+01 4.906356e+01 5.969478e+01 5.033713e+01 4.454529e+01 4.100438e+01 3.799014e+01 2.778325e+01
<GCONST> 6.945748e+01
<STATE> 3
<NUMMIXES> 2
<MIXTURE> 1 5.669818e-01
<MEAN> 13
 -3.467928e+00 3.414065e+00 3.777385e+00 1.786464e+00 2.974632e+00 1.599415e+00 1.160938e+00 2.272503e-02 -3.834280e+00 -2.441286e+00 -2.437882e+00 -5.823627e+00 4.535746e+01
<VARIANCE> 13
 5.169436e+00 6.438130e+00 1.043168e+01 1.051841e+01 1.397362e+01 1.300127e+01 1.516791e+01 1.492308e+01 1.717290e+01 1.644468e+01 1.551695e+01 1.734729e+01 4.644126e+00
<GCONST> 5.549400e+01
<MIXTURE> 2 4.330069e-01
<MEAN> 13
 -8.634699e-01 -6.970949e-01 5.085938e+00 3.058403e+00 1.905695e+00 -2.924222e+00 -5.090410e+00 -7.122152e+00 -6.670461e+00 -4.988389e+00 -3.744409e+00 -8.043771e+00 5.307154e+01
<VARIANCE> 13
 5.450915e+00 9.962131e+00 1.753540e+01 2.387293e+01 1.963601e+01 2.157487e+01 2.060436e+01 2.354718e+01 2.490042e+01 2.622586e+01 2.289298e+01 2.132128e+01 1.985133e+01
<GCONST> 6.181778e+01
<STATE> 4
<NUMMIXES> 2
<MIXTURE> 1 5.161388e-01
<MEAN> 13
 -4.051392e+00 -1.713407e+00 -2.254838e+00 -1.343749e+00 1.219925e+00 4.113409e+00 5.635787e+00 3.088356e+00 1.089452e+00 2.331244e+00 1.535391e+00 -2.071411e+00 4.733381e+01
<VARIANCE> 13
 3.735252e+00 1.277062e+01 7.274991e+00 8.949426e+00 1.050870e+01 1.168959e+01 9.876495e+00 1.120252e+01 1.169046e+01 1.266650e+01 1.152456e+01 1.157606e+01 7.620009e+00
<GCONST> 5.337253e+01
<MIXTURE> 2 4.839239e-01
<MEAN> 13
 -4.474227e+00 -3.564531e+00 -3.282720e+00 -3.008153e+00 5.971871e-01 2.570007e+00 2.801341e+00 -6.410726e-01 -1.864824e+00 -1.125283e-01 8.172974e-02 -2.744730e+00 4.955846e+01
<VARIANCE> 13
 1.114478e+01 1.240641e+01 8.856817e+00 9.185749e+00 1.294700e+01 1.666063e+01 1.229740e+01 1.340433e+01 1.564424e+01 1.472268e+01 1.471413e+01 1.542047e+01 7.327981e+00
<GCONST> 5.655500e+01
<TRANSP> 5
 0.000000e+00 1.000000e+00 0.000000e+00 0.000000e+00 0.000000e+00
 0.000000e+00 9.910067e-01 8.993248e-03 0.000000e+00 0.000000e+00
 0.000000e+00 0.000000e+00 9.724967e-01 2.750327e-02 0.000000e+00
 0.000000e+00 0.000000e+00 0.000000e+00 9.909503e-01 9.049634e-03
 0.000000e+00 0.000000e+00 0.000000e+00 0.000000e+00 0.000000e+00
<ENDHMM>
~h "ds"
<BEGINHMM>
<NUMSTATES> 5
<STATE> 2
<NUMMIXES> 2
<MIXTURE> 1 3.329953e-01
<MEAN> 13
 -8.173450e+00 4.323964e+00 5.826974e+00 5.008932e+00 6.662022e+00 3.474787e+00 6.385045e+00 -3.344964e-02 1.878641e+00 1.317437e-01 2.002772e+00 -7.871357e-01 5.888063e+01
<VARIANCE> 13
 1.387194e+01 9.577170e+00 1.124328e+01 9.569287e+00 1.156923e+01 1.391968e+01 1.462499e+01 1.633285e+01 1.619898e+01 1.473400e+01 1.504020e+01 1.400957e+01 9.557938e+01
<GCONST> 5.940308e+01
<MIXTURE> 2 6.669760e-01
<MEAN> 13
 -1.166983e+01 1.914560e-01 6.434868e-01 -5.885658e-01 6.688899e-01 -8.214103e-01 2.288423e+00 -1.824840e+00 6.097505e-01 2.000706e-01 2.856489e+00 -1.057653e+00 5.751875e+01
<VARIANCE> 13
 1.998446e+01 9.694142e+00 1.272869e+01 1.298758e+01 1.971623e+01 2.373211e+01 2.643314e+01 2.451367e+01 2.946669e+01 2.885828e+01 2.043271e+01 1.922569e+01 6.942266e+01
<GCONST> 6.384811e+01
<STATE> 3
<NUMMIXES> 2
<MIXTURE> 1 4.453428e-01
<MEAN> 13
 -5.881705e+00 2.766265e+00 1.472182e+00 8.841017e-01 2.861563e+00 3.974240e+00 5.765746e+00 3.208712e+00 2.106748e+00 2.112395e+00 1.934614e+00 -1.848884e+00 4.755686e+01
<VARIANCE> 13
 8.241760e+00 4.838871e+00 8.676181e+00 7.819068e+00 1.338158e+01 1.257848e+01 1.320786e+01 1.511230e+01 1.510057e+01 1.368839e+01 1.352285e+01 1.142130e+01 9.798365e+00
<GCONST> 5.487098e+01
<MIXTURE> 2 5.546313e-01
<MEAN> 13
 -5.350312e+00 1.505098e+00 -8.198611e-01 -2.636936e+00 -2.783967e+00 6.433793e-01 2.665741e+00 1.210348e+00 1.159824e+00 2.323741e+00 8.253934e-01 -2.951921e+00 4.689777e+01
<VARIANCE> 13
 7.392991e+00 5.254704e+00 8.913076e+00 9.996920e+00 1.507512e+01 1.446491e+01 1.597469e+01 2.051658e+01 1.729138e+01 1.879183e+01 1.846762e+01 1.515379e+01 6.485504e+00
<GCONST> 5.650633e+01
<STATE> 4
<NUMMIXES> 2
<MIXTURE> 1 6.143919e-01
<MEAN> 13
 -6.950000e+00 -2.327849e+00 -2.898564e+00 -2.736301e+00 1.760101e+00 3.807059e+00 5.049579e+00 1.044471e+00 5.812793e-02 1.481242e+00 2.071387e+00 -2.050112e+00 5.305505e+01
<VARIANCE> 13
 3.013703e+01 7.963279e+00 9.702696e+00 8.949821e+00 1.124648e+01 1.707151e+01 1.314706e+01 1.519140e+01 1.496299e+01 1.438212e+01 1.337324e+01 1.221348e+01 1.053245e+01
<GCONST> 5.721325e+01
<MIXTURE> 2 3.853444e-01
<MEAN> 13
 -1.138157e+01 -3.904977e+00 -1.739355e+00 -4.830483e+00 -2.279717e+00 -1.038124e-02 1.074423e+00 -6.536198e-01 -1.115414e+00 -2.563590e-01 1.159155e+00 -1.965392e+00 5.898812e+01
<VARIANCE> 13
 6.723598e+01 2.066905e+01 1.678816e+01 1.927715e+01 1.639675e+01 3.616568e+01 2.611417e+01 2.543565e+01 2.226608e+01 2.084747e+01 1.958685e+01 1.812847e+01 4.173977e+01
<GCONST> 6.553676e+01
<TRANSP> 5
 0.000000e+00 1.000000e+00 0.000000e+00 0.000000e+00 0.000000e+00
 0.000000e+00 9.933427e-01 6.657331e-03 0.000000e+00 0.000000e+00
 0.000000e+00 0.000000e+00 9.820259e-01 1.797407e-02 0.000000e+00
 0.000000e+00 0.000000e+00 0.000000e+00 9.919754e-01 8.024641e-03
 0.000000e+00 0.000000e+00 0.000000e+00 0.000000e+00 0.000000e+00
<ENDHMM>
~h "kj"
<BEGINHMM>
<NUMSTATES> 5
<STATE> 2
<NUMMIXES> 2
<MIXTURE> 1 5.843869e-01
<MEAN> 13
 -2.494902e+01 3.452308e+00 2.994243e+00 -5.151419e+00 -4.533095e+00 1.449973e+01 1.315204e+00 -2.729609e+00 9.238242e+00 -4.478347e+00 -4.368205e+00 6.858628e+00 6.007425e+01
<VARIANCE> 13
 1.509560e+01 6.049467e+00 1.440300e+01 9.819218e+00 1.361459e+01 2.312325e+01 2.086301e+01 1.732893e+01 1.841854e+01 1.814907e+01 1.867037e+01 1.760369e+01 1.540897e+01
<GCONST> 5.934287e+01
<MIXTURE> 2 4.155768e-01
<MEAN> 13
 -1.921820e+01 3.943108e+00 1.815322e+00 -5.898790e+00 -6.534336e+00 8.785992e+00 -6.033798e-01 -3.300133e+00 7.484939e+00 -3.893401e+00 -4.401322e+00 4.525903e+00 5.675573e+01
<VARIANCE> 13
 5.111929e+01 1.034924e+01 2.206112e+01 2.130977e+01 2.003933e+01 4.273072e+01 2.607918e+01 2.440276e+01 3.286849e+01 2.322993e+01 1.934788e+01 2.360010e+01 2.952655e+01
<GCONST> 6.567199e+01
<STATE> 3
<NUMMIXES> 2
<MIXTURE> 1 6.556458e-01
<MEAN> 13
 -7.127629e+00 1.372806e+00 -1.650270e+00 -1.767908e+00 -1.307979e+00 2.727773e+00 3.443760e+00 1.432642e+00 9.969624e-01 1.528433e+00 3.010730e-01 -1.814341e+00 4.802604e+01
<VARIANCE> 13
 1.569213e+01 1.252105e+01 8.933360e+00 1.048787e+01 1.830146e+01 1.834800e+01 1.642921e+01 1.675249e+01 1.806285e+01 1.578495e+01 1.539055e+01 1.622916e+01 8.852415e+00
<GCONST> 5.850126e+01
<MIXTURE> 2 3.442738e-01
<MEAN> 13
 -1.503875e+01 -8.958086e-01 -2.444525e+00 -2.210570e+00 -1.689308e+00 -2.615791e-01 -1.372294e+00 -2.864241e-01 -9.985532e-01 -1.517143e+00 1.219153e+00 -7.718853e-02 5.830663e+01
<VARIANCE> 13
 3.413898e+01 6.382624e+01 2.279756e+01 1.776256e+01 2.201177e+01 4.283666e+01 2.311082e+01 3.815966e+01 2.524155e+01 1.992369e+01 1.891528e+01 1.567708e+01 5.225823e+01
<GCONST> 6.708257e+01
<STATE> 4
<NUMMIXES> 2
<MIXTURE> 1 5.798540e-01
<MEAN> 13
 -2.216981e+01 4.621890e+00 2.044931e+00 2.716603e+00 -1.084888e+00 9.299212e-01 7.190521e+00 1.947643e+00 -1.957579e+00 3.303496e+00 6.170220e-01 -2.603280e+00 5.428840e+01
<VARIANCE> 13
 2.893875e+01 1.471196e+01 1.522155e+01 2.120435e+01 1.614345e+01 1.521995e+01 2.276971e+01 1.684520e+01 1.904968e+01 2.553452e+01 1.710954e+01 1.909500e+01 1.578298e+01
<GCONST> 6.191187e+01
<MIXTURE> 2 4.200816e-01
<MEAN> 13
 -2.152247e+01 -9.983873e-02 1.056881e+00 1.988826e+00 -3.714628e+00 -2.797399e+00 5.012567e+00 -2.233212e+00 -4.794261e+00 4.341587e+00 7.256643e-01 -3.205566e+00 5.741179e+01
<VARIANCE> 13
 4.002949e+01 2.869805e+01 2.439344e+01 2.059964e+01 1.700039e+01 1.830631e+01 3.417331e+01 1.754071e+01 1.938471e+01 2.341243e+01 1.836589e+01 1.702217e+01 2.590125e+01
<GCONST> 6.441194e+01
<TRANSP> 5
 0.000000e+00 1.000000e+00 0.000000e+00 0.000000e+00 0.000000e+00
 0.000000e+00 9.821354e-01 1.786468e-02 0.000000e+00 0.000000e+00
 0.000000e+00 0.000000e+00 9.953188e-01 4.681258e-03 0.000000e+00
 0.000000e+00 0.000000e+00 0.000000e+00 9.938943e-01 6.105738e-03
 0.000000e+00 0.000000e+00 0.000000e+00 0.000000e+00 0.000000e+00
<ENDHMM>
~h "kn"
<BEGINHMM>
<NUMSTATES> 5
<STATE> 2
<NUMMIXES> 2
<MIXTURE> 1 5.888928e-01
<MEAN> 13
 -2.017718e+00 3.925805e+00 2.870397e+00 -1.919075e+00 1.750612e+00 2.978071e+00 1.810493e+00 2.167754e-01 -5.313832e-01 6.815262e-01 8.222535e-01 -2.466065e+00 4.612877e+01
<VARIANCE> 13
 2.683780e+01 1.455144e+01 1.451273e+01 7.643750e+00 1.278705e+01 1.513928e+01 1.448210e+01 2.104023e+01 2.061052e+01 1.577191e+01 1.329976e+01 1.192581e+01 2.997891e+01
<GCONST> 5.980487e+01
<MIXTURE> 2 4.111072e-01
<MEAN> 13
 8.041513e-01 2.072832e+00 -1.573298e+00 -3.112666e+00 -1.920038e+00 -2.279892e+00 1.168950e+00 -6.262441e+00 -7.988723e-02 2.925077e+00 8.394570e-01 -1.829424e+00 5.527522e+01
<VARIANCE> 13
 2.639987e+01 2.047102e+01 3.071335e+01 1.281844e+01 1.879210e+01 2.909076e+01 4.939960e+01 2.875711e+01 3.169802e+01 5.034614e+01 4.187021e+01 2.802489e+01 8.384876e+01
<GCONST> 6.859490e+01
<STATE> 3
<NUMMIXES> 2
<MIXTURE> 1 5.151209e-01
<MEAN> 13
 5.150011e+00 4.600822e-02 -1.951504e+00 2.069438e+00 6.278751e+00 1.367501e+00 3.267238e+00 -1.483173e+00 5.424985e-01 2.929582e-01 1.859778e+00 -1.069627e+00 5.879248e+01
<VARIANCE> 13
 1.047463e+01 1.533720e+01 1.272263e+01 1.085973e+01 1.576338e+01 2.010000e+01 1.882862e+01 1.508832e+01 1.921317e+01 1.664446e+01 1.588516e+01 1.622662e+01 3.931205e+01
<GCONST> 6.029904e+01
<MIXTURE> 2 4.848768e-01
<MEAN> 13
 5.881168e+00 -4.596212e-01 -2.517120e+00 7.637501e-01 3.865268e+00 -1.721362e+00 3.188955e-01 -5.480294e+00 -2.822817e+00 -3.121029e+00 -5.356302e-01 -3.412291e+00 5.894186e+01
<VARIANCE> 13
 9.248430e+00 2.818879e+01 1.913169e+01 1.440497e+01 1.812624e+01 2.148223e+01 1.908601e+01 2.381685e+01 2.027959e+01 1.694340e+01 1.473165e+01 1.555139e+01 3.797918e+01
<GCONST> 6.206932e+01
<STATE> 4
<NUMMIXES> 2
<MIXTURE> 1 5.906324e-01
<MEAN> 13
 -3.152480e+00 6.975462e-01 6.959492e-01 -1.856793e+00 2.083695e+00 3.447202e+00 3.064080e+00 2.683979e+00 -9.003006e-01 4.659300e-01 4.120989e-01 -3.366816e+00 4.555025e+01
<VARIANCE> 13
 4.893434e+00 1.577651e+01 1.365837e+01 8.273972e+00 1.815392e+01 1.169446e+01 1.715466e+01 1.516849e+01 1.561994e+01 1.607244e+01 1.311710e+01 1.298722e+01 8.190104e+00
<GCONST> 5.665224e+01
<MIXTURE> 2 4.093499e-01
<MEAN> 13
 -3.952806e+00 -2.152915e+00 2.654471e-01 -3.503151e+00 -4.506938e+00 7.945575e-01 3.122727e+00 -2.759824e+00 -7.854580e-01 3.877435e+00 -5.373890e-01 -2.806682e+00 4.791240e+01
<VARIANCE> 13
 6.583488e+00 1.319411e+01 1.994952e+01 1.212369e+01 1.929484e+01 2.158932e+01 3.632889e+01 3.485745e+01 2.271315e+01 3.643835e+01 3.537734e+01 1.891508e+01 1.018063e+01
<GCONST> 6.256611e+01
<TRANSP> 5
 0.000000e+00 1.000000e+00 0.000000e+00 0.000000e+00 0.000000e+00
 0.000000e+00 9.533502e-01 4.664974e-02 0.000000e+00 0.000000e+00
 0.000000e+00 0.000000e+00 9.880185e-01 1.198148e-02 0.000000e+00
 0.000000e+00 0.000000e+00 0.000000e+00 9.920303e-01 7.969788e-03
 0.000000e+00 0.000000e+00 0.000000e+00 0.000000e+00 0.000000e+00
<ENDHMM>
~h "kt"
<BEGINHMM>
<NUMSTATES> 5
<STATE> 2
<NUMMIXES> 2
<MIXTURE> 1 5.861837e-01
<MEAN> 13
 -1.074932e+01 3.333119e+00 -2.613064e+00 1.226314e+00 1.683015e+00 -3.762060e-01 3.699035e+00 2.359055e+00 1.020600e+00 -1.884235e-01 8.404609e-01 -1.638825e+00 4.999901e+01
<VARIANCE> 13
 4.844116e+00 5.053865e+00 7.483866e+00 9.147476e+00 1.042715e+01 1.081855e+01 1.308226e+01 1.436445e+01 1.484898e+01 1.507712e+01 1.285885e+01 1.164225e+01 8.669689e+00
<GCONST> 5.385785e+01
<MIXTURE> 2 4.138100e-01
<MEAN> 13
 -1.352525e+01 2.683372e+00 -3.827952e+00 4.222571e-01 -2.955955e-01 -3.662986e+00 1.141848e+00 -5.227450e-02 -9.865149e-01 -1.237368e+00 -1.365372e+00 -1.750413e+00 5.531075e+01
<VARIANCE> 13
 6.479009e+00 9.039561e+00 9.654407e+00 1.419954e+01 1.545476e+01 1.764421e+01 1.895859e+01 1.828763e+01 1.966375e+01 2.259006e+01 1.973999e+01 1.579696e+01 1.750377e+01
<GCONST> 5.904118e+01
<STATE> 3
<NUMMIXES> 2
<MIXTURE> 1 5.639635e-01
<MEAN> 13
 -7.354655e+00 2.602828e+00 -1.306497e+00 -7.374781e-02 5.892103e-01 1.933497e+00 4.610507e+00 2.830101e+00 1.052423e+00 1.083366e+00 7.931670e-01 -1.942483e+00 4.624519e+01
<VARIANCE> 13
 6.487342e+00 5.497298e+00 7.138463e+00 7.451830e+00 1.228588e+01 1.040623e+01 1.325033e+01 1.382329e+01 1.332230e+01 1.446796e+01 1.280234e+01 1.159307e+01 3.471303e+00
<GCONST> 5.300764e+01
<MIXTURE> 2 4.360270e-01
<MEAN> 13
 -9.050245e+00 2.382077e+00 -2.744124e+00 -1.517004e+00 -2.086776e+00 -1.436872e+00 1.971142e+00 1.222925e-01 1.022941e-02 5.608757e-01 -2.252645e-02 -2.176986e+00 4.969986e+01
<VARIANCE> 13
 1.435357e+01 1.239488e+01 1.228613e+01 1.312512e+01 2.002713e+01 1.595715e+01 1.922453e+01 2.019506e+01 2.082831e+01 2.192129e+01 1.660631e+01 1.416994e+01 1.344573e+01
<GCONST> 6.006865e+01
<STATE> 4
<NUMMIXES> 2
<MIXTURE> 1 5.461496e-01
<MEAN> 13
 -8.557119e+00 -1.477695e+00 -5.437602e+00 -1.805553e+00 2.399829e+00 3.833606e+00 6.130156e+00 1.391440e+00 3.099104e-01 1.532245e+00 1.667077e+00 -1.406314e+00 5.294925e+01
<VARIANCE> 13
 1.059477e+01 6.876050e+00 6.365144e+00 7.376246e+00 8.276572e+00 9.861574e+00 1.045023e+01 1.236577e+01 1.309173e+01 1.258734e+01 1.229136e+01 1.136098e+01 6.390990e+00
<GCONST> 5.319218e+01
<MIXTURE> 2 4.537221e-01
<MEAN> 13
 -1.210778e+01 -2.725266e+00 -4.425430e+00 -2.030708e+00 -7.038409e-02 -9.994268e-01 2.422078e+00 -1.251719e+00 -8.387223e-01 -4.117263e-01 2.274083e-01 -1.230063e+00 5.756927e+01
<VARIANCE> 13
 1.810653e+01 1.664720e+01 1.271652e+01 1.245039e+01 1.391008e+01 1.661082e+01 1.621826e+01 1.836944e+01 2.090278e+01 1.607405e+01 1.481150e+01 1.416774e+01 2.523992e+01
<GCONST> 6.019696e+01
<TRANSP> 5
 0.000000e+00 1.000000e+00 0.000000e+00 0.000000e+00 0.000000e+00
 0.000000e+00 9.903814e-01 9.618598e-03 0.000000e+00 0.000000e+00
 0.000000e+00 0.000000e+00 9.939795e-01 6.020515e-03 0.000000e+00
 0.000000e+00 0.000000e+00 0.000000e+00 9.968771e-01 3.122922e-03
 0.000000e+00 0.000000e+00 0.000000e+00 0.000000e+00 0.000000e+00
<ENDHMM>
~h "pr"
<BEGINHMM>
<NUMSTATES> 5
<STATE> 2
<NUMMIXES> 2
<MIXTURE> 1 6.486207e-01
<MEAN> 13
 -5.466928e+00 -1.793164e+00 2.241888e+00 -3.533898e+00 -3.110912e+00 3.387112e+00 2.812992e+00 8.324013e-01 2.725332e-01 3.612080e+00 3.391707e-01 -2.847700e+00 4.716583e+01
<VARIANCE> 13
 9.607282e+00 1.648315e+01 3.143731e+01 1.646170e+01 4.600285e+01 2.049941e+01 2.351861e+01 2.784517e+01 3.863684e+01 2.915845e+01 2.038426e+01 2.507280e+01 7.390671e+00
<GCONST> 6.380356e+01
<MIXTURE> 2 3.514046e-01
<MEAN> 13
 -8.998336e+00 -1.366334e+01 -1.796664e+00 -6.909795e+00 7.301014e+00 1.205765e+01 -3.805239e-01 -2.050474e+00 1.492742e+00 2.703167e-01 6.169883e+00 -1.715569e+00 5.489124e+01
<VARIANCE> 13
 1.115651e+01 2.696793e+01 2.675045e+01 5.349793e+01 4.751144e+01 1.131414e+02 2.974574e+01 4.260719e+01 7.381229e+01 4.401500e+01 8.285118e+01 5.261799e+01 8.573689e+00
<GCONST> 7.121445e+01
<STATE> 3
<NUMMIXES> 2
<MIXTURE> 1 3.870224e-01
<MEAN> 13
 -1.714445e+01 -7.521312e+00 4.415572e+00 -2.832834e+00 1.030924e+01 -7.253220e+00 1.450814e+00 9.026948e+00 7.776986e-01 -3.729396e+00 -4.667903e+00 7.333500e+00 5.687634e+01
<VARIANCE> 13
 3.245791e+01 3.206935e+01 2.033727e+01 4.466114e+01 4.579451e+01 7.788987e+01 2.978139e+01 5.192521e+01 3.343713e+01 4.492619e+01 5.852741e+01 6.388818e+01 3.187722e+01
<GCONST> 7.217816e+01
<MIXTURE> 2 6.129598e-01
<MEAN> 13
 -1.359505e+01 -8.184145e+00 -4.962693e-01 -6.407754e+00 -2.128775e+00 1.333933e+00 8.959229e+00 8.780308e-01 -5.101210e-01 -1.222762e+00 2.625356e+00 -2.052520e+00 5.940768e+01
<VARIANCE> 13
 3.238317e+01 3.984730e+01 4.767544e+01 3.070382e+01 6.145478e+01 5.358924e+01 6.814874e+01 6.303936e+01 6.046410e+01 3.295343e+01 4.072696e+01 4.608152e+01 1.320697e+01
<GCONST> 7.252419e+01
<STATE> 4
<NUMMIXES> 2
<MIXTURE> 1 6.092904e-01
<MEAN> 13
 -2.014217e+01 3.624197e+00 1.732544e+01 -1.609662e+01 2.672382e+00 1.285209e+01 -5.587353e+00 -4.878389e+00 1.172223e+01 -5.822398e+00 -8.031535e+00 9.029158e+00 5.302035e+01
<VARIANCE> 13
 1.549840e+01 1.521355e+01 1.237254e+01 2.635218e+01 2.458601e+01 2.013797e+01 1.697087e+01 2.934244e+01 2.822436e+01 3.782855e+01 3.148356e+01 1.884467e+01 9.712798e+00
<GCONST> 6.319007e+01
<MIXTURE> 2 3.906945e-01
<MEAN> 13
 -7.713701e+00 2.284024e+00 6.346255e+00 -6.518121e+00 4.799727e+00 2.573207e+00 -8.241343e-01 3.887516e+00 3.530716e-01 4.823890e-02 -3.586869e+00 1.192575e+00 4.519260e+01
<VARIANCE> 13
 1.205675e+01 7.686207e+00 3.871970e+01 5.192000e+01 1.822356e+01 3.043944e+01 2.378838e+01 2.299160e+01 2.242547e+01 2.129590e+01 3.961856e+01 3.574842e+01 5.876310e+00
<GCONST> 6.384573e+01
<TRANSP> 5
 0.000000e+00 1.000000e+00 0.000000e+00 0.000000e+00 0.000000e+00
 0.000000e+00 9.793926e-01 2.060743e-02 0.000000e+00 0.000000e+00
 0.000000e+00 0.000000e+00 9.949691e-01 5.030864e-03 0.000000e+00
 0.000000e+00 0.000000e+00 0.000000e+00 9.928517e-01 7.148297e-03
 0.000000e+00 0.000000e+00 0.000000e+00 0.000000e+00 0.000000e+00
<ENDHMM>
~h "pw"
<BEGINHMM>
<NUMSTATES> 5
<STATE> 2
<NUMMIXES> 2
<MIXTURE> 1 5.951596e-01
<MEAN> 13
 -1.220034e+01 -8.689327e-01 -1.041294e-01 9.447396e-03 1.981542e+00 -2.065895e-01 3.870658e+00 1.599273e+00 2.325438e-02 1.580173e+00 7.120526e-01 -7.173985e-01 5.094289e+01
<VARIANCE> 13
 1.324392e+01 1.397472e+01 9.497174e+00 1.107189e+01 1.230453e+01 1.325323e+01 1.309745e+01 1.462898e+01 1.559538e+01 1.458474e+01 1.379886e+01 1.250634e+01 1.475739e+01
<GCONST> 5.738774e+01
<MIXTURE> 2 4.047306e-01
<MEAN> 13
 -1.477799e+01 -6.441591e+00 -1.861606e+00 -8.861244e-01 -4.664256e-02 -4.056906e+00 5.102761e-01 -2.629489e+00 -2.105775e+00 -3.878565e-02 -3.147506e-01 -9.466037e-01 5.895738e+01
<VARIANCE> 13
 1.757586e+01 2.122246e+01 1.364923e+01 1.381591e+01 1.717981e+01 1.862961e+01 1.638337e+01 1.884203e+01 1.770796e+01 1.593329e+01 1.544832e+01 1.432921e+01 3.070483e+01
<GCONST> 6.102098e+01
<STATE> 3
<NUMMIXES> 2
<MIXTURE> 1 6.011990e-01
<MEAN> 13
 -1.057967e+01 -6.164407e+00 -3.012656e+00 -3.960544e-01 1.230508e+00 -4.416667e+00 -5.784532e-01 -6.043571e+00 -4.357674e+00 -9.158307e-01 6.989171e-01 -3.235537e-01 6.149527e+01
<VARIANCE> 13
 1.009645e+01 1.331349e+01 1.168279e+01 8.630500e+00 1.150885e+01 1.538735e+01 1.776582e+01 1.714467e+01 1.671421e+01 1.486156e+01 1.447272e+01 1.259614e+01 3.551452e+01
<GCONST> 5.859304e+01
<MIXTURE> 2 3.988135e-01
<MEAN> 13
 -1.225865e+01 -8.848522e+00 -4.768738e+00 -3.436932e+00 -2.677809e+00 -8.676773e+00 -3.481803e+00 -8.299009e+00 -4.579193e+00 -2.808090e+00 -6.707059e-01 -1.314974e+00 7.076012e+01
<VARIANCE> 13
 1.523885e+01 1.055378e+01 1.174985e+01 1.278356e+01 1.605105e+01 1.584077e+01 1.887920e+01 2.137168e+01 2.211372e+01 1.739902e+01 1.637225e+01 1.417770e+01 2.904550e+01
<GCONST> 6.029196e+01
<STATE> 4
<NUMMIXES> 2
<MIXTURE> 1 4.948585e-01
<MEAN> 13
 -7.341379e+00 -1.385151e+00 -8.044740e-01 -4.147036e-01 2.579935e+00 -6.293770e-01 1.058452e+00 -2.530913e+00 -3.404811e+00 -8.321573e-01 -5.558718e-01 -1.172708e+00 5.121411e+01
<VARIANCE> 13
 1.246382e+01 1.642221e+01 1.100087e+01 8.629765e+00 1.392200e+01 1.450257e+01 1.793775e+01 2.164530e+01 1.679240e+01 1.659272e+01 1.375194e+01 1.483431e+01 2.367691e+01
<GCONST> 5.914907e+01
<MIXTURE> 2 5.051416e-01
<MEAN> 13
 -5.619104e+00 -7.836949e+00 -1.558597e+00 -3.022785e+00 -2.115363e+00 -5.963758e+00 -3.563012e+00 -6.877944e+00 -3.739324e+00 -1.517139e+00 -1.158300e+00 -2.445421e+00 6.333630e+01
<VARIANCE> 13
 1.471793e+01 3.467012e+01 2.043073e+01 1.544187e+01 3.252833e+01 2.786121e+01 1.870752e+01 2.663202e+01 3.080556e+01 2.061489e+01 2.102545e+01 2.441368e+01 6.924522e+01
<GCONST> 6.583410e+01
<TRANSP> 5
 0.000000e+00 1.000000e+00 0.000000e+00 0.000000e+00 0.000000e+00
 0.000000e+00 9.967670e-01 3.233012e-03 0.000000e+00 0.000000e+00
 0.000000e+00 0.000000e+00 9.675137e-01 3.248628e-02 0.000000e+00
 0.000000e+00 0.000000e+00 0.000000e+00 9.787450e-01 2.125499e-02
 0.000000e+00 0.000000e+00 0.000000e+00 0.000000e+00 0.000000e+00
<ENDHMM>
~h "si"
<BEGINHMM>
<NUMSTATES> 5
<STATE> 2
<NUMMIXES> 2
<MIXTURE> 1 6.427778e-01
<MEAN> 13
 -1.031759e+01 1.166480e+00 1.806739e+00 7.149059e-02 2.716007e+00 1.305436e+00 3.686296e+00 1.642133e+00 1.998557e-01 3.546038e-01 1.129943e+00 -1.340587e+00 4.864167e+01
<VARIANCE> 13
 1.352894e+01 8.820735e+00 7.461869e+00 1.018894e+01 1.093143e+01 1.201641e+01 1.367160e+01 1.535841e+01 1.552773e+01 1.472030e+01 1.372880e+01 1.267245e+01 1.586104e+01
<GCONST> 5.658500e+01
<MIXTURE> 2 3.570847e-01
<MEAN> 13
 -1.197968e+01 -2.250101e+00 1.776732e-02 -1.942940e+00 -6.377954e-01 -2.979125e+00 4.887202e-01 -2.047756e+00 -1.192506e+00 -2.536228e-01 1.297599e+00 -1.150319e+00 5.599961e+01
<VARIANCE> 13
 2.399795e+01 2.801701e+01 2.008003e+01 1.845681e+01 2.108805e+01 1.852491e+01 2.292862e+01 2.232704e+01 2.239149e+01 2.059019e+01 1.981587e+01 1.689715e+01 5.450591e+01
<GCONST> 6.446978e+01
<STATE> 3
<NUMMIXES> 2
<MIXTURE> 1 5.401906e-01
<MEAN> 13
 -5.325293e+00 2.595506e+00 2.102188e+00 -1.710768e+00 4.591912e+00 3.665425e+00 2.907978e+00 5.533921e+00 -4.401466e-01 2.647346e-01 1.595966e+00 -2.420756e+00 4.239047e+01
<VARIANCE> 13
 2.550903e+00 3.153781e+00 4.763802e+00 6.319994e+00 9.019940e+00 9.015417e+00 1.075875e+01 1.208564e+01 1.294710e+01 1.394191e+01 1.175934e+01 1.070147e+01 1.154034e+00
<GCONST> 4.882240e+01
<MIXTURE> 2 4.594289e-01
<MEAN> 13
 -5.284006e+00 1.899707e+00 7.989352e-01 -3.782999e+00 1.188304e+00 3.322856e-01 3.513383e-01 2.982473e+00 -1.370389e+00 -2.358795e-01 4.974674e-01 -3.322389e+00 4.337309e+01
<VARIANCE> 13
 5.472289e+00 5.718188e+00 8.750021e+00 9.784794e+00 1.204901e+01 1.293740e+01 1.444954e+01 1.635936e+01 1.721881e+01 1.760110e+01 1.548960e+01 1.393923e+01 2.773987e+00
<GCONST> 5.440934e+01
<STATE> 4
<NUMMIXES> 2
<MIXTURE> 1 6.009378e-01
<MEAN> 13
 -8.051961e+00 2.222693e+00 1.513490e+00 -8.171120e-01 2.903028e+00 1.996235e+00 3.521114e+00 3.526389e+00 2.726155e-01 3.743672e-01 9.262954e-01 -2.042326e+00 4.534682e+01
<VARIANCE> 13
 6.911806e+00 5.530070e+00 6.795462e+00 8.852814e+00 9.665797e+00 1.076401e+01 1.213921e+01 1.323792e+01 1.410550e+01 1.417392e+01 1.300217e+01 1.187457e+01 3.903771e+00
<GCONST> 5.305658e+01
<MIXTURE> 2 3.987347e-01
<MEAN> 13
 -9.214598e+00 2.344560e-01 4.415646e-01 -2.363411e+00 -2.685784e-01 -1.869051e+00 8.069081e-01 6.053683e-01 -3.155437e-01 1.193580e-01 4.114920e-01 -1.807141e+00 4.887551e+01
<VARIANCE> 13
 1.860300e+01 1.878889e+01 1.371522e+01 1.746552e+01 1.443073e+01 1.682920e+01 1.781666e+01 1.867338e+01 1.950683e+01 1.812833e+01 1.722981e+01 1.551901e+01 1.545118e+01
<GCONST> 6.072207e+01
<TRANSP> 5
 0.000000e+00 1.000000e+00 0.000000e+00 0.000000e+00 0.000000e+00
 0.000000e+00 9.904743e-01 9.525668e-03 0.000000e+00 0.000000e+00
 0.000000e+00 0.000000e+00 9.932899e-01 6.710083e-03 0.000000e+00
 0.000000e+00 0.000000e+00 0.000000e+00 9.890008e-01 1.099920e-02
 0.000000e+00 0.000000e+00 0.000000e+00 0.000000e+00 0.000000e+00
<ENDHMM>
~h "st"
<BEGINHMM>
<NUMSTATES> 5
<STATE> 2
<NUMMIXES> 2
<MIXTURE> 1 5.506778e-01
<MEAN> 13
 -5.035999e+00 8.170087e-02 -3.202454e+00 -4.168473e+00 -7.186641e-01 -7.761351e-01 -1.585763e+00 -4.404258e-01 -2.139354e+00 -9.418470e-01 -8.035107e-01 -2.547425e+00 6.955871e+01
<VARIANCE> 13
 6.846323e+00 6.515431e+00 7.720948e+00 1.005896e+01 1.175214e+01 9.887455e+00 1.126222e+01 1.534882e+01 1.406156e+01 1.327697e+01 1.295102e+01 1.190178e+01 4.117402e+01
<GCONST> 5.593563e+01
<MIXTURE> 2 4.493245e-01
<MEAN> 13
 -5.517491e+00 -9.931301e-01 -3.796164e+00 -6.525799e+00 -2.922636e+00 -3.914373e+00 -5.583900e+00 -3.870832e+00 -5.341619e+00 -3.711211e+00 -2.831694e+00 -3.173517e+00 7.324676e+01
<VARIANCE> 13
 4.529726e+00 8.701035e+00 7.440115e+00 1.113246e+01 1.082891e+01 8.777047e+00 1.113016e+01 1.387103e+01 1.371673e+01 1.222697e+01 1.247165e+01 1.234351e+01 2.382229e+01
<GCONST> 5.490654e+01
<STATE> 3
<NUMMIXES> 2
<MIXTURE> 1 5.732127e-01
<MEAN> 13
 -9.932480e+00 1.000168e+00 7.307960e-01 -1.038227e+00 9.430529e-01 2.085321e-01 2.879108e+00 6.366540e-02 2.887465e-01 3.813670e-02 1.011384e+00 -2.271456e+00 5.213371e+01
<VARIANCE> 13
 1.406648e+01 6.403700e+00 8.877639e+00 1.175862e+01 1.234481e+01 1.301096e+01 1.385804e+01 1.616758e+01 1.757134e+01 1.635912e+01 1.439004e+01 1.326440e+01 1.138869e+01
<GCONST> 5.687739e+01
<MIXTURE> 2 4.268132e-01
<MEAN> 13
 -9.722288e+00 -1.935527e+00 4.191689e-01 -5.417523e+00 -2.843660e+00 -3.323472e+00 2.923622e-01 -1.792772e+00 -1.723435e+00 -1.284579e+00 3.011315e-01 -2.833721e+00 6.029116e+01
<VARIANCE> 13
 2.021297e+01 2.154413e+01 1.429906e+01 1.926408e+01 1.783875e+01 2.232723e+01 2.333432e+01 2.257201e+01 2.352785e+01 2.152267e+01 1.830555e+01 1.590276e+01 4.629639e+01
<GCONST> 6.357714e+01
<STATE> 4
<NUMMIXES> 2
<MIXTURE> 1 6.819323e-01
<MEAN> 13
 -3.880796e+00 -7.226534e-02 -1.104121e+00 -4.188196e+00 -2.025722e+00 1.280661e+00 5.588169e-01 -1.249075e+00 -2.126263e-01 -6.237697e-01 -1.324635e+00 -3.339241e+00 5.399682e+01
<VARIANCE> 13
 2.088279e+01 2.679667e+01 1.887926e+01 1.879073e+01 2.233176e+01 2.088532e+01 2.088487e+01 2.272580e+01 2.839739e+01 2.275727e+01 2.444847e+01 1.791826e+01 3.216753e+01
<GCONST> 6.442314e+01
<MIXTURE> 2 3.180838e-01
<MEAN> 13
 -1.272425e+00 -3.265294e+00 1.465003e+00 -1.748520e+01 -2.181499e+00 -9.011827e+00 -6.862243e+00 -4.668847e+00 -1.103913e+00 -4.949162e+00 -9.927534e+00 -1.244183e+00 6.336095e+01
<VARIANCE> 13
 2.887661e+01 3.187355e+01 8.038210e+01 4.955534e+01 5.237424e+01 5.185981e+01 5.360164e+01 5.772307e+01 4.333216e+01 3.855252e+01 3.204982e+01 3.491747e+01 1.565558e+01
<GCONST> 7.214331e+01
<TRANSP> 5
 0.000000e+00 1.000000e+00 0.000000e+00 0.000000e+00 0.000000e+00
 0.000000e+00 9.710848e-01 2.891521e-02 0.000000e+00 0.000000e+00
 0.000000e+00 0.000000e+00 9.916782e-01 8.321773e-03 0.000000e+00
 0.000000e+00 0.000000e+00 0.000000e+00 9.460440e-01 5.395595e-02
 0.000000e+00 0.000000e+00 0.000000e+00 0.000000e+00 0.000000e+00
<ENDHMM>
~h "spe"
<BEGINHMM>
<NUMSTATES> 5
<STATE> 2
<NUMMIXES> 2
<MIXTURE> 1 6.845486e-01
<MEAN> 13
 -2.573185e+00 -4.989240e+00 -3.570343e+00 -3.156705e+00 3.126669e+00 5.510795e+00 5.601559e+00 1.527616e+00 -6.516929e-01 1.722528e+00 1.993990e+00 -2.352692e+00 4.933807e+01
<VARIANCE> 13
 1.718061e+00 2.533593e+00 4.254777e+00 5.754889e+00 7.758526e+00 9.202505e+00 1.085043e+01 1.158002e+01 1.205080e+01 1.236368e+01 1.185261e+01 1.042089e+01 6.652243e-01
<GCONST> 4.707571e+01
<MIXTURE> 2 3.155139e-01
<MEAN> 13
 -3.165579e+00 -5.619236e+00 -3.572168e+00 -4.803145e+00 4.442178e-01 1.867645e+00 2.277460e+00 -4.500669e-01 -1.628580e+00 -1.282118e-01 5.626528e-02 -3.300032e+00 5.172580e+01
<VARIANCE> 13
 9.180882e+00 1.198136e+01 1.442376e+01 1.892574e+01 1.873892e+01 2.066929e+01 1.548037e+01 2.169250e+01 1.912130e+01 1.811185e+01 1.896439e+01 1.777984e+01 9.211639e+00
<GCONST> 5.986653e+01
<STATE> 3
<NUMMIXES> 2
<MIXTURE> 1 5.826528e-01
<MEAN> 13
 -3.583485e+00 -1.298638e+00 -2.171029e+00 -2.730312e+00 -9.457152e-02 1.775642e+00 3.066045e+00 1.654178e-01 -7.086795e-01 1.031588e+00 7.605926e-03 -3.734876e+00 5.042506e+01
<VARIANCE> 13
 1.512059e+01 1.877398e+01 1.432364e+01 1.220483e+01 2.047227e+01 2.207760e+01 1.893297e+01 2.075460e+01 2.032342e+01 1.994155e+01 1.826801e+01 1.720797e+01 7.971893e+00
<GCONST> 6.062300e+01
<MIXTURE> 2 4.173295e-01
<MEAN> 13
 2.535294e-01 -5.158107e+00 2.545791e+00 -6.501294e+00 -5.862117e+00 -2.161981e+00 -3.543797e+00 -1.520090e+00 -2.697997e+00 -3.039700e-01 -1.629755e+00 -7.171393e+00 5.667208e+01
<VARIANCE> 13
 1.063103e+01 2.807608e+01 4.833305e+01 3.627618e+01 5.365321e+01 4.444038e+01 2.919116e+01 4.489958e+01 3.779073e+01 3.555240e+01 4.080772e+01 3.062462e+01 1.528979e+01
<GCONST> 6.907629e+01
<STATE> 4
<NUMMIXES> 2
<MIXTURE> 1 5.751151e-01
<MEAN> 13
 -6.203985e+00 1.892439e+00 -1.384471e+00 -6.365955e-01 -6.362082e-01 2.280537e+00 4.275498e+00 2.250003e+00 1.330115e+00 2.640609e+00 5.259226e-01 -1.990413e+00 4.674393e+01
<VARIANCE> 13
 1.176666e+01 4.828601e+00 5.928855e+00 8.001737e+00 1.273592e+01 1.328093e+01 1.326858e+01 1.341074e+01 1.491965e+01 1.385006e+01 1.357970e+01 1.252279e+01 7.612399e+00
<GCONST> 5.460081e+01
<MIXTURE> 2 4.248896e-01
<MEAN> 13
 -1.282126e+01 -2.065550e+00 -1.946114e+00 -1.640572e+00 -5.272250e-01 -2.438879e+00 1.395379e+00 -1.869263e+00 -1.230864e+00 1.786988e-01 -1.198085e-01 -8.408467e-01 5.657159e+01
<VARIANCE> 13
 1.947356e+01 2.583909e+01 1.437063e+01 1.348476e+01 1.819499e+01 1.933905e+01 2.235155e+01 1.979112e+01 1.703028e+01 1.702876e+01 1.728183e+01 1.539097e+01 3.376736e+01
<GCONST> 6.210832e+01
<TRANSP> 5
 0.000000e+00 1.000000e+00 0.000000e+00 0.000000e+00 0.000000e+00
 0.000000e+00 9.965353e-01 3.464646e-03 0.000000e+00 0.000000e+00
 0.000000e+00 0.000000e+00 9.976745e-01 2.325458e-03 0.000000e+00
 0.000000e+00 0.000000e+00 0.000000e+00 9.974942e-01 2.505818e-03
 0.000000e+00 0.000000e+00 0.000000e+00 0.000000e+00 0.000000e+00
<ENDHMM>
