~o
<STREAMINFO> 1 13
<VECSIZE> 13<NULLD><MFCC_0><DIAGC>
~h "ap"
<BEGINHMM>
<NUMSTATES> 5
<STATE> 2
<MEAN> 13
 -4.932498e+00 -2.855291e+00 -2.643102e+00 -2.231941e+00 1.019362e+00 2.456384e+00 3.003740e+00 1.709760e-01 -1.101449e+00 5.648663e-01 6.987907e-01 -2.770859e+00 5.025772e+01
<VARIANCE> 13
 1.327926e+01 1.316159e+01 8.882607e+00 9.722250e+00 1.281259e+01 1.935353e+01 2.615918e+01 1.846387e+01 1.609676e+01 1.879087e+01 1.458818e+01 1.725356e+01 1.898993e+01
<GCONST> 5.939187e+01
<STATE> 3
<MEAN> 13
 -5.649845e+00 -1.398743e+00 -2.419805e+00 -1.787165e+00 9.829805e-01 3.090200e+00 4.114210e+00 1.218238e+00 -4.509534e-01 1.300222e+00 8.725085e-01 -2.165065e+00 4.841629e+01
<VARIANCE> 13
 1.269255e+01 1.463773e+01 7.417207e+00 9.078422e+00 1.190150e+01 1.540425e+01 1.812378e+01 1.475943e+01 1.363297e+01 1.579326e+01 1.263796e+01 1.276140e+01 1.911223e+01
<GCONST> 5.753267e+01
<STATE> 4
<MEAN> 13
 -8.767021e+00 -1.102731e+01 -3.950718e+00 1.883039e+00 -8.941548e-01 -4.713648e+00 1.791573e+00 -1.767084e+00 -3.530617e+00 -1.218515e+00 3.816936e-01 -2.136371e+00 6.010835e+01
<VARIANCE> 13
 2.045712e+01 7.115406e+01 3.643595e+01 2.360112e+01 3.343484e+01 3.946541e+01 3.140496e+01 3.462188e+01 2.644328e+01 2.512041e+01 2.134442e+01 1.696035e+01 1.577792e+02
<GCONST> 6.956046e+01
<TRANSP> 5
 0.000000e+00 1.000000e+00 0.000000e+00 0.000000e+00 0.000000e+00
 0.000000e+00 9.779577e-01 2.204233e-02 0.000000e+00 0.000000e+00
 0.000000e+00 0.000000e+00 9.886613e-01 1.133874e-02 0.000000e+00
 0.000000e+00 0.000000e+00 0.000000e+00 9.955820e-01 4.417939e-03
 0.000000e+00 0.000000e+00 0.000000e+00 0.000000e+00 0.000000e+00
<ENDHMM>
~h "cl"
<BEGINHMM>
<NUMSTATES> 5
<STATE> 2
<MEAN> 13
 -1.232617e+01 -4.707285e+00 1.834579e+00 -4.407740e+00 -2.264093e+00 3.100886e+00 -1.779292e-02 -1.877752e+00 5.072464e-01 -6.192053e-01 -2.605114e+00 -1.437188e+00 5.778404e+01
<VARIANCE> 13
 7.081211e+01 4.164615e+01 4.152746e+01 1.927617e+01 6.740923e+01 7.003255e+01 5.304948e+01 5.993701e+01 6.082729e+01 4.997078e+01 3.915644e+01 7.570258e+01 5.163396e+01
<GCONST> 7.504916e+01
<STATE> 3
<MEAN> 13
 -1.516251e+01 -1.447544e+00 4.087888e-01 -4.969222e+00 -1.628653e+00 7.293825e+00 -1.091024e+00 -2.215206e+00 4.194555e+00 -3.373724e+00 -3.629732e+00 3.214164e+00 5.845757e+01
<VARIANCE> 13
 6.855352e+01 4.126624e+01 2.589380e+01 1.796618e+01 5.701618e+01 7.767890e+01 4.571254e+01 5.765560e+01 4.686569e+01 3.557474e+01 3.617050e+01 6.568963e+01 3.062822e+01
<GCONST> 7.286937e+01
<STATE> 4
<MEAN> 13
 -1.899193e+01 9.447051e-01 5.765523e+00 -3.163881e+00 -4.545727e+00 7.855158e+00 1.640644e+00 -4.263019e+00 2.631510e+00 2.958256e+00 -9.168881e+00 4.110788e+00 5.507041e+01
<VARIANCE> 13
 6.803667e+01 1.142922e+01 2.099556e+01 2.341639e+01 4.871263e+01 6.044871e+01 2.644533e+01 6.906989e+01 3.479336e+01 4.225258e+01 5.310789e+01 3.680526e+01 4.740002e+01
<GCONST> 7.097398e+01
<TRANSP> 5
 0.000000e+00 1.000000e+00 0.000000e+00 0.000000e+00 0.000000e+00
 0.000000e+00 9.462277e-01 5.377233e-02 0.000000e+00 0.000000e+00
 0.000000e+00 0.000000e+00 9.876372e-01 1.236283e-02 0.000000e+00
 0.000000e+00 0.000000e+00 0.000000e+00 9.951552e-01 4.844801e-03
 0.000000e+00 0.000000e+00 0.000000e+00 0.000000e+00 0.000000e+00
<ENDHMM>
~h "cm"
<BEGINHMM>
<NUMSTATES> 5
<STATE> 2
<MEAN> 13
 -8.312260e+00 2.326454e-01 -2.001667e+00 -3.765765e+00 -2.912133e-01 -6.030810e-01 -1.884327e+00 -1.594479e+00 -3.369025e+00 -1.685413e+00 -5.622963e-03 -2.214219e+00 6.109067e+01
<VARIANCE> 13
 2.242167e+01 1.273592e+01 1.226242e+01 1.338569e+01 1.461734e+01 1.534798e+01 1.888021e+01 2.001973e+01 1.924752e+01 1.698136e+01 1.804757e+01 1.423641e+01 7.608284e+01
<GCONST> 6.166574e+01
<STATE> 3
<MEAN> 13
 -7.741201e+00 1.774334e+00 -2.237525e-01 -2.206221e+00 1.099603e+00 3.852257e-01 9.516366e-01 4.720579e-01 -1.519045e+00 -7.338293e-01 7.398340e-01 -2.433426e+00 5.042674e+01
<VARIANCE> 13
 1.659430e+01 8.284424e+00 9.016867e+00 1.167024e+01 1.238527e+01 1.427358e+01 1.849003e+01 1.945837e+01 1.764595e+01 1.525530e+01 1.516187e+01 1.345183e+01 3.121752e+01
<GCONST> 5.888672e+01
<STATE> 4
<MEAN> 13
 -6.922503e+00 -1.753855e+00 -2.290729e+00 -3.754256e+00 -6.986725e-01 5.656747e-01 2.469944e+00 6.698204e-01 -3.272128e-01 6.887442e-01 6.911989e-01 -2.595966e+00 5.302503e+01
<VARIANCE> 13
 1.781830e+01 1.637824e+01 1.328663e+01 1.550752e+01 1.780818e+01 2.145683e+01 1.891330e+01 1.922636e+01 1.846816e+01 1.720218e+01 1.569063e+01 1.445528e+01 3.695518e+01
<GCONST> 6.153343e+01
<TRANSP> 5
 0.000000e+00 1.000000e+00 0.000000e+00 0.000000e+00 0.000000e+00
 0.000000e+00 9.876165e-01 1.238341e-02 0.000000e+00 0.000000e+00
 0.000000e+00 0.000000e+00 9.787320e-01 2.126804e-02 0.000000e+00
 0.000000e+00 0.000000e+00 0.000000e+00 9.963747e-01 3.625249e-03
 0.000000e+00 0.000000e+00 0.000000e+00 0.000000e+00 0.000000e+00
<ENDHMM>
~h "co"
<BEGINHMM>
<NUMSTATES> 5
<STATE> 2
<MEAN> 13
 -5.563126e+00 -4.680466e+00 4.491829e-01 -3.963306e-01 -5.138121e+00 -5.267919e+00 -4.304181e+00 -5.030471e+00 -3.645196e+00 -4.191673e+00 -3.521312e+00 -8.016667e+00 6.225079e+01
<VARIANCE> 13
 1.643391e+01 1.430832e+01 2.635880e+01 2.512357e+01 5.563465e+01 4.188584e+01 4.882298e+01 5.167355e+01 4.266862e+01 3.650676e+01 3.846855e+01 3.663651e+01 9.193583e+01
<GCONST> 7.055804e+01
<STATE> 3
<MEAN> 13
 -3.634514e+00 -3.276146e+00 1.604434e+00 -7.076444e-02 -2.157733e+00 -3.282144e+00 -2.137030e+00 -6.426824e+00 -4.206832e+00 -1.698950e+00 -1.422279e+00 -6.282289e+00 5.572532e+01
<VARIANCE> 13
 1.584875e+01 1.688320e+01 2.086649e+01 2.412317e+01 3.572517e+01 3.723296e+01 3.758549e+01 6.135328e+01 3.272948e+01 2.667178e+01 2.336339e+01 2.319126e+01 6.597569e+01
<GCONST> 6.789556e+01
<STATE> 4
<MEAN> 13
 -5.250684e+00 1.295231e+00 1.144101e+00 -1.655965e+00 2.262668e+00 2.242297e+00 2.352227e+00 3.445288e+00 -5.149272e-01 4.415966e-01 8.524836e-01 -2.810535e+00 4.422776e+01
<VARIANCE> 13
 6.536071e+00 9.505660e+00 9.735842e+00 1.062228e+01 1.537643e+01 1.600796e+01 1.536730e+01 1.931834e+01 1.651554e+01 1.603909e+01 1.442884e+01 1.335507e+01 1.041097e+01
<GCONST> 5.704293e+01
<TRANSP> 5
 0.000000e+00 1.000000e+00 0.000000e+00 0.000000e+00 0.000000e+00
 0.000000e+00 9.852570e-01 1.474305e-02 0.000000e+00 0.000000e+00
 0.000000e+00 0.000000e+00 9.536694e-01 4.633063e-02 0.000000e+00
 0.000000e+00 0.000000e+00 0.000000e+00 9.957686e-01 4.231395e-03
 0.000000e+00 0.000000e+00 0.000000e+00 0.000000e+00 0.000000e+00
<ENDHMM>
~h "ds"
<BEGINHMM>
<NUMSTATES> 5
<STATE> 2
<MEAN> 13
 -8.222095e+00 2.482369e+00 3.494741e+00 2.769490e+00 4.673976e+00 1.915720e+00 4.967859e+00 -5.321773e-01 1.362113e+00 4.350646e-01 2.251405e+00 -1.049585e+00 5.675735e+01
<VARIANCE> 13
 1.846517e+01 1.208229e+01 1.671319e+01 1.697944e+01 2.023695e+01 1.991888e+01 2.099746e+01 2.055012e+01 2.002087e+01 1.807156e+01 1.689762e+01 1.563799e+01 7.281609e+01
<GCONST> 6.277061e+01
<STATE> 3
<MEAN> 13
 -6.034222e+00 1.299909e+00 8.459166e-01 -1.221669e-01 2.210462e+00 2.292020e+00 4.510943e+00 1.397205e+00 1.171808e+00 1.647607e+00 1.867827e+00 -2.034556e+00 4.955500e+01
<VARIANCE> 13
 1.299455e+01 7.887432e+00 9.157460e+00 1.086067e+01 1.706115e+01 1.857918e+01 1.780370e+01 2.062078e+01 1.751106e+01 1.715215e+01 1.610693e+01 1.386802e+01 2.162358e+01
<GCONST> 5.897405e+01
<STATE> 4
<MEAN> 13
 -8.676321e+00 -2.089659e+00 -1.994223e+00 -2.867682e+00 -2.100240e-01 1.259916e+00 3.253777e+00 -1.500951e-01 -1.537828e-01 1.083582e+00 1.866930e+00 -1.992363e+00 5.555894e+01
<VARIANCE> 13
 4.468765e+01 1.463776e+01 1.252541e+01 1.450400e+01 1.760071e+01 2.630249e+01 2.155704e+01 2.174813e+01 1.921910e+01 1.854501e+01 1.720569e+01 1.512039e+01 4.579384e+01
<GCONST> 6.312727e+01
<TRANSP> 5
 0.000000e+00 1.000000e+00 0.000000e+00 0.000000e+00 0.000000e+00
 0.000000e+00 9.825376e-01 1.746245e-02 0.000000e+00 0.000000e+00
 0.000000e+00 0.000000e+00 9.817936e-01 1.820646e-02 0.000000e+00
 0.000000e+00 0.000000e+00 0.000000e+00 9.944780e-01 5.521941e-03
 0.000000e+00 0.000000e+00 0.000000e+00 0.000000e+00 0.000000e+00
<ENDHMM>
~h "kj"
<BEGINHMM>
<NUMSTATES> 5
<STATE> 2
<MEAN> 13
 -1.743498e+01 1.856161e+00 1.376093e+00 -4.437596e+00 -4.949471e+00 8.002308e+00 6.808984e-01 -2.274074e+00 6.041946e+00 -2.036071e+00 -3.510624e+00 3.624810e+00 5.620820e+01
<VARIANCE> 13
 7.622311e+01 2.620400e+01 2.277182e+01 1.946035e+01 2.049910e+01 6.486509e+01 2.532592e+01 2.162959e+01 3.725605e+01 2.557670e+01 2.186847e+01 3.507716e+01 3.889080e+01
<GCONST> 6.824731e+01
<STATE> 3
<MEAN> 13
 -9.945311e+00 -2.418854e+00 -3.176574e+00 -1.675606e+00 -2.027023e+00 1.912156e+00 1.334935e+00 -1.769374e+00 1.135630e+00 4.129202e-01 -1.369532e+00 -1.435839e-01 5.549113e+01
<VARIANCE> 13
 4.246994e+01 3.557624e+01 2.104196e+01 1.636712e+01 2.200132e+01 4.255584e+01 3.552473e+01 2.713294e+01 2.935178e+01 1.928993e+01 1.972376e+01 2.836792e+01 5.828078e+01
<GCONST> 6.749886e+01
<STATE> 4
<MEAN> 13
 -1.623400e+01 2.076887e+00 1.240760e-01 3.754008e-01 -2.005623e+00 5.854616e-01 3.916649e+00 8.182836e-01 -1.525501e+00 2.324345e+00 7.727363e-01 -2.140266e+00 5.337016e+01
<VARIANCE> 13
 6.954048e+01 2.841216e+01 1.841063e+01 2.106689e+01 1.772862e+01 2.435969e+01 3.215834e+01 2.305388e+01 2.249505e+01 2.438889e+01 1.670609e+01 1.728623e+01 3.899279e+01
<GCONST> 6.575486e+01
<TRANSP> 5
 0.000000e+00 1.000000e+00 0.000000e+00 0.000000e+00 0.000000e+00
 0.000000e+00 9.802787e-01 1.972132e-02 0.000000e+00 0.000000e+00
 0.000000e+00 0.000000e+00 9.432333e-01 5.676677e-02 0.000000e+00
 0.000000e+00 0.000000e+00 0.000000e+00 9.968564e-01 3.143640e-03
 0.000000e+00 0.000000e+00 0.000000e+00 0.000000e+00 0.000000e+00
<ENDHMM>
~h "kn"
<BEGINHMM>
<NUMSTATES> 5
<STATE> 2
<MEAN> 13
 -4.735121e+00 8.689902e-01 -2.062269e-02 -5.488543e-01 2.371864e+00 -4.436305e-01 2.469499e+00 -2.304190e+00 3.981875e-01 -3.072132e-01 1.583403e+00 -1.946092e+00 5.670525e+01
<VARIANCE> 13
 4.747270e+01 1.127682e+01 2.000436e+01 1.452632e+01 2.131734e+01 2.213029e+01 2.263084e+01 2.970146e+01 2.434049e+01 2.291139e+01 1.842961e+01 1.996425e+01 1.093118e+02
<GCONST> 6.544008e+01
<STATE> 3
<MEAN> 13
 1.193074e+00 5.470339e-01 -7.541789e-01 7.399206e-01 4.409478e+00 2.887837e-01 2.330237e+00 -2.284203e+00 -9.254129e-01 -7.154489e-01 1.043977e+00 -2.148407e+00 5.600018e+01
<VARIANCE> 13
 5.577288e+01 1.377635e+01 1.503337e+01 1.463161e+01 2.169489e+01 2.121007e+01 2.146551e+01 2.837552e+01 2.031154e+01 2.070757e+01 1.690813e+01 1.640445e+01 6.904662e+01
<GCONST> 6.437545e+01
<STATE> 4
<MEAN> 13
 -4.598153e+00 1.786709e+00 -6.881685e-01 -1.492643e+00 -1.001397e+00 1.320131e+00 2.529449e+00 5.379246e-01 2.254398e-01 1.426461e+00 1.157647e+00 -2.368268e+00 4.847684e+01
<VARIANCE> 13
 2.780005e+01 1.425430e+01 1.105760e+01 1.137124e+01 1.934623e+01 1.720542e+01 1.886529e+01 2.068421e+01 1.955526e+01 1.764594e+01 1.715441e+01 1.498529e+01 3.359050e+01
<GCONST> 6.139043e+01
<TRANSP> 5
 0.000000e+00 1.000000e+00 0.000000e+00 0.000000e+00 0.000000e+00
 0.000000e+00 9.718544e-01 2.814559e-02 0.000000e+00 0.000000e+00
 0.000000e+00 0.000000e+00 9.876971e-01 1.230289e-02 0.000000e+00
 0.000000e+00 0.000000e+00 0.000000e+00 9.868627e-01 1.313728e-02
 0.000000e+00 0.000000e+00 0.000000e+00 0.000000e+00 0.000000e+00
<ENDHMM>
~h "kt"
<BEGINHMM>
<NUMSTATES> 5
<STATE> 2
<MEAN> 13
 -9.531187e+00 1.389557e+00 -2.370018e+00 -1.184426e+00 -4.068453e-02 -2.319617e+00 1.179704e+00 9.134045e-02 -8.798093e-01 -5.526584e-01 -5.845989e-01 -2.285042e+00 5.471506e+01
<VARIANCE> 13
 2.090688e+01 1.240140e+01 1.123749e+01 1.377118e+01 1.565793e+01 1.667990e+01 2.286073e+01 2.051994e+01 2.127080e+01 1.903765e+01 1.706628e+01 1.794070e+01 3.206753e+01
<GCONST> 6.140390e+01
<STATE> 3
<MEAN> 13
 -8.860008e+00 2.276376e+00 -1.865156e+00 -3.429830e-01 1.294010e-01 -1.315892e-01 3.089493e+00 1.809101e+00 3.004282e-01 2.522294e-01 2.403871e-01 -2.073157e+00 4.853461e+01
<VARIANCE> 13
 1.324586e+01 1.025056e+01 1.033238e+01 1.138967e+01 1.602044e+01 1.624355e+01 1.716718e+01 1.804447e+01 1.716055e+01 1.784991e+01 1.499095e+01 1.329754e+01 1.600134e+01
<GCONST> 5.866112e+01
<STATE> 4
<MEAN> 13
 -8.667527e+00 -2.822640e+00 -4.406008e+00 -2.336638e+00 1.348148e+00 2.031066e+00 4.296682e+00 2.481106e-01 -4.411950e-01 7.494853e-01 1.110789e+00 -1.564286e+00 5.397154e+01
<VARIANCE> 13
 2.381395e+01 1.185450e+01 9.248137e+00 1.025581e+01 1.229354e+01 1.973173e+01 1.670814e+01 1.746116e+01 1.632031e+01 1.500217e+01 1.390679e+01 1.268165e+01 2.489001e+01
<GCONST> 5.914243e+01
<TRANSP> 5
 0.000000e+00 1.000000e+00 0.000000e+00 0.000000e+00 0.000000e+00
 0.000000e+00 9.516404e-01 4.835956e-02 0.000000e+00 0.000000e+00
 0.000000e+00 0.000000e+00 9.966175e-01 3.382484e-03 0.000000e+00
 0.000000e+00 0.000000e+00 0.000000e+00 9.980884e-01 1.911539e-03
 0.000000e+00 0.000000e+00 0.000000e+00 0.000000e+00 0.000000e+00
<ENDHMM>
~h "pr"
<BEGINHMM>
<NUMSTATES> 5
<STATE> 2
<MEAN> 13
 -9.767329e+00 -4.812271e+00 2.922081e+00 -4.281035e+00 -7.565094e-01 9.945753e-01 2.325364e+00 2.304695e+00 1.493789e+00 1.070192e+00 6.053185e-01 -5.630437e+00 5.365791e+01
<VARIANCE> 13
 7.040859e+01 5.372039e+01 3.291404e+01 7.944840e+01 5.951993e+01 4.628905e+01 4.232254e+01 4.687982e+01 5.637010e+01 3.618830e+01 3.304501e+01 7.942559e+01 3.440816e+01
<GCONST> 7.454530e+01
<STATE> 3
<MEAN> 13
 -1.499504e+01 -9.763030e+00 4.167515e+00 -5.901176e+00 5.474655e+00 2.018954e+00 2.409029e+00 4.345885e+00 3.182183e-01 -2.870791e+00 9.624404e-01 1.219950e+00 5.676178e+01
<VARIANCE> 13
 5.383020e+01 4.161059e+01 4.320288e+01 5.190360e+01 7.657214e+01 1.184597e+02 4.378065e+01 6.479569e+01 5.132140e+01 4.416602e+01 6.252827e+01 6.487408e+01 2.816768e+01
<GCONST> 7.575742e+01
<STATE> 4
<MEAN> 13
 -1.478045e+01 2.014752e+00 1.159684e+01 -1.126561e+01 4.069699e+00 6.333616e+00 -2.869597e+00 2.174804e-01 6.022273e+00 -2.967880e+00 -6.101994e+00 6.074605e+00 5.024046e+01
<VARIANCE> 13
 4.908122e+01 1.863061e+01 5.678255e+01 6.113258e+01 2.662523e+01 8.527097e+01 2.896904e+01 6.138357e+01 6.128196e+01 4.285114e+01 4.051834e+01 4.307650e+01 2.444169e+01
<GCONST> 7.260826e+01
<TRANSP> 5
 0.000000e+00 1.000000e+00 0.000000e+00 0.000000e+00 0.000000e+00
 0.000000e+00 9.117048e-01 8.829515e-02 0.000000e+00 0.000000e+00
 0.000000e+00 0.000000e+00 9.887470e-01 1.125299e-02 0.000000e+00
 0.000000e+00 0.000000e+00 0.000000e+00 9.940879e-01 5.912066e-03
 0.000000e+00 0.000000e+00 0.000000e+00 0.000000e+00 0.000000e+00
<ENDHMM>
~h "pw"
<BEGINHMM>
<NUMSTATES> 5
<STATE> 2
<MEAN> 13
 -1.328708e+01 -5.175256e+00 -1.350948e+00 -2.558019e+00 -2.183041e+00 -4.391564e+00 -6.188443e-01 -3.158241e+00 -1.633340e+00 -9.280317e-01 2.931326e-02 -2.343359e+00 6.573056e+01
<VARIANCE> 13
 4.943017e+01 2.823775e+01 1.842150e+01 2.233916e+01 4.031335e+01 3.073215e+01 2.548971e+01 2.746878e+01 1.977332e+01 2.114079e+01 2.408390e+01 2.405654e+01 7.960328e+01
<GCONST> 6.760134e+01
<STATE> 3
<MEAN> 13
 -1.231753e+01 -9.953053e+00 -1.688502e+00 -2.561584e+00 1.453518e+00 -6.146232e+00 -1.031692e+00 -3.892992e+00 -1.305892e+00 -2.765902e+00 -2.075706e+00 -3.066486e-01 6.506249e+01
<VARIANCE> 13
 3.782692e+01 2.182176e+01 2.250819e+01 2.443744e+01 8.189680e+01 5.025156e+01 4.783627e+01 5.485814e+01 4.071915e+01 2.780651e+01 3.774039e+01 5.258287e+01 4.093876e+01
<GCONST> 7.145052e+01
<STATE> 4
<MEAN> 13
 -8.944429e+00 -6.847820e+00 -2.852116e+00 -2.523794e+00 -5.785733e-01 -2.751215e+00 2.681590e+00 -1.561713e+00 -2.477995e+00 -9.139598e-01 -2.471866e-01 -2.762336e+00 5.832550e+01
<VARIANCE> 13
 3.802210e+01 3.364103e+01 3.635786e+01 2.091813e+01 5.963291e+01 3.773399e+01 6.976506e+01 4.258691e+01 2.947562e+01 2.258657e+01 2.123151e+01 2.381589e+01 7.882711e+01
<GCONST> 7.048981e+01
<TRANSP> 5
 0.000000e+00 1.000000e+00 0.000000e+00 0.000000e+00 0.000000e+00
 0.000000e+00 9.091432e-01 9.085678e-02 0.000000e+00 0.000000e+00
 0.000000e+00 0.000000e+00 9.786930e-01 2.130694e-02 0.000000e+00
 0.000000e+00 0.000000e+00 0.000000e+00 9.949135e-01 5.086500e-03
 0.000000e+00 0.000000e+00 0.000000e+00 0.000000e+00 0.000000e+00
<ENDHMM>
~h "si"
<BEGINHMM>
<NUMSTATES> 5
<STATE> 2
<MEAN> 13
 -7.833004e+00 1.714239e+00 3.658534e+00 6.939953e-01 3.010969e+00 1.376457e+00 1.126190e+00 -1.137163e+00 -4.143162e-01 -2.151940e+00 8.311179e-01 -1.374348e+00 5.325053e+01
<VARIANCE> 13
 2.429017e+01 2.481653e+01 2.470891e+01 2.379904e+01 2.615327e+01 3.477494e+01 3.208395e+01 2.647538e+01 3.828731e+01 3.511654e+01 2.529217e+01 2.004187e+01 7.583228e+01
<GCONST> 6.798887e+01
<STATE> 3
<MEAN> 13
 -6.560403e+00 2.659122e+00 3.827111e+00 3.617030e-01 3.378833e+00 1.991872e+00 2.438211e+00 5.898805e-01 -1.042838e+00 -5.796506e-01 -2.208998e-01 -2.389109e+00 4.798020e+01
<VARIANCE> 13
 2.308200e+01 1.417500e+01 1.597587e+01 1.652833e+01 2.498655e+01 2.252967e+01 2.434850e+01 3.006118e+01 2.105856e+01 2.707575e+01 2.102361e+01 1.678010e+01 2.923472e+01
<GCONST> 6.377511e+01
<STATE> 4
<MEAN> 13
 -8.826277e+00 1.018002e+00 1.267416e+00 -1.507388e+00 2.093489e+00 6.040199e-01 2.200903e+00 2.089678e+00 -4.639607e-01 2.081279e-01 9.868264e-01 -1.894073e+00 4.756997e+01
<VARIANCE> 13
 1.929580e+01 1.331381e+01 9.696174e+00 1.278237e+01 1.515066e+01 1.811323e+01 1.698760e+01 2.211026e+01 1.715357e+01 1.673980e+01 1.525210e+01 1.414203e+01 3.505978e+01
<GCONST> 6.039502e+01
<TRANSP> 5
 0.000000e+00 1.000000e+00 0.000000e+00 0.000000e+00 0.000000e+00
 0.000000e+00 8.823584e-01 1.176416e-01 0.000000e+00 0.000000e+00
 0.000000e+00 0.000000e+00 8.682389e-01 1.317611e-01 0.000000e+00
 0.000000e+00 0.000000e+00 0.000000e+00 9.970601e-01 2.939858e-03
 0.000000e+00 0.000000e+00 0.000000e+00 0.000000e+00 0.000000e+00
<ENDHMM>
~h "st"
<BEGINHMM>
<NUMSTATES> 5
<STATE> 2
<MEAN> 13
 -8.478004e+00 -1.106668e+00 -2.839581e+00 -5.394828e+00 -1.886970e+00 -2.710271e+00 -2.171728e+00 -3.058374e+00 -3.107951e+00 -1.957570e+00 -3.778225e-01 -2.424772e+00 6.911516e+01
<VARIANCE> 13
 2.227357e+01 1.305094e+01 1.433687e+01 1.851833e+01 1.673884e+01 1.727051e+01 2.638745e+01 1.902649e+01 2.340210e+01 1.945922e+01 2.285542e+01 1.564804e+01 6.211460e+01
<GCONST> 6.316138e+01
<STATE> 3
<MEAN> 13
 -9.567470e+00 2.610576e+00 2.166747e+00 1.209157e+00 1.973546e+00 -2.574657e-01 1.856757e+00 -2.991679e+00 -1.463844e-01 -9.171574e-01 1.085321e+00 -8.115398e-01 7.059373e+01
<VARIANCE> 13
 2.476475e+01 2.850656e+01 2.264770e+01 3.564049e+01 2.219293e+01 2.090155e+01 3.544065e+01 1.692319e+01 2.854720e+01 2.265406e+01 2.349277e+01 1.714139e+01 1.230410e+02
<GCONST> 6.696424e+01
<STATE> 4
<MEAN> 13
 -1.145897e+01 -4.336578e+00 -2.295620e+00 -4.637195e+00 -1.035785e+00 3.600915e+00 2.385790e+00 -2.222754e+00 -3.811597e-02 -2.127889e+00 -1.986672e-01 9.560568e-01 5.951955e+01
<VARIANCE> 13
 8.166103e+01 4.809770e+01 2.908864e+01 3.826403e+01 2.762882e+01 8.976269e+01 4.239201e+01 3.182947e+01 6.396605e+01 2.886893e+01 4.785830e+01 3.953540e+01 6.281958e+01
<GCONST> 7.341328e+01
<TRANSP> 5
 0.000000e+00 1.000000e+00 0.000000e+00 0.000000e+00 0.000000e+00
 0.000000e+00 9.789838e-01 2.101625e-02 0.000000e+00 0.000000e+00
 0.000000e+00 0.000000e+00 9.052320e-01 9.476811e-02 0.000000e+00
 0.000000e+00 0.000000e+00 0.000000e+00 9.876011e-01 1.239885e-02
 0.000000e+00 0.000000e+00 0.000000e+00 0.000000e+00 0.000000e+00
<ENDHMM>
~h "spe"
<BEGINHMM>
<NUMSTATES> 5
<STATE> 2
<MEAN> 13
 -4.789415e+00 -3.368964e+00 -1.776797e+00 -4.219434e+00 2.043709e-01 1.687343e+00 4.085536e+00 1.652238e+00 1.004349e-01 1.386374e+00 6.165028e-01 -3.602976e+00 5.249183e+01
<VARIANCE> 13
 2.809691e+01 3.020071e+01 1.658993e+01 2.472412e+01 3.041495e+01 2.795451e+01 3.076911e+01 3.103141e+01 2.345703e+01 2.458691e+01 2.173702e+01 2.181758e+01 3.172561e+01
<GCONST> 6.623576e+01
<STATE> 3
<MEAN> 13
 -2.928799e+00 -3.665818e+00 -3.413039e-01 -4.388100e+00 -3.714465e+00 -9.283870e-01 5.501848e-01 -8.675423e-01 -1.453033e+00 3.960081e-01 -3.793491e-01 -5.404922e+00 5.493110e+01
<VARIANCE> 13
 3.249419e+01 3.010548e+01 3.646854e+01 2.683041e+01 4.352884e+01 3.842248e+01 4.787386e+01 3.609687e+01 3.182323e+01 2.965058e+01 3.298310e+01 2.734985e+01 2.513017e+01
<GCONST> 6.941945e+01
<STATE> 4
<MEAN> 13
 -7.756898e+00 -6.320663e-01 -1.987292e+00 -1.612145e+00 -1.775977e-01 1.320910e+00 3.408706e+00 5.443239e-01 3.577103e-02 1.415739e+00 3.113784e-01 -2.050256e+00 5.081461e+01
<VARIANCE> 13
 2.955194e+01 1.777884e+01 1.056772e+01 1.122313e+01 1.747173e+01 2.487270e+01 1.948014e+01 1.974272e+01 1.867113e+01 1.754628e+01 1.611814e+01 1.573206e+01 3.282570e+01
<GCONST> 6.177755e+01
<TRANSP> 5
 0.000000e+00 1.000000e+00 0.000000e+00 0.000000e+00 0.000000e+00
 0.000000e+00 9.875032e-01 1.249681e-02 0.000000e+00 0.000000e+00
 0.000000e+00 0.000000e+00 9.960901e-01 3.909898e-03 0.000000e+00
 0.000000e+00 0.000000e+00 0.000000e+00 9.983540e-01 1.646024e-03
 0.000000e+00 0.000000e+00 0.000000e+00 0.000000e+00 0.000000e+00
<ENDHMM>
