~o
<STREAMINFO> 1 39
<VECSIZE> 39<NULLD><MFCC_D_A_0><DIAGC>
~h "ap"
<BEGINHMM>
<NUMSTATES> 5
<STATE> 2
<MEAN> 39
 -1.430821e+01 -8.635050e+00 -3.047853e+00 4.300412e-01 -1.901350e+00 -3.302291e+00 2.562025e+00 -1.466867e+00 -7.165338e-01 -9.734860e-01 -2.351356e-03 -7.491640e-01 6.386860e+01 -5.170451e-01 -8.255043e-01 -4.563831e-01 -8.257091e-02 -4.122780e-01 -6.309795e-01 -2.876437e-01 -3.244900e-01 -2.380258e-01 -1.745315e-01 -8.940478e-02 -7.988517e-02 1.664687e+00 1.169563e-01 7.027070e-02 4.594243e-03 -6.311259e-02 1.097343e-01 1.608680e-01 7.770673e-02 3.266904e-02 2.822600e-02 6.538173e-02 1.353369e-02 -4.870116e-02 -2.590615e-01
<VARIANCE> 39
 4.153254e+01 5.170129e+01 3.197412e+01 2.362377e+01 3.233574e+01 5.528958e+01 2.760266e+01 2.840026e+01 2.297548e+01 2.427831e+01 2.053335e+01 1.669806e+01 1.579632e+02 3.330133e+00 3.602223e+00 1.551426e+00 1.729956e+00 3.031454e+00 4.306684e+00 2.252825e+00 2.242830e+00 2.050000e+00 2.174867e+00 1.855688e+00 1.637952e+00 1.386910e+01 4.984487e-01 5.112760e-01 2.106390e-01 2.938839e-01 5.104898e-01 7.418751e-01 3.660692e-01 3.675949e-01 3.663672e-01 3.931163e-01 3.105017e-01 3.085912e-01 2.196171e+00
<GCONST> 1.196279e+02
<STATE> 3
<MEAN> 39
 -1.204417e+01 -1.592688e+01 -9.805479e+00 1.568112e+00 7.045278e-02 -8.470179e+00 -1.916368e-02 -3.088055e+00 -5.008461e+00 -3.632466e+00 2.794314e-01 -1.321527e+00 7.020394e+01 1.490845e-01 5.904856e-02 8.775125e-02 7.214887e-02 1.672373e-01 1.226078e-01 8.092979e-02 2.882231e-03 -6.014558e-03 5.090781e-03 3.617298e-02 5.328893e-03 -4.152586e-01 5.464515e-04 1.786728e-02 1.965812e-02 2.145327e-02 6.832672e-03 -5.281145e-03 2.270880e-03 1.420188e-02 8.487389e-03 7.193529e-03 5.169863e-03 1.103320e-02 -1.583768e-02
<VARIANCE> 39
 1.511910e+01 1.892026e+01 2.258718e+01 2.333364e+01 2.986734e+01 2.685288e+01 2.601477e+01 2.108749e+01 2.275069e+01 2.369323e+01 1.721054e+01 1.596147e+01 5.971422e+01 4.641343e-01 4.200418e-01 5.936752e-01 8.829064e-01 1.431023e+00 1.504742e+00 1.184582e+00 1.184331e+00 1.519589e+00 1.425191e+00 1.265374e+00 1.755388e+00 3.007665e+00 7.985990e-02 7.217842e-02 1.026048e-01 1.627046e-01 2.687880e-01 3.071201e-01 2.275296e-01 2.259254e-01 3.069462e-01 2.925179e-01 2.479008e-01 3.977475e-01 4.696474e-01
<GCONST> 9.389291e+01
<STATE> 4
<MEAN> 39
 -1.072132e+01 -1.073034e+01 -4.986870e+00 1.005809e+00 3.268688e-01 -4.480100e+00 2.491400e+00 -2.421615e+00 -3.663069e+00 -8.342128e-01 7.658650e-01 -1.426661e+00 6.086357e+01 1.484838e-02 1.277178e-02 5.929726e-03 3.634054e-03 -2.066318e-03 5.479336e-03 2.458338e-03 1.206096e-02 6.546009e-03 5.678863e-03 1.251184e-03 -2.911019e-03 -2.891070e-02 -9.876132e-04 -4.603207e-04 -1.191662e-03 -1.349568e-03 -2.225659e-03 -1.402399e-03 -1.471665e-03 -2.543498e-04 -1.446811e-03 -1.575828e-03 -1.634125e-03 -4.476563e-06 1.896279e-03
<VARIANCE> 39
 2.501220e+01 5.225628e+01 2.722563e+01 2.430924e+01 3.539070e+01 3.813317e+01 2.556469e+01 2.698670e+01 2.488562e+01 2.067148e+01 1.739938e+01 1.469886e+01 1.253578e+02 9.595220e-01 1.212645e+00 7.754882e-01 9.323624e-01 1.644730e+00 1.949074e+00 1.389580e+00 1.439763e+00 1.539890e+00 1.537044e+00 1.387398e+00 1.247161e+00 5.384316e+00 1.515747e-01 1.860052e-01 1.291366e-01 1.746493e-01 3.042704e-01 3.755758e-01 2.643736e-01 2.701580e-01 3.072979e-01 3.179504e-01 2.772656e-01 2.571411e-01 8.060503e-01
<GCONST> 1.031381e+02
<TRANSP> 5
 0.000000e+00 1.000000e+00 0.000000e+00 0.000000e+00 0.000000e+00
 0.000000e+00 9.005148e-01 9.948517e-02 0.000000e+00 0.000000e+00
 0.000000e+00 0.000000e+00 9.796353e-01 2.036468e-02 0.000000e+00
 0.000000e+00 0.000000e+00 0.000000e+00 9.955940e-01 4.406041e-03
 0.000000e+00 0.000000e+00 0.000000e+00 0.000000e+00 0.000000e+00
<ENDHMM>
~h "cl"
<BEGINHMM>
<NUMSTATES> 5
<STATE> 2
<MEAN> 39
 -1.217487e+01 -5.401391e-01 -1.889848e+00 -3.144881e+00 -7.884015e-01 6.893032e+00 3.213301e+00 -7.449465e-01 3.026093e+00 -3.829048e-01 -2.148451e+00 1.585299e+00 5.427806e+01 -1.164410e-01 2.308742e-02 5.414260e-03 -6.862215e-03 -5.757094e-02 5.648767e-02 -2.818656e-02 -7.032504e-02 3.797237e-02 2.975509e-03 -5.206003e-02 3.037651e-02 8.992305e-02 -4.982540e-02 2.447989e-03 9.437027e-03 -3.102499e-03 -2.135949e-02 2.185711e-02 -1.217183e-02 -2.498561e-02 1.704619e-02 1.428344e-03 -3.124196e-02 2.028523e-02 3.466025e-02
<VARIANCE> 39
 3.593571e+01 2.752049e+01 2.395386e+01 1.436060e+01 1.716684e+01 4.795581e+01 1.969143e+01 2.369751e+01 3.144513e+01 2.350797e+01 2.541753e+01 2.486170e+01 4.082057e+01 1.731538e+00 7.480252e-01 6.681055e-01 8.334093e-01 1.310428e+00 1.914058e+00 1.639364e+00 1.821027e+00 2.044252e+00 1.732190e+00 1.767190e+00 1.647930e+00 1.433953e+00 2.488342e-01 1.108597e-01 1.130222e-01 1.482479e-01 2.358795e-01 3.387564e-01 2.935388e-01 3.389207e-01 3.749887e-01 3.390505e-01 3.361903e-01 2.965336e-01 2.054210e-01
<GCONST> 9.995206e+01
<STATE> 3
<MEAN> 39
 -1.942382e+01 2.766551e+00 2.908607e+00 -5.427346e+00 -5.778142e+00 1.077905e+01 -5.167255e-01 -4.101614e+00 8.139320e+00 -2.789648e+00 -5.143727e+00 5.552396e+00 5.746518e+01 -1.692118e-01 2.923328e-03 2.059866e-02 7.760357e-03 -1.818698e-02 5.288239e-02 -8.878911e-03 -4.316216e-02 -2.233794e-02 -3.225092e-02 -6.630789e-02 1.945045e-02 1.384929e-01 4.265443e-02 -4.822071e-03 -3.148044e-03 -5.053891e-03 1.655793e-02 -5.971624e-03 6.146376e-03 1.202051e-02 -1.852899e-02 4.119536e-04 1.130268e-02 -1.634104e-02 -3.062216e-02
<VARIANCE> 39
 4.933178e+01 9.594358e+00 2.185760e+01 1.783635e+01 1.951894e+01 3.785613e+01 2.851515e+01 2.857685e+01 3.102584e+01 3.111072e+01 2.541004e+01 2.088171e+01 2.603908e+01 3.103044e+00 5.580722e-01 8.684651e-01 1.142879e+00 1.534147e+00 2.506401e+00 1.911854e+00 2.160788e+00 2.111126e+00 1.822393e+00 1.781912e+00 1.727235e+00 1.776387e+00 5.421882e-01 1.039968e-01 1.541131e-01 2.257476e-01 2.912253e-01 4.713599e-01 3.709825e-01 4.067010e-01 3.960524e-01 3.654625e-01 3.400067e-01 3.274554e-01 3.157023e-01
<GCONST> 1.044781e+02
<STATE> 4
<MEAN> 39
 -2.152375e+01 1.615255e+00 3.760375e+00 -3.708562e+00 -5.578075e+00 1.128357e+01 1.508136e+00 -5.727918e+00 4.230649e+00 1.775648e+00 -8.705809e+00 4.968446e+00 5.835842e+01 7.481247e-02 -5.775696e-03 -2.556964e-03 -7.549353e-03 7.233798e-03 -1.863087e-02 -6.261751e-03 3.876994e-03 2.665075e-03 9.298434e-06 1.999035e-02 -4.505576e-03 -5.640071e-02 4.492186e-04 3.007613e-04 -1.298586e-03 1.103341e-03 2.401293e-04 -5.239110e-03 -1.096444e-03 2.509560e-03 -1.105229e-04 9.501064e-04 2.535707e-03 -3.197282e-04 -7.538769e-04
<VARIANCE> 39
 4.492331e+01 9.882885e+00 2.854844e+01 1.555823e+01 2.491471e+01 3.173169e+01 2.736744e+01 4.008741e+01 3.512202e+01 3.977828e+01 4.210020e+01 2.671961e+01 2.972689e+01 1.244977e+00 5.013620e-01 9.168193e-01 9.136563e-01 1.236517e+00 1.972940e+00 1.720767e+00 2.217437e+00 2.296779e+00 1.798904e+00 1.619826e+00 1.753992e+00 1.052585e+00 2.291383e-01 9.347557e-02 1.789810e-01 1.829394e-01 2.342899e-01 3.802528e-01 3.342740e-01 4.170367e-01 4.560775e-01 3.573395e-01 3.227573e-01 3.460435e-01 1.959928e-01
<GCONST> 1.020117e+02
<TRANSP> 5
 0.000000e+00 1.000000e+00 0.000000e+00 0.000000e+00 0.000000e+00
 0.000000e+00 9.605952e-01 3.940482e-02 0.000000e+00 0.000000e+00
 0.000000e+00 0.000000e+00 9.800673e-01 1.993281e-02 0.000000e+00
 0.000000e+00 0.000000e+00 0.000000e+00 9.955887e-01 4.411336e-03
 0.000000e+00 0.000000e+00 0.000000e+00 0.000000e+00 0.000000e+00
<ENDHMM>
~h "cm"
<BEGINHMM>
<NUMSTATES> 5
<STATE> 2
<MEAN> 39
 -9.583770e+00 -4.661385e-01 -1.983353e+00 -4.064238e+00 -4.788216e-01 -1.874512e-01 -7.934444e-01 7.642466e-03 -1.805874e+00 -4.499073e-01 5.048383e-01 -2.232481e+00 5.884778e+01 5.223143e-02 -3.719423e-02 -3.662240e-02 -9.307908e-02 -6.776597e-02 -1.000443e-01 -9.556790e-02 -8.990468e-02 -6.834030e-02 -3.868389e-02 -5.738562e-02 1.136615e-02 3.899859e-01 1.233510e-02 4.785647e-04 -1.167856e-02 -2.740701e-03 -4.279328e-04 6.204594e-03 -3.429642e-03 -1.528472e-02 -1.930969e-02 5.055189e-03 1.313074e-02 1.905040e-03 4.933110e-03
<VARIANCE> 39
 2.044007e+01 2.062340e+01 1.439743e+01 1.753593e+01 1.731190e+01 1.909194e+01 2.004106e+01 2.061649e+01 2.017977e+01 1.921722e+01 1.842109e+01 1.472067e+01 5.904572e+01 5.640733e-01 7.450341e-01 8.027756e-01 1.076929e+00 1.243926e+00 1.516460e+00 1.536999e+00 1.605319e+00 1.654566e+00 1.582962e+00 1.526976e+00 1.346791e+00 1.147565e+00 7.828402e-02 1.180071e-01 1.422865e-01 1.868359e-01 2.337168e-01 2.802986e-01 2.881548e-01 2.934945e-01 3.117128e-01 3.087293e-01 2.839674e-01 2.483998e-01 1.420325e-01
<GCONST> 9.261351e+01
<STATE> 3
<MEAN> 39
 -1.241836e+01 -6.750872e-01 -3.469774e+00 -5.267678e+00 -5.025371e-01 2.168054e-01 -2.253386e+00 -6.984076e-01 -3.108476e+00 3.439808e-01 2.420631e+00 -3.831376e-01 6.135865e+01 6.293468e-02 -1.542466e-02 -1.544908e-02 1.546078e-02 4.502486e-03 -2.619764e-03 -1.919027e-02 -2.496814e-02 -2.902011e-02 -3.817782e-02 -5.572514e-02 -2.967086e-02 1.643013e-01 6.602023e-03 3.852947e-03 8.009846e-03 1.199424e-02 5.936446e-03 4.036817e-03 7.899264e-03 5.582882e-03 2.646431e-03 -1.234377e-02 -1.425636e-02 -1.239099e-02 -9.399191e-03
<VARIANCE> 39
 1.302604e+01 1.116015e+01 1.049486e+01 1.160499e+01 1.457803e+01 1.653182e+01 1.734886e+01 1.896442e+01 1.723323e+01 1.689961e+01 2.007563e+01 1.596610e+01 3.008180e+01 2.833780e-01 4.042339e-01 5.535970e-01 7.937177e-01 1.009715e+00 1.238257e+00 1.382724e+00 1.459966e+00 1.439564e+00 1.375146e+00 1.317311e+00 1.249347e+00 3.551954e-01 3.918119e-02 7.003783e-02 1.040955e-01 1.517075e-01 1.998266e-01 2.515419e-01 2.813842e-01 2.961913e-01 2.924827e-01 2.802544e-01 2.611560e-01 2.509446e-01 3.725773e-02
<GCONST> 8.163232e+01
<STATE> 4
<MEAN> 39
 -5.628319e+00 4.474753e-01 -2.626717e+00 -3.823469e+00 -8.114969e-01 -1.409903e+00 -3.139229e+00 -2.506063e+00 -4.137520e+00 -2.549588e+00 -1.628685e+00 -2.882831e+00 6.756301e+01 4.789538e-02 3.523401e-02 4.404345e-02 6.071671e-02 4.891964e-02 3.160805e-02 3.157070e-02 -1.038014e-02 4.421197e-03 2.758417e-03 1.097950e-02 6.031544e-04 -1.904571e-01 -4.291439e-03 -7.246272e-04 -3.060104e-04 -1.511214e-03 -4.126987e-04 8.785765e-04 1.636259e-03 2.457630e-03 3.019211e-03 2.558577e-03 4.102772e-03 4.859434e-03 -9.318951e-03
<VARIANCE> 39
 9.655131e+00 1.055460e+01 1.190314e+01 1.385065e+01 1.440126e+01 1.377884e+01 1.544162e+01 1.738568e+01 1.691561e+01 1.521463e+01 1.472616e+01 1.266735e+01 6.745316e+01 2.027739e-01 2.997663e-01 4.596884e-01 6.870085e-01 8.711416e-01 1.042530e+00 1.166103e+00 1.245926e+00 1.334063e+00 1.319776e+00 1.282345e+00 1.149828e+00 3.144863e-01 3.101797e-02 5.295385e-02 8.637993e-02 1.320034e-01 1.695972e-01 2.071865e-01 2.298759e-01 2.463546e-01 2.675863e-01 2.695705e-01 2.581484e-01 2.327775e-01 2.697117e-02
<GCONST> 7.724229e+01
<TRANSP> 5
 0.000000e+00 1.000000e+00 0.000000e+00 0.000000e+00 0.000000e+00
 0.000000e+00 9.422050e-01 5.779498e-02 0.000000e+00 0.000000e+00
 0.000000e+00 0.000000e+00 9.670172e-01 3.298285e-02 0.000000e+00
 0.000000e+00 0.000000e+00 0.000000e+00 9.861069e-01 1.389315e-02
 0.000000e+00 0.000000e+00 0.000000e+00 0.000000e+00 0.000000e+00
<ENDHMM>
~h "co"
<BEGINHMM>
<NUMSTATES> 5
<STATE> 2
<MEAN> 39
 -6.322450e+00 -6.008357e+00 -3.944169e-02 -9.093162e-01 -1.306134e+01 -6.156424e+00 -4.803646e+00 -5.917870e-01 2.042361e+00 -1.940867e+00 -3.886286e+00 -7.290340e+00 6.194937e+01 -6.148008e-01 -9.581293e-02 3.195755e-01 -4.313872e-01 -6.725699e-01 -9.301283e-01 -2.640308e-01 -7.690757e-01 -1.014406e+00 -1.046453e+00 -4.445066e-01 -3.724202e-01 2.578142e+00 -7.099480e-02 6.985925e-02 -5.014058e-03 4.355234e-02 3.694720e-01 2.064094e-01 1.947907e-01 3.403654e-02 -1.212568e-01 6.466927e-02 1.673762e-01 6.383256e-02 -9.697679e-02
<VARIANCE> 39
 1.816003e+01 3.616566e+01 3.543134e+01 3.905205e+01 9.945575e+01 6.582484e+01 7.969114e+01 6.810786e+01 5.483533e+01 4.388543e+01 5.320216e+01 3.686980e+01 9.867722e+01 1.162289e+00 2.181903e+00 1.847455e+00 1.910894e+00 6.738379e+00 3.702228e+00 4.155700e+00 3.642253e+00 4.282427e+00 3.264570e+00 2.654557e+00 2.879432e+00 3.529197e+00 1.386197e-01 3.169718e-01 2.726952e-01 2.496632e-01 7.815629e-01 6.004806e-01 6.281154e-01 5.874295e-01 6.740193e-01 6.049134e-01 4.136521e-01 4.758194e-01 5.174550e-01
<GCONST> 1.260537e+02
<STATE> 3
<MEAN> 39
 -7.112030e+00 -6.404599e+00 -9.829025e-01 -2.535975e+00 -7.941896e+00 -8.582241e+00 -5.641941e+00 -7.213631e+00 -5.312814e+00 -4.454580e+00 -3.838517e+00 -8.822789e+00 6.854358e+01 7.215221e-02 -3.039836e-02 -2.598794e-02 4.726169e-02 1.338808e-01 3.001438e-02 -8.017386e-02 -9.080281e-02 -1.499738e-02 3.819764e-02 1.322858e-02 -4.017150e-02 -7.800034e-02 2.328813e-02 5.163968e-04 2.348243e-03 8.343775e-03 -8.441698e-03 -9.010160e-05 -1.099188e-02 1.013263e-02 2.108762e-02 6.238408e-03 -8.292937e-03 -5.430846e-03 -3.908342e-02
<VARIANCE> 39
 1.782295e+01 1.122799e+01 2.424713e+01 2.161817e+01 3.277607e+01 3.080314e+01 5.154054e+01 5.858809e+01 4.360686e+01 3.865087e+01 3.444770e+01 3.982213e+01 4.424536e+01 4.704231e-01 7.819371e-01 9.466457e-01 1.257560e+00 2.586366e+00 1.742130e+00 2.218158e+00 2.282164e+00 3.237067e+00 2.353030e+00 2.223702e+00 1.806720e+00 1.249192e+00 6.546890e-02 1.607984e-01 1.675481e-01 2.300531e-01 4.595469e-01 3.331164e-01 3.983704e-01 4.308718e-01 6.665143e-01 4.757366e-01 4.378922e-01 3.453910e-01 1.461351e-01
<GCONST> 1.061470e+02
<STATE> 4
<MEAN> 39
 -3.861225e+00 -3.989898e+00 3.599260e+00 1.708205e+00 -2.221828e+00 -3.050157e+00 -5.762514e+00 -5.378005e+00 -3.846971e+00 -4.505785e+00 -4.310711e+00 -8.649298e+00 5.885081e+01 5.770416e-02 9.878640e-02 4.479907e-02 3.759933e-02 1.308736e-01 9.094994e-02 6.804797e-02 7.960133e-02 -4.902489e-03 1.303176e-02 2.624349e-02 4.113626e-02 -2.679724e-01 -3.813439e-03 1.008518e-03 -7.082677e-03 -2.858538e-03 -7.132159e-03 -5.298399e-03 1.146178e-03 -2.588889e-04 -5.707449e-04 5.830671e-04 -3.534414e-04 3.966745e-04 3.040620e-03
<VARIANCE> 39
 1.245595e+01 2.251351e+01 2.026390e+01 2.455452e+01 4.072433e+01 3.176859e+01 5.229959e+01 4.448367e+01 3.230851e+01 3.673592e+01 3.484868e+01 3.007482e+01 6.727212e+01 3.044519e-01 5.798981e-01 6.967846e-01 8.794509e-01 1.589705e+00 1.286106e+00 1.761965e+00 1.678053e+00 1.690974e+00 1.810514e+00 1.636006e+00 1.462181e+00 8.580161e-01 4.480622e-02 9.957990e-02 1.274586e-01 1.692678e-01 2.845884e-01 2.458010e-01 3.257153e-01 3.158474e-01 3.318093e-01 3.627152e-01 3.255024e-01 2.895938e-01 7.919995e-02
<GCONST> 9.689913e+01
<TRANSP> 5
 0.000000e+00 1.000000e+00 0.000000e+00 0.000000e+00 0.000000e+00
 0.000000e+00 8.387280e-01 1.612721e-01 0.000000e+00 0.000000e+00
 0.000000e+00 0.000000e+00 9.807731e-01 1.922693e-02 0.000000e+00
 0.000000e+00 0.000000e+00 0.000000e+00 9.847195e-01 1.528052e-02
 0.000000e+00 0.000000e+00 0.000000e+00 0.000000e+00 0.000000e+00
<ENDHMM>
~h "ds"
<BEGINHMM>
<NUMSTATES> 5
<STATE> 2
<MEAN> 39
 -1.367912e+01 6.570782e-01 6.729032e-01 -6.578601e-01 -2.559832e-01 -2.297915e+00 4.669074e+00 -2.125971e+00 1.721159e+00 1.989499e+00 4.387018e+00 3.204085e-01 6.535473e+01 -2.137766e-01 7.305105e-02 -8.106103e-02 -4.342958e-02 -1.255280e-01 -5.316168e-02 -6.210953e-03 -7.719793e-03 4.284018e-02 3.187526e-02 2.113314e-02 3.829150e-02 9.956842e-01 6.076590e-02 -1.399201e-02 3.790941e-02 5.880537e-02 6.823596e-02 1.050535e-01 2.577794e-02 6.330568e-02 -3.348093e-03 -4.372875e-02 -7.641101e-03 2.656536e-02 -1.464178e-01
<VARIANCE> 39
 2.282273e+01 1.619883e+01 1.585162e+01 1.985335e+01 3.009085e+01 2.382407e+01 2.880704e+01 3.707823e+01 2.771287e+01 2.457189e+01 1.988839e+01 1.692685e+01 9.335856e+01 2.126956e+00 1.106132e+00 1.413860e+00 1.734413e+00 2.656500e+00 2.460423e+00 2.480212e+00 2.520738e+00 2.174680e+00 2.333110e+00 2.002228e+00 1.757358e+00 3.998674e+00 3.365113e-01 1.946560e-01 2.385361e-01 3.214346e-01 4.782442e-01 4.596151e-01 4.465287e-01 4.628982e-01 4.006475e-01 4.313459e-01 3.707545e-01 3.389209e-01 5.987531e-01
<GCONST> 1.107720e+02
<STATE> 3
<MEAN> 39
 -1.633987e+01 5.821512e-01 -1.474871e+00 -2.579262e-01 -2.892017e+00 -1.698232e+00 2.259008e+00 -1.779982e+00 2.086856e+00 3.018268e+00 4.389877e+00 1.309376e+00 7.034006e+01 3.011658e-01 -5.604902e-02 3.832161e-01 5.646480e-01 6.037700e-01 3.320857e-01 1.211237e-01 1.459717e-01 6.333243e-02 9.102717e-03 -2.764385e-02 -8.592092e-02 -6.378901e-01 7.071029e-02 8.605634e-02 -1.247928e-02 -4.777375e-02 -4.243837e-02 -1.665117e-01 -7.956193e-02 -1.526125e-01 -8.672296e-02 3.886255e-02 -4.313026e-02 -6.875316e-02 -1.096432e-01
<VARIANCE> 39
 1.883371e+01 9.986938e+00 1.016330e+01 1.323401e+01 1.804507e+01 1.209525e+01 1.416745e+01 1.213265e+01 1.442415e+01 1.621175e+01 1.644115e+01 1.317368e+01 2.253551e+02 2.001676e+00 1.139843e+00 1.109187e+00 8.990321e-01 1.113390e+00 1.480392e+00 1.444342e+00 1.404918e+00 1.266907e+00 1.319713e+00 1.200411e+00 1.369258e+00 2.531276e+01 4.228056e-01 1.877883e-01 1.970106e-01 1.816232e-01 2.076279e-01 3.058443e-01 2.653697e-01 2.589134e-01 2.385448e-01 2.848171e-01 2.549543e-01 2.721156e-01 4.796030e+00
<GCONST> 9.978254e+01
<STATE> 4
<MEAN> 39
 -1.000328e+01 1.467051e+00 2.042586e+00 8.173320e-01 2.924262e+00 6.771054e-01 2.946420e+00 -1.220222e+00 3.151193e-01 -2.996287e-01 2.207365e+00 -1.515125e+00 5.605523e+01 4.409913e-02 2.262358e-03 2.062802e-02 8.576903e-03 3.518010e-02 2.422644e-02 1.556652e-02 8.726886e-03 -7.156078e-03 -1.796901e-02 -1.543444e-02 -1.516842e-02 -1.121043e-01 -1.992129e-03 -4.916878e-04 -1.700728e-03 -2.285599e-03 -3.113040e-03 -6.846262e-04 -5.569469e-05 1.658113e-04 2.105035e-03 1.460613e-03 1.952560e-03 1.285161e-03 2.790980e-03
<VARIANCE> 39
 1.581840e+01 1.166799e+01 1.601171e+01 1.728754e+01 1.976438e+01 2.170056e+01 2.400371e+01 1.917212e+01 2.410286e+01 2.268164e+01 1.795762e+01 1.713237e+01 6.155610e+01 5.802568e-01 4.800429e-01 6.708049e-01 9.057973e-01 1.290688e+00 1.418714e+00 1.581026e+00 1.540508e+00 1.747173e+00 1.754472e+00 1.589417e+00 1.355768e+00 8.329163e-01 9.733901e-02 8.445397e-02 1.248837e-01 1.744457e-01 2.542632e-01 2.762516e-01 3.101612e-01 3.064192e-01 3.460242e-01 3.525501e-01 3.224679e-01 2.726609e-01 1.028441e-01
<GCONST> 9.184151e+01
<TRANSP> 5
 0.000000e+00 1.000000e+00 0.000000e+00 0.000000e+00 0.000000e+00
 0.000000e+00 9.306769e-01 6.932309e-02 0.000000e+00 0.000000e+00
 0.000000e+00 0.000000e+00 8.294064e-01 1.705936e-01 0.000000e+00
 0.000000e+00 0.000000e+00 0.000000e+00 9.937047e-01 6.295208e-03
 0.000000e+00 0.000000e+00 0.000000e+00 0.000000e+00 0.000000e+00
<ENDHMM>
~h "kj"
<BEGINHMM>
<NUMSTATES> 5
<STATE> 2
<MEAN> 39
 -1.420841e+01 4.859249e+00 -2.920913e-01 -2.315050e+00 -9.739756e-01 2.626073e+00 1.134912e+00 3.280272e+00 2.454828e-01 5.592397e-01 9.445272e-01 -1.286532e+00 5.122695e+01 -8.404637e-02 -2.274838e-02 -1.314946e-02 2.963498e-03 -3.618967e-02 -3.687962e-02 -1.516422e-02 -3.923814e-02 1.229052e-02 4.037894e-03 1.543421e-02 1.203446e-02 9.015001e-02 -4.731176e-03 -1.694800e-02 2.466209e-03 3.931476e-03 -6.629481e-03 -9.441211e-03 -1.766121e-04 -3.722728e-03 -6.000749e-03 -3.701789e-03 -7.430722e-03 -9.153378e-04 1.541816e-02
<VARIANCE> 39
 2.465470e+01 1.868441e+01 1.239819e+01 1.282563e+01 1.926291e+01 2.674750e+01 2.553361e+01 2.148151e+01 1.879161e+01 2.262431e+01 1.794276e+01 1.645362e+01 1.623594e+01 6.489354e-01 7.326106e-01 6.534271e-01 8.690540e-01 1.186802e+00 1.462679e+00 1.809693e+00 1.737282e+00 1.658309e+00 1.773993e+00 1.503835e+00 1.313954e+00 4.394539e-01 9.554698e-02 1.204704e-01 1.159397e-01 1.637727e-01 2.192938e-01 2.809975e-01 3.487998e-01 3.384358e-01 3.289108e-01 3.520732e-01 2.952385e-01 2.615524e-01 5.089777e-02
<GCONST> 9.023673e+01
<STATE> 3
<MEAN> 39
 -1.566696e+01 -3.083363e+00 -4.260428e+00 -4.339614e-01 -1.077653e+00 -2.906210e+00 -4.791264e-01 -2.249966e+00 -2.273282e+00 1.702969e+00 4.624749e-01 -9.057275e-01 5.943299e+01 -1.361337e-01 5.642452e-02 9.922388e-04 -3.349540e-03 1.084184e-02 3.940956e-02 1.191453e-02 5.551390e-03 -1.322597e-02 5.244936e-03 1.610735e-02 4.674763e-03 4.828433e-02 -5.260659e-03 3.274787e-02 2.394734e-02 -5.311594e-03 7.772012e-03 2.644959e-02 2.360999e-02 2.458472e-02 8.069169e-03 2.719335e-03 6.421580e-03 -2.236351e-03 -2.757785e-02
<VARIANCE> 39
 1.507894e+01 2.573879e+01 1.338718e+01 1.787695e+01 1.678149e+01 1.873363e+01 1.978241e+01 1.975334e+01 1.943108e+01 1.965850e+01 1.615922e+01 1.427734e+01 2.303492e+01 6.425656e-01 9.880005e-01 7.538784e-01 9.425485e-01 1.262254e+00 1.502317e+00 1.671762e+00 1.675788e+00 1.623881e+00 1.683179e+00 1.576862e+00 1.372799e+00 8.235369e-01 1.074636e-01 1.628263e-01 1.403302e-01 1.848703e-01 2.475155e-01 2.911712e-01 3.395105e-01 3.358293e-01 3.249688e-01 3.395021e-01 3.263328e-01 2.790860e-01 1.224725e-01
<GCONST> 9.261694e+01
<STATE> 4
<MEAN> 39
 -2.092949e+01 1.365390e+00 9.120046e-01 2.671625e-01 -1.948072e+00 1.322583e+00 4.143693e+00 5.291755e-01 -2.195056e+00 2.004109e+00 1.145401e+00 -2.027824e+00 5.747705e+01 4.148259e-02 -1.543195e-02 3.593408e-04 -3.437251e-03 6.711863e-03 -1.610638e-03 1.721932e-03 -5.390053e-04 5.844153e-03 -5.082005e-03 4.825820e-04 1.015732e-03 -2.265996e-02 3.304194e-03 -1.199582e-03 -2.323957e-03 -4.943398e-04 3.142880e-04 -9.965278e-04 -2.721731e-04 3.885014e-05 1.196043e-03 5.460711e-04 -3.411415e-04 6.068627e-04 -1.768339e-03
<VARIANCE> 39
 3.249672e+01 3.777599e+01 1.980104e+01 2.688750e+01 1.740921e+01 3.673261e+01 3.683519e+01 2.454683e+01 2.126987e+01 2.719684e+01 1.746705e+01 1.769321e+01 3.736111e+01 5.692399e-01 7.489517e-01 7.232946e-01 9.492471e-01 1.185279e+00 1.452298e+00 1.632055e+00 1.598974e+00 1.622996e+00 1.666243e+00 1.455802e+00 1.313117e+00 6.654726e-01 9.419803e-02 1.275427e-01 1.341117e-01 1.844423e-01 2.304610e-01 2.843652e-01 3.162192e-01 3.193810e-01 3.300447e-01 3.327881e-01 2.928250e-01 2.657261e-01 9.433305e-02
<GCONST> 9.529677e+01
<TRANSP> 5
 0.000000e+00 1.000000e+00 0.000000e+00 0.000000e+00 0.000000e+00
 0.000000e+00 9.705921e-01 2.940788e-02 0.000000e+00 0.000000e+00
 0.000000e+00 0.000000e+00 9.718071e-01 2.819292e-02 0.000000e+00
 0.000000e+00 0.000000e+00 0.000000e+00 9.959258e-01 4.074192e-03
 0.000000e+00 0.000000e+00 0.000000e+00 0.000000e+00 0.000000e+00
<ENDHMM>
~h "kn"
<BEGINHMM>
<NUMSTATES> 5
<STATE> 2
<MEAN> 39
 -5.672552e-01 7.088577e-01 -2.350786e+00 -2.476660e+00 1.110702e+00 -5.843936e-01 1.816718e+00 -3.543177e+00 -4.879968e-01 -3.526490e-01 6.274580e-01 -3.999918e+00 5.633331e+01 1.854970e-01 1.565818e-01 -1.348284e-01 1.267384e-01 2.073768e-01 -4.349314e-01 4.610434e-01 -8.629619e-02 9.900217e-01 2.073151e-01 1.916766e-01 2.448698e-01 2.061235e+00 -6.343024e-02 9.918342e-02 1.048078e-01 7.376816e-02 1.948501e-01 2.031887e-01 -1.582597e-02 8.773311e-02 -1.311634e-01 -2.754389e-02 1.818367e-02 1.076281e-01 -3.735721e-01
<VARIANCE> 39
 2.648069e+01 2.366575e+01 3.040356e+01 1.170846e+01 2.078120e+01 2.581332e+01 2.607908e+01 5.637937e+01 2.937047e+01 3.264838e+01 2.500019e+01 1.795819e+01 1.261701e+02 2.415929e+00 1.408763e+00 1.940182e+00 9.762673e-01 1.493569e+00 2.058933e+00 3.058017e+00 5.337406e+00 3.375745e+00 2.379200e+00 2.099287e+00 2.181779e+00 6.837933e+00 3.375871e-01 1.708962e-01 2.969646e-01 1.485358e-01 2.201220e-01 3.400402e-01 5.020815e-01 7.464494e-01 6.067301e-01 3.981523e-01 3.405495e-01 3.366600e-01 1.102211e+00
<GCONST> 1.136515e+02
<STATE> 3
<MEAN> 39
 4.487116e+00 -2.975437e-01 -2.719920e+00 1.022918e+00 4.377115e+00 -1.447755e+00 2.262498e+00 -4.342305e+00 4.500502e-02 -1.024085e+00 1.309727e+00 -1.625386e+00 6.201970e+01 8.678101e-02 -4.608011e-02 2.090175e-02 7.002383e-02 4.473524e-02 7.741311e-03 2.111167e-04 2.942829e-02 -4.342712e-02 1.384336e-02 -5.801013e-03 4.518794e-02 -8.352836e-02 7.740458e-03 -9.260653e-03 -5.212632e-03 -3.412957e-03 -1.602348e-02 -2.627351e-03 -1.460856e-02 -9.910721e-03 -2.432789e-02 -3.853712e-03 -1.194548e-02 -1.804839e-02 -2.436555e-02
<VARIANCE> 39
 1.029198e+01 2.578433e+01 1.421533e+01 1.544073e+01 1.935052e+01 2.404420e+01 2.185590e+01 2.314901e+01 2.305588e+01 2.192344e+01 1.769193e+01 1.766746e+01 2.754576e+01 4.194143e-01 8.837237e-01 8.182987e-01 1.064780e+00 1.475345e+00 1.543478e+00 1.429088e+00 1.861643e+00 1.829421e+00 1.464814e+00 1.318638e+00 1.390733e+00 2.215153e+00 7.725709e-02 1.759613e-01 1.492313e-01 2.238869e-01 3.168803e-01 3.138888e-01 2.959023e-01 3.893868e-01 3.827759e-01 3.031786e-01 2.555007e-01 2.712561e-01 3.882460e-01
<GCONST> 9.542857e+01
<STATE> 4
<MEAN> 39
 5.772682e+00 1.142098e+00 -1.389823e+00 7.571361e-01 4.809518e+00 1.105534e+00 1.129470e+00 -2.368307e+00 -1.872026e+00 -1.088715e+00 3.297869e-01 -2.526781e+00 5.437630e+01 -8.326235e-02 7.454654e-02 1.072546e-01 -1.669525e-02 7.987583e-03 1.202637e-01 -1.269517e-02 7.756684e-02 -7.573578e-02 -1.387763e-02 -3.446302e-02 -4.244842e-02 -2.785867e-01 -1.049781e-02 -3.802038e-03 -4.040382e-03 -1.033783e-02 -8.170996e-03 -6.034512e-03 1.081041e-02 2.427118e-03 9.333611e-03 -2.442663e-03 6.130285e-03 -2.028754e-03 1.317704e-02
<VARIANCE> 39
 1.449248e+01 2.096670e+01 1.834087e+01 1.317810e+01 1.936889e+01 1.856431e+01 1.861378e+01 2.211443e+01 2.090298e+01 1.864198e+01 1.538727e+01 1.548634e+01 3.352512e+01 2.890085e-01 5.464974e-01 6.048265e-01 7.031022e-01 1.046520e+00 1.061336e+00 1.382696e+00 1.776819e+00 1.609348e+00 1.483301e+00 1.342766e+00 1.348133e+00 8.458325e-01 4.296696e-02 9.524841e-02 1.113520e-01 1.429741e-01 2.086950e-01 2.030764e-01 2.829928e-01 3.658997e-01 3.396057e-01 3.116141e-01 2.776046e-01 2.771820e-01 1.246905e-01
<GCONST> 8.737697e+01
<TRANSP> 5
 0.000000e+00 1.000000e+00 0.000000e+00 0.000000e+00 0.000000e+00
 0.000000e+00 8.279371e-01 1.720630e-01 0.000000e+00 0.000000e+00
 0.000000e+00 0.000000e+00 9.774269e-01 2.257309e-02 0.000000e+00
 0.000000e+00 0.000000e+00 0.000000e+00 9.789110e-01 2.108905e-02
 0.000000e+00 0.000000e+00 0.000000e+00 0.000000e+00 0.000000e+00
<ENDHMM>
~h "kt"
<BEGINHMM>
<NUMSTATES> 5
<STATE> 2
<MEAN> 39
 -1.097319e+01 6.586088e-03 -6.350735e+00 -1.311954e+00 1.252098e+00 1.285000e+00 4.749730e+00 8.577293e-01 1.336004e+00 9.894900e-01 1.676610e+00 -1.296006e+00 5.562533e+01 -3.343382e-02 1.279319e-02 -1.749335e-02 9.214459e-03 -5.290501e-03 -2.404342e-02 -2.218564e-03 -2.075139e-03 -2.140504e-04 4.825529e-03 -2.023751e-03 4.214651e-03 4.858430e-02 3.952624e-03 -8.483067e-05 3.034370e-03 2.701639e-03 1.926188e-03 1.655049e-03 5.943776e-04 -1.473150e-04 -1.948558e-03 -2.981156e-03 1.256572e-03 -2.208841e-03 -4.279661e-03
<VARIANCE> 39
 1.541902e+01 6.966630e+00 9.335850e+00 1.074623e+01 1.215725e+01 1.714288e+01 1.641741e+01 1.645826e+01 1.705507e+01 1.521794e+01 1.404949e+01 1.344837e+01 1.914428e+01 1.008151e+00 4.664704e-01 6.483995e-01 8.927408e-01 1.111972e+00 1.504320e+00 1.742757e+00 1.741593e+00 1.669859e+00 1.649012e+00 1.480900e+00 1.305995e+00 1.166691e+00 1.839029e-01 8.970098e-02 1.285623e-01 1.712545e-01 2.236367e-01 3.059572e-01 3.657279e-01 3.601635e-01 3.344615e-01 3.386278e-01 3.001882e-01 2.617434e-01 1.962953e-01
<GCONST> 8.882408e+01
<STATE> 3
<MEAN> 39
 -1.256031e+01 2.832695e+00 -3.498917e+00 9.111896e-01 9.490931e-01 -2.293714e+00 2.519973e+00 7.517635e-01 2.431329e-01 -5.182139e-01 -2.755932e-01 -1.520039e+00 5.430091e+01 2.552228e-02 1.551088e-03 6.089629e-03 4.052617e-03 1.925541e-02 1.183382e-02 1.952346e-02 -1.368050e-02 -9.072775e-04 -1.663552e-02 5.155284e-03 -1.118653e-02 -3.769419e-02 5.740684e-03 -1.691319e-03 8.569006e-04 -4.294381e-03 2.597105e-03 7.749671e-03 2.372507e-03 5.702062e-03 6.081593e-03 6.313271e-03 4.000515e-04 1.966564e-03 -1.305592e-02
<VARIANCE> 39
 7.833014e+00 6.363994e+00 9.157980e+00 1.174116e+01 1.415676e+01 1.671263e+01 1.738240e+01 1.731563e+01 1.775037e+01 1.960551e+01 1.784504e+01 1.412533e+01 2.200074e+01 7.020427e-01 4.526444e-01 7.044342e-01 9.090662e-01 1.304074e+00 1.736799e+00 1.656831e+00 1.595214e+00 1.703388e+00 2.096345e+00 1.702933e+00 1.396837e+00 1.495182e+00 1.373575e-01 8.783628e-02 1.418992e-01 1.862152e-01 2.665403e-01 3.662033e-01 3.390443e-01 3.263743e-01 3.459406e-01 4.422866e-01 3.358542e-01 2.890292e-01 2.940138e-01
<GCONST> 9.063654e+01
<STATE> 4
<MEAN> 39
 -9.687761e+00 2.947229e+00 -2.911180e+00 -9.394172e-02 6.546429e-01 1.612609e-01 3.327321e+00 2.022477e+00 5.710447e-01 6.460261e-03 6.635215e-01 -2.041040e+00 4.923320e+01 2.219738e-02 -8.865686e-03 7.608680e-03 -1.259744e-02 1.981858e-03 1.407913e-02 3.300276e-03 5.763933e-03 -5.257564e-04 2.264601e-03 5.030649e-03 -2.623455e-03 -2.644501e-02 -1.259064e-03 -4.292676e-04 4.302180e-05 7.996915e-04 3.170196e-04 -1.732951e-03 -2.354808e-03 -4.829684e-04 -1.213413e-03 -5.498216e-04 -9.307836e-04 1.178516e-03 2.471554e-03
<VARIANCE> 39
 9.298552e+00 8.935685e+00 1.187819e+01 1.137085e+01 1.636572e+01 1.639874e+01 1.699332e+01 1.715492e+01 1.712351e+01 1.709605e+01 1.509504e+01 1.285116e+01 1.296544e+01 6.756611e-01 5.031400e-01 6.920297e-01 8.422884e-01 1.154672e+00 1.328446e+00 1.443789e+00 1.475973e+00 1.591707e+00 1.624352e+00 1.440314e+00 1.228890e+00 7.656096e-01 1.280281e-01 9.676433e-02 1.360380e-01 1.687857e-01 2.324472e-01 2.705619e-01 2.963474e-01 2.981989e-01 3.267685e-01 3.376304e-01 2.907839e-01 2.458267e-01 1.392858e-01
<GCONST> 8.642793e+01
<TRANSP> 5
 0.000000e+00 1.000000e+00 0.000000e+00 0.000000e+00 0.000000e+00
 0.000000e+00 9.895322e-01 1.046777e-02 0.000000e+00 0.000000e+00
 0.000000e+00 0.000000e+00 9.858339e-01 1.416611e-02 0.000000e+00
 0.000000e+00 0.000000e+00 0.000000e+00 9.938917e-01 6.108341e-03
 0.000000e+00 0.000000e+00 0.000000e+00 0.000000e+00 0.000000e+00
<ENDHMM>
~h "pr"
<BEGINHMM>
<NUMSTATES> 5
<STATE> 2
<MEAN> 39
 -1.377206e+01 -7.713895e+00 8.923679e-02 -7.583354e+00 4.129140e+00 6.102999e+00 2.648701e+00 -3.129791e+00 -2.794885e-01 -1.603429e+00 4.565431e+00 6.174353e-01 5.754388e+01 -1.546187e-01 -5.948060e-02 4.881715e-02 -3.462874e-02 3.531172e-02 4.469993e-02 -6.233451e-04 -7.738014e-02 9.136304e-03 -5.566459e-02 -4.021753e-02 1.238148e-01 1.470802e-01 4.124287e-02 7.776672e-03 -1.075911e-02 8.522006e-03 -8.842556e-03 2.445295e-03 -6.450876e-03 4.226061e-03 -5.933344e-04 1.562006e-02 -1.385458e-02 -1.211079e-02 -3.300856e-02
<VARIANCE> 39
 3.755101e+01 4.464068e+01 6.239167e+01 3.801099e+01 5.768440e+01 9.669025e+01 5.427888e+01 5.652060e+01 4.979006e+01 3.430323e+01 5.565467e+01 4.492386e+01 2.600440e+01 1.415834e+00 1.032778e+00 1.414073e+00 1.985855e+00 2.020226e+00 2.389229e+00 2.547291e+00 3.055637e+00 2.692207e+00 2.114348e+00 3.108490e+00 2.475016e+00 9.738747e-01 1.987145e-01 1.635904e-01 2.320922e-01 3.394711e-01 3.424643e-01 3.958388e-01 4.551736e-01 5.126716e-01 5.074689e-01 3.769694e-01 5.697468e-01 4.361804e-01 1.311873e-01
<GCONST> 1.163472e+02
<STATE> 3
<MEAN> 39
 -2.092314e+01 4.275767e+00 1.753279e+01 -1.521439e+01 1.985187e+00 1.275078e+01 -5.748447e+00 -6.045715e+00 1.190089e+01 -7.147397e+00 -7.369603e+00 8.271977e+00 5.411475e+01 5.473558e-02 -5.354111e-02 1.623941e-02 -6.562963e-02 3.975160e-02 -1.896648e-02 -4.178928e-02 4.487417e-02 -2.043610e-02 5.586680e-02 -5.430863e-02 3.308101e-02 -5.003387e-02 2.422081e-03 4.138909e-03 -3.130902e-03 2.362817e-03 1.207869e-02 -1.243537e-02 3.705092e-03 2.026062e-02 -8.811448e-03 2.913795e-03 1.250579e-02 -1.058296e-02 -2.650741e-03
<VARIANCE> 39
 1.085928e+01 1.749430e+01 1.493096e+01 2.797059e+01 2.180326e+01 2.403426e+01 1.809447e+01 2.619467e+01 2.547493e+01 3.245777e+01 2.719645e+01 1.933475e+01 8.104707e+00 6.377066e-01 5.023505e-01 5.431862e-01 9.033358e-01 1.334475e+00 1.744408e+00 1.417820e+00 1.583768e+00 1.660004e+00 1.750460e+00 2.011946e+00 1.166792e+00 2.827284e-01 1.537663e-01 9.592628e-02 1.058047e-01 1.854274e-01 2.821232e-01 3.801839e-01 2.918980e-01 3.280606e-01 3.533415e-01 3.302131e-01 4.004445e-01 2.418272e-01 6.709943e-02
<GCONST> 9.100605e+01
<STATE> 4
<MEAN> 39
 -1.421156e+01 -5.499108e+00 4.393511e+00 -6.615811e+00 3.475531e+00 6.497742e-01 3.484640e+00 3.940556e+00 1.516346e+00 -1.815726e+00 -1.832521e+00 2.437003e+00 5.480752e+01 3.503195e-02 2.109358e-02 -2.039887e-02 2.225982e-02 -1.633610e-02 -5.740093e-03 8.115518e-03 1.016153e-03 -1.907480e-03 -7.658041e-04 1.438651e-02 -1.953983e-02 -3.152648e-02 -7.153691e-04 6.515750e-05 8.642611e-04 5.009637e-04 -1.231515e-03 3.045276e-04 -5.924430e-04 -1.525946e-03 3.581133e-04 5.328237e-05 -1.404627e-04 -1.952610e-03 3.252232e-04
<VARIANCE> 39
 3.582498e+01 5.188873e+01 6.115365e+01 5.868119e+01 7.424814e+01 9.150243e+01 6.740520e+01 6.119766e+01 5.928439e+01 4.577194e+01 6.846989e+01 7.202426e+01 4.592857e+01 3.500673e-01 4.631698e-01 6.641515e-01 9.579407e-01 1.148683e+00 1.499900e+00 1.593276e+00 1.645701e+00 1.753119e+00 1.767351e+00 1.640563e+00 1.462997e+00 2.091644e-01 6.097045e-02 8.075082e-02 1.227675e-01 1.731674e-01 2.216644e-01 2.888353e-01 3.093275e-01 3.097324e-01 3.331542e-01 3.423399e-01 3.188608e-01 2.786011e-01 3.280412e-02
<GCONST> 1.021859e+02
<TRANSP> 5
 0.000000e+00 1.000000e+00 0.000000e+00 0.000000e+00 0.000000e+00
 0.000000e+00 9.686722e-01 3.132783e-02 0.000000e+00 0.000000e+00
 0.000000e+00 0.000000e+00 9.807935e-01 1.920645e-02 0.000000e+00
 0.000000e+00 0.000000e+00 0.000000e+00 9.965038e-01 3.496194e-03
 0.000000e+00 0.000000e+00 0.000000e+00 0.000000e+00 0.000000e+00
<ENDHMM>
~h "pw"
<BEGINHMM>
<NUMSTATES> 5
<STATE> 2
<MEAN> 39
 -1.320692e+01 -1.212381e+00 -4.238708e-01 -1.599154e-01 1.601200e+00 -8.106812e-01 3.044124e+00 3.276351e-01 -5.318825e-01 8.662144e-01 1.222140e-01 -7.835636e-01 5.275055e+01 -3.202434e-02 -2.409744e-02 3.493791e-03 1.421997e-03 -1.878654e-02 -3.333428e-02 -1.436367e-02 -1.200691e-02 -6.728884e-03 -5.962970e-03 -4.420993e-03 7.697183e-03 5.270335e-02 -3.588777e-03 -1.137220e-02 -4.856293e-03 -2.159436e-03 -5.248334e-03 -8.189696e-03 -8.490683e-03 -5.756596e-03 -4.544155e-03 -2.214066e-03 -1.388012e-03 -4.632315e-04 1.918448e-02
<VARIANCE> 39
 1.474485e+01 2.099775e+01 1.141135e+01 1.208172e+01 1.448491e+01 1.627637e+01 1.661488e+01 1.751939e+01 1.651052e+01 1.546475e+01 1.450908e+01 1.323692e+01 2.225164e+01 5.999124e-01 8.100355e-01 7.108923e-01 8.966175e-01 1.137115e+00 1.411688e+00 1.469628e+00 1.549324e+00 1.569726e+00 1.452843e+00 1.406296e+00 1.264435e+00 7.653049e-01 9.385323e-02 1.357831e-01 1.368026e-01 1.769505e-01 2.225652e-01 2.839588e-01 2.953643e-01 3.086941e-01 3.187563e-01 2.850149e-01 2.856319e-01 2.553062e-01 1.125259e-01
<GCONST> 8.819296e+01
<STATE> 3
<MEAN> 39
 -1.129627e+01 -6.141669e+00 -2.505103e+00 -1.406477e+00 1.160786e-01 -4.474263e+00 -5.196726e-01 -4.271568e+00 -3.171287e+00 -9.211236e-01 -2.314900e-01 -4.370055e-01 6.095455e+01 1.939545e-02 -4.332135e-02 -9.114466e-03 1.579798e-03 1.076094e-02 -1.144953e-02 -2.318595e-02 -4.542157e-02 -2.870073e-02 -1.705945e-02 9.563994e-03 1.231186e-04 3.042519e-02 1.034454e-02 1.896983e-02 4.302405e-03 2.604000e-03 1.209065e-02 1.977993e-02 1.674329e-02 1.521607e-02 9.397859e-03 8.540639e-03 3.670544e-03 -3.333848e-03 -3.649144e-02
<VARIANCE> 39
 2.270881e+01 2.750040e+01 1.310257e+01 1.211255e+01 1.840711e+01 2.492261e+01 2.194839e+01 2.703537e+01 1.936183e+01 1.656550e+01 1.460375e+01 1.329160e+01 8.079584e+01 5.606312e-01 1.024799e+00 7.161128e-01 8.450373e-01 1.429146e+00 1.827463e+00 1.664888e+00 1.806417e+00 1.560129e+00 1.466444e+00 1.364688e+00 1.294066e+00 3.488827e+00 9.798877e-02 1.566878e-01 1.321239e-01 1.611853e-01 2.840886e-01 3.517976e-01 3.274374e-01 3.522041e-01 3.180135e-01 2.974485e-01 2.787406e-01 2.690199e-01 4.710554e-01
<GCONST> 9.658686e+01
<STATE> 4
<MEAN> 39
 -1.215809e+01 -3.072339e+00 -1.651404e+00 -9.880772e-01 8.481007e-01 -1.090914e+00 2.875856e+00 -4.431966e-01 -8.995983e-01 7.664071e-01 3.497809e-01 -9.005973e-01 5.473618e+01 1.006885e-02 7.810676e-03 1.969026e-03 -1.458134e-03 2.683441e-03 1.001574e-02 7.334619e-03 9.431285e-03 7.239898e-03 4.623867e-03 8.376600e-04 -2.956139e-03 -2.037507e-02 4.305451e-04 -6.400810e-04 -3.707190e-04 -4.477409e-04 -7.881802e-04 -7.368317e-04 -1.030862e-03 -1.799781e-03 -1.454344e-03 -6.697118e-04 -7.858886e-05 3.343626e-04 7.942350e-04
<VARIANCE> 39
 1.759980e+01 2.102194e+01 1.271916e+01 1.218161e+01 1.462829e+01 2.095280e+01 1.856878e+01 2.121777e+01 1.744999e+01 1.614584e+01 1.445054e+01 1.323679e+01 3.339471e+01 5.437508e-01 7.636152e-01 6.678582e-01 8.647089e-01 1.145739e+00 1.463014e+00 1.462591e+00 1.565960e+00 1.529098e+00 1.502933e+00 1.436328e+00 1.281659e+00 8.665273e-01 8.898084e-02 1.272861e-01 1.259486e-01 1.696109e-01 2.262491e-01 2.937552e-01 2.913203e-01 3.118670e-01 3.104205e-01 3.088818e-01 2.940271e-01 2.639662e-01 1.240542e-01
<GCONST> 8.953062e+01
<TRANSP> 5
 0.000000e+00 1.000000e+00 0.000000e+00 0.000000e+00 0.000000e+00
 0.000000e+00 9.901864e-01 9.813594e-03 0.000000e+00 0.000000e+00
 0.000000e+00 0.000000e+00 9.886960e-01 1.130398e-02 0.000000e+00
 0.000000e+00 0.000000e+00 0.000000e+00 9.976059e-01 2.394068e-03
 0.000000e+00 0.000000e+00 0.000000e+00 0.000000e+00 0.000000e+00
<ENDHMM>
~h "si"
<BEGINHMM>
<NUMSTATES> 5
<STATE> 2
<MEAN> 39
 -4.746424e+00 1.086860e+00 1.183179e+00 -1.717371e+00 2.766516e-01 1.592878e+00 2.112511e+00 1.226305e+00 -1.983318e-01 6.363469e-01 1.606435e-01 -3.001901e+00 4.774553e+01 4.596388e-04 3.174152e-03 -3.029586e-02 -3.735165e-02 -2.596224e-02 2.089962e-02 2.784040e-02 5.015530e-02 1.946639e-02 3.112936e-02 2.233543e-02 -6.505054e-03 -6.972949e-02 -1.689064e-03 -3.010973e-03 -5.701495e-03 -2.430175e-03 6.449521e-04 3.043988e-03 4.417311e-03 2.857517e-03 2.606093e-03 4.478948e-03 5.534194e-03 2.887707e-03 1.582784e-03
<VARIANCE> 39
 9.807752e+00 1.523128e+01 1.720290e+01 1.761036e+01 2.776342e+01 2.049341e+01 2.108269e+01 2.523710e+01 2.165640e+01 2.148976e+01 1.928363e+01 1.720475e+01 2.065159e+01 1.654760e-01 3.106212e-01 4.900515e-01 7.070403e-01 9.724078e-01 1.135754e+00 1.299903e+00 1.418730e+00 1.413956e+00 1.448969e+00 1.384344e+00 1.243311e+00 8.806867e-02 2.655304e-02 5.449329e-02 9.020907e-02 1.359762e-01 1.879091e-01 2.205641e-01 2.544572e-01 2.759101e-01 2.765916e-01 2.861885e-01 2.722713e-01 2.460881e-01 1.111772e-02
<GCONST> 7.898956e+01
<STATE> 3
<MEAN> 39
 -4.062620e+00 -2.779167e+00 -3.376891e+00 -2.894786e+00 9.252638e-01 3.645475e+00 4.422636e+00 1.200315e+00 -2.996622e-01 1.498054e+00 1.176591e+00 -2.589423e+00 4.931491e+01 -2.675601e-03 2.627207e-04 -7.591079e-03 -4.363830e-03 -1.072082e-03 7.486420e-04 3.217984e-04 6.083362e-03 1.482529e-03 3.438116e-03 2.978214e-03 2.972507e-03 -7.525613e-03 -2.065879e-03 2.711362e-03 4.607102e-03 3.041972e-03 5.770609e-04 -5.108809e-03 -5.280913e-03 -3.270314e-03 -1.743653e-03 -3.330493e-03 -2.612036e-03 1.171925e-04 2.196471e-03
<VARIANCE> 39
 6.179460e+00 1.145393e+01 7.523237e+00 9.035833e+00 1.395977e+01 1.394037e+01 1.438988e+01 1.600633e+01 1.505742e+01 1.463730e+01 1.397051e+01 1.262655e+01 8.767292e+00 1.589028e-01 2.983049e-01 4.831582e-01 6.748903e-01 9.461783e-01 1.130299e+00 1.260866e+00 1.405059e+00 1.402735e+00 1.418765e+00 1.333341e+00 1.174953e+00 7.021377e-02 2.817960e-02 5.701581e-02 9.624702e-02 1.348496e-01 1.918927e-01 2.292657e-01 2.550197e-01 2.863908e-01 2.878961e-01 2.920508e-01 2.742109e-01 2.395898e-01 1.140869e-02
<GCONST> 7.236533e+01
<STATE> 4
<MEAN> 39
 -7.880216e+00 1.044949e+00 7.607327e-01 -1.826078e+00 1.614968e+00 9.990524e-01 2.397068e+00 2.320389e+00 -2.946014e-01 3.894394e-01 9.298603e-01 -1.981989e+00 4.704390e+01 -7.472415e-03 -5.574416e-04 -3.917173e-05 -2.305112e-04 -2.271488e-03 -5.679646e-03 -2.531631e-03 -3.568096e-03 1.170195e-03 9.754619e-04 1.876492e-03 3.228836e-03 1.211895e-02 6.516970e-04 -4.169677e-04 -1.589607e-04 -2.775874e-04 -3.564248e-04 7.547515e-04 3.942800e-04 -3.957056e-04 1.548255e-05 8.553200e-05 -2.987834e-04 -4.867695e-04 3.795729e-04
<VARIANCE> 39
 1.664285e+01 1.311303e+01 1.123035e+01 1.231831e+01 1.768940e+01 1.761841e+01 1.775236e+01 2.202664e+01 1.766806e+01 1.693666e+01 1.542650e+01 1.433900e+01 3.014466e+01 3.326432e-01 4.658357e-01 5.573010e-01 7.824541e-01 1.019925e+00 1.236381e+00 1.359170e+00 1.459669e+00 1.465474e+00 1.462480e+00 1.365790e+00 1.186578e+00 3.585922e-01 5.369749e-02 8.256380e-02 1.065036e-01 1.533368e-01 2.008227e-01 2.458099e-01 2.727293e-01 2.932607e-01 2.962506e-01 2.975932e-01 2.777196e-01 2.400618e-01 5.220268e-02
<GCONST> 8.349449e+01
<TRANSP> 5
 0.000000e+00 1.000000e+00 0.000000e+00 0.000000e+00 0.000000e+00
 0.000000e+00 9.694147e-01 3.058530e-02 0.000000e+00 0.000000e+00
 0.000000e+00 0.000000e+00 9.832274e-01 1.677257e-02 0.000000e+00
 0.000000e+00 0.000000e+00 0.000000e+00 9.945639e-01 5.436060e-03
 0.000000e+00 0.000000e+00 0.000000e+00 0.000000e+00 0.000000e+00
<ENDHMM>
~h "st"
<BEGINHMM>
<NUMSTATES> 5
<STATE> 2
<MEAN> 39
 -9.420204e+00 -2.591571e+00 -3.636462e-01 -5.409185e+00 -1.240692e+00 -2.967339e+00 8.264164e-01 1.643211e-01 -2.794272e-01 -4.670214e-01 9.083133e-01 -2.633024e+00 5.912431e+01 -2.263175e-01 -5.785163e-01 1.880663e-01 -5.378967e-01 -3.914951e-01 -6.451119e-01 -2.392563e-01 -1.849913e-02 6.949219e-02 -3.548677e-02 3.860999e-03 2.086657e-02 1.386695e+00 8.051999e-02 6.984704e-02 1.785773e-02 7.892235e-02 8.160339e-02 1.278080e-01 1.173866e-01 2.519985e-02 1.586807e-02 3.459385e-02 2.954236e-03 3.136722e-02 -2.261554e-01
<VARIANCE> 39
 2.353586e+01 2.761286e+01 1.946551e+01 2.797061e+01 2.594375e+01 3.593028e+01 2.736861e+01 2.467861e+01 2.102639e+01 2.148429e+01 1.983295e+01 1.569576e+01 9.366253e+01 1.398543e+00 1.520634e+00 1.283664e+00 1.952662e+00 2.291087e+00 3.160253e+00 2.507354e+00 2.394914e+00 1.903766e+00 2.212236e+00 2.120597e+00 1.744811e+00 4.939418e+00 1.941817e-01 2.558938e-01 2.115493e-01 3.277057e-01 3.791057e-01 5.047943e-01 4.167013e-01 4.428895e-01 3.291492e-01 3.751752e-01 3.672296e-01 2.999757e-01 8.467237e-01
<GCONST> 1.105113e+02
<STATE> 3
<MEAN> 39
 -7.304567e+00 -3.526284e+00 -1.801178e+00 -5.381547e+00 -1.151369e+00 -8.739780e-01 2.225570e+00 -3.442545e-01 -1.119084e+00 -4.318651e-01 9.285980e-01 -2.502247e+00 5.662824e+01 4.127972e-03 2.227815e-02 5.917926e-04 2.064970e-02 6.994829e-03 2.529179e-02 1.319208e-02 -4.352163e-03 -7.055575e-03 6.553641e-04 9.063485e-04 3.473011e-03 -5.608862e-02 -1.459728e-03 2.525108e-03 -2.010977e-03 3.644819e-03 2.059674e-03 1.842548e-03 -2.088095e-03 -8.782530e-04 -1.822161e-03 -3.068937e-04 9.563760e-04 -1.120997e-03 -1.487349e-03
<VARIANCE> 39
 1.556948e+01 1.675244e+01 1.490723e+01 2.011986e+01 1.961999e+01 2.464389e+01 1.959070e+01 1.871302e+01 1.862170e+01 1.917677e+01 1.586709e+01 1.444405e+01 3.435763e+01 5.492451e-01 6.875330e-01 7.293937e-01 1.192744e+00 1.343081e+00 1.580532e+00 1.555079e+00 1.559283e+00 1.575857e+00 1.598226e+00 1.521502e+00 1.323510e+00 1.392935e+00 8.605782e-02 1.136299e-01 1.376863e-01 2.217324e-01 2.599522e-01 3.073787e-01 3.130771e-01 3.176897e-01 3.220646e-01 3.289175e-01 3.139649e-01 2.697947e-01 2.096992e-01
<GCONST> 9.313263e+01
<STATE> 4
<MEAN> 39
 -9.887862e+00 5.004593e-01 5.052336e-01 -2.617060e+00 2.541766e-01 -6.291060e-01 2.212659e+00 3.104627e-01 1.152199e-01 -6.791992e-02 8.244316e-01 -2.252259e+00 5.244858e+01 2.989907e-03 9.321411e-03 -6.598712e-03 8.297724e-03 1.516225e-02 2.372042e-02 1.053486e-02 1.871770e-03 1.647631e-03 -1.390559e-04 -2.787685e-03 1.439713e-03 -3.029602e-02 8.377449e-04 -1.638197e-03 -1.171189e-03 -3.370329e-03 -3.142708e-03 -1.269333e-03 -7.282336e-04 9.008108e-04 1.327676e-03 1.235926e-03 -3.007894e-04 4.715576e-04 1.730447e-03
<VARIANCE> 39
 1.553788e+01 1.016618e+01 1.215992e+01 1.702937e+01 1.658552e+01 1.959120e+01 1.835246e+01 1.989879e+01 1.774709e+01 1.649128e+01 1.471715e+01 1.331223e+01 3.417858e+01 4.306689e-01 5.144905e-01 6.274021e-01 9.984520e-01 1.176322e+00 1.407084e+00 1.445464e+00 1.550044e+00 1.533330e+00 1.506189e+00 1.417878e+00 1.267944e+00 9.408823e-01 6.961661e-02 9.042791e-02 1.201586e-01 1.838546e-01 2.284026e-01 2.748735e-01 2.881144e-01 3.132079e-01 3.108814e-01 3.079883e-01 2.912195e-01 2.604362e-01 1.184964e-01
<GCONST> 8.783172e+01
<TRANSP> 5
 0.000000e+00 1.000000e+00 0.000000e+00 0.000000e+00 0.000000e+00
 0.000000e+00 8.312232e-01 1.687767e-01 0.000000e+00 0.000000e+00
 0.000000e+00 0.000000e+00 9.902188e-01 9.781189e-03 0.000000e+00
 0.000000e+00 0.000000e+00 0.000000e+00 9.924201e-01 7.579921e-03
 0.000000e+00 0.000000e+00 0.000000e+00 0.000000e+00 0.000000e+00
<ENDHMM>
~h "spe"
<BEGINHMM>
<NUMSTATES> 5
<STATE> 2
<MEAN> 39
 -1.355049e+00 2.574929e-01 1.178861e+00 -6.770859e+00 -2.316619e+00 7.444958e-01 -9.848661e-01 -2.556686e+00 -2.782819e+00 5.182405e-01 -5.995802e-01 -5.635385e+00 5.472742e+01 1.128548e-01 -3.633475e-01 3.015939e-01 -3.549988e-01 -3.690389e-01 -2.782804e-01 -3.364648e-01 1.050020e-01 1.037874e-01 2.663383e-01 7.868718e-02 -1.888983e-01 5.733083e-01 -1.742274e-02 -7.935378e-02 4.376137e-03 8.286605e-03 -5.906691e-02 -3.574769e-02 1.057367e-02 -1.778450e-03 3.344931e-02 1.680060e-02 -4.011077e-02 1.557067e-02 1.668376e-02
<VARIANCE> 39
 3.361151e+01 3.421332e+01 3.601356e+01 4.757970e+01 3.638442e+01 3.393728e+01 2.794247e+01 4.436485e+01 2.977409e+01 2.472366e+01 2.456811e+01 2.855060e+01 1.113949e+01 9.685068e-01 1.224052e+00 1.283048e+00 2.079319e+00 3.074551e+00 2.482021e+00 1.808594e+00 2.817504e+00 2.454720e+00 1.963969e+00 1.791477e+00 1.777466e+00 5.507345e-01 1.082545e-01 1.292770e-01 1.529593e-01 2.874352e-01 4.262535e-01 4.563225e-01 3.091410e-01 4.227507e-01 3.605219e-01 3.128679e-01 2.954936e-01 2.828969e-01 5.083054e-02
<GCONST> 1.042152e+02
<STATE> 3
<MEAN> 39
 -1.484299e+00 -4.853609e+00 2.244149e+00 -1.133347e+01 -3.624077e+00 -4.435603e+00 -4.365628e+00 -1.642490e+00 -1.986128e+00 -2.083362e+00 -4.768761e+00 -4.884510e+00 6.141744e+01 -1.931513e-02 2.555477e-02 -5.672164e-02 6.539232e-02 6.151871e-02 1.516525e-02 -1.084267e-02 -4.544516e-02 -2.756255e-02 -6.095548e-02 -6.565383e-02 -1.987202e-02 -1.503055e-02 -1.141947e-03 2.190978e-02 -8.799324e-03 1.585062e-02 1.782056e-02 1.155349e-02 1.081085e-02 -6.836690e-03 -1.144767e-02 -2.659935e-03 6.379552e-03 4.536290e-03 -1.927963e-02
<VARIANCE> 39
 2.323961e+01 3.752366e+01 7.404657e+01 6.932803e+01 6.226133e+01 6.228686e+01 3.946481e+01 5.691620e+01 3.916458e+01 3.878600e+01 5.558226e+01 3.954262e+01 2.272772e+01 6.253990e-01 1.080182e+00 1.341137e+00 1.505572e+00 1.873973e+00 1.876848e+00 1.873007e+00 2.364539e+00 2.324837e+00 2.038859e+00 2.030181e+00 1.731668e+00 4.214697e-01 8.549409e-02 1.458642e-01 1.966928e-01 2.422457e-01 3.133087e-01 3.465537e-01 3.416535e-01 4.252730e-01 4.401080e-01 3.971066e-01 3.766061e-01 3.253061e-01 4.916964e-02
<GCONST> 1.076879e+02
<STATE> 4
<MEAN> 39
 -1.198418e+00 -3.054031e+00 1.377955e-01 -4.441504e+00 -2.584759e+00 -1.975378e-01 -3.243679e-01 -9.097843e-01 -1.971576e+00 -3.988990e-02 -1.013793e+00 -5.608876e+00 5.331197e+01 -3.214204e-03 5.230906e-03 -5.343881e-03 1.148853e-02 1.112116e-02 1.128112e-02 1.955928e-02 8.265120e-03 5.514453e-03 8.806164e-03 1.110534e-02 1.207156e-02 -2.290570e-02 -2.517987e-04 -7.427997e-04 5.140412e-04 -7.715499e-04 -2.174712e-05 7.262906e-04 2.955517e-05 1.125472e-03 7.795365e-04 3.505410e-04 -5.964743e-04 -3.458769e-04 4.351678e-04
<VARIANCE> 39
 1.498667e+01 2.736107e+01 3.258845e+01 2.556716e+01 4.515978e+01 3.518311e+01 3.417036e+01 3.090951e+01 2.888428e+01 2.797172e+01 2.883048e+01 2.538842e+01 1.611364e+01 3.620988e-01 6.559200e-01 8.524605e-01 1.005903e+00 1.459380e+00 1.505018e+00 1.564725e+00 1.709751e+00 1.704416e+00 1.665710e+00 1.638098e+00 1.515798e+00 2.091269e-01 4.913857e-02 9.547838e-02 1.300236e-01 1.700235e-01 2.410391e-01 2.671137e-01 2.873427e-01 3.236340e-01 3.255165e-01 3.207430e-01 3.101019e-01 2.864331e-01 2.242995e-02
<GCONST> 9.261968e+01
<TRANSP> 5
 0.000000e+00 1.000000e+00 0.000000e+00 0.000000e+00 0.000000e+00
 0.000000e+00 9.074180e-01 9.258200e-02 0.000000e+00 0.000000e+00
 0.000000e+00 0.000000e+00 9.836839e-01 1.631609e-02 0.000000e+00
 0.000000e+00 0.000000e+00 0.000000e+00 9.968323e-01 3.167717e-03
 0.000000e+00 0.000000e+00 0.000000e+00 0.000000e+00 0.000000e+00
<ENDHMM>
