~o
<STREAMINFO> 1 13
<VECSIZE> 13<NULLD><MFCC_0><DIAGC>
~h "ap"
<BEGINHMM>
<NUMSTATES> 5
<STATE> 2
<NUMMIXES> 2
<MIXTURE> 1 4.589921e-01
<MEAN> 13
 -8.071599e+00 -4.077583e+00 -1.488703e+00 1.937580e-01 3.139825e+00 -7.587511e-02 3.755131e+00 1.995731e-02 -1.200575e+00 2.329488e-01 1.271231e+00 -1.483556e+00 5.071682e+01
<VARIANCE> 13
 1.169865e+01 2.184547e+01 1.439174e+01 1.580989e+01 2.128814e+01 2.676006e+01 1.908540e+01 2.070134e+01 1.746017e+01 1.751895e+01 1.445134e+01 1.331465e+01 2.162840e+01
<GCONST> 6.124420e+01
<MIXTURE> 2 5.410060e-01
<MEAN> 13
 -1.574779e+01 -1.172014e+01 -7.075900e+00 -1.622832e+00 -5.506773e-01 -6.084382e+00 1.214918e-01 -4.786095e+00 -3.795313e+00 -1.881025e+00 8.430821e-02 -8.636652e-01 6.881152e+01
<VARIANCE> 13
 1.669855e+01 2.647971e+01 2.754578e+01 2.412003e+01 3.390213e+01 3.194353e+01 2.430225e+01 2.257133e+01 2.293854e+01 1.994137e+01 1.945389e+01 1.615513e+01 5.829659e+01
<GCONST> 6.571914e+01
<STATE> 3
<NUMMIXES> 2
<MIXTURE> 1 4.725241e-01
<MEAN> 13
 -8.191585e+00 -1.336431e+01 -7.746303e+00 3.549493e+00 4.419093e+00 -6.692096e+00 1.111304e+00 -7.103064e-01 -4.730864e+00 -3.151423e+00 1.401938e+00 -6.542342e-01 6.060580e+01
<VARIANCE> 13
 7.675162e+00 1.859826e+01 1.249763e+01 2.014524e+01 2.477527e+01 1.873161e+01 2.260609e+01 1.902637e+01 2.325876e+01 2.006163e+01 1.481763e+01 1.395829e+01 2.897803e+01
<GCONST> 6.143000e+01
<MIXTURE> 2 5.274743e-01
<MEAN> 13
 -1.250368e+01 -1.786400e+01 -1.270790e+01 7.350468e-01 -1.403747e+00 -1.176448e+01 -1.429184e+00 -2.215417e+00 -6.642541e+00 -4.994452e+00 6.694219e-02 -1.545266e+00 7.586051e+01
<VARIANCE> 13
 8.557230e+00 1.014001e+01 1.115015e+01 1.801269e+01 2.543678e+01 1.668476e+01 2.534115e+01 1.694868e+01 2.542829e+01 1.925750e+01 1.666112e+01 1.619620e+01 3.396450e+01
<GCONST> 6.108843e+01
<STATE> 4
<NUMMIXES> 2
<MIXTURE> 1 4.513184e-01
<MEAN> 13
 -6.399577e+00 -8.344317e+00 -1.263808e+00 4.045558e+00 1.274664e+00 -9.317074e-01 5.389563e+00 -2.448204e-01 -2.476462e+00 1.140283e+00 1.709158e+00 -2.034719e+00 5.101422e+01
<VARIANCE> 13
 8.552869e+00 3.936364e+01 9.667936e+00 2.209117e+01 1.478348e+01 2.034848e+01 1.537242e+01 2.350723e+01 2.011069e+01 1.673675e+01 1.480009e+01 1.322041e+01 2.455545e+01
<GCONST> 6.096809e+01
<MIXTURE> 2 5.486814e-01
<MEAN> 13
 -1.226720e+01 -1.824453e+01 -6.336444e+00 2.969856e+00 -5.297770e+00 -7.779127e+00 3.609820e+00 -5.614856e+00 -5.626115e+00 -4.058587e-01 -1.934037e-01 -1.974092e+00 6.936871e+01
<VARIANCE> 13
 1.722777e+01 2.946866e+01 1.445125e+01 1.704051e+01 2.555256e+01 2.074940e+01 2.210685e+01 2.022454e+01 2.304025e+01 1.960863e+01 2.012457e+01 1.516760e+01 5.961459e+01
<GCONST> 6.392688e+01
<TRANSP> 5
 0.000000e+00 1.000000e+00 0.000000e+00 0.000000e+00 0.000000e+00
 0.000000e+00 9.927590e-01 7.241023e-03 0.000000e+00 0.000000e+00
 0.000000e+00 0.000000e+00 9.850285e-01 1.497153e-02 0.000000e+00
 0.000000e+00 0.000000e+00 0.000000e+00 9.876879e-01 1.231214e-02
 0.000000e+00 0.000000e+00 0.000000e+00 0.000000e+00 0.000000e+00
<ENDHMM>
~h "cl"
<BEGINHMM>
<NUMSTATES> 5
<STATE> 2
<NUMMIXES> 2
<MIXTURE> 1 6.800483e-01
<MEAN> 13
 -1.832965e+01 1.203108e+00 3.667978e+00 -3.737341e+00 -2.726028e+00 9.039023e+00 3.966812e+00 -2.115067e+00 4.000442e+00 1.920697e+00 -7.248887e+00 3.453188e+00 5.432424e+01
<VARIANCE> 13
 5.569480e+01 9.040285e+00 3.122388e+01 1.270428e+01 1.564331e+01 2.239200e+01 2.016501e+01 3.057411e+01 2.989035e+01 2.285705e+01 2.715607e+01 2.088231e+01 2.947054e+01
<GCONST> 6.463064e+01
<MIXTURE> 2 3.199487e-01
<MEAN> 13
 -8.817871e+00 -4.125306e+00 -2.584965e+00 -2.017374e+00 1.871185e-01 1.430716e+00 3.019951e+00 5.192099e-01 -1.871253e-01 7.023211e-02 1.188218e-01 -1.536525e+00 5.441812e+01
<VARIANCE> 13
 3.302345e+01 2.796972e+01 1.407303e+01 1.500826e+01 2.027989e+01 3.107738e+01 2.580449e+01 2.210540e+01 2.218807e+01 2.149038e+01 1.749911e+01 1.507192e+01 8.430087e+01
<GCONST> 6.504262e+01
<STATE> 3
<NUMMIXES> 2
<MIXTURE> 1 6.312317e-01
<MEAN> 13
 -2.261642e+01 3.254830e+00 1.061260e+00 -5.588745e+00 -4.331356e+00 1.433240e+01 1.129370e+00 -3.410398e+00 9.139777e+00 -4.028666e+00 -4.043057e+00 6.300795e+00 5.997466e+01
<VARIANCE> 13
 2.395555e+01 5.888075e+00 1.498319e+01 1.039751e+01 1.481608e+01 2.108617e+01 2.278776e+01 1.863363e+01 1.890427e+01 1.881679e+01 1.829795e+01 1.736305e+01 1.374777e+01
<GCONST> 5.994170e+01
<MIXTURE> 2 3.687693e-01
<MEAN> 13
 -1.389196e+01 1.957907e+00 -2.474959e+00 -4.950213e+00 -3.938318e+00 7.952504e+00 -3.151667e-01 -4.191079e+00 4.597360e+00 -2.632003e+00 -2.430346e+00 3.677620e+00 5.648341e+01
<VARIANCE> 13
 5.439455e+01 1.629958e+01 2.026101e+01 1.627927e+01 2.283520e+01 3.391042e+01 3.030259e+01 2.988226e+01 2.875591e+01 2.179083e+01 2.012573e+01 2.035499e+01 2.619580e+01
<GCONST> 6.566018e+01
<STATE> 4
<NUMMIXES> 2
<MIXTURE> 1 5.758136e-01
<MEAN> 13
 -2.094054e+01 1.699671e+00 6.367992e+00 -2.470331e+00 -5.050183e+00 1.021681e+01 3.679068e+00 -4.544911e+00 3.087705e+00 4.956670e+00 -9.927689e+00 3.365163e+00 5.537944e+01
<VARIANCE> 13
 4.033976e+01 7.594851e+00 1.403290e+01 1.811419e+01 2.063047e+01 2.430422e+01 2.094921e+01 3.236247e+01 3.010182e+01 3.257012e+01 1.997692e+01 1.902099e+01 2.656249e+01
<GCONST> 6.399942e+01
<MIXTURE> 2 4.241875e-01
<MEAN> 13
 -2.472461e+01 2.380416e-01 6.987403e+00 -3.324066e+00 -9.607511e+00 1.158737e+01 -1.675651e+00 -1.078882e+01 2.440276e+00 4.429412e+00 -1.484348e+01 7.177807e+00 6.147429e+01
<VARIANCE> 13
 1.876657e+01 8.971755e+00 1.357271e+01 1.502319e+01 2.253881e+01 3.600637e+01 2.333869e+01 4.231667e+01 4.046673e+01 2.488889e+01 2.441625e+01 3.819426e+01 2.099522e+01
<GCONST> 6.472758e+01
<TRANSP> 5
 0.000000e+00 1.000000e+00 0.000000e+00 0.000000e+00 0.000000e+00
 0.000000e+00 9.705127e-01 2.948725e-02 0.000000e+00 0.000000e+00
 0.000000e+00 0.000000e+00 9.922361e-01 7.763877e-03 0.000000e+00
 0.000000e+00 0.000000e+00 0.000000e+00 9.928326e-01 7.167423e-03
 0.000000e+00 0.000000e+00 0.000000e+00 0.000000e+00 0.000000e+00
<ENDHMM>
~h "cm"
<BEGINHMM>
<NUMSTATES> 5
<STATE> 2
<NUMMIXES> 2
<MIXTURE> 1 4.821409e-01
<MEAN> 13
 -1.208339e+01 3.737691e-02 -2.252258e+00 -4.156071e+00 6.071886e-01 2.299485e+00 1.275475e+00 2.406612e+00 -1.206873e-01 1.192496e+00 2.108762e+00 -1.559281e+00 5.571100e+01
<VARIANCE> 13
 1.581092e+01 1.461874e+01 1.323327e+01 1.354846e+01 1.378763e+01 1.432866e+01 1.180836e+01 1.384693e+01 1.456003e+01 1.518282e+01 1.472633e+01 1.283400e+01 2.056333e+01
<GCONST> 5.857101e+01
<MIXTURE> 2 5.178576e-01
<MEAN> 13
 -1.334592e+01 -7.054893e-01 -3.287424e+00 -5.973991e+00 -1.349480e+00 -8.708674e-01 -3.619595e+00 -2.100112e+00 -3.854589e+00 8.461990e-01 3.848153e+00 6.161558e-01 5.938846e+01
<VARIANCE> 13
 1.138894e+01 1.381528e+01 9.930081e+00 1.138988e+01 1.312122e+01 1.392486e+01 1.415666e+01 1.422208e+01 1.491755e+01 1.762625e+01 2.004259e+01 1.758200e+01 1.397123e+01
<GCONST> 5.826566e+01
<STATE> 3
<NUMMIXES> 2
<MIXTURE> 1 4.548730e-01
<MEAN> 13
 -1.008225e+01 -8.428106e-01 -2.301676e+00 -2.676847e+00 1.176218e+00 1.282227e+00 -6.079672e-01 -5.481784e-01 -3.099924e+00 -1.327412e+00 -8.109317e-02 -2.145254e+00 6.400054e+01
<VARIANCE> 13
 1.226488e+01 1.260860e+01 1.246011e+01 1.181650e+01 1.270804e+01 1.135003e+01 1.355170e+01 1.643810e+01 1.590507e+01 1.472611e+01 1.438647e+01 1.326251e+01 3.410252e+01
<GCONST> 5.853998e+01
<MIXTURE> 2 5.451299e-01
<MEAN> 13
 -8.037579e+00 -1.233902e+00 -4.573990e+00 -4.773283e+00 -2.729903e+00 -2.863792e+00 -4.729203e+00 -3.838902e+00 -5.726805e+00 -2.800973e+00 -2.343395e+00 -2.340292e+00 7.107907e+01
<VARIANCE> 13
 7.942605e+00 1.286237e+01 1.493434e+01 1.551806e+01 1.306714e+01 1.282756e+01 1.303742e+01 1.716500e+01 1.796786e+01 1.610486e+01 1.653676e+01 1.450345e+01 4.771440e+01
<GCONST> 5.950992e+01
<STATE> 4
<NUMMIXES> 2
<MIXTURE> 1 4.766335e-01
<MEAN> 13
 -4.967661e+00 2.469398e+00 -6.311632e-01 -1.655127e+00 1.430339e+00 1.758412e-01 -2.121635e+00 -2.010834e+00 -3.813092e+00 -2.336898e+00 -8.746224e-01 -2.896577e+00 6.083941e+01
<VARIANCE> 13
 1.173720e+01 8.267481e+00 9.141049e+00 8.507311e+00 1.029617e+01 1.165341e+01 1.477849e+01 1.802948e+01 1.704757e+01 1.609941e+01 1.437997e+01 1.309394e+01 4.938732e+01
<GCONST> 5.794622e+01
<MIXTURE> 2 5.233653e-01
<MEAN> 13
 -4.664126e+00 -6.638421e-01 -3.797152e+00 -6.112555e+00 -2.609572e+00 -3.050025e+00 -4.017995e+00 -2.460801e+00 -3.737632e+00 -2.650442e+00 -2.011472e+00 -3.111084e+00 7.212984e+01
<VARIANCE> 13
 3.167152e+00 6.641691e+00 6.238056e+00 9.018117e+00 9.745379e+00 9.932166e+00 1.346316e+01 1.623188e+01 1.515057e+01 1.424200e+01 1.351119e+01 1.161886e+01 2.361714e+01
<GCONST> 5.452037e+01
<TRANSP> 5
 0.000000e+00 1.000000e+00 0.000000e+00 0.000000e+00 0.000000e+00
 0.000000e+00 9.669996e-01 3.300044e-02 0.000000e+00 0.000000e+00
 0.000000e+00 0.000000e+00 9.685096e-01 3.149042e-02 0.000000e+00
 0.000000e+00 0.000000e+00 0.000000e+00 9.826210e-01 1.737898e-02
 0.000000e+00 0.000000e+00 0.000000e+00 0.000000e+00 0.000000e+00
<ENDHMM>
~h "co"
<BEGINHMM>
<NUMSTATES> 5
<STATE> 2
<NUMMIXES> 2
<MIXTURE> 1 3.020652e-01
<MEAN> 13
 -5.335393e+00 -3.380570e+00 5.665801e-01 3.877261e-02 3.885821e-01 1.979452e+00 3.326041e+00 1.628970e+00 8.456406e-01 -1.087530e+00 -1.157975e+00 -4.019438e+00 5.019896e+01
<VARIANCE> 13
 7.266580e+00 1.252726e+01 1.915745e+01 2.331446e+01 1.203495e+01 1.401718e+01 1.798496e+01 1.703691e+01 1.848735e+01 1.953343e+01 1.783116e+01 1.525223e+01 1.465017e+01
<GCONST> 5.953772e+01
<MIXTURE> 2 6.979337e-01
<MEAN> 13
 -5.202395e+00 -7.612193e+00 1.223485e+00 1.036431e+00 -9.633228e+00 -2.030640e+00 -7.767025e+00 -2.553557e+00 -7.084794e-01 -4.943372e+00 -7.061110e+00 -9.991622e+00 6.554539e+01
<VARIANCE> 13
 1.444521e+01 2.350865e+01 2.756508e+01 2.527447e+01 6.934734e+01 4.965275e+01 5.792862e+01 4.684468e+01 4.709984e+01 5.245619e+01 4.873472e+01 3.257847e+01 3.247483e+01
<GCONST> 7.097946e+01
<STATE> 3
<NUMMIXES> 2
<MIXTURE> 1 4.320534e-01
<MEAN> 13
 -8.151926e+00 -5.629473e+00 1.451602e+00 -1.283927e+00 -4.982449e+00 -7.283219e+00 -2.591052e+00 -7.890349e+00 -6.080417e+00 -3.544406e+00 -1.891415e+00 -6.367011e+00 6.615021e+01
<VARIANCE> 13
 2.696227e+01 9.437775e+00 1.616781e+01 1.645052e+01 2.335097e+01 2.565718e+01 4.722747e+01 4.898812e+01 3.016057e+01 3.244192e+01 2.398058e+01 3.104459e+01 5.085722e+01
<GCONST> 6.658464e+01
<MIXTURE> 2 5.679451e-01
<MEAN> 13
 -6.150341e+00 -7.202154e+00 -2.848435e+00 -3.804271e+00 -9.954386e+00 -9.412623e+00 -9.221039e+00 -6.216686e+00 -4.040448e+00 -6.075268e+00 -5.963190e+00 -1.157083e+01 7.084367e+01
<VARIANCE> 13
 8.262726e+00 1.172226e+01 2.028274e+01 2.068643e+01 3.169733e+01 3.113920e+01 4.730394e+01 5.655307e+01 5.070259e+01 4.479184e+01 3.738395e+01 4.108048e+01 2.142462e+01
<GCONST> 6.742068e+01
<STATE> 4
<NUMMIXES> 2
<MIXTURE> 1 4.306261e-01
<MEAN> 13
 -2.725092e+00 2.372034e-02 5.167760e+00 3.082251e+00 2.515919e+00 -1.274363e+00 -2.382942e+00 -4.182794e+00 -4.467634e+00 -3.812671e+00 -3.506360e+00 -7.394213e+00 5.090696e+01
<VARIANCE> 13
 9.815205e+00 1.167011e+01 1.443936e+01 2.101056e+01 1.750233e+01 1.786647e+01 2.363968e+01 3.280665e+01 2.423375e+01 2.068125e+01 2.043512e+01 1.747670e+01 2.406999e+01
<GCONST> 6.202324e+01
<MIXTURE> 2 5.693741e-01
<MEAN> 13
 -3.964107e+00 -5.188460e+00 4.179664e+00 1.844562e+00 -4.511603e+00 -5.915929e+00 -7.581963e+00 -8.318590e+00 -5.132503e+00 -3.871394e+00 -3.465778e+00 -8.547100e+00 6.191943e+01
<VARIANCE> 13
 1.455761e+01 1.572337e+01 1.902063e+01 2.646681e+01 3.600940e+01 2.971127e+01 3.941596e+01 5.308178e+01 3.704816e+01 3.889508e+01 3.771273e+01 2.692830e+01 2.919119e+01
<GCONST> 6.773851e+01
<TRANSP> 5
 0.000000e+00 1.000000e+00 0.000000e+00 0.000000e+00 0.000000e+00
 0.000000e+00 9.477162e-01 5.228376e-02 0.000000e+00 0.000000e+00
 0.000000e+00 0.000000e+00 9.823362e-01 1.766380e-02 0.000000e+00
 0.000000e+00 0.000000e+00 0.000000e+00 9.791296e-01 2.087047e-02
 0.000000e+00 0.000000e+00 0.000000e+00 0.000000e+00 0.000000e+00
<ENDHMM>
~h "ds"
<BEGINHMM>
<NUMSTATES> 5
<STATE> 2
<NUMMIXES> 2
<MIXTURE> 1 6.021246e-01
<MEAN> 13
 -1.221973e+01 7.655821e-01 1.334296e+00 1.370855e+00 1.997063e+00 -4.279417e-01 3.555426e+00 -3.020167e+00 1.056088e+00 1.686415e+00 4.138810e+00 -5.935632e-01 6.384115e+01
<VARIANCE> 13
 1.221707e+01 8.432482e+00 7.933464e+00 9.401203e+00 1.412534e+01 1.363135e+01 2.144728e+01 2.230886e+01 2.351323e+01 1.818488e+01 1.832417e+01 1.795157e+01 5.573389e+01
<GCONST> 6.014482e+01
<MIXTURE> 2 3.978751e-01
<MEAN> 13
 -1.699947e+01 -5.143059e-01 -2.370682e+00 -2.717358e+00 -4.186967e+00 -3.889940e+00 2.274623e+00 -2.122056e+00 1.029879e+00 2.966891e+00 4.323052e+00 3.822824e-01 6.871585e+01
<VARIANCE> 13
 9.453041e+00 9.034524e+00 7.403683e+00 1.221685e+01 1.643557e+01 1.665357e+01 2.386146e+01 2.955506e+01 1.988097e+01 1.932388e+01 1.498864e+01 1.339991e+01 1.312838e+02
<GCONST> 6.114618e+01
<STATE> 3
<NUMMIXES> 2
<MIXTURE> 1 5.705302e-01
<MEAN> 13
 -9.680319e+00 4.650461e+00 5.214708e+00 6.742016e+00 7.241231e+00 4.098775e+00 7.574807e+00 -3.218303e-01 3.479398e+00 2.134140e+00 4.099124e+00 1.106159e+00 6.682713e+01
<VARIANCE> 13
 1.452087e+01 5.117712e+00 5.694641e+00 5.670979e+00 8.328185e+00 1.009061e+01 1.025525e+01 1.170045e+01 1.344928e+01 1.250047e+01 1.264283e+01 1.146680e+01 4.344381e+01
<GCONST> 5.476696e+01
<MIXTURE> 2 4.294691e-01
<MEAN> 13
 -7.760468e+00 5.399266e+00 4.605827e+00 4.411958e+00 4.600855e+00 1.356659e+00 4.329877e+00 -3.245106e+00 3.221765e-01 -7.886764e-01 1.235568e+00 -1.535195e+00 6.721947e+01
<VARIANCE> 13
 1.173405e+01 1.265136e+01 8.827001e+00 8.165218e+00 1.088179e+01 1.339710e+01 1.208518e+01 1.205288e+01 1.403922e+01 1.375955e+01 1.296884e+01 1.154227e+01 8.176330e+01
<GCONST> 5.780975e+01
<STATE> 4
<NUMMIXES> 2
<MIXTURE> 1 3.240293e-01
<MEAN> 13
 -9.755945e+00 3.204661e+00 5.045324e+00 3.046736e+00 5.269845e+00 3.449134e+00 4.566914e+00 -3.103567e-01 2.345388e+00 -1.387342e+00 2.871809e+00 -3.987920e-01 5.679847e+01
<VARIANCE> 13
 1.614295e+01 1.099068e+01 1.319564e+01 1.632072e+01 1.843514e+01 2.380046e+01 3.372022e+01 1.899610e+01 3.039745e+01 3.358001e+01 2.016641e+01 1.633173e+01 9.291311e+01
<GCONST> 6.424663e+01
<MIXTURE> 2 6.759717e-01
<MEAN> 13
 -9.801356e+00 4.658209e-01 5.865916e-01 -7.480736e-01 1.741230e+00 -6.652959e-01 1.986055e+00 -1.290874e+00 -7.889447e-01 -2.130957e-01 1.595117e+00 -2.211063e+00 5.341400e+01
<VARIANCE> 13
 1.541540e+01 9.637355e+00 1.173279e+01 1.229374e+01 1.589712e+01 1.630364e+01 1.819047e+01 1.906466e+01 1.941380e+01 1.810470e+01 1.681414e+01 1.705223e+01 2.421510e+01
<GCONST> 5.997879e+01
<TRANSP> 5
 0.000000e+00 1.000000e+00 0.000000e+00 0.000000e+00 0.000000e+00
 0.000000e+00 9.687969e-01 3.120312e-02 0.000000e+00 0.000000e+00
 0.000000e+00 0.000000e+00 9.064041e-01 9.359591e-02 0.000000e+00
 0.000000e+00 0.000000e+00 0.000000e+00 9.926689e-01 7.331075e-03
 0.000000e+00 0.000000e+00 0.000000e+00 0.000000e+00 0.000000e+00
<ENDHMM>
~h "kj"
<BEGINHMM>
<NUMSTATES> 5
<STATE> 2
<NUMMIXES> 2
<MIXTURE> 1 5.547211e-01
<MEAN> 13
 -1.952772e+01 4.573674e+00 1.040619e+00 -3.366040e+00 -4.741928e-01 6.447673e+00 1.107570e+00 4.727735e+00 1.194457e+00 -5.671846e-01 2.693095e+00 -5.965744e-01 5.548775e+01
<VARIANCE> 13
 2.394167e+01 1.499532e+01 9.440672e+00 1.168590e+01 1.367880e+01 2.323103e+01 2.435612e+01 1.605584e+01 1.405463e+01 1.990118e+01 1.501936e+01 1.378863e+01 2.074929e+01
<GCONST> 6.020879e+01
<MIXTURE> 2 4.452795e-01
<MEAN> 13
 -1.830815e+01 8.356344e-01 -3.898766e-01 -3.377742e+00 -1.382294e+00 3.336960e+00 1.680341e+00 2.336264e-01 -1.588462e+00 2.285902e-01 5.406310e-01 -1.672280e+00 5.702475e+01
<VARIANCE> 13
 4.083049e+01 1.892190e+01 1.880126e+01 1.636948e+01 2.071942e+01 3.611690e+01 2.362408e+01 1.808307e+01 1.704326e+01 2.188396e+01 1.622550e+01 1.529597e+01 3.090283e+01
<GCONST> 6.381310e+01
<STATE> 3
<NUMMIXES> 2
<MIXTURE> 1 5.962730e-01
<MEAN> 13
 -1.413781e+01 -2.765155e+00 -4.213746e+00 9.192950e-01 -5.801668e-01 -2.741315e+00 3.411433e-01 -1.988151e+00 -1.610083e+00 2.108473e+00 7.867395e-01 -1.017203e+00 5.746812e+01
<VARIANCE> 13
 1.130518e+01 2.034016e+01 1.474863e+01 1.514647e+01 1.445823e+01 1.531804e+01 1.664585e+01 1.732703e+01 1.780650e+01 1.672418e+01 1.661706e+01 1.363106e+01 1.683491e+01
<GCONST> 5.974656e+01
<MIXTURE> 2 4.037260e-01
<MEAN> 13
 -1.691559e+01 -9.716744e+00 -4.193890e+00 -2.568447e+00 -2.355800e+00 -5.627879e+00 -4.284393e+00 -5.191397e+00 -3.803688e+00 -1.891820e-01 4.629405e-01 -3.175679e-01 6.914039e+01
<VARIANCE> 13
 1.354322e+01 1.801112e+01 8.863423e+00 1.263619e+01 1.544638e+01 1.505743e+01 1.656675e+01 1.590211e+01 1.727686e+01 1.540394e+01 1.483686e+01 1.419279e+01 4.520164e+01
<GCONST> 5.987584e+01
<STATE> 4
<NUMMIXES> 2
<MIXTURE> 1 7.391675e-01
<MEAN> 13
 -2.372514e+01 3.434071e+00 2.685467e+00 3.637363e+00 -2.740269e+00 -1.976287e-01 8.075044e+00 3.596244e-01 -3.568020e+00 4.407605e+00 6.824065e-01 -3.234888e+00 5.568431e+01
<VARIANCE> 13
 1.438844e+01 1.770572e+01 1.459800e+01 1.752172e+01 1.527967e+01 1.703491e+01 2.013273e+01 1.922433e+01 2.099541e+01 2.500045e+01 1.780587e+01 1.869655e+01 1.233439e+01
<GCONST> 6.108081e+01
<MIXTURE> 2 2.608380e-01
<MEAN> 13
 -1.370116e+01 -3.834125e+00 -3.515363e+00 -5.588562e-01 -1.896356e+00 -3.383020e+00 -1.806845e-01 -2.232194e+00 -2.459773e+00 1.049192e+00 3.863312e-01 -1.001352e+00 5.872982e+01
<VARIANCE> 13
 2.783750e+01 6.463239e+01 1.806542e+01 1.493737e+01 2.309418e+01 2.430018e+01 2.309485e+01 2.336872e+01 1.816967e+01 1.969358e+01 1.743134e+01 1.511054e+01 9.154910e+01
<GCONST> 6.557702e+01
<TRANSP> 5
 0.000000e+00 1.000000e+00 0.000000e+00 0.000000e+00 0.000000e+00
 0.000000e+00 9.917687e-01 8.231362e-03 0.000000e+00 0.000000e+00
 0.000000e+00 0.000000e+00 9.726518e-01 2.734817e-02 0.000000e+00
 0.000000e+00 0.000000e+00 0.000000e+00 9.936253e-01 6.374726e-03
 0.000000e+00 0.000000e+00 0.000000e+00 0.000000e+00 0.000000e+00
<ENDHMM>
~h "kn"
<BEGINHMM>
<NUMSTATES> 5
<STATE> 2
<NUMMIXES> 2
<MIXTURE> 1 5.271395e-01
<MEAN> 13
 4.959264e+00 1.480649e+00 -5.011106e+00 -1.956794e+00 1.596714e+00 -1.484335e+00 7.949527e-01 -3.025347e+00 3.372894e+00 2.399029e+00 3.365525e+00 -1.287807e-01 5.859263e+01
<VARIANCE> 13
 1.147617e+01 1.796929e+01 1.245305e+01 1.102478e+01 1.161828e+01 2.000572e+01 1.897856e+01 1.810656e+01 1.658024e+01 1.601532e+01 1.387742e+01 1.559850e+01 2.431739e+01
<GCONST> 5.958202e+01
<MIXTURE> 2 4.728603e-01
<MEAN> 13
 2.369421e+00 2.533043e+00 -2.284266e+00 -2.376863e+00 2.194541e+00 -1.069595e-02 3.769638e-01 -5.010359e+00 -1.782817e+00 -1.627476e+00 -7.998238e-01 -3.702183e+00 5.564355e+01
<VARIANCE> 13
 2.535759e+01 1.764474e+01 2.339790e+01 9.015024e+00 2.117334e+01 1.975488e+01 2.522134e+01 3.632997e+01 1.645544e+01 2.152859e+01 1.613807e+01 1.366218e+01 5.858881e+01
<GCONST> 6.354033e+01
<STATE> 3
<NUMMIXES> 2
<MIXTURE> 1 4.897455e-01
<MEAN> 13
 4.385566e+00 -7.603292e-01 -1.516960e+00 2.743780e+00 6.878169e+00 1.188103e+00 4.344741e+00 -2.093837e+00 1.134437e+00 2.268936e-01 2.096728e+00 -6.477897e-01 6.231939e+01
<VARIANCE> 13
 9.000620e+00 1.229796e+01 9.743390e+00 1.170468e+01 1.360869e+01 1.849543e+01 1.825671e+01 1.362755e+01 1.606923e+01 1.746012e+01 1.611520e+01 1.498048e+01 2.395035e+01
<GCONST> 5.867989e+01
<MIXTURE> 2 5.102558e-01
<MEAN> 13
 6.119946e+00 -3.188053e+00 -3.119379e+00 1.527905e+00 3.450665e+00 -3.233448e+00 9.165274e-01 -6.185933e+00 -2.669725e+00 -2.688342e+00 1.713627e-02 -2.911415e+00 6.181933e+01
<VARIANCE> 13
 7.971140e+00 2.276596e+01 1.349830e+01 1.246379e+01 1.732057e+01 2.005196e+01 1.735974e+01 2.286640e+01 1.899746e+01 1.949456e+01 1.682727e+01 1.736140e+01 2.732597e+01
<GCONST> 6.095246e+01
<STATE> 4
<NUMMIXES> 2
<MIXTURE> 1 5.400707e-01
<MEAN> 13
 7.406354e+00 1.931996e+00 -1.687281e+00 2.398348e+00 7.208021e+00 2.137769e+00 1.984089e+00 -1.327698e+00 -2.256458e+00 -1.969727e+00 -1.288204e-01 -3.216297e+00 5.384503e+01
<VARIANCE> 13
 1.169184e+01 1.048361e+01 1.310930e+01 7.683685e+00 1.377519e+01 1.753261e+01 1.653266e+01 1.850993e+01 1.720167e+01 1.302027e+01 9.932981e+00 1.171514e+01 1.744155e+01
<GCONST> 5.755122e+01
<MIXTURE> 2 4.599286e-01
<MEAN> 13
 2.427714e+00 4.921175e+00 2.464179e+00 -4.572968e-01 3.959383e+00 2.187246e+00 2.551953e-01 -9.255161e-01 -4.039211e+00 -2.396930e+00 -4.623731e-01 -3.483430e+00 4.847021e+01
<VARIANCE> 13
 1.802456e+01 1.951252e+01 1.215472e+01 1.143104e+01 1.742077e+01 1.509188e+01 1.553787e+01 2.643142e+01 1.903173e+01 1.955902e+01 1.622200e+01 1.570187e+01 2.467200e+01
<GCONST> 6.094426e+01
<TRANSP> 5
 0.000000e+00 1.000000e+00 0.000000e+00 0.000000e+00 0.000000e+00
 0.000000e+00 9.624769e-01 3.752311e-02 0.000000e+00 0.000000e+00
 0.000000e+00 0.000000e+00 9.780760e-01 2.192393e-02 0.000000e+00
 0.000000e+00 0.000000e+00 0.000000e+00 9.604239e-01 3.957612e-02
 0.000000e+00 0.000000e+00 0.000000e+00 0.000000e+00 0.000000e+00
<ENDHMM>
~h "kt"
<BEGINHMM>
<NUMSTATES> 5
<STATE> 2
<NUMMIXES> 2
<MIXTURE> 1 5.602350e-01
<MEAN> 13
 -1.001512e+01 4.128183e-01 -6.533106e+00 -5.846370e-01 2.201243e+00 2.822410e+00 6.095133e+00 1.450678e+00 1.442110e+00 1.583423e+00 2.466368e+00 -1.067144e+00 5.455862e+01
<VARIANCE> 13
 7.954395e+00 4.184684e+00 5.583791e+00 7.251085e+00 9.358637e+00 1.098760e+01 1.172004e+01 1.293979e+01 1.328103e+01 1.334564e+01 1.241670e+01 1.221884e+01 8.607710e+00
<GCONST> 5.310546e+01
<MIXTURE> 2 4.397632e-01
<MEAN> 13
 -1.230528e+01 -2.185703e-01 -6.420478e+00 -1.745168e+00 4.796211e-01 -6.210502e-01 2.884977e+00 -3.466412e-01 7.923428e-01 -6.442237e-02 4.727121e-01 -1.602904e+00 5.723718e+01
<VARIANCE> 13
 2.070704e+01 8.725013e+00 1.006890e+01 1.472462e+01 1.385358e+01 1.872125e+01 1.659376e+01 1.838367e+01 2.102219e+01 1.642753e+01 1.463472e+01 1.430987e+01 2.618252e+01
<GCONST> 5.982071e+01
<STATE> 3
<NUMMIXES> 2
<MIXTURE> 1 5.915745e-01
<MEAN> 13
 -1.078000e+01 3.487980e+00 -2.549263e+00 1.428161e+00 1.802763e+00 -7.308046e-01 3.639937e+00 1.955681e+00 7.469466e-01 -2.480945e-01 6.029955e-01 -1.564055e+00 5.048123e+01
<VARIANCE> 13
 5.133656e+00 4.772370e+00 7.308042e+00 9.544458e+00 1.034017e+01 1.108072e+01 1.331048e+01 1.538121e+01 1.495399e+01 1.548395e+01 1.334260e+01 1.206928e+01 8.727622e+00
<GCONST> 5.409184e+01
<MIXTURE> 2 4.084225e-01
<MEAN> 13
 -1.375981e+01 3.168597e+00 -3.781906e+00 2.018905e-01 -2.977042e-01 -4.036159e+00 1.302211e+00 1.633049e-01 -7.535393e-01 -1.272875e+00 -1.590611e+00 -1.722983e+00 5.582353e+01
<VARIANCE> 13
 6.273151e+00 7.507098e+00 9.157303e+00 1.361556e+01 1.593822e+01 1.745536e+01 1.948125e+01 1.799554e+01 2.017289e+01 2.319359e+01 1.989410e+01 1.601418e+01 1.543166e+01
<GCONST> 5.870677e+01
<STATE> 4
<NUMMIXES> 2
<MIXTURE> 1 5.805157e-01
<MEAN> 13
 -8.686574e+00 3.439622e+00 -1.769170e+00 2.233672e-01 1.726190e+00 1.259649e+00 3.811043e+00 3.274350e+00 1.058193e+00 7.022579e-02 9.526057e-01 -2.172158e+00 4.692769e+01
<VARIANCE> 13
 5.224974e+00 5.201275e+00 8.761675e+00 8.642070e+00 1.126147e+01 1.094217e+01 1.375026e+01 1.336527e+01 1.450399e+01 1.451861e+01 1.319840e+01 1.177848e+01 4.319978e+00
<GCONST> 5.340899e+01
<MIXTURE> 2 4.194832e-01
<MEAN> 13
 -1.087478e+01 2.567001e+00 -3.255343e+00 -5.950205e-01 -1.525545e+00 -1.930372e+00 2.039246e+00 7.099514e-01 1.319360e-01 2.799082e-02 1.309008e-01 -2.075988e+00 5.110287e+01
<VARIANCE> 13
 1.307999e+01 1.444211e+01 1.371901e+01 1.519285e+01 1.925348e+01 1.778988e+01 1.982837e+01 1.912613e+01 2.106522e+01 2.168910e+01 1.748035e+01 1.491808e+01 1.306279e+01
<GCONST> 6.050557e+01
<TRANSP> 5
 0.000000e+00 1.000000e+00 0.000000e+00 0.000000e+00 0.000000e+00
 0.000000e+00 9.916617e-01 8.338254e-03 0.000000e+00 0.000000e+00
 0.000000e+00 0.000000e+00 9.869267e-01 1.307327e-02 0.000000e+00
 0.000000e+00 0.000000e+00 0.000000e+00 9.925044e-01 7.495563e-03
 0.000000e+00 0.000000e+00 0.000000e+00 0.000000e+00 0.000000e+00
<ENDHMM>
~h "pr"
<BEGINHMM>
<NUMSTATES> 5
<STATE> 2
<NUMMIXES> 2
<MIXTURE> 1 4.909073e-01
<MEAN> 13
 -1.892037e+01 -1.076770e+01 4.073073e+00 -4.841473e+00 9.205321e+00 -1.130826e+00 3.025401e+00 4.692426e+00 -4.244550e-01 -4.885956e+00 -5.857128e-02 5.201565e+00 6.013560e+01
<VARIANCE> 13
 2.406160e+01 2.148947e+01 2.610075e+01 4.645639e+01 4.393265e+01 9.032521e+01 4.647210e+01 6.322272e+01 7.471175e+01 3.622503e+01 7.133952e+01 5.783796e+01 8.939755e+00
<GCONST> 7.193164e+01
<MIXTURE> 2 5.090907e-01
<MEAN> 13
 -1.284013e+01 -7.985398e+00 -2.785900e+00 -5.139112e+00 -4.202237e+00 -1.913445e-01 1.019978e+01 1.306965e+00 7.827799e-01 2.878939e-01 1.842424e+00 -3.949380e+00 5.964934e+01
<VARIANCE> 13
 2.104207e+01 3.890297e+01 2.789262e+01 2.872700e+01 5.235788e+01 4.616252e+01 6.457117e+01 6.558421e+01 3.621582e+01 2.738986e+01 2.685185e+01 3.542405e+01 1.523913e+01
<GCONST> 6.990884e+01
<STATE> 3
<NUMMIXES> 2
<MIXTURE> 1 6.443211e-01
<MEAN> 13
 -2.225737e+01 5.470715e+00 1.721917e+01 -1.453670e+01 1.372885e+00 1.439052e+01 -4.758976e+00 -6.423278e+00 1.364107e+01 -8.214296e+00 -6.081794e+00 8.278341e+00 5.425837e+01
<VARIANCE> 13
 6.781176e+00 5.838789e+00 7.420679e+00 1.072401e+01 1.579974e+01 1.535361e+01 1.435569e+01 1.568993e+01 1.712310e+01 2.010616e+01 2.230338e+01 1.277981e+01 3.263389e+00
<GCONST> 5.553316e+01
<MIXTURE> 2 3.556794e-01
<MEAN> 13
 -1.916707e+01 3.193514e+00 1.746419e+01 -1.522598e+01 2.194569e+00 9.933937e+00 -7.237147e+00 -6.379611e+00 9.574462e+00 -6.860578e+00 -8.719753e+00 7.597948e+00 5.442483e+01
<VARIANCE> 13
 1.085449e+01 2.945563e+01 2.801321e+01 5.056068e+01 2.694531e+01 3.051617e+01 2.231205e+01 4.092840e+01 2.473800e+01 3.925474e+01 2.912454e+01 2.676172e+01 1.143550e+01
<GCONST> 6.641842e+01
<STATE> 4
<NUMMIXES> 2
<MIXTURE> 1 5.924476e-01
<MEAN> 13
 -1.025037e+01 5.199903e-01 8.082306e+00 -8.761094e+00 7.242636e+00 2.199509e-01 -1.213344e+00 6.568341e+00 1.148922e+00 4.085303e-01 -7.009105e+00 6.104146e+00 4.677125e+01
<VARIANCE> 13
 1.604201e+01 8.531428e+00 5.517755e+01 7.403371e+01 2.902260e+01 1.040290e+02 2.939548e+01 4.945123e+01 2.581772e+01 2.646680e+01 5.268698e+01 6.357743e+01 1.034436e+01
<GCONST> 6.940103e+01
<MIXTURE> 2 4.075559e-01
<MEAN> 13
 -1.521392e+01 -4.280139e+00 8.426772e+00 -9.385437e+00 1.682393e+00 8.372362e+00 2.362125e-01 -9.763756e-01 5.107287e+00 -3.437908e+00 7.006409e-01 2.014135e+00 5.319016e+01
<VARIANCE> 13
 4.455864e+01 7.120856e+01 7.720474e+01 7.506898e+01 4.852972e+01 9.545364e+01 4.373235e+01 4.591999e+01 9.703956e+01 7.793598e+01 9.679485e+01 5.768509e+01 1.739457e+01
<GCONST> 7.708025e+01
<TRANSP> 5
 0.000000e+00 1.000000e+00 0.000000e+00 0.000000e+00 0.000000e+00
 0.000000e+00 9.942081e-01 5.791898e-03 0.000000e+00 0.000000e+00
 0.000000e+00 0.000000e+00 9.797785e-01 2.022145e-02 0.000000e+00
 0.000000e+00 0.000000e+00 0.000000e+00 9.932389e-01 6.761113e-03
 0.000000e+00 0.000000e+00 0.000000e+00 0.000000e+00 0.000000e+00
<ENDHMM>
~h "pw"
<BEGINHMM>
<NUMSTATES> 5
<STATE> 2
<NUMMIXES> 2
<MIXTURE> 1 5.662408e-01
<MEAN> 13
 -1.193815e+01 7.782001e-02 1.783928e-01 -2.326814e-02 1.691773e+00 -2.564636e-01 3.840067e+00 1.560371e+00 7.516427e-02 1.499408e+00 4.730847e-01 -7.605770e-01 5.042020e+01
<VARIANCE> 13
 1.273140e+01 1.225803e+01 8.377936e+00 1.094732e+01 1.265771e+01 1.271150e+01 1.308133e+01 1.458097e+01 1.529892e+01 1.475729e+01 1.373511e+01 1.253668e+01 1.170205e+01
<GCONST> 5.682093e+01
<MIXTURE> 2 4.337677e-01
<MEAN> 13
 -1.392697e+01 -5.980472e+00 -1.914518e+00 -9.716595e-01 8.013994e-02 -4.106091e+00 4.049847e-01 -2.838185e+00 -2.118948e+00 8.145253e-02 -1.188981e-01 -7.314807e-01 5.863957e+01
<VARIANCE> 13
 2.156213e+01 2.389149e+01 1.397568e+01 1.412291e+01 1.796281e+01 2.017422e+01 1.801357e+01 2.096788e+01 1.806455e+01 1.656086e+01 1.578302e+01 1.465989e+01 3.424790e+01
<GCONST> 6.192747e+01
<STATE> 3
<NUMMIXES> 2
<MIXTURE> 1 5.024171e-01
<MEAN> 13
 -9.510447e+00 -3.222093e+00 -7.609257e-01 5.085152e-01 2.745523e+00 -1.845582e+00 7.983511e-01 -2.830463e+00 -3.164903e+00 -1.856702e-01 -5.779842e-03 -5.488866e-01 5.338270e+01
<VARIANCE> 13
 1.464914e+01 2.060281e+01 1.198140e+01 8.473592e+00 1.133456e+01 1.418070e+01 1.608044e+01 1.986347e+01 1.824224e+01 1.499406e+01 1.299982e+01 1.228014e+01 3.383271e+01
<GCONST> 5.927449e+01
<MIXTURE> 2 4.975826e-01
<MEAN> 13
 -1.086802e+01 -8.834475e+00 -4.036494e+00 -2.599775e+00 -1.517253e+00 -7.496489e+00 -2.937759e+00 -7.427748e+00 -4.485123e+00 -1.789936e+00 -5.152915e-01 -8.282379e-01 6.803128e+01
<VARIANCE> 13
 1.881427e+01 1.615813e+01 1.215190e+01 1.218347e+01 1.561497e+01 1.554085e+01 1.698978e+01 1.720863e+01 1.860523e+01 1.702137e+01 1.509643e+01 1.312473e+01 4.753988e+01
<GCONST> 6.068517e+01
<STATE> 4
<NUMMIXES> 2
<MIXTURE> 1 5.948449e-01
<MEAN> 13
 -9.952581e+00 -2.400853e+00 -3.876123e+00 -2.136273e+00 1.709203e+00 2.622396e+00 5.474559e+00 7.390663e-01 -1.906220e-01 1.250418e+00 7.690777e-01 -1.227749e+00 5.373963e+01
<VARIANCE> 13
 1.264468e+01 8.073729e+00 7.760679e+00 8.151979e+00 9.674088e+00 1.110497e+01 1.198621e+01 1.395791e+01 1.376572e+01 1.328819e+01 1.284223e+01 1.224890e+01 7.735916e+00
<GCONST> 5.477534e+01
<MIXTURE> 2 4.051604e-01
<MEAN> 13
 -1.380129e+01 -5.854427e+00 -2.235813e+00 -1.667380e+00 -8.740882e-01 -3.004252e+00 9.781265e-01 -2.817803e+00 -2.147369e+00 -1.249395e+00 -1.255936e-01 -6.709099e-01 6.078247e+01
<VARIANCE> 13
 1.529162e+01 1.510570e+01 1.201757e+01 1.252005e+01 1.579731e+01 1.675757e+01 1.867595e+01 2.167550e+01 1.934863e+01 1.688825e+01 1.555261e+01 1.384950e+01 2.815743e+01
<GCONST> 6.043012e+01
<TRANSP> 5
 0.000000e+00 1.000000e+00 0.000000e+00 0.000000e+00 0.000000e+00
 0.000000e+00 9.973977e-01 2.602311e-03 0.000000e+00 0.000000e+00
 0.000000e+00 0.000000e+00 9.815193e-01 1.848066e-02 0.000000e+00
 0.000000e+00 0.000000e+00 0.000000e+00 9.941064e-01 5.893623e-03
 0.000000e+00 0.000000e+00 0.000000e+00 0.000000e+00 0.000000e+00
<ENDHMM>
~h "si"
<BEGINHMM>
<NUMSTATES> 5
<STATE> 2
<NUMMIXES> 2
<MIXTURE> 1 6.521296e-01
<MEAN> 13
 -8.167245e+00 1.844145e+00 6.236451e-01 -7.591403e-01 1.502487e+00 1.706844e+00 3.722549e+00 2.254094e+00 5.631770e-01 8.706406e-01 9.222093e-01 -1.899586e+00 4.732718e+01
<VARIANCE> 13
 1.269414e+01 6.342436e+00 8.967038e+00 1.004696e+01 1.406924e+01 1.283967e+01 1.372810e+01 1.512418e+01 1.520812e+01 1.461509e+01 1.325044e+01 1.235399e+01 1.109276e+01
<GCONST> 5.622209e+01
<MIXTURE> 2 3.478914e-01
<MEAN> 13
 -1.034874e+01 -1.850287e+00 -8.441360e-02 -2.288276e+00 -8.757182e-01 -1.457218e+00 1.261163e+00 -1.105419e+00 -7.538469e-01 6.053747e-02 4.857586e-01 -1.481385e+00 5.428890e+01
<VARIANCE> 13
 3.217784e+01 2.605970e+01 2.242241e+01 2.213849e+01 2.978642e+01 2.430641e+01 2.791008e+01 2.898120e+01 2.691052e+01 2.379354e+01 2.325192e+01 2.198036e+01 3.569468e+01
<GCONST> 6.638535e+01
<STATE> 3
<NUMMIXES> 2
<MIXTURE> 1 5.346143e-01
<MEAN> 13
 -3.229146e+00 -4.307409e+00 -3.754717e+00 -2.880557e+00 2.764374e+00 5.301400e+00 5.764785e+00 1.641858e+00 -4.382290e-01 1.568855e+00 1.564036e+00 -2.455756e+00 4.980391e+01
<VARIANCE> 13
 3.390629e+00 4.059104e+00 4.894403e+00 6.035913e+00 7.780167e+00 8.901571e+00 1.019478e+01 1.187985e+01 1.234838e+01 1.242003e+01 1.194855e+01 1.088826e+01 1.217230e+00
<GCONST> 4.903243e+01
<MIXTURE> 2 4.653773e-01
<MEAN> 13
 -5.306283e+00 -3.335338e+00 -3.754840e+00 -3.888473e+00 -8.022618e-01 1.342549e+00 2.307397e+00 -7.683630e-01 -8.250379e-01 7.833952e-01 7.852913e-01 -2.670065e+00 5.236958e+01
<VARIANCE> 13
 1.333684e+01 1.307921e+01 1.087531e+01 1.228883e+01 1.643875e+01 1.676772e+01 1.728496e+01 1.895943e+01 1.982484e+01 1.909667e+01 1.804413e+01 1.671784e+01 8.644984e+00
<GCONST> 5.916310e+01
<STATE> 4
<NUMMIXES> 2
<MIXTURE> 1 6.625549e-01
<MEAN> 13
 -5.289842e+00 2.321047e+00 1.440620e+00 -2.017755e+00 3.065870e+00 2.796537e+00 2.498584e+00 4.524480e+00 -5.546652e-01 2.803898e-01 1.106409e+00 -2.689862e+00 4.298656e+01
<VARIANCE> 13
 3.117814e+00 3.480723e+00 6.522335e+00 8.138297e+00 1.215828e+01 1.091011e+01 1.284189e+01 1.350132e+01 1.399228e+01 1.478064e+01 1.257932e+01 1.151408e+01 1.811865e+00
<GCONST> 5.119359e+01
<MIXTURE> 2 3.374717e-01
<MEAN> 13
 -7.190908e+00 8.128904e-01 7.650910e-01 -2.208161e+00 -2.820291e-01 -5.067877e-01 1.387615e+00 9.998650e-01 -2.756860e-01 8.313904e-01 3.558977e-01 -2.103739e+00 4.677080e+01
<VARIANCE> 13
 1.728648e+01 1.467466e+01 1.471222e+01 1.562140e+01 1.887866e+01 1.893492e+01 2.146243e+01 2.193847e+01 2.101080e+01 2.124664e+01 1.928811e+01 1.695104e+01 1.373780e+01
<GCONST> 6.141056e+01
<TRANSP> 5
 0.000000e+00 1.000000e+00 0.000000e+00 0.000000e+00 0.000000e+00
 0.000000e+00 9.901400e-01 9.859967e-03 0.000000e+00 0.000000e+00
 0.000000e+00 0.000000e+00 9.818051e-01 1.819491e-02 0.000000e+00
 0.000000e+00 0.000000e+00 0.000000e+00 9.916593e-01 8.340708e-03
 0.000000e+00 0.000000e+00 0.000000e+00 0.000000e+00 0.000000e+00
<ENDHMM>
~h "st"
<BEGINHMM>
<NUMSTATES> 5
<STATE> 2
<NUMMIXES> 2
<MIXTURE> 1 5.890514e-01
<MEAN> 13
 -9.828754e+00 -2.048518e-01 -7.946641e-02 -2.009568e+00 1.227472e-01 3.221282e-01 3.328500e+00 -5.682012e-01 -1.324488e+00 -1.143231e+00 9.073591e-01 -2.174866e+00 5.418258e+01
<VARIANCE> 13
 1.695979e+01 9.169465e+00 1.115050e+01 1.317849e+01 1.367261e+01 1.477049e+01 1.533283e+01 1.590426e+01 1.718031e+01 1.698615e+01 1.478077e+01 1.315754e+01 1.098598e+01
<GCONST> 5.807691e+01
<MIXTURE> 2 4.109424e-01
<MEAN> 13
 -8.403546e+00 -5.435201e+00 1.565201e-01 -7.094234e+00 -3.309733e+00 -4.082354e+00 7.398040e-01 -1.746690e+00 -2.243007e+00 -2.107180e+00 2.464458e-01 -2.882484e+00 6.324356e+01
<VARIANCE> 13
 1.731187e+01 2.378083e+01 1.488966e+01 1.871727e+01 1.946517e+01 2.335974e+01 2.415729e+01 2.168358e+01 2.222970e+01 2.126497e+01 1.833964e+01 1.590406e+01 3.485613e+01
<GCONST> 6.330893e+01
<STATE> 3
<NUMMIXES> 2
<MIXTURE> 1 5.584834e-01
<MEAN> 13
 -4.921646e+00 -2.901957e+00 -3.907070e+00 -3.602100e+00 8.810034e-01 2.414824e+00 4.022416e+00 5.074449e-01 -5.765030e-01 1.028713e+00 1.220241e+00 -2.707721e+00 5.211513e+01
<VARIANCE> 13
 3.417321e+00 5.385257e+00 7.202667e+00 8.446510e+00 1.150410e+01 1.230007e+01 1.322046e+01 1.486487e+01 1.471106e+01 1.439189e+01 1.408853e+01 1.253801e+01 2.863220e+00
<GCONST> 5.272754e+01
<MIXTURE> 2 4.415147e-01
<MEAN> 13
 -8.002978e+00 -4.821911e+00 -1.445636e+00 -7.917880e+00 -2.604949e+00 -3.642654e+00 4.904318e-01 -3.445578e-02 -5.497555e-01 -2.917367e-01 1.197615e+00 -2.225374e+00 5.927150e+01
<VARIANCE> 13
 1.670061e+01 1.920670e+01 1.701929e+01 2.136113e+01 2.329729e+01 2.009208e+01 1.990923e+01 2.245524e+01 2.082056e+01 2.029680e+01 1.691166e+01 1.594302e+01 2.824325e+01
<GCONST> 6.279468e+01
<STATE> 4
<NUMMIXES> 2
<MIXTURE> 1 5.868345e-01
<MEAN> 13
 -9.879551e+00 1.603680e+00 9.454847e-01 -7.841998e-01 2.028363e+00 1.013075e+00 3.200346e+00 1.407146e+00 4.191603e-01 5.322557e-02 8.199453e-01 -2.106948e+00 4.897552e+01
<VARIANCE> 13
 1.041778e+01 5.699035e+00 7.519561e+00 9.455215e+00 1.015720e+01 1.126008e+01 1.272955e+01 1.534484e+01 1.539319e+01 1.474398e+01 1.331447e+01 1.213983e+01 1.106112e+01
<GCONST> 5.516798e+01
<MIXTURE> 2 4.131623e-01
<MEAN> 13
 -1.090658e+01 -7.418238e-02 8.032279e-01 -5.198667e+00 -2.335580e+00 -3.482182e+00 1.799092e-01 -1.143760e+00 4.664622e-02 -3.427781e-01 6.294201e-01 -2.417487e+00 5.672199e+01
<VARIANCE> 13
 1.963501e+01 1.243582e+01 1.632178e+01 1.799056e+01 1.528821e+01 2.002836e+01 2.089263e+01 2.356339e+01 2.097568e+01 1.864072e+01 1.677149e+01 1.520971e+01 4.329103e+01
<GCONST> 6.227424e+01
<TRANSP> 5
 0.000000e+00 1.000000e+00 0.000000e+00 0.000000e+00 0.000000e+00
 0.000000e+00 9.803266e-01 1.967339e-02 0.000000e+00 0.000000e+00
 0.000000e+00 0.000000e+00 9.871444e-01 1.285560e-02 0.000000e+00
 0.000000e+00 0.000000e+00 0.000000e+00 9.910293e-01 8.970732e-03
 0.000000e+00 0.000000e+00 0.000000e+00 0.000000e+00 0.000000e+00
<ENDHMM>
~h "spe"
<BEGINHMM>
<NUMSTATES> 5
<STATE> 2
<NUMMIXES> 2
<MIXTURE> 1 4.442092e-01
<MEAN> 13
 -2.622178e+00 -3.829022e+00 -2.826696e+00 -3.596791e+00 1.748745e+00 3.146733e+00 3.813331e+00 -3.332606e-01 -2.049041e+00 2.678179e-01 6.324154e-01 -3.660249e+00 5.082936e+01
<VARIANCE> 13
 8.667572e+00 9.694216e+00 9.790292e+00 9.110419e+00 1.160914e+01 1.474792e+01 1.760068e+01 1.726297e+01 1.651864e+01 1.560987e+01 1.500557e+01 1.355135e+01 4.401350e+00
<GCONST> 5.602294e+01
<MIXTURE> 2 5.557919e-01
<MEAN> 13
 -4.012666e-01 -5.755401e+00 3.233980e+00 -8.746328e+00 -4.937195e+00 -2.638471e+00 -3.008024e+00 -1.454226e+00 -3.438385e+00 4.613053e-01 -6.590665e-01 -7.042812e+00 5.823608e+01
<VARIANCE> 13
 1.192786e+01 2.765781e+01 5.037019e+01 3.394595e+01 5.203263e+01 3.971165e+01 2.886096e+01 4.809806e+01 3.494292e+01 3.255285e+01 3.743039e+01 2.348781e+01 1.160805e+01
<GCONST> 6.827184e+01
<STATE> 3
<NUMMIXES> 2
<MIXTURE> 1 4.412939e-01
<MEAN> 13
 -6.611948e+00 1.188350e+00 -1.469899e-01 -3.813020e+00 -3.158520e+00 -2.609441e+00 -1.133569e-01 -1.629513e+00 -1.198556e+00 -2.332096e+00 -1.957933e+00 -2.436896e+00 5.907999e+01
<VARIANCE> 13
 2.686508e+01 2.683682e+01 7.765606e+01 3.201669e+01 6.792113e+01 3.211778e+01 3.684256e+01 2.669301e+01 2.982983e+01 2.018966e+01 3.096276e+01 2.218409e+01 5.447228e+01
<GCONST> 6.980089e+01
<MIXTURE> 2 5.587044e-01
<MEAN> 13
 -5.327617e-01 -4.000680e+00 1.927089e+00 -1.877088e+01 -2.146183e+00 -9.835582e+00 -6.985451e+00 -4.010200e+00 -5.831093e-01 -4.922812e+00 -1.070678e+01 -1.710526e+00 6.359214e+01
<VARIANCE> 13
 2.272754e+01 3.404877e+01 7.909513e+01 4.098745e+01 4.882601e+01 4.855443e+01 5.443489e+01 6.967590e+01 4.320758e+01 3.933466e+01 2.707848e+01 3.528656e+01 6.898553e+00
<GCONST> 7.087118e+01
<STATE> 4
<NUMMIXES> 2
<MIXTURE> 1 5.980833e-01
<MEAN> 13
 -2.436392e+00 1.311738e+00 6.659291e-01 -1.830571e+00 -2.868960e+00 -1.130801e+00 4.975405e-01 -4.077915e-01 -9.916996e-01 1.447684e-01 -1.361390e+00 -4.551223e+00 5.074987e+01
<VARIANCE> 13
 1.859631e+01 1.718486e+01 2.171159e+01 1.695718e+01 3.187598e+01 3.110857e+01 1.987014e+01 2.584213e+01 2.613818e+01 2.387570e+01 2.219988e+01 2.139491e+01 6.729884e+00
<GCONST> 6.321455e+01
<MIXTURE> 2 4.019158e-01
<MEAN> 13
 2.007643e+00 -6.050983e+00 -1.512199e-01 -5.075209e+00 -4.890836e+00 5.230107e-01 -4.477937e+00 -1.358951e+00 -1.713717e+00 -1.303340e+00 -3.467087e+00 -8.668692e+00 5.567322e+01
<VARIANCE> 13
 4.992858e+00 2.396094e+01 3.982877e+01 2.569547e+01 6.740223e+01 4.351505e+01 3.232712e+01 4.050061e+01 3.875074e+01 4.391087e+01 4.151184e+01 3.544394e+01 1.055575e+01
<GCONST> 6.785866e+01
<TRANSP> 5
 0.000000e+00 1.000000e+00 0.000000e+00 0.000000e+00 0.000000e+00
 0.000000e+00 9.947349e-01 5.265101e-03 0.000000e+00 0.000000e+00
 0.000000e+00 0.000000e+00 9.720234e-01 2.797661e-02 0.000000e+00
 0.000000e+00 0.000000e+00 0.000000e+00 9.938310e-01 6.168999e-03
 0.000000e+00 0.000000e+00 0.000000e+00 0.000000e+00 0.000000e+00
<ENDHMM>
