~o
<STREAMINFO> 1 13
<VECSIZE> 13<NULLD><MFCC_0><DIAGC>
~h "ap"
<BEGINHMM>
<NUMSTATES> 5
<STATE> 2
<NUMMIXES> 4
<MIXTURE> 1 2.807194e-01
<MEAN> 13
 -6.658509e+00 -2.180847e+00 -1.236866e+00 -5.415768e-01 2.637537e+00 1.310781e+00 4.254566e+00 1.250056e+00 -5.760797e-01 9.273275e-01 1.237622e+00 -1.931385e+00 4.848807e+01
<VARIANCE> 13
 7.584158e+00 1.248915e+01 1.120485e+01 1.223523e+01 1.796722e+01 1.962000e+01 1.670396e+01 1.604536e+01 1.399105e+01 1.505185e+01 1.325171e+01 1.212659e+01 1.201163e+01
<GCONST> 5.773548e+01
<MIXTURE> 2 1.884247e-01
<MEAN> 13
 -1.210255e+01 -9.206974e+00 -3.482222e+00 8.755332e-01 2.851625e+00 -3.961456e+00 2.157506e+00 -3.389020e+00 -2.959752e+00 -1.393247e+00 1.180477e+00 -4.700006e-01 5.857584e+01
<VARIANCE> 13
 1.332347e+01 2.300367e+01 2.191841e+01 2.000142e+01 2.619074e+01 3.126831e+01 2.417381e+01 2.265081e+01 2.253055e+01 2.063302e+01 1.788082e+01 1.503194e+01 2.371461e+01
<GCONST> 6.361596e+01
<MIXTURE> 3 1.884252e-01
<MEAN> 13
 -1.210255e+01 -9.206973e+00 -3.482223e+00 8.755311e-01 2.851627e+00 -3.961457e+00 2.157503e+00 -3.389021e+00 -2.959753e+00 -1.393249e+00 1.180477e+00 -4.700001e-01 5.857584e+01
<VARIANCE> 13
 1.332348e+01 2.300369e+01 2.191845e+01 2.000145e+01 2.619076e+01 3.126834e+01 2.417382e+01 2.265084e+01 2.253058e+01 2.063304e+01 1.788083e+01 1.503196e+01 2.371464e+01
<GCONST> 6.361596e+01
<MIXTURE> 4 3.424280e-01
<MEAN> 13
 -1.711734e+01 -1.265966e+01 -8.437898e+00 -2.475137e+00 -2.426186e+00 -6.988720e+00 -6.363169e-01 -4.919892e+00 -3.772739e+00 -1.918355e+00 -5.383759e-01 -1.195750e+00 7.328742e+01
<VARIANCE> 13
 1.394167e+01 2.641663e+01 2.441095e+01 2.436191e+01 3.126434e+01 3.255387e+01 2.395234e+01 2.223401e+01 2.319993e+01 1.929455e+01 2.029772e+01 1.591261e+01 3.252847e+01
<GCONST> 6.475610e+01
<STATE> 3
<NUMMIXES> 4
<MIXTURE> 1 3.038095e-01
<MEAN> 13
 -7.303156e+00 -1.185490e+01 -6.612173e+00 3.832690e+00 5.874277e+00 -5.194263e+00 1.593443e+00 1.144559e-01 -4.403255e+00 -2.701076e+00 1.396861e+00 -8.047516e-01 5.743438e+01
<VARIANCE> 13
 6.771824e+00 1.749931e+01 9.804668e+00 1.916733e+01 2.468352e+01 1.753477e+01 2.105915e+01 1.870227e+01 2.297369e+01 1.887940e+01 1.487775e+01 1.265308e+01 2.191020e+01
<GCONST> 6.034684e+01
<MIXTURE> 2 2.014803e-01
<MEAN> 13
 -1.013054e+01 -1.649760e+01 -1.129088e+01 1.814383e+00 1.839603e+00 -9.910614e+00 -6.126834e-01 -1.784534e+00 -5.717748e+00 -4.567517e+00 1.049753e+00 -5.235119e-01 6.814883e+01
<VARIANCE> 13
 6.885167e+00 1.081179e+01 1.114697e+01 1.649462e+01 2.155852e+01 1.518490e+01 2.160013e+01 1.685075e+01 2.522438e+01 2.107389e+01 1.474519e+01 1.614424e+01 1.851621e+01
<GCONST> 5.977175e+01
<MIXTURE> 3 2.014803e-01
<MEAN> 13
 -1.013054e+01 -1.649760e+01 -1.129088e+01 1.814383e+00 1.839603e+00 -9.910614e+00 -6.126834e-01 -1.784534e+00 -5.717748e+00 -4.567517e+00 1.049753e+00 -5.235119e-01 6.814883e+01
<VARIANCE> 13
 6.885167e+00 1.081179e+01 1.114697e+01 1.649462e+01 2.155852e+01 1.518490e+01 2.160013e+01 1.685075e+01 2.522438e+01 2.107389e+01 1.474519e+01 1.614424e+01 1.851621e+01
<GCONST> 5.977175e+01
<MIXTURE> 4 2.932270e-01
<MEAN> 13
 -1.356820e+01 -1.799144e+01 -1.354903e+01 2.443065e-02 -2.397270e+00 -1.272246e+01 -2.448371e+00 -2.033552e+00 -7.115473e+00 -5.569527e+00 -6.829761e-01 -2.014089e+00 7.978579e+01
<VARIANCE> 13
 7.517409e+00 8.913714e+00 1.136145e+01 1.644549e+01 2.277135e+01 1.691973e+01 2.609230e+01 1.689257e+01 2.677634e+01 1.829397e+01 1.690741e+01 1.560205e+01 1.496039e+01
<GCONST> 5.984464e+01
<STATE> 4
<NUMMIXES> 4
<MIXTURE> 1 2.653286e-01
<MEAN> 13
 -5.459309e+00 -4.830603e+00 -5.347711e-01 2.685956e+00 1.566603e+00 5.345759e-01 5.020665e+00 1.768125e+00 -1.511538e+00 1.246895e+00 1.828416e+00 -2.317621e+00 4.779043e+01
<VARIANCE> 13
 5.138881e+00 2.419009e+01 8.694810e+00 2.072318e+01 1.400315e+01 1.750288e+01 1.480942e+01 1.775404e+01 1.713503e+01 1.582410e+01 1.274245e+01 1.204056e+01 1.249956e+01
<GCONST> 5.814426e+01
<MIXTURE> 2 1.858014e-01
<MEAN> 13
 -8.704684e+00 -1.549470e+01 -3.550952e+00 5.684995e+00 -8.930015e-01 -4.939115e+00 5.301767e+00 -4.376695e+00 -5.258782e+00 2.011059e-01 1.187566e+00 -1.561901e+00 5.908900e+01
<VARIANCE> 13
 1.224726e+01 2.620191e+01 1.245368e+01 1.693410e+01 1.743180e+01 1.801767e+01 1.832682e+01 2.067017e+01 2.106502e+01 1.919393e+01 1.661869e+01 1.439543e+01 2.155058e+01
<GCONST> 6.125164e+01
<MIXTURE> 3 1.858014e-01
<MEAN> 13
 -8.704684e+00 -1.549470e+01 -3.550952e+00 5.684995e+00 -8.930015e-01 -4.939115e+00 5.301767e+00 -4.376695e+00 -5.258782e+00 2.011059e-01 1.187566e+00 -1.561901e+00 5.908900e+01
<VARIANCE> 13
 1.224726e+01 2.620191e+01 1.245368e+01 1.693410e+01 1.743180e+01 1.801767e+01 1.832682e+01 2.067017e+01 2.106502e+01 1.919393e+01 1.661869e+01 1.439543e+01 2.155058e+01
<GCONST> 6.125164e+01
<MIXTURE> 4 3.630657e-01
<MEAN> 13
 -1.314540e+01 -1.991188e+01 -7.938420e+00 2.280408e+00 -6.904020e+00 -8.881355e+00 3.194098e+00 -5.677766e+00 -6.078902e+00 -6.165788e-01 -4.918736e-01 -2.501626e+00 7.409843e+01
<VARIANCE> 13
 1.185492e+01 2.109406e+01 1.266066e+01 1.631066e+01 2.249363e+01 1.909017e+01 1.871486e+01 1.999422e+01 2.145377e+01 1.926328e+01 1.927080e+01 1.533031e+01 3.449383e+01
<GCONST> 6.198492e+01
<TRANSP> 5
 0.000000e+00 1.000000e+00 0.000000e+00 0.000000e+00 0.000000e+00
 0.000000e+00 9.931450e-01 6.854937e-03 0.000000e+00 0.000000e+00
 0.000000e+00 0.000000e+00 9.833311e-01 1.666890e-02 0.000000e+00
 0.000000e+00 0.000000e+00 0.000000e+00 9.875380e-01 1.246202e-02
 0.000000e+00 0.000000e+00 0.000000e+00 0.000000e+00 0.000000e+00
<ENDHMM>
~h "cl"
<BEGINHMM>
<NUMSTATES> 5
<STATE> 2
<NUMMIXES> 4
<MIXTURE> 1 2.968679e-01
<MEAN> 13
 -8.391271e+00 -5.095322e-01 -1.115968e+00 -2.117750e+00 1.246970e+00 5.877568e+00 5.037283e+00 2.015519e+00 1.486894e+00 1.424107e+00 -6.257478e-01 -5.250857e-01 4.952698e+01
<VARIANCE> 13
 2.437950e+01 1.187387e+01 2.187113e+01 1.035814e+01 1.215930e+01 1.944355e+01 1.464948e+01 1.561028e+01 1.904068e+01 1.710310e+01 1.929021e+01 1.608869e+01 1.430451e+01
<GCONST> 6.006550e+01
<MIXTURE> 2 2.880138e-01
<MEAN> 13
 -2.005807e+01 1.253887e+00 4.362303e+00 -4.033387e+00 -3.484337e+00 9.396364e+00 3.674795e+00 -2.908149e+00 4.278242e+00 1.845044e+00 -8.371531e+00 4.069089e+00 5.531467e+01
<VARIANCE> 13
 4.517522e+01 9.517792e+00 2.854248e+01 1.309789e+01 1.404878e+01 2.371663e+01 2.101407e+01 2.959587e+01 3.135439e+01 2.434910e+01 2.285812e+01 2.017985e+01 2.689205e+01
<GCONST> 6.418517e+01
<MIXTURE> 3 2.880138e-01
<MEAN> 13
 -2.005807e+01 1.253887e+00 4.362303e+00 -4.033387e+00 -3.484337e+00 9.396364e+00 3.674795e+00 -2.908149e+00 4.278242e+00 1.845044e+00 -8.371531e+00 4.069089e+00 5.531467e+01
<VARIANCE> 13
 4.517522e+01 9.517792e+00 2.854248e+01 1.309789e+01 1.404878e+01 2.371663e+01 2.101407e+01 2.959587e+01 3.135439e+01 2.434910e+01 2.285812e+01 2.017985e+01 2.689205e+01
<GCONST> 6.418517e+01
<MIXTURE> 4 1.271004e-01
<MEAN> 13
 -1.171163e+01 -7.666922e+00 -3.253706e+00 -1.749063e+00 -1.593975e+00 -2.649159e+00 9.928207e-01 -1.259144e+00 -1.360445e+00 -1.619336e+00 -1.780524e-01 -1.768907e+00 6.142055e+01
<VARIANCE> 13
 3.449568e+01 2.773310e+01 1.106954e+01 1.750866e+01 2.285082e+01 2.292517e+01 2.714168e+01 1.909331e+01 2.872201e+01 2.303498e+01 1.787144e+01 1.533984e+01 9.937392e+01
<GCONST> 6.524161e+01
<STATE> 3
<NUMMIXES> 4
<MIXTURE> 1 2.391618e-01
<MEAN> 13
 -2.337341e+01 3.841626e+00 6.419728e-01 -4.618644e+00 -3.013759e+00 1.450332e+01 3.206591e+00 -2.576476e+00 9.082960e+00 -3.086979e+00 -3.426559e+00 5.980923e+00 6.047693e+01
<VARIANCE> 13
 1.879083e+01 4.954027e+00 1.438491e+01 8.186439e+00 1.167167e+01 2.281363e+01 1.958339e+01 1.789464e+01 1.772865e+01 1.854159e+01 1.882459e+01 1.840891e+01 1.110002e+01
<GCONST> 5.868848e+01
<MIXTURE> 2 2.764032e-01
<MEAN> 13
 -2.078906e+01 2.890137e+00 6.450590e-01 -6.010303e+00 -4.924978e+00 1.316253e+01 -1.988483e-01 -3.964471e+00 8.482697e+00 -4.273413e+00 -4.039630e+00 5.987991e+00 5.897178e+01
<VARIANCE> 13
 3.442395e+01 7.249780e+00 1.610690e+01 1.192385e+01 1.665334e+01 2.401578e+01 2.230152e+01 2.040466e+01 2.180952e+01 1.930933e+01 1.856123e+01 1.785917e+01 1.710827e+01
<GCONST> 6.146775e+01
<MIXTURE> 3 2.763993e-01
<MEAN> 13
 -2.078906e+01 2.890135e+00 6.450563e-01 -6.010298e+00 -4.924973e+00 1.316253e+01 -1.988445e-01 -3.964469e+00 8.482692e+00 -4.273415e+00 -4.039630e+00 5.987990e+00 5.897178e+01
<VARIANCE> 13
 3.442397e+01 7.249794e+00 1.610687e+01 1.192385e+01 1.665328e+01 2.401582e+01 2.230152e+01 2.040470e+01 2.180956e+01 1.930933e+01 1.856124e+01 1.785920e+01 1.710831e+01
<GCONST> 6.146775e+01
<MIXTURE> 4 2.080347e-01
<MEAN> 13
 -1.098462e+01 1.219731e+00 -3.640879e+00 -4.475203e+00 -3.578606e+00 5.775743e+00 -3.802572e-01 -4.368156e+00 2.820623e+00 -1.983253e+00 -1.871447e+00 2.820596e+00 5.583617e+01
<VARIANCE> 13
 4.976554e+01 2.052944e+01 2.161790e+01 1.714934e+01 2.441004e+01 3.148555e+01 3.321556e+01 3.335715e+01 2.644101e+01 2.144001e+01 1.953047e+01 2.001239e+01 3.200936e+01
<GCONST> 6.616641e+01
<STATE> 4
<NUMMIXES> 4
<MIXTURE> 1 2.942149e-01
<MEAN> 13
 -1.681576e+01 2.177485e+00 7.501771e+00 -2.328405e+00 -5.546232e+00 1.035243e+01 3.800891e+00 -5.746195e+00 3.887920e+00 5.064538e+00 -9.640752e+00 3.484208e+00 5.187446e+01
<VARIANCE> 13
 2.953387e+01 7.894805e+00 1.228307e+01 1.895663e+01 2.232452e+01 2.411590e+01 2.242192e+01 3.091051e+01 3.053771e+01 3.530344e+01 2.230020e+01 1.902999e+01 1.379538e+01
<GCONST> 6.328210e+01
<MIXTURE> 2 2.383211e-01
<MEAN> 13
 -2.580092e+01 8.117988e-01 5.303699e+00 -2.444829e+00 -5.913432e+00 1.057161e+01 2.295905e+00 -4.994088e+00 2.048405e+00 5.116192e+00 -1.131086e+01 3.830837e+00 6.009887e+01
<VARIANCE> 13
 1.374596e+01 7.629522e+00 1.271880e+01 1.638620e+01 2.202243e+01 2.887304e+01 2.184337e+01 3.642454e+01 3.012587e+01 2.751355e+01 1.945755e+01 2.094747e+01 1.510663e+01
<GCONST> 6.246425e+01
<MIXTURE> 3 2.383211e-01
<MEAN> 13
 -2.580092e+01 8.117988e-01 5.303699e+00 -2.444829e+00 -5.913432e+00 1.057161e+01 2.295905e+00 -4.994088e+00 2.048405e+00 5.116192e+00 -1.131086e+01 3.830837e+00 6.009887e+01
<VARIANCE> 13
 1.374596e+01 7.629522e+00 1.271880e+01 1.638620e+01 2.202243e+01 2.887304e+01 2.184337e+01 3.642454e+01 3.012587e+01 2.751355e+01 1.945755e+01 2.094747e+01 1.510663e+01
<GCONST> 6.246425e+01
<MIXTURE> 4 2.291337e-01
<MEAN> 13
 -2.316408e+01 1.811444e-01 8.305599e+00 -4.269153e+00 -1.112398e+01 1.183797e+01 -3.570119e+00 -1.373475e+01 3.009305e+00 3.651112e+00 -1.657028e+01 9.283266e+00 6.144117e+01
<VARIANCE> 13
 2.086769e+01 9.494135e+00 1.111605e+01 1.326375e+01 1.922144e+01 3.762806e+01 1.860897e+01 3.038950e+01 4.640926e+01 2.316281e+01 2.292498e+01 4.234848e+01 2.699857e+01
<GCONST> 6.425021e+01
<TRANSP> 5
 0.000000e+00 1.000000e+00 0.000000e+00 0.000000e+00 0.000000e+00
 0.000000e+00 9.711472e-01 2.885278e-02 0.000000e+00 0.000000e+00
 0.000000e+00 0.000000e+00 9.922383e-01 7.761719e-03 0.000000e+00
 0.000000e+00 0.000000e+00 0.000000e+00 9.927922e-01 7.207767e-03
 0.000000e+00 0.000000e+00 0.000000e+00 0.000000e+00 0.000000e+00
<ENDHMM>
~h "cm"
<BEGINHMM>
<NUMSTATES> 5
<STATE> 2
<NUMMIXES> 4
<MIXTURE> 1 2.297615e-01
<MEAN> 13
 -1.118422e+01 1.624023e+00 -5.451613e-01 -2.833029e+00 1.077102e+00 2.230501e+00 1.764329e+00 2.603174e+00 3.632440e-01 9.041960e-01 1.416786e+00 -1.972762e+00 5.318520e+01
<VARIANCE> 13
 1.335994e+01 1.159385e+01 1.111873e+01 1.207226e+01 1.165412e+01 1.549962e+01 1.224876e+01 1.527837e+01 1.593944e+01 1.630478e+01 1.471798e+01 1.313577e+01 1.752971e+01
<GCONST> 5.795157e+01
<MIXTURE> 2 2.539717e-01
<MEAN> 13
 -1.335495e+01 -1.403455e+00 -3.964797e+00 -5.812525e+00 -4.256358e-01 1.399668e+00 -5.605995e-01 8.413872e-01 -1.665077e+00 1.273676e+00 3.262981e+00 -4.704112e-01 5.850618e+01
<VARIANCE> 13
 1.397420e+01 1.262203e+01 9.193666e+00 1.142246e+01 1.496052e+01 1.302245e+01 1.228613e+01 1.283179e+01 1.375687e+01 1.415494e+01 1.455559e+01 1.310030e+01 1.161599e+01
<GCONST> 5.702624e+01
<MIXTURE> 3 2.539736e-01
<MEAN> 13
 -1.335497e+01 -1.403451e+00 -3.964797e+00 -5.812525e+00 -4.256286e-01 1.399671e+00 -5.606057e-01 8.413873e-01 -1.665081e+00 1.273675e+00 3.262986e+00 -4.704055e-01 5.850619e+01
<VARIANCE> 13
 1.397408e+01 1.262199e+01 9.193645e+00 1.142243e+01 1.496047e+01 1.302244e+01 1.228611e+01 1.283175e+01 1.375685e+01 1.415491e+01 1.455557e+01 1.310028e+01 1.161597e+01
<GCONST> 5.702620e+01
<MIXTURE> 4 2.622914e-01
<MEAN> 13
 -1.288694e+01 1.385482e-02 -2.452733e+00 -5.755578e+00 -1.844561e+00 -2.373035e+00 -5.371768e+00 -3.809938e+00 -5.006152e+00 6.326683e-01 3.972920e+00 1.034321e+00 5.958944e+01
<VARIANCE> 13
 1.173090e+01 1.469181e+01 1.035033e+01 1.208880e+01 1.120643e+01 1.233882e+01 1.225577e+01 1.249415e+01 1.468463e+01 2.097397e+01 2.512809e+01 2.152449e+01 1.832672e+01
<GCONST> 5.876333e+01
<STATE> 3
<NUMMIXES> 4
<MIXTURE> 1 2.355572e-01
<MEAN> 13
 -1.134446e+01 -1.364863e+00 -2.276207e+00 -2.546299e+00 2.044874e+00 2.530478e+00 3.974099e-01 7.665160e-01 -2.255015e+00 -8.167897e-01 6.448715e-01 -2.086830e+00 6.265876e+01
<VARIANCE> 13
 1.020286e+01 1.310000e+01 1.226109e+01 1.168850e+01 1.358734e+01 1.121000e+01 1.357185e+01 1.704247e+01 1.527491e+01 1.320157e+01 1.419221e+01 1.402392e+01 2.377845e+01
<GCONST> 5.799116e+01
<MIXTURE> 2 2.418677e-01
<MEAN> 13
 -8.353444e+00 -3.420364e-01 -3.192832e+00 -3.312635e+00 -4.971783e-01 -7.017316e-01 -2.660432e+00 -2.272950e+00 -4.688028e+00 -2.207677e+00 -1.379812e+00 -2.331226e+00 6.698593e+01
<VARIANCE> 13
 9.714931e+00 1.116867e+01 1.256515e+01 1.276000e+01 1.153763e+01 1.005644e+01 1.189031e+01 1.449273e+01 1.576140e+01 1.625342e+01 1.477927e+01 1.330707e+01 4.173176e+01
<GCONST> 5.811827e+01
<MIXTURE> 3 2.418673e-01
<MEAN> 13
 -8.353445e+00 -3.420391e-01 -3.192833e+00 -3.312637e+00 -4.971783e-01 -7.017317e-01 -2.660428e+00 -2.272947e+00 -4.688025e+00 -2.207675e+00 -1.379812e+00 -2.331226e+00 6.698594e+01
<VARIANCE> 13
 9.714920e+00 1.116869e+01 1.256515e+01 1.276003e+01 1.153765e+01 1.005645e+01 1.189033e+01 1.449275e+01 1.576140e+01 1.625340e+01 1.477924e+01 1.330707e+01 4.173183e+01
<GCONST> 5.811828e+01
<MIXTURE> 4 2.807077e-01
<MEAN> 13
 -8.617222e+00 -1.770562e+00 -5.212736e+00 -5.135128e+00 -3.675174e+00 -3.695831e+00 -5.781942e+00 -4.726989e+00 -6.436590e+00 -2.973315e+00 -2.711574e+00 -2.229748e+00 7.257273e+01
<VARIANCE> 13
 7.341840e+00 1.430685e+01 1.736724e+01 1.631763e+01 1.329195e+01 1.443443e+01 1.246963e+01 1.851800e+01 1.941415e+01 1.667376e+01 1.810535e+01 1.599436e+01 4.581181e+01
<GCONST> 6.016520e+01
<STATE> 4
<NUMMIXES> 4
<MIXTURE> 1 3.049670e-01
<MEAN> 13
 -5.485688e+00 2.959839e+00 1.628341e-01 -9.590713e-01 2.246028e+00 7.487158e-01 -1.802032e+00 -2.058447e+00 -3.924512e+00 -2.417835e+00 -6.965474e-01 -2.851743e+00 5.824009e+01
<VARIANCE> 13
 1.515622e+01 8.510301e+00 8.938047e+00 8.354799e+00 9.369740e+00 1.190981e+01 1.543057e+01 1.805371e+01 1.733105e+01 1.649226e+01 1.443573e+01 1.363764e+01 3.766785e+01
<GCONST> 5.797654e+01
<MIXTURE> 2 2.234171e-01
<MEAN> 13
 -4.280904e+00 5.396620e-01 -2.936814e+00 -4.336432e+00 -1.265513e+00 -1.705398e+00 -2.873483e+00 -1.822821e+00 -3.200001e+00 -2.116458e+00 -1.440615e+00 -3.017896e+00 6.888046e+01
<VARIANCE> 13
 4.188002e+00 6.576650e+00 6.620231e+00 7.615568e+00 9.441430e+00 9.331909e+00 1.288761e+01 1.709327e+01 1.559529e+01 1.432938e+01 1.386034e+01 1.153903e+01 3.356965e+01
<GCONST> 5.499965e+01
<MIXTURE> 3 2.234165e-01
<MEAN> 13
 -4.280903e+00 5.396645e-01 -2.936809e+00 -4.336426e+00 -1.265510e+00 -1.705404e+00 -2.873493e+00 -1.822832e+00 -3.200009e+00 -2.116463e+00 -1.440616e+00 -3.017897e+00 6.888046e+01
<VARIANCE> 13
 4.187999e+00 6.576658e+00 6.620237e+00 7.615581e+00 9.441453e+00 9.331909e+00 1.288762e+01 1.709327e+01 1.559528e+01 1.432938e+01 1.386035e+01 1.153903e+01 3.356964e+01
<GCONST> 5.499965e+01
<MIXTURE> 4 2.481929e-01
<MEAN> 13
 -5.201535e+00 -1.676510e+00 -4.293301e+00 -7.402040e+00 -3.501682e+00 -4.136234e+00 -5.123485e+00 -3.321875e+00 -4.497063e+00 -3.294055e+00 -2.503952e+00 -3.098921e+00 7.413731e+01
<VARIANCE> 13
 2.989382e+00 6.466160e+00 6.504097e+00 8.943711e+00 9.698189e+00 9.306833e+00 1.269218e+01 1.442473e+01 1.422066e+01 1.364695e+01 1.283250e+01 1.188120e+01 1.738523e+01
<GCONST> 5.378083e+01
<TRANSP> 5
 0.000000e+00 1.000000e+00 0.000000e+00 0.000000e+00 0.000000e+00
 0.000000e+00 9.667933e-01 3.320671e-02 0.000000e+00 0.000000e+00
 0.000000e+00 0.000000e+00 9.666481e-01 3.335188e-02 0.000000e+00
 0.000000e+00 0.000000e+00 0.000000e+00 9.831938e-01 1.680630e-02
 0.000000e+00 0.000000e+00 0.000000e+00 0.000000e+00 0.000000e+00
<ENDHMM>
~h "co"
<BEGINHMM>
<NUMSTATES> 5
<STATE> 2
<NUMMIXES> 4
<MIXTURE> 1 2.712164e-01
<MEAN> 13
 -5.069275e+00 -3.267261e+00 -1.045470e-01 -7.141258e-01 8.005294e-01 2.469518e+00 3.829060e+00 2.110532e+00 8.358629e-01 -4.902161e-01 -5.611896e-01 -3.538101e+00 4.942515e+01
<VARIANCE> 13
 6.015372e+00 1.334297e+01 1.770506e+01 1.895739e+01 1.128514e+01 1.278188e+01 1.650293e+01 1.558664e+01 1.873774e+01 1.748381e+01 1.574377e+01 1.388482e+01 1.169738e+01
<GCONST> 5.825364e+01
<MIXTURE> 2 2.353110e-01
<MEAN> 13
 -7.706940e+00 -5.617573e+00 3.418125e+00 4.959292e-01 -7.448709e+00 -2.334470e+00 -2.151540e+00 -2.943243e+00 -1.906106e+00 -4.568787e+00 -6.781265e+00 -7.960671e+00 6.566357e+01
<VARIANCE> 13
 1.676525e+01 1.105430e+01 1.397547e+01 2.961106e+01 3.687658e+01 2.229425e+01 2.872983e+01 3.218327e+01 2.492979e+01 2.498917e+01 3.526294e+01 1.638660e+01 4.982275e+01
<GCONST> 6.538354e+01
<MIXTURE> 3 2.353120e-01
<MEAN> 13
 -7.706950e+00 -5.617573e+00 3.418126e+00 4.959196e-01 -7.448715e+00 -2.334473e+00 -2.151532e+00 -2.943238e+00 -1.906107e+00 -4.568788e+00 -6.781254e+00 -7.960670e+00 6.566358e+01
<VARIANCE> 13
 1.676523e+01 1.105431e+01 1.397546e+01 2.961104e+01 3.687658e+01 2.229425e+01 2.872988e+01 3.218330e+01 2.492978e+01 2.498915e+01 3.526292e+01 1.638661e+01 4.982273e+01
<GCONST> 6.538354e+01
<MIXTURE> 4 2.581587e-01
<MEAN> 13
 -5.116776e+00 -8.670306e+00 -8.163362e-01 2.665499e+00 -1.530114e+01 -6.169141e+00 -8.876673e+00 -3.326323e+00 3.349480e+00 -1.526262e+00 -6.549728e+00 -9.388380e+00 6.483979e+01
<VARIANCE> 13
 9.955382e+00 3.142414e+01 4.177898e+01 2.591706e+01 7.554156e+01 5.166236e+01 5.545984e+01 6.805287e+01 6.131312e+01 5.820669e+01 7.467793e+01 4.337067e+01 3.205910e+01
<GCONST> 7.286128e+01
<STATE> 3
<NUMMIXES> 4
<MIXTURE> 1 2.381777e-01
<MEAN> 13
 -9.888148e+00 -5.655567e+00 2.357183e+00 -3.352336e-01 -4.488785e+00 -7.056311e+00 -5.833584e-02 -8.829517e+00 -6.485214e+00 -2.498340e+00 -5.150720e-01 -4.711370e+00 6.661237e+01
<VARIANCE> 13
 2.499078e+01 1.084003e+01 1.212943e+01 1.553797e+01 2.173600e+01 2.348084e+01 3.495568e+01 4.363265e+01 2.483442e+01 2.912728e+01 2.089439e+01 2.459065e+01 5.136222e+01
<GCONST> 6.506277e+01
<MIXTURE> 2 2.278574e-01
<MEAN> 13
 -3.900548e+00 -7.174347e+00 -9.253065e-01 -2.609951e+00 -5.841555e+00 -6.216841e+00 -1.076239e+01 -6.232041e+00 -4.194345e+00 -5.830085e+00 -5.400617e+00 -1.224080e+01 6.588533e+01
<VARIANCE> 13
 8.026951e+00 1.222630e+01 1.732310e+01 1.620808e+01 2.443200e+01 4.374888e+01 4.419391e+01 4.940284e+01 4.235129e+01 5.174753e+01 2.998907e+01 3.622715e+01 2.873965e+01
<GCONST> 6.682059e+01
<MIXTURE> 3 2.278563e-01
<MEAN> 13
 -3.900553e+00 -7.174342e+00 -9.253052e-01 -2.609947e+00 -5.841559e+00 -6.216852e+00 -1.076239e+01 -6.232044e+00 -4.194352e+00 -5.830091e+00 -5.400622e+00 -1.224078e+01 6.588533e+01
<VARIANCE> 13
 8.026949e+00 1.222629e+01 1.732311e+01 1.620810e+01 2.443201e+01 4.374882e+01 4.419385e+01 4.940274e+01 4.235128e+01 5.174744e+01 2.998911e+01 3.622713e+01 2.873965e+01
<GCONST> 6.682059e+01
<MIXTURE> 4 3.061056e-01
<MEAN> 13
 -7.723068e+00 -6.831562e+00 -3.585397e+00 -4.244059e+00 -1.205647e+01 -1.094404e+01 -7.086111e+00 -5.623127e+00 -4.581068e+00 -6.361164e+00 -5.898352e+00 -9.859690e+00 7.330671e+01
<VARIANCE> 13
 5.911372e+00 1.194231e+01 2.188593e+01 2.072548e+01 2.809091e+01 2.397330e+01 4.105797e+01 6.615737e+01 5.206924e+01 3.710536e+01 3.976481e+01 3.982460e+01 1.250466e+01
<GCONST> 6.614589e+01
<STATE> 4
<NUMMIXES> 4
<MIXTURE> 1 2.547627e-01
<MEAN> 13
 -3.050613e+00 1.466908e+00 5.132139e+00 2.810638e+00 3.372648e+00 3.515219e-01 -8.889154e-01 -2.108479e+00 -4.073822e+00 -3.438874e+00 -3.427291e+00 -7.425848e+00 4.819372e+01
<VARIANCE> 13
 8.507192e+00 1.036186e+01 1.560190e+01 2.047063e+01 1.606160e+01 1.328413e+01 1.978087e+01 2.748928e+01 2.226289e+01 1.838383e+01 1.828292e+01 1.515255e+01 1.354734e+01
<GCONST> 6.004406e+01
<MIXTURE> 2 2.397285e-01
<MEAN> 13
 -3.327671e+00 -2.837396e+00 4.602365e+00 2.713737e+00 -4.781377e-01 -4.725591e+00 -5.169775e+00 -7.932820e+00 -5.174669e+00 -4.239724e+00 -3.094161e+00 -7.379649e+00 5.766043e+01
<VARIANCE> 13
 1.404130e+01 8.498651e+00 1.244783e+01 2.134329e+01 2.190076e+01 1.953405e+01 2.552582e+01 3.558171e+01 2.890198e+01 2.679943e+01 2.702070e+01 2.317291e+01 3.097329e+01
<GCONST> 6.365180e+01
<MIXTURE> 3 2.397285e-01
<MEAN> 13
 -3.327671e+00 -2.837396e+00 4.602365e+00 2.713737e+00 -4.781377e-01 -4.725591e+00 -5.169775e+00 -7.932820e+00 -5.174669e+00 -4.239724e+00 -3.094161e+00 -7.379649e+00 5.766043e+01
<VARIANCE> 13
 1.404130e+01 8.498651e+00 1.244783e+01 2.134329e+01 2.190076e+01 1.953405e+01 2.552582e+01 3.558171e+01 2.890198e+01 2.679943e+01 2.702070e+01 2.317291e+01 3.097329e+01
<GCONST> 6.365180e+01
<MIXTURE> 4 2.657782e-01
<MEAN> 13
 -4.021873e+00 -6.495530e+00 4.811984e+00 2.035650e+00 -7.459479e+00 -6.232476e+00 -9.105708e+00 -8.492801e+00 -5.537380e+00 -3.741207e+00 -3.613930e+00 -9.090883e+00 6.392991e+01
<VARIANCE> 13
 1.501511e+01 2.036463e+01 2.609206e+01 3.553488e+01 3.998903e+01 4.298823e+01 4.601940e+01 6.784344e+01 4.370325e+01 4.379236e+01 4.623338e+01 2.630974e+01 2.611669e+01
<GCONST> 6.986630e+01
<TRANSP> 5
 0.000000e+00 1.000000e+00 0.000000e+00 0.000000e+00 0.000000e+00
 0.000000e+00 9.446784e-01 5.532167e-02 0.000000e+00 0.000000e+00
 0.000000e+00 0.000000e+00 9.834087e-01 1.659132e-02 0.000000e+00
 0.000000e+00 0.000000e+00 0.000000e+00 9.779275e-01 2.207248e-02
 0.000000e+00 0.000000e+00 0.000000e+00 0.000000e+00 0.000000e+00
<ENDHMM>
~h "ds"
<BEGINHMM>
<NUMSTATES> 5
<STATE> 2
<NUMMIXES> 4
<MIXTURE> 1 3.117123e-01
<MEAN> 13
 -1.082947e+01 1.616697e+00 2.558320e+00 1.774235e+00 2.812399e+00 7.213353e-02 5.531048e+00 -1.690553e+00 1.972864e+00 1.192356e+00 4.012033e+00 1.972671e-01 6.227703e+01
<VARIANCE> 13
 1.717736e+01 1.488340e+01 9.271905e+00 1.169888e+01 1.403617e+01 1.778530e+01 2.404803e+01 2.901473e+01 2.922087e+01 2.323624e+01 2.286291e+01 1.933595e+01 1.012824e+02
<GCONST> 6.342058e+01
<MIXTURE> 2 2.452029e-01
<MEAN> 13
 -1.504107e+01 4.541614e-01 -8.049183e-01 3.558868e-02 -1.916822e+00 -2.374534e+00 1.603574e+00 -3.563754e+00 1.487521e+00 2.820603e+00 4.504968e+00 3.285877e-02 6.925671e+01
<VARIANCE> 13
 6.723461e+00 3.776968e+00 5.155565e+00 8.610154e+00 1.115389e+01 1.002380e+01 1.334892e+01 1.358861e+01 1.475953e+01 1.379002e+01 1.338935e+01 1.315074e+01 2.426000e+01
<GCONST> 5.451297e+01
<MIXTURE> 3 2.452021e-01
<MEAN> 13
 -1.504107e+01 4.541619e-01 -8.049187e-01 3.558854e-02 -1.916822e+00 -2.374532e+00 1.603573e+00 -3.563755e+00 1.487517e+00 2.820594e+00 4.504960e+00 3.285433e-02 6.925671e+01
<VARIANCE> 13
 6.723487e+00 3.776972e+00 5.155563e+00 8.610152e+00 1.115389e+01 1.002382e+01 1.334891e+01 1.358861e+01 1.475953e+01 1.379004e+01 1.338936e+01 1.315076e+01 2.426004e+01
<GCONST> 5.451297e+01
<MIXTURE> 4 1.978783e-01
<MEAN> 13
 -1.828360e+01 -1.369136e+00 -3.250731e+00 -4.631559e+00 -5.115507e+00 -4.868475e+00 3.303963e+00 -6.279031e-01 3.314930e-01 2.561411e+00 3.860518e+00 2.806187e-01 6.593021e+01
<VARIANCE> 13
 1.023864e+01 1.405533e+01 9.913142e+00 1.134191e+01 2.400806e+01 2.373857e+01 3.513332e+01 4.428075e+01 2.507276e+01 2.555205e+01 1.774719e+01 1.520839e+01 2.560449e+02
<GCONST> 6.488506e+01
<STATE> 3
<NUMMIXES> 4
<MIXTURE> 1 2.336589e-01
<MEAN> 13
 -1.228909e+01 3.327522e+00 3.911025e+00 6.374774e+00 6.725916e+00 3.942720e+00 8.020764e+00 -1.302997e-02 4.777071e+00 3.021076e+00 4.977569e+00 2.020397e+00 6.895888e+01
<VARIANCE> 13
 7.168085e+00 2.920340e+00 4.693390e+00 5.679520e+00 8.031240e+00 9.242584e+00 1.086216e+01 1.320522e+01 1.283830e+01 1.206804e+01 1.272536e+01 1.137477e+01 3.625275e+01
<GCONST> 5.309833e+01
<MIXTURE> 2 1.771289e-01
<MEAN> 13
 -6.533594e+00 6.754534e+00 6.418627e+00 6.128959e+00 6.378394e+00 2.857640e+00 5.812445e+00 -1.794017e+00 1.324128e+00 -4.474327e-02 2.000705e+00 -8.203072e-01 6.700416e+01
<VARIANCE> 13
 6.979007e+00 4.447112e+00 4.152545e+00 6.468544e+00 1.111938e+01 1.421575e+01 1.138740e+01 1.120765e+01 1.224509e+01 1.321274e+01 1.211419e+01 1.113868e+01 6.240589e+01
<GCONST> 5.465514e+01
<MIXTURE> 3 1.771289e-01
<MEAN> 13
 -6.533594e+00 6.754544e+00 6.418634e+00 6.128964e+00 6.378393e+00 2.857642e+00 5.812446e+00 -1.794025e+00 1.324119e+00 -4.475766e-02 2.000695e+00 -8.203163e-01 6.700418e+01
<VARIANCE> 13
 6.979025e+00 4.447134e+00 4.152559e+00 6.468577e+00 1.111949e+01 1.421583e+01 1.138746e+01 1.120772e+01 1.224514e+01 1.321277e+01 1.211423e+01 1.113873e+01 6.240620e+01
<GCONST> 5.465522e+01
<MIXTURE> 4 4.120803e-01
<MEAN> 13
 -1.111666e+01 7.773869e-02 9.032101e-01 1.416275e+00 4.002749e+00 6.035966e-01 2.414800e+00 -4.329203e+00 -1.518041e+00 9.203120e-01 3.006113e+00 -2.806028e+00 6.131594e+01
<VARIANCE> 13
 3.762453e+00 4.644107e+00 4.930057e+00 6.870782e+00 1.112540e+01 9.075251e+00 1.311034e+01 1.574635e+01 1.410445e+01 1.432451e+01 1.560638e+01 1.353131e+01 9.028491e+00
<GCONST> 5.308203e+01
<STATE> 4
<NUMMIXES> 4
<MIXTURE> 1 1.347047e-01
<MEAN> 13
 -8.693295e+00 4.792603e+00 6.884972e+00 5.950522e+00 7.324153e+00 3.025261e+00 7.377871e+00 -4.815764e-01 2.340434e+00 -4.917663e-01 2.371136e+00 -1.773572e-01 6.287822e+01
<VARIANCE> 13
 1.529236e+01 1.070135e+01 1.115005e+01 8.899867e+00 1.222152e+01 1.435730e+01 1.463538e+01 1.613703e+01 1.715715e+01 1.488759e+01 1.563622e+01 1.357603e+01 9.845245e+01
<GCONST> 5.971003e+01
<MIXTURE> 2 3.044845e-01
<MEAN> 13
 -9.365691e+00 1.539944e+00 2.221087e+00 3.606634e-01 2.991837e+00 1.228918e+00 2.480043e+00 -3.948694e-01 2.301414e-01 -6.113838e-01 1.832498e+00 -1.869686e+00 5.125314e+01
<VARIANCE> 13
 1.130267e+01 7.014837e+00 9.117609e+00 9.086865e+00 1.237954e+01 2.008850e+01 2.011724e+01 1.730871e+01 2.475566e+01 2.404977e+01 1.671316e+01 1.501576e+01 1.309771e+01
<GCONST> 5.853840e+01
<MIXTURE> 3 3.044845e-01
<MEAN> 13
 -9.365691e+00 1.539944e+00 2.221087e+00 3.606634e-01 2.991837e+00 1.228918e+00 2.480043e+00 -3.948694e-01 2.301414e-01 -6.113838e-01 1.832498e+00 -1.869686e+00 5.125314e+01
<VARIANCE> 13
 1.130267e+01 7.014837e+00 9.117609e+00 9.086865e+00 1.237954e+01 2.008850e+01 2.011724e+01 1.730871e+01 2.475566e+01 2.404977e+01 1.671316e+01 1.501576e+01 1.309771e+01
<GCONST> 5.853840e+01
<MIXTURE> 4 2.563199e-01
<MEAN> 13
 -1.136801e+01 -8.835363e-01 -9.063917e-01 -2.154194e+00 2.657104e-01 -1.911742e+00 1.276009e+00 -2.556173e+00 -8.355332e-01 -6.251032e-01 2.254071e+00 -1.710451e+00 5.776378e+01
<VARIANCE> 13
 2.362230e+01 1.235391e+01 1.631687e+01 1.719349e+01 2.299588e+01 2.242878e+01 2.750570e+01 2.207831e+01 2.694784e+01 2.675338e+01 2.332025e+01 2.438319e+01 3.640621e+01
<GCONST> 6.437846e+01
<TRANSP> 5
 0.000000e+00 1.000000e+00 0.000000e+00 0.000000e+00 0.000000e+00
 0.000000e+00 9.644836e-01 3.551637e-02 0.000000e+00 0.000000e+00
 0.000000e+00 0.000000e+00 9.346347e-01 6.536535e-02 0.000000e+00
 0.000000e+00 0.000000e+00 0.000000e+00 9.926299e-01 7.370110e-03
 0.000000e+00 0.000000e+00 0.000000e+00 0.000000e+00 0.000000e+00
<ENDHMM>
~h "kj"
<BEGINHMM>
<NUMSTATES> 5
<STATE> 2
<NUMMIXES> 4
<MIXTURE> 1 2.895932e-01
<MEAN> 13
 -1.675306e+01 6.811633e+00 6.265996e-01 -2.683547e+00 -2.040758e-01 5.169354e+00 -3.564995e-01 5.771785e+00 1.747884e+00 -9.075215e-01 2.672026e+00 -4.791988e-01 5.203098e+01
<VARIANCE> 13
 2.572876e+01 9.168365e+00 8.770829e+00 9.893208e+00 1.351719e+01 1.904839e+01 2.344706e+01 1.448833e+01 1.436273e+01 2.090980e+01 1.567684e+01 1.549733e+01 1.298389e+01
<GCONST> 5.895951e+01
<MIXTURE> 2 2.550635e-01
<MEAN> 13
 -2.195310e+01 1.657850e+00 1.416377e+00 -4.126683e+00 -1.217893e+00 6.982395e+00 2.701875e+00 2.401289e+00 -1.404562e-01 -1.196692e-01 1.933502e+00 -1.197577e+00 5.888172e+01
<VARIANCE> 13
 1.849875e+01 1.157709e+01 1.300241e+01 1.369830e+01 1.646396e+01 2.783871e+01 1.966774e+01 1.758802e+01 1.457215e+01 1.927249e+01 1.550275e+01 1.298472e+01 1.320360e+01
<GCONST> 5.993841e+01
<MIXTURE> 3 2.550664e-01
<MEAN> 13
 -2.195313e+01 1.657827e+00 1.416401e+00 -4.126693e+00 -1.217916e+00 6.982417e+00 2.701881e+00 2.401278e+00 -1.404530e-01 -1.196735e-01 1.933512e+00 -1.197572e+00 5.888176e+01
<VARIANCE> 13
 1.849864e+01 1.157706e+01 1.300240e+01 1.369828e+01 1.646396e+01 2.783863e+01 1.966772e+01 1.758810e+01 1.457218e+01 1.927251e+01 1.550273e+01 1.298475e+01 1.320356e+01
<GCONST> 5.993840e+01
<MIXTURE> 4 2.002761e-01
<MEAN> 13
 -1.467678e+01 4.743712e-01 -2.499694e+00 -2.491518e+00 -1.032450e+00 1.967143e-02 3.704627e-01 -8.364648e-01 -2.412131e+00 5.500264e-01 -1.002939e-01 -1.642502e+00 5.529065e+01
<VARIANCE> 13
 2.659616e+01 2.632992e+01 1.367312e+01 1.647469e+01 2.240273e+01 2.369922e+01 2.639976e+01 1.755722e+01 1.827008e+01 2.383141e+01 1.616939e+01 1.742657e+01 3.240917e+01
<GCONST> 6.347041e+01
<STATE> 3
<NUMMIXES> 4
<MIXTURE> 1 2.998151e-01
<MEAN> 13
 -1.343293e+01 -1.283803e+00 -3.626432e+00 1.472556e+00 7.116660e-01 -1.543484e+00 1.889045e+00 -3.517154e-01 -6.880317e-01 1.989051e+00 6.216992e-01 -1.117705e+00 5.506247e+01
<VARIANCE> 13
 1.168992e+01 1.935777e+01 1.593951e+01 1.876784e+01 1.078571e+01 1.502287e+01 1.477872e+01 1.363796e+01 1.722109e+01 1.649907e+01 1.808564e+01 1.384919e+01 1.356052e+01
<GCONST> 5.918896e+01
<MIXTURE> 2 2.354124e-01
<MEAN> 13
 -1.509104e+01 -5.375880e+00 -4.662525e+00 -2.280823e-01 -1.913747e+00 -4.221202e+00 -1.909251e+00 -3.960011e+00 -2.891951e+00 1.648320e+00 8.409183e-01 -7.660656e-01 6.107111e+01
<VARIANCE> 13
 1.122657e+01 2.075674e+01 1.221429e+01 1.075944e+01 1.549705e+01 1.432948e+01 1.590163e+01 1.725617e+01 1.725500e+01 1.704065e+01 1.548608e+01 1.375671e+01 1.510667e+01
<GCONST> 5.899982e+01
<MIXTURE> 3 2.354121e-01
<MEAN> 13
 -1.509104e+01 -5.375882e+00 -4.662525e+00 -2.280822e-01 -1.913746e+00 -4.221201e+00 -1.909252e+00 -3.960010e+00 -2.891951e+00 1.648317e+00 8.409178e-01 -7.660653e-01 6.107112e+01
<VARIANCE> 13
 1.122656e+01 2.075676e+01 1.221430e+01 1.075945e+01 1.549705e+01 1.432949e+01 1.590163e+01 1.725619e+01 1.725500e+01 1.704065e+01 1.548608e+01 1.375673e+01 1.510668e+01
<GCONST> 5.899982e+01
<MIXTURE> 4 2.293584e-01
<MEAN> 13
 -1.808809e+01 -1.112239e+01 -3.905321e+00 -3.622491e+00 -2.493298e+00 -6.155081e+00 -4.896013e+00 -5.539321e+00 -3.994605e+00 -8.418369e-01 2.083880e-01 -1.545679e-01 7.312196e+01
<VARIANCE> 13
 1.153004e+01 1.441921e+01 7.761710e+00 1.249095e+01 1.551349e+01 1.437494e+01 1.755109e+01 1.418752e+01 1.739516e+01 1.443371e+01 1.464929e+01 1.395898e+01 3.018850e+01
<GCONST> 5.875854e+01
<STATE> 4
<NUMMIXES> 4
<MIXTURE> 1 2.501755e-01
<MEAN> 13
 -2.145185e+01 7.301696e+00 -7.079497e-01 3.875611e+00 -8.699232e-01 9.243569e-02 6.604652e+00 2.834954e+00 -5.868531e-01 1.091443e+00 4.151411e-01 -3.467459e-01 5.308496e+01
<VARIANCE> 13
 2.706092e+01 1.196480e+01 1.629992e+01 2.301061e+01 1.544253e+01 1.820027e+01 1.742225e+01 1.573305e+01 1.787700e+01 2.321358e+01 1.651247e+01 2.014056e+01 1.150112e+01
<GCONST> 6.112920e+01
<MIXTURE> 2 2.749309e-01
<MEAN> 13
 -2.389913e+01 1.841867e+00 3.780919e+00 3.149111e+00 -3.417500e+00 -3.780817e-01 8.329499e+00 -7.072539e-01 -4.686276e+00 5.693571e+00 7.667190e-01 -4.367898e+00 5.637182e+01
<VARIANCE> 13
 1.511639e+01 1.110522e+01 9.437084e+00 1.595584e+01 1.454227e+01 1.724354e+01 2.155258e+01 1.719567e+01 1.768289e+01 1.913758e+01 1.850397e+01 1.337549e+01 1.304913e+01
<GCONST> 5.937410e+01
<MIXTURE> 3 2.749309e-01
<MEAN> 13
 -2.389913e+01 1.841867e+00 3.780919e+00 3.149111e+00 -3.417500e+00 -3.780817e-01 8.329499e+00 -7.072539e-01 -4.686276e+00 5.693571e+00 7.667190e-01 -4.367898e+00 5.637182e+01
<VARIANCE> 13
 1.511639e+01 1.110522e+01 9.437084e+00 1.595584e+01 1.454227e+01 1.724354e+01 2.155258e+01 1.719567e+01 1.768289e+01 1.913758e+01 1.850397e+01 1.337549e+01 1.304913e+01
<GCONST> 5.937410e+01
<MIXTURE> 4 1.999582e-01
<MEAN> 13
 -1.303305e+01 -6.542463e+00 -4.134950e+00 -7.423524e-01 -2.133589e+00 -4.194432e+00 -1.516497e+00 -3.181687e+00 -2.764919e+00 6.511730e-01 4.152195e-01 -8.266338e-01 6.108855e+01
<VARIANCE> 13
 2.401304e+01 4.844914e+01 1.678235e+01 1.435238e+01 2.209747e+01 2.148488e+01 1.732920e+01 1.989433e+01 1.670899e+01 1.878953e+01 1.693117e+01 1.351030e+01 8.885225e+01
<GCONST> 6.411023e+01
<TRANSP> 5
 0.000000e+00 1.000000e+00 0.000000e+00 0.000000e+00 0.000000e+00
 0.000000e+00 9.917545e-01 8.245533e-03 0.000000e+00 0.000000e+00
 0.000000e+00 0.000000e+00 9.729629e-01 2.703714e-02 0.000000e+00
 0.000000e+00 0.000000e+00 0.000000e+00 9.936166e-01 6.383334e-03
 0.000000e+00 0.000000e+00 0.000000e+00 0.000000e+00 0.000000e+00
<ENDHMM>
~h "kn"
<BEGINHMM>
<NUMSTATES> 5
<STATE> 2
<NUMMIXES> 4
<MIXTURE> 1 3.457821e-01
<MEAN> 13
 5.766729e+00 4.841003e-01 -6.195599e+00 -1.641599e+00 1.795907e+00 -2.030841e+00 5.836546e-01 -2.041494e+00 4.105339e+00 3.130597e+00 4.111253e+00 5.678004e-01 5.881668e+01
<VARIANCE> 13
 1.010202e+01 1.750033e+01 8.156338e+00 1.233990e+01 1.228348e+01 2.000189e+01 1.637977e+01 1.660927e+01 1.599539e+01 1.522306e+01 1.367113e+01 1.543590e+01 2.378811e+01
<GCONST> 5.880536e+01
<MIXTURE> 2 2.081718e-01
<MEAN> 13
 4.447013e-01 3.769228e+00 1.910650e-01 -2.481819e+00 2.044403e+00 1.173192e+00 1.632433e+00 -2.483310e+00 -5.860694e-04 3.120658e-01 4.661635e-01 -2.691255e+00 5.253026e+01
<VARIANCE> 13
 2.180986e+01 9.803503e+00 1.403846e+01 7.320211e+00 1.516369e+01 1.680065e+01 2.029482e+01 3.251891e+01 1.787480e+01 1.730192e+01 1.677908e+01 1.285679e+01 5.660958e+01
<GCONST> 6.106684e+01
<MIXTURE> 3 2.081712e-01
<MEAN> 13
 4.447743e-01 3.769250e+00 1.910132e-01 -2.481819e+00 2.044404e+00 1.173152e+00 1.632433e+00 -2.483366e+00 -5.516282e-04 3.120499e-01 4.661883e-01 -2.691251e+00 5.253040e+01
<VARIANCE> 13
 2.180960e+01 9.803526e+00 1.403834e+01 7.320209e+00 1.516353e+01 1.680067e+01 2.029488e+01 3.251847e+01 1.787480e+01 1.730160e+01 1.677881e+01 1.285678e+01 5.660936e+01
<GCONST> 6.106677e+01
<MIXTURE> 4 2.378736e-01
<MEAN> 13
 5.003982e+00 1.231495e+00 -5.745316e+00 -2.702689e+00 1.885681e+00 -2.372882e+00 -1.983766e+00 -7.939297e+00 -2.384717e+00 -2.671908e+00 -7.091361e-01 -4.180766e+00 5.910690e+01
<VARIANCE> 13
 1.317292e+01 2.474680e+01 1.775833e+01 1.084523e+01 2.152261e+01 1.980136e+01 2.317678e+01 1.829188e+01 1.654292e+01 1.984528e+01 1.569609e+01 1.470679e+01 2.709634e+01
<GCONST> 6.157935e+01
<STATE> 3
<NUMMIXES> 4
<MIXTURE> 1 2.404255e-01
<MEAN> 13
 2.648733e+00 -2.683766e-01 -1.290751e+00 3.012859e+00 7.776473e+00 2.248909e+00 5.877483e+00 -1.622804e+00 2.036207e+00 1.821944e-01 2.411787e+00 -3.029988e-01 6.439648e+01
<VARIANCE> 13
 6.186061e+00 1.263101e+01 8.774676e+00 1.256193e+01 1.434786e+01 1.861400e+01 1.791053e+01 1.463962e+01 1.701476e+01 2.062399e+01 1.793952e+01 1.743067e+01 2.045989e+01
<GCONST> 5.873427e+01
<MIXTURE> 2 2.613865e-01
<MEAN> 13
 6.797232e+00 -1.592433e+00 -2.465313e+00 2.021016e+00 4.992213e+00 -8.963819e-01 1.610276e+00 -3.499027e+00 -9.914817e-01 -6.580765e-01 9.524490e-01 -1.496719e+00 5.955705e+01
<VARIANCE> 13
 5.688987e+00 1.492898e+01 1.215982e+01 1.047198e+01 1.277166e+01 1.821437e+01 1.450152e+01 1.406294e+01 1.520578e+01 1.481960e+01 1.430954e+01 1.308108e+01 1.775594e+01
<GCONST> 5.747476e+01
<MIXTURE> 3 2.613865e-01
<MEAN> 13
 6.797232e+00 -1.592433e+00 -2.465313e+00 2.021016e+00 4.992213e+00 -8.963819e-01 1.610276e+00 -3.499027e+00 -9.914817e-01 -6.580765e-01 9.524490e-01 -1.496719e+00 5.955705e+01
<VARIANCE> 13
 5.688987e+00 1.492898e+01 1.215982e+01 1.047198e+01 1.277166e+01 1.821437e+01 1.450152e+01 1.406294e+01 1.520578e+01 1.481960e+01 1.430954e+01 1.308108e+01 1.775594e+01
<GCONST> 5.747476e+01
<MIXTURE> 4 2.367998e-01
<MEAN> 13
 4.896922e+00 -3.730703e+00 -3.243832e+00 1.111709e+00 2.485437e+00 -3.996690e+00 1.199284e+00 -7.929741e+00 -3.240222e+00 -4.245369e+00 -5.031958e-01 -3.863183e+00 6.427650e+01
<VARIANCE> 13
 9.823429e+00 2.910294e+01 1.392312e+01 1.444855e+01 1.929411e+01 2.096523e+01 2.015345e+01 2.570514e+01 2.249781e+01 1.910457e+01 1.799444e+01 1.892998e+01 2.748441e+01
<GCONST> 6.231267e+01
<STATE> 4
<NUMMIXES> 4
<MIXTURE> 1 2.540992e-01
<MEAN> 13
 6.729534e+00 1.703465e+00 -1.628430e+00 2.603998e+00 8.052742e+00 2.834761e+00 2.849001e+00 -2.994274e-01 -1.679273e+00 -8.942429e-01 9.973928e-01 -2.288947e+00 5.316636e+01
<VARIANCE> 13
 1.841128e+01 7.673704e+00 1.088601e+01 7.328452e+00 1.309147e+01 1.717734e+01 1.528848e+01 1.772794e+01 1.538226e+01 1.281826e+01 1.001103e+01 1.248339e+01 1.487274e+01
<GCONST> 5.705190e+01
<MIXTURE> 2 2.570885e-01
<MEAN> 13
 5.508124e+00 4.111940e+00 6.259891e-01 1.737502e+00 6.765409e+00 2.246516e+00 1.080103e+00 -1.109453e+00 -3.872881e+00 -3.129241e+00 -8.623898e-01 -3.972035e+00 5.121453e+01
<VARIANCE> 13
 1.644932e+01 1.520088e+01 1.483343e+01 8.854924e+00 1.344067e+01 1.730008e+01 1.569401e+01 1.916529e+01 1.645171e+01 1.120683e+01 9.877658e+00 1.038979e+01 2.657219e+01
<GCONST> 5.857520e+01
<MIXTURE> 3 2.570885e-01
<MEAN> 13
 5.508124e+00 4.111940e+00 6.259891e-01 1.737502e+00 6.765409e+00 2.246516e+00 1.080103e+00 -1.109453e+00 -3.872881e+00 -3.129241e+00 -8.623898e-01 -3.972035e+00 5.121453e+01
<VARIANCE> 13
 1.644932e+01 1.520088e+01 1.483343e+01 8.854924e+00 1.344067e+01 1.730008e+01 1.569401e+01 1.916529e+01 1.645171e+01 1.120683e+01 9.877658e+00 1.038979e+01 2.657219e+01
<GCONST> 5.857520e+01
<MIXTURE> 4 2.317223e-01
<MEAN> 13
 3.692784e+00 4.036348e+00 1.886379e+00 -1.123220e+00 1.828473e+00 1.407857e+00 4.001931e-01 -2.778951e+00 -4.118662e+00 -2.164573e+00 -8.215728e-01 -3.861422e+00 5.032130e+01
<VARIANCE> 13
 1.180499e+01 2.897250e+01 1.491608e+01 1.098183e+01 1.638064e+01 1.341590e+01 2.047323e+01 3.284148e+01 2.350216e+01 3.012206e+01 2.022585e+01 1.984934e+01 3.586506e+01
<GCONST> 6.286655e+01
<TRANSP> 5
 0.000000e+00 1.000000e+00 0.000000e+00 0.000000e+00 0.000000e+00
 0.000000e+00 9.630615e-01 3.693856e-02 0.000000e+00 0.000000e+00
 0.000000e+00 0.000000e+00 9.793789e-01 2.062107e-02 0.000000e+00
 0.000000e+00 0.000000e+00 0.000000e+00 9.544715e-01 4.552842e-02
 0.000000e+00 0.000000e+00 0.000000e+00 0.000000e+00 0.000000e+00
<ENDHMM>
~h "kt"
<BEGINHMM>
<NUMSTATES> 5
<STATE> 2
<NUMMIXES> 4
<MIXTURE> 1 2.469706e-01
<MEAN> 13
 -1.219218e+01 1.003858e+00 -6.122116e+00 -4.187869e-01 1.871633e+00 1.442703e+00 6.219344e+00 2.886782e+00 3.701050e+00 3.187385e+00 3.136397e+00 -2.174664e-01 5.715507e+01
<VARIANCE> 13
 6.409032e+00 3.267146e+00 5.416336e+00 9.003368e+00 1.101882e+01 1.121134e+01 1.373347e+01 1.338061e+01 1.146404e+01 1.199957e+01 1.309718e+01 1.277163e+01 9.311535e+00
<GCONST> 5.312618e+01
<MIXTURE> 2 2.572121e-01
<MEAN> 13
 -8.672017e+00 -4.337378e-01 -6.824696e+00 -1.283087e+00 1.865602e+00 3.025454e+00 5.188057e+00 3.702909e-02 -3.556864e-01 2.107347e-01 1.554838e+00 -1.859148e+00 5.302365e+01
<VARIANCE> 13
 7.647041e+00 6.369380e+00 6.549810e+00 7.669710e+00 9.517012e+00 1.109652e+01 1.212482e+01 1.194324e+01 1.110546e+01 1.219007e+01 1.220288e+01 1.177633e+01 5.809829e+00
<GCONST> 5.296545e+01
<MIXTURE> 3 2.572139e-01
<MEAN> 13
 -8.671997e+00 -4.337515e-01 -6.824696e+00 -1.283094e+00 1.865603e+00 3.025465e+00 5.188060e+00 3.703044e-02 -3.556907e-01 2.107384e-01 1.554840e+00 -1.859153e+00 5.302363e+01
<VARIANCE> 13
 7.647036e+00 6.369401e+00 6.549806e+00 7.669689e+00 9.516996e+00 1.109649e+01 1.212481e+01 1.194325e+01 1.110546e+01 1.219006e+01 1.220287e+01 1.177633e+01 5.809807e+00
<GCONST> 5.296543e+01
<MIXTURE> 4 2.386024e-01
<MEAN> 13
 -1.489804e+01 4.703616e-01 -6.119567e+00 -1.405794e+00 7.710826e-02 -2.556110e+00 1.999223e+00 -3.115401e-01 1.789546e+00 -1.508460e-01 6.261370e-02 -1.221912e+00 6.015856e+01
<VARIANCE> 13
 1.090858e+01 7.607980e+00 1.144289e+01 1.911073e+01 1.630130e+01 1.599601e+01 1.812270e+01 2.098215e+01 2.246245e+01 1.825161e+01 1.554259e+01 1.472766e+01 1.633481e+01
<GCONST> 5.944589e+01
<STATE> 3
<NUMMIXES> 4
<MIXTURE> 1 3.233356e-01
<MEAN> 13
 -1.002091e+01 3.462284e+00 -2.307165e+00 1.136950e+00 1.829003e+00 -7.184692e-02 4.405014e+00 3.339958e+00 1.997379e+00 8.549091e-01 1.401536e+00 -1.273795e+00 4.925609e+01
<VARIANCE> 13
 4.777075e+00 4.463009e+00 7.988437e+00 9.271669e+00 1.020528e+01 1.149201e+01 1.260637e+01 1.291757e+01 1.316071e+01 1.359733e+01 1.193810e+01 1.126620e+01 6.911322e+00
<GCONST> 5.313618e+01
<MIXTURE> 2 2.424695e-01
<MEAN> 13
 -1.217883e+01 3.371033e+00 -2.678891e+00 1.585163e+00 1.498060e+00 -1.972102e+00 2.183234e+00 -2.923438e-02 -1.236113e+00 -1.935435e+00 -8.704960e-01 -2.113943e+00 5.284812e+01
<VARIANCE> 13
 4.762318e+00 5.941689e+00 7.652653e+00 1.026814e+01 1.150110e+01 1.147013e+01 1.387953e+01 1.426928e+01 1.434369e+01 1.605901e+01 1.516190e+01 1.342272e+01 1.174609e+01
<GCONST> 5.498878e+01
<MIXTURE> 3 2.424709e-01
<MEAN> 13
 -1.217883e+01 3.371033e+00 -2.678891e+00 1.585160e+00 1.498059e+00 -1.972100e+00 2.183239e+00 -2.923295e-02 -1.236115e+00 -1.935438e+00 -8.704972e-01 -2.113945e+00 5.284812e+01
<VARIANCE> 13
 4.762323e+00 5.941691e+00 7.652644e+00 1.026814e+01 1.150110e+01 1.147013e+01 1.387955e+01 1.426927e+01 1.434369e+01 1.605903e+01 1.516189e+01 1.342271e+01 1.174611e+01
<GCONST> 5.498878e+01
<MIXTURE> 4 1.917237e-01
<MEAN> 13
 -1.459164e+01 3.002533e+00 -4.429285e+00 -8.783091e-01 -1.682665e+00 -5.457822e+00 9.786216e-01 1.005307e+00 3.803100e-01 5.134731e-02 -1.548138e+00 -1.038947e+00 5.714434e+01
<VARIANCE> 13
 6.900049e+00 8.191081e+00 9.781170e+00 1.369227e+01 1.588362e+01 1.900560e+01 2.478422e+01 1.964154e+01 2.290052e+01 2.601082e+01 2.350667e+01 1.726605e+01 1.557602e+01
<GCONST> 5.986358e+01
<STATE> 4
<NUMMIXES> 4
<MIXTURE> 1 2.552716e-01
<MEAN> 13
 -8.340736e+00 3.291430e+00 -1.253806e+00 6.328082e-01 2.807984e+00 2.773539e+00 5.273754e+00 4.805917e+00 2.019247e+00 5.898921e-01 1.280974e+00 -2.198301e+00 4.655001e+01
<VARIANCE> 13
 5.495902e+00 5.586380e+00 9.642438e+00 9.585731e+00 1.050886e+01 1.024094e+01 1.288329e+01 1.199485e+01 1.435059e+01 1.458048e+01 1.321811e+01 1.146472e+01 4.215264e+00
<GCONST> 5.336526e+01
<MIXTURE> 2 2.504879e-01
<MEAN> 13
 -9.226473e+00 3.550854e+00 -2.641286e+00 -2.995261e-01 1.889095e-01 -4.195075e-01 2.367125e+00 1.606030e+00 1.366404e-01 -3.932933e-01 4.974984e-01 -2.219338e+00 4.783423e+01
<VARIANCE> 13
 5.933728e+00 5.903395e+00 8.350219e+00 8.667398e+00 1.207514e+01 1.000887e+01 1.281734e+01 1.266699e+01 1.461968e+01 1.543433e+01 1.397489e+01 1.258721e+01 5.843928e+00
<GCONST> 5.396917e+01
<MIXTURE> 3 2.504886e-01
<MEAN> 13
 -9.226473e+00 3.550854e+00 -2.641288e+00 -2.995259e-01 1.889105e-01 -4.195070e-01 2.367127e+00 1.606031e+00 1.366392e-01 -3.932949e-01 4.974961e-01 -2.219339e+00 4.783423e+01
<VARIANCE> 13
 5.933720e+00 5.903394e+00 8.350213e+00 8.667398e+00 1.207514e+01 1.000887e+01 1.281731e+01 1.266698e+01 1.461967e+01 1.543431e+01 1.397489e+01 1.258719e+01 5.843920e+00
<GCONST> 5.396916e+01
<MIXTURE> 4 2.437505e-01
<MEAN> 13
 -1.151292e+01 1.896093e+00 -3.389901e+00 -7.613984e-01 -2.034343e+00 -2.228611e+00 2.287306e+00 7.349618e-01 4.513569e-01 4.574974e-01 1.760519e-01 -1.934093e+00 5.247391e+01
<VARIANCE> 13
 1.616710e+01 1.859024e+01 1.690006e+01 1.833438e+01 2.294547e+01 2.175263e+01 2.336326e+01 2.324031e+01 2.394365e+01 2.400173e+01 1.888897e+01 1.582462e+01 1.223837e+01
<GCONST> 6.240258e+01
<TRANSP> 5
 0.000000e+00 1.000000e+00 0.000000e+00 0.000000e+00 0.000000e+00
 0.000000e+00 9.916652e-01 8.334791e-03 0.000000e+00 0.000000e+00
 0.000000e+00 0.000000e+00 9.875857e-01 1.241432e-02 0.000000e+00
 0.000000e+00 0.000000e+00 0.000000e+00 9.922662e-01 7.733804e-03
 0.000000e+00 0.000000e+00 0.000000e+00 0.000000e+00 0.000000e+00
<ENDHMM>
~h "pr"
<BEGINHMM>
<NUMSTATES> 5
<STATE> 2
<NUMMIXES> 4
<MIXTURE> 1 2.653503e-01
<MEAN> 13
 -1.916819e+01 -1.102632e+01 4.240498e+00 -4.826719e+00 9.777943e+00 -6.638310e-01 4.262009e+00 4.203723e+00 -2.861623e+00 -6.075477e+00 1.809054e+00 7.265713e+00 6.024258e+01
<VARIANCE> 13
 2.601832e+01 1.373909e+01 2.084487e+01 4.224477e+01 3.763540e+01 8.772125e+01 4.994227e+01 7.367785e+01 8.815542e+01 3.250306e+01 8.846355e+01 4.769526e+01 7.433323e+00
<GCONST> 7.117854e+01
<MIXTURE> 2 2.006222e-01
<MEAN> 13
 -1.661431e+01 -1.013155e+01 2.207991e+00 -5.517122e+00 3.440159e+00 1.522754e-01 4.516981e+00 3.249559e+00 1.932880e+00 -1.935975e+00 -5.729812e-01 -4.161974e-01 5.994126e+01
<VARIANCE> 13
 2.712372e+01 3.543068e+01 3.961185e+01 5.158331e+01 7.781912e+01 6.661878e+01 5.864213e+01 5.630561e+01 4.334837e+01 3.813704e+01 3.452447e+01 5.737129e+01 1.198533e+01
<GCONST> 7.252369e+01
<MIXTURE> 3 2.006209e-01
<MEAN> 13
 -1.661429e+01 -1.013155e+01 2.207942e+00 -5.517115e+00 3.440083e+00 1.522591e-01 4.517038e+00 3.249535e+00 1.932871e+00 -1.935955e+00 -5.729688e-01 -4.162198e-01 5.994128e+01
<VARIANCE> 13
 2.712367e+01 3.543069e+01 3.961177e+01 5.158298e+01 7.781970e+01 6.661861e+01 5.864264e+01 5.630575e+01 4.334835e+01 3.813699e+01 3.452446e+01 5.737107e+01 1.198529e+01
<GCONST> 7.252368e+01
<MIXTURE> 4 3.334008e-01
<MEAN> 13
 -1.212512e+01 -6.983126e+00 -3.773620e+00 -5.110091e+00 -5.640020e+00 -7.245044e-01 1.167319e+01 1.281744e+00 5.644374e-01 8.465313e-01 2.285402e+00 -4.315962e+00 5.943572e+01
<VARIANCE> 13
 1.990117e+01 3.501433e+01 2.320303e+01 2.017927e+01 4.230376e+01 4.145940e+01 5.654434e+01 6.517075e+01 3.177532e+01 2.304294e+01 2.350825e+01 2.589736e+01 1.684026e+01
<GCONST> 6.810081e+01
<STATE> 3
<NUMMIXES> 4
<MIXTURE> 1 3.321944e-01
<MEAN> 13
 -2.242790e+01 4.087371e+00 1.697856e+01 -1.562825e+01 2.188520e+00 1.540243e+01 -3.647182e+00 -4.618657e+00 1.462125e+01 -6.388785e+00 -5.797976e+00 9.791936e+00 5.324416e+01
<VARIANCE> 13
 6.952166e+00 5.048619e+00 7.503644e+00 1.264321e+01 1.757803e+01 1.437955e+01 1.214895e+01 1.241263e+01 1.483250e+01 1.766475e+01 2.261067e+01 1.196023e+01 3.209663e+00
<GCONST> 5.488605e+01
<MIXTURE> 2 2.798125e-01
<MEAN> 13
 -2.135388e+01 6.612680e+00 1.769394e+01 -1.374871e+01 6.918954e-01 1.252507e+01 -6.595812e+00 -8.556677e+00 1.188012e+01 -9.721297e+00 -7.180870e+00 6.894739e+00 5.516471e+01
<VARIANCE> 13
 7.662786e+00 7.581358e+00 8.715735e+00 1.309355e+01 1.597550e+01 1.712761e+01 1.615200e+01 1.842753e+01 1.927901e+01 2.182885e+01 2.313690e+01 1.252808e+01 3.092363e+00
<GCONST> 5.683995e+01
<MIXTURE> 3 2.798125e-01
<MEAN> 13
 -2.135388e+01 6.612680e+00 1.769394e+01 -1.374871e+01 6.918954e-01 1.252507e+01 -6.595812e+00 -8.556677e+00 1.188012e+01 -9.721297e+00 -7.180870e+00 6.894739e+00 5.516471e+01
<VARIANCE> 13
 7.662786e+00 7.581358e+00 8.715735e+00 1.309355e+01 1.597550e+01 1.712761e+01 1.615200e+01 1.842753e+01 1.927901e+01 2.182885e+01 2.313690e+01 1.252808e+01 3.092363e+00
<GCONST> 5.683995e+01
<MIXTURE> 4 1.081780e-01
<MEAN> 13
 -1.864944e+01 -8.230433e-01 1.369779e+01 -1.250140e+01 2.274547e+00 6.759724e+00 -5.382403e+00 -4.099406e+00 8.217202e+00 -5.712333e+00 -6.776100e+00 6.123888e+00 5.570917e+01
<VARIANCE> 13
 1.726388e+01 2.937734e+01 5.050115e+01 7.629900e+01 2.633540e+01 4.885260e+01 3.536857e+01 3.838760e+01 3.872127e+01 3.237951e+01 3.973848e+01 3.549373e+01 1.475726e+01
<GCONST> 6.982851e+01
<STATE> 4
<NUMMIXES> 4
<MIXTURE> 1 1.631250e-01
<MEAN> 13
 -1.313728e+01 -1.971886e+00 5.175589e+00 -4.353153e+00 1.234119e+01 -1.380855e+01 3.405572e-01 1.503742e+01 -8.710892e-01 -1.389925e+00 -1.127907e+01 1.330192e+01 5.026325e+01
<VARIANCE> 13
 8.743177e+00 9.829922e+00 1.627093e+01 3.970738e+01 2.480091e+01 4.997937e+01 2.485946e+01 3.377612e+01 1.899653e+01 4.410802e+01 2.274763e+01 3.464054e+01 9.733993e+00
<GCONST> 6.434851e+01
<MIXTURE> 2 2.960736e-01
<MEAN> 13
 -1.147556e+01 1.366868e+00 1.032555e+01 -1.106930e+01 4.748255e+00 6.420961e+00 -2.256613e+00 1.881073e+00 3.847603e+00 -2.767273e-01 -5.711864e+00 4.648433e+00 4.710559e+01
<VARIANCE> 13
 3.409538e+01 9.856110e+00 6.296719e+01 7.308965e+01 2.080002e+01 4.354963e+01 2.906470e+01 3.166632e+01 4.728414e+01 2.613268e+01 5.027855e+01 4.936392e+01 1.340215e+01
<GCONST> 6.930917e+01
<MIXTURE> 3 2.960729e-01
<MEAN> 13
 -1.147529e+01 1.366883e+00 1.032518e+01 -1.106892e+01 4.748230e+00 6.420700e+00 -2.256427e+00 1.881236e+00 3.847346e+00 -2.766859e-01 -5.711607e+00 4.648128e+00 4.710544e+01
<VARIANCE> 13
 3.409456e+01 9.856040e+00 6.296708e+01 7.308911e+01 2.079964e+01 4.354920e+01 2.906468e+01 3.166585e+01 4.728308e+01 2.613210e+01 5.027832e+01 4.936366e+01 1.340196e+01
<GCONST> 6.930901e+01
<MIXTURE> 4 2.447267e-01
<MEAN> 13
 -1.407568e+01 -7.835618e+00 5.509547e+00 -7.371480e+00 2.127243e+00 7.449080e+00 1.273207e+00 -2.371444e-02 2.994401e+00 -3.747621e+00 4.316303e+00 -2.838118e-01 5.439711e+01
<VARIANCE> 13
 4.186342e+01 6.988977e+01 9.005414e+01 8.735699e+01 6.777440e+01 1.301035e+02 4.452343e+01 5.264992e+01 1.021541e+02 1.045776e+02 1.073301e+02 5.497360e+01 1.661315e+01
<GCONST> 7.845771e+01
<TRANSP> 5
 0.000000e+00 1.000000e+00 0.000000e+00 0.000000e+00 0.000000e+00
 0.000000e+00 9.942237e-01 5.776351e-03 0.000000e+00 0.000000e+00
 0.000000e+00 0.000000e+00 9.785538e-01 2.144621e-02 0.000000e+00
 0.000000e+00 0.000000e+00 0.000000e+00 9.933450e-01 6.654968e-03
 0.000000e+00 0.000000e+00 0.000000e+00 0.000000e+00 0.000000e+00
<ENDHMM>
~h "pw"
<BEGINHMM>
<NUMSTATES> 5
<STATE> 2
<NUMMIXES> 4
<MIXTURE> 1 2.881227e-01
<MEAN> 13
 -1.044511e+01 1.185749e+00 3.078257e-01 -3.626451e-01 1.827205e+00 7.151002e-01 4.671905e+00 2.649198e+00 6.311206e-01 1.781320e+00 7.577358e-01 -8.435205e-01 4.854270e+01
<VARIANCE> 13
 1.000758e+01 7.490885e+00 7.295230e+00 1.006258e+01 1.152291e+01 1.166192e+01 1.218422e+01 1.328268e+01 1.458139e+01 1.452795e+01 1.324089e+01 1.224470e+01 7.540880e+00
<GCONST> 5.495731e+01
<MIXTURE> 2 2.403499e-01
<MEAN> 13
 -1.380403e+01 -2.439205e+00 -4.767964e-01 1.279649e-01 1.235603e+00 -1.824732e+00 2.444184e+00 -2.687693e-01 -8.350384e-01 9.884861e-01 1.413824e-01 -6.943440e-01 5.378360e+01
<VARIANCE> 13
 1.268742e+01 1.947409e+01 1.113827e+01 1.252753e+01 1.478884e+01 1.368605e+01 1.408060e+01 1.491252e+01 1.629990e+01 1.512658e+01 1.465169e+01 1.335655e+01 1.203534e+01
<GCONST> 5.826969e+01
<MIXTURE> 3 2.403493e-01
<MEAN> 13
 -1.380403e+01 -2.439222e+00 -4.767947e-01 1.279705e-01 1.235609e+00 -1.824726e+00 2.444191e+00 -2.687637e-01 -8.350315e-01 9.884906e-01 1.413851e-01 -6.943437e-01 5.378361e+01
<VARIANCE> 13
 1.268744e+01 1.947415e+01 1.113833e+01 1.252757e+01 1.478885e+01 1.368607e+01 1.408065e+01 1.491256e+01 1.629995e+01 1.512665e+01 1.465175e+01 1.335659e+01 1.203535e+01
<GCONST> 5.826972e+01
<MIXTURE> 4 2.311684e-01
<MEAN> 13
 -1.362707e+01 -7.339369e+00 -2.755084e+00 -1.779108e+00 -6.808419e-01 -5.290737e+00 -6.150745e-01 -4.157592e+00 -2.675011e+00 -4.308654e-01 -1.975378e-01 -7.668746e-01 6.123407e+01
<VARIANCE> 13
 2.669105e+01 2.150397e+01 1.397199e+01 1.317397e+01 1.825880e+01 2.168137e+01 1.839552e+01 2.181577e+01 1.834528e+01 1.714133e+01 1.621364e+01 1.529163e+01 3.773479e+01
<GCONST> 6.233072e+01
<STATE> 3
<NUMMIXES> 4
<MIXTURE> 1 3.626133e-01
<MEAN> 13
 -9.887530e+00 -1.336793e+00 5.269573e-01 5.829055e-01 3.129127e+00 -4.865521e-01 1.990259e+00 -8.851927e-01 -1.894343e+00 3.765069e-01 -2.052091e-02 -8.181904e-01 5.018524e+01
<VARIANCE> 13
 1.409409e+01 1.773137e+01 9.855246e+00 9.719810e+00 1.221939e+01 1.250881e+01 1.644916e+01 1.854991e+01 1.752544e+01 1.423562e+01 1.283800e+01 1.196837e+01 1.811907e+01
<GCONST> 5.817690e+01
<MIXTURE> 2 1.967207e-01
<MEAN> 13
 -9.948631e+00 -7.218928e+00 -2.738132e+00 -6.118925e-01 1.001636e+00 -5.047925e+00 -1.330545e+00 -5.990487e+00 -4.662733e+00 -1.234885e+00 -2.262364e-01 -2.266481e-01 6.104925e+01
<VARIANCE> 13
 1.931933e+01 1.722714e+01 1.224896e+01 8.518762e+00 1.131792e+01 1.183121e+01 1.469233e+01 1.530670e+01 1.696277e+01 1.586541e+01 1.378763e+01 1.218572e+01 3.576466e+01
<GCONST> 5.895661e+01
<MIXTURE> 3 1.967207e-01
<MEAN> 13
 -9.948631e+00 -7.218928e+00 -2.738132e+00 -6.118925e-01 1.001636e+00 -5.047925e+00 -1.330545e+00 -5.990487e+00 -4.662733e+00 -1.234885e+00 -2.262364e-01 -2.266481e-01 6.104925e+01
<VARIANCE> 13
 1.931933e+01 1.722714e+01 1.224896e+01 8.518762e+00 1.131792e+01 1.183121e+01 1.469233e+01 1.530670e+01 1.696277e+01 1.586541e+01 1.378763e+01 1.218572e+01 3.576466e+01
<GCONST> 5.895661e+01
<MIXTURE> 4 2.439425e-01
<MEAN> 13
 -1.133224e+01 -9.662711e+00 -4.284553e+00 -3.694292e+00 -2.840970e+00 -8.654113e+00 -3.804459e+00 -7.870412e+00 -4.280458e+00 -1.974708e+00 -7.412191e-01 -1.177624e+00 7.127687e+01
<VARIANCE> 13
 1.854013e+01 1.884361e+01 1.370278e+01 1.225220e+01 1.594437e+01 1.557496e+01 1.749735e+01 1.957563e+01 1.873774e+01 1.754876e+01 1.552000e+01 1.412291e+01 3.769273e+01
<GCONST> 6.103783e+01
<STATE> 4
<NUMMIXES> 4
<MIXTURE> 1 2.910804e-01
<MEAN> 13
 -8.619316e+00 -2.324833e+00 -4.492074e+00 -2.465438e+00 2.466728e+00 4.256602e+00 6.739496e+00 1.463213e+00 2.836639e-01 1.732319e+00 9.734082e-01 -1.464554e+00 5.276297e+01
<VARIANCE> 13
 9.588037e+00 5.532852e+00 5.677275e+00 6.806497e+00 8.048823e+00 8.743810e+00 1.040647e+01 1.275109e+01 1.271544e+01 1.260336e+01 1.249431e+01 1.177233e+01 3.911101e+00
<GCONST> 5.209151e+01
<MIXTURE> 2 2.328966e-01
<MEAN> 13
 -1.183845e+01 -3.354893e+00 -3.303942e+00 -1.774448e+00 6.424278e-01 5.504448e-01 3.773915e+00 -5.648898e-01 -1.106853e+00 3.118578e-01 3.989581e-01 -9.225035e-01 5.599108e+01
<VARIANCE> 13
 1.285659e+01 1.105102e+01 8.487595e+00 9.680402e+00 1.114421e+01 9.920407e+00 1.179789e+01 1.474939e+01 1.471888e+01 1.424973e+01 1.371345e+01 1.263297e+01 8.857948e+00
<GCONST> 5.580400e+01
<MIXTURE> 3 2.328969e-01
<MEAN> 13
 -1.183845e+01 -3.354895e+00 -3.303940e+00 -1.774448e+00 6.424261e-01 5.504469e-01 3.773921e+00 -5.648850e-01 -1.106849e+00 3.118594e-01 3.989543e-01 -9.225052e-01 5.599108e+01
<VARIANCE> 13
 1.285663e+01 1.105105e+01 8.487619e+00 9.680427e+00 1.114424e+01 9.920415e+00 1.179794e+01 1.474942e+01 1.471891e+01 1.424976e+01 1.371349e+01 1.263299e+01 8.857963e+00
<GCONST> 5.580404e+01
<MIXTURE> 4 2.431218e-01
<MEAN> 13
 -1.441030e+01 -6.869645e+00 -2.178135e+00 -1.967783e+00 -1.525675e+00 -4.447639e+00 -2.038347e-02 -3.756179e+00 -2.510367e+00 -1.808567e+00 -3.214366e-01 -6.520616e-01 6.339954e+01
<VARIANCE> 13
 1.704855e+01 1.315539e+01 1.234305e+01 1.329115e+01 1.677922e+01 1.692358e+01 1.971109e+01 2.412992e+01 2.152856e+01 1.753944e+01 1.591994e+01 1.434479e+01 2.730966e+01
<GCONST> 6.089101e+01
<TRANSP> 5
 0.000000e+00 1.000000e+00 0.000000e+00 0.000000e+00 0.000000e+00
 0.000000e+00 9.974245e-01 2.575462e-03 0.000000e+00 0.000000e+00
 0.000000e+00 0.000000e+00 9.838153e-01 1.618472e-02 0.000000e+00
 0.000000e+00 0.000000e+00 0.000000e+00 9.936708e-01 6.329212e-03
 0.000000e+00 0.000000e+00 0.000000e+00 0.000000e+00 0.000000e+00
<ENDHMM>
~h "si"
<BEGINHMM>
<NUMSTATES> 5
<STATE> 2
<NUMMIXES> 4
<MIXTURE> 1 2.936164e-01
<MEAN> 13
 -8.071713e+00 2.432070e+00 1.683238e+00 4.519298e-01 3.374131e+00 3.420024e+00 5.136590e+00 3.463574e+00 9.721678e-01 8.420173e-01 1.054973e+00 -1.810558e+00 4.685802e+01
<VARIANCE> 13
 1.206447e+01 6.064602e+00 9.614769e+00 1.005274e+01 1.165550e+01 1.031755e+01 1.229479e+01 1.376382e+01 1.477761e+01 1.429365e+01 1.305857e+01 1.207945e+01 1.029004e+01
<GCONST> 5.542218e+01
<MIXTURE> 2 2.628510e-01
<MEAN> 13
 -9.105462e+00 8.509516e-01 -3.037255e-01 -1.859448e+00 -2.714230e-01 -2.477201e-01 2.148499e+00 5.835376e-01 1.553163e-01 7.527377e-01 7.636911e-01 -1.937646e+00 4.950151e+01
<VARIANCE> 13
 1.620714e+01 8.511810e+00 9.181759e+00 1.030977e+01 1.348107e+01 1.239208e+01 1.410873e+01 1.598309e+01 1.720269e+01 1.595430e+01 1.477432e+01 1.364426e+01 1.544757e+01
<GCONST> 5.756475e+01
<MIXTURE> 3 2.628512e-01
<MEAN> 13
 -9.105453e+00 8.509510e-01 -3.037290e-01 -1.859454e+00 -2.714321e-01 -2.477192e-01 2.148500e+00 5.835396e-01 1.553206e-01 7.527412e-01 7.636879e-01 -1.937652e+00 4.950151e+01
<VARIANCE> 13
 1.620714e+01 8.511791e+00 9.181773e+00 1.030980e+01 1.348110e+01 1.239207e+01 1.410873e+01 1.598312e+01 1.720271e+01 1.595432e+01 1.477433e+01 1.364429e+01 1.544758e+01
<GCONST> 5.756475e+01
<MIXTURE> 4 1.806527e-01
<MEAN> 13
 -1.083417e+01 -3.106574e+00 3.583690e-01 -2.339556e+00 -8.379030e-01 -1.838366e+00 8.946834e-01 -1.651625e+00 -1.378438e+00 -5.434099e-01 2.507757e-01 -1.165147e+00 5.640183e+01
<VARIANCE> 13
 4.119168e+01 3.665750e+01 3.071236e+01 2.976759e+01 4.073162e+01 3.080779e+01 3.603854e+01 3.833005e+01 3.213052e+01 2.766387e+01 2.797137e+01 2.777016e+01 4.606155e+01
<GCONST> 6.967099e+01
<STATE> 3
<NUMMIXES> 4
<MIXTURE> 1 2.202142e-01
<MEAN> 13
 -3.968191e+00 -3.300738e+00 -3.315111e+00 -1.692879e+00 4.000669e+00 6.601969e+00 7.294575e+00 2.941314e+00 8.763490e-01 2.399171e+00 2.063648e+00 -2.090116e+00 5.035363e+01
<VARIANCE> 13
 6.398977e+00 5.603412e+00 5.821107e+00 5.862808e+00 7.634783e+00 8.939933e+00 9.510120e+00 1.116135e+01 1.202426e+01 1.251506e+01 1.243682e+01 1.161544e+01 2.334824e+00
<GCONST> 5.072488e+01
<MIXTURE> 2 2.255388e-01
<MEAN> 13
 -3.243347e+00 -4.571929e+00 -4.154152e+00 -3.687770e+00 1.531364e+00 3.954041e+00 4.327384e+00 3.763435e-01 -1.396996e+00 8.667905e-01 1.058842e+00 -2.751895e+00 4.983682e+01
<VARIANCE> 13
 3.217413e+00 4.142127e+00 4.984525e+00 5.774632e+00 7.646968e+00 8.353007e+00 9.547750e+00 1.180982e+01 1.203346e+01 1.249024e+01 1.221341e+01 1.119238e+01 1.398642e+00
<GCONST> 4.899007e+01
<MIXTURE> 3 2.255388e-01
<MEAN> 13
 -3.243347e+00 -4.571929e+00 -4.154152e+00 -3.687770e+00 1.531364e+00 3.954041e+00 4.327384e+00 3.763435e-01 -1.396996e+00 8.667905e-01 1.058842e+00 -2.751895e+00 4.983682e+01
<VARIANCE> 13
 3.217413e+00 4.142127e+00 4.984525e+00 5.774632e+00 7.646968e+00 8.353007e+00 9.547750e+00 1.180982e+01 1.203346e+01 1.249024e+01 1.221341e+01 1.119238e+01 1.398642e+00
<GCONST> 4.899007e+01
<MIXTURE> 4 3.286834e-01
<MEAN> 13
 -5.558988e+00 -3.243064e+00 -3.456160e+00 -4.072784e+00 -1.660607e+00 5.833221e-01 1.757437e+00 -8.261054e-01 -4.721378e-01 8.690813e-01 7.051853e-01 -2.713420e+00 5.307068e+01
<VARIANCE> 13
 1.575930e+01 1.506834e+01 1.285853e+01 1.427482e+01 1.856452e+01 1.904412e+01 1.936413e+01 2.195321e+01 2.225256e+01 2.143459e+01 2.035241e+01 1.864096e+01 1.036067e+01
<GCONST> 6.093932e+01
<STATE> 4
<NUMMIXES> 4
<MIXTURE> 1 2.429463e-01
<MEAN> 13
 -5.448481e+00 2.448609e+00 1.597353e+00 -1.175894e+00 3.960991e+00 4.421795e+00 4.581388e+00 6.058803e+00 1.070130e+00 1.586733e+00 1.883932e+00 -2.114330e+00 4.307950e+01
<VARIANCE> 13
 3.795166e+00 3.740879e+00 6.771474e+00 7.770514e+00 1.221688e+01 9.054157e+00 1.039707e+01 1.210026e+01 1.259717e+01 1.407310e+01 1.179699e+01 1.107510e+01 2.205817e+00
<GCONST> 5.089068e+01
<MIXTURE> 2 2.680094e-01
<MEAN> 13
 -5.332951e+00 2.126206e+00 1.059595e+00 -2.554854e+00 1.831203e+00 1.373982e+00 1.224010e+00 3.115011e+00 -1.384254e+00 -3.011087e-01 5.423512e-01 -2.962703e+00 4.334719e+01
<VARIANCE> 13
 3.933705e+00 4.080741e+00 7.517726e+00 8.876799e+00 1.293031e+01 1.094382e+01 1.210615e+01 1.334423e+01 1.363175e+01 1.467552e+01 1.323316e+01 1.231381e+01 2.299360e+00
<GCONST> 5.213078e+01
<MIXTURE> 3 2.680094e-01
<MEAN> 13
 -5.332951e+00 2.126206e+00 1.059595e+00 -2.554854e+00 1.831203e+00 1.373982e+00 1.224010e+00 3.115011e+00 -1.384254e+00 -3.011087e-01 5.423512e-01 -2.962703e+00 4.334719e+01
<VARIANCE> 13
 3.933705e+00 4.080741e+00 7.517726e+00 8.876799e+00 1.293031e+01 1.094382e+01 1.210615e+01 1.334423e+01 1.363175e+01 1.467552e+01 1.323316e+01 1.231381e+01 2.299360e+00
<GCONST> 5.213078e+01
<MIXTURE> 4 2.209758e-01
<MEAN> 13
 -8.439778e+00 -4.896423e-02 9.170823e-01 -1.652151e+00 -3.574420e-01 -7.356064e-01 2.053447e+00 3.300678e-01 2.016047e-01 1.255446e+00 5.541043e-01 -1.416494e+00 4.871811e+01
<VARIANCE> 13
 2.197868e+01 1.959284e+01 1.696363e+01 1.680132e+01 2.225423e+01 2.252872e+01 2.433845e+01 2.514153e+01 2.232002e+01 2.299182e+01 2.148929e+01 1.723070e+01 1.917003e+01
<GCONST> 6.335229e+01
<TRANSP> 5
 0.000000e+00 1.000000e+00 0.000000e+00 0.000000e+00 0.000000e+00
 0.000000e+00 9.890971e-01 1.090292e-02 0.000000e+00 0.000000e+00
 0.000000e+00 0.000000e+00 9.820682e-01 1.793175e-02 0.000000e+00
 0.000000e+00 0.000000e+00 0.000000e+00 9.922353e-01 7.764689e-03
 0.000000e+00 0.000000e+00 0.000000e+00 0.000000e+00 0.000000e+00
<ENDHMM>
~h "st"
<BEGINHMM>
<NUMSTATES> 5
<STATE> 2
<NUMMIXES> 4
<MIXTURE> 1 3.257409e-01
<MEAN> 13
 -1.005717e+01 7.542720e-02 5.502955e-03 -1.082863e+00 1.334950e+00 1.378364e+00 4.522402e+00 5.736240e-01 -4.310542e-01 -4.943621e-01 1.257921e+00 -2.062582e+00 5.328883e+01
<VARIANCE> 13
 1.599963e+01 7.003727e+00 1.133204e+01 1.127221e+01 1.145208e+01 1.314548e+01 1.244870e+01 1.435278e+01 1.571213e+01 1.606378e+01 1.467333e+01 1.250397e+01 8.800157e+00
<GCONST> 5.657904e+01
<MIXTURE> 2 2.156664e-01
<MEAN> 13
 -9.295195e+00 -1.346213e+00 -2.253741e-01 -4.145967e+00 -2.064972e+00 -1.567813e+00 1.606602e+00 -2.050207e+00 -2.579076e+00 -2.063497e+00 4.235119e-01 -2.322752e+00 5.682539e+01
<VARIANCE> 13
 1.903967e+01 1.668271e+01 1.154508e+01 1.606116e+01 1.528604e+01 1.629330e+01 1.719801e+01 1.575292e+01 1.797617e+01 1.802907e+01 1.497547e+01 1.397608e+01 1.396244e+01
<GCONST> 5.975665e+01
<MIXTURE> 3 2.156664e-01
<MEAN> 13
 -9.295195e+00 -1.346213e+00 -2.253741e-01 -4.145967e+00 -2.064972e+00 -1.567813e+00 1.606602e+00 -2.050207e+00 -2.579076e+00 -2.063497e+00 4.235119e-01 -2.322752e+00 5.682539e+01
<VARIANCE> 13
 1.903967e+01 1.668271e+01 1.154508e+01 1.606116e+01 1.528604e+01 1.629330e+01 1.719801e+01 1.575292e+01 1.797617e+01 1.802907e+01 1.497547e+01 1.397608e+01 1.396244e+01
<GCONST> 5.975665e+01
<MIXTURE> 4 2.429259e-01
<MEAN> 13
 -8.069608e+00 -7.493527e+00 3.033576e-01 -7.881890e+00 -3.404971e+00 -5.000786e+00 6.793988e-01 -1.388942e+00 -2.023274e+00 -2.094177e+00 1.782235e-01 -3.092473e+00 6.608739e+01
<VARIANCE> 13
 1.557597e+01 1.564033e+01 1.651989e+01 1.903330e+01 2.165172e+01 2.480742e+01 2.669739e+01 2.457539e+01 2.304752e+01 2.290172e+01 2.003176e+01 1.680449e+01 2.838934e+01
<GCONST> 6.334502e+01
<STATE> 3
<NUMMIXES> 4
<MIXTURE> 1 2.953732e-01
<MEAN> 13
 -4.813873e+00 -2.658496e+00 -4.206640e+00 -2.849402e+00 2.134236e+00 4.033776e+00 5.308661e+00 1.032186e+00 -4.647288e-01 1.180328e+00 1.283911e+00 -2.573499e+00 5.131281e+01
<VARIANCE> 13
 2.425565e+00 3.550786e+00 5.272484e+00 5.977052e+00 8.028304e+00 8.924582e+00 1.015033e+01 1.227850e+01 1.288401e+01 1.239335e+01 1.240249e+01 1.131318e+01 1.432426e+00
<GCONST> 4.896959e+01
<MIXTURE> 2 2.085001e-01
<MEAN> 13
 -5.269355e+00 -3.479270e+00 -3.301368e+00 -5.125500e+00 -1.019813e+00 -2.556637e-01 1.987259e+00 -1.780891e-01 -6.833046e-01 6.991313e-01 1.165140e+00 -2.761435e+00 5.382598e+01
<VARIANCE> 13
 6.339021e+00 9.461721e+00 1.094738e+01 1.250118e+01 1.477330e+01 1.223351e+01 1.519138e+01 1.876329e+01 1.794658e+01 1.760717e+01 1.660244e+01 1.458211e+01 4.229566e+00
<GCONST> 5.644209e+01
<MIXTURE> 3 2.084995e-01
<MEAN> 13
 -5.269354e+00 -3.479273e+00 -3.301368e+00 -5.125500e+00 -1.019813e+00 -2.556618e-01 1.987264e+00 -1.780860e-01 -6.833044e-01 6.991287e-01 1.165135e+00 -2.761440e+00 5.382598e+01
<VARIANCE> 13
 6.339013e+00 9.461723e+00 1.094739e+01 1.250118e+01 1.477332e+01 1.223353e+01 1.519137e+01 1.876330e+01 1.794662e+01 1.760716e+01 1.660243e+01 1.458212e+01 4.229565e+00
<GCONST> 5.644209e+01
<MIXTURE> 4 2.876227e-01
<MEAN> 13
 -9.373827e+00 -5.317543e+00 -6.577750e-01 -8.858052e+00 -2.896128e+00 -4.672433e+00 1.723036e-01 4.200926e-02 -5.077463e-01 -6.714437e-01 1.224423e+00 -2.019001e+00 6.160730e+01
<VARIANCE> 13
 1.619458e+01 2.187591e+01 1.737353e+01 2.263537e+01 2.523428e+01 2.123398e+01 2.066803e+01 2.254900e+01 2.158710e+01 2.054718e+01 1.654605e+01 1.585965e+01 2.633031e+01
<GCONST> 6.310048e+01
<STATE> 4
<NUMMIXES> 4
<MIXTURE> 1 2.958260e-01
<MEAN> 13
 -9.131560e+00 2.175258e+00 8.846126e-01 -5.447324e-01 2.711375e+00 2.155849e+00 4.123157e+00 2.716109e+00 1.005905e+00 6.333074e-01 1.223019e+00 -1.967596e+00 4.755490e+01
<VARIANCE> 13
 7.064688e+00 4.286332e+00 6.255333e+00 8.479060e+00 9.272142e+00 9.695996e+00 1.123399e+01 1.268946e+01 1.408096e+01 1.399801e+01 1.237856e+01 1.142870e+01 7.413779e+00
<GCONST> 5.297160e+01
<MIXTURE> 2 2.267098e-01
<MEAN> 13
 -1.073947e+01 7.015405e-01 8.876303e-01 -1.800619e+00 5.380738e-01 -8.416221e-01 1.761270e+00 -4.091897e-01 -2.932107e-01 -6.609833e-01 3.790312e-01 -2.321308e+00 5.141801e+01
<VARIANCE> 13
 1.524268e+01 7.897524e+00 1.078672e+01 1.212388e+01 1.145575e+01 1.183979e+01 1.393698e+01 1.597067e+01 1.671190e+01 1.533666e+01 1.450148e+01 1.330487e+01 1.387996e+01
<GCONST> 5.731100e+01
<MIXTURE> 3 2.267116e-01
<MEAN> 13
 -1.073950e+01 7.015293e-01 8.876356e-01 -1.800612e+00 5.380826e-01 -8.416156e-01 1.761280e+00 -4.091897e-01 -2.932004e-01 -6.609788e-01 3.790360e-01 -2.321304e+00 5.141803e+01
<VARIANCE> 13
 1.524272e+01 7.897525e+00 1.078670e+01 1.212388e+01 1.145573e+01 1.183979e+01 1.393700e+01 1.597065e+01 1.671193e+01 1.533667e+01 1.450144e+01 1.330482e+01 1.387998e+01
<GCONST> 5.731099e+01
<MIXTURE> 4 2.507467e-01
<MEAN> 13
 -1.070587e+01 -2.817683e-01 8.370339e-01 -6.614529e+00 -3.415802e+00 -4.475688e+00 -3.187871e-01 -1.051809e+00 4.253390e-01 1.724141e-02 8.146682e-01 -2.484238e+00 5.902974e+01
<VARIANCE> 13
 1.995281e+01 1.375743e+01 1.776185e+01 1.642438e+01 1.518293e+01 2.221280e+01 2.407793e+01 2.758327e+01 2.239353e+01 1.958274e+01 1.756939e+01 1.610604e+01 4.959483e+01
<GCONST> 6.313517e+01
<TRANSP> 5
 0.000000e+00 1.000000e+00 0.000000e+00 0.000000e+00 0.000000e+00
 0.000000e+00 9.800679e-01 1.993208e-02 0.000000e+00 0.000000e+00
 0.000000e+00 0.000000e+00 9.870591e-01 1.294096e-02 0.000000e+00
 0.000000e+00 0.000000e+00 0.000000e+00 9.911226e-01 8.877384e-03
 0.000000e+00 0.000000e+00 0.000000e+00 0.000000e+00 0.000000e+00
<ENDHMM>
~h "spe"
<BEGINHMM>
<NUMSTATES> 5
<STATE> 2
<NUMMIXES> 4
<MIXTURE> 1 3.208245e-01
<MEAN> 13
 -2.155132e+00 -4.577724e+00 -2.983652e+00 -3.584511e+00 2.115682e+00 3.978942e+00 4.206990e+00 3.201368e-01 -1.711208e+00 5.383858e-01 8.862808e-01 -3.416458e+00 5.005378e+01
<VARIANCE> 13
 3.543219e+00 4.489747e+00 6.186036e+00 7.151350e+00 9.547114e+00 1.135398e+01 1.374741e+01 1.386453e+01 1.441466e+01 1.412388e+01 1.422148e+01 1.285139e+01 1.706590e+00
<GCONST> 5.144364e+01
<MIXTURE> 2 1.762893e-01
<MEAN> 13
 -2.091358e+00 -1.383786e+00 1.354023e+00 -5.305697e+00 -3.470547e+00 -1.814191e+00 -8.647894e-01 -3.795193e+00 -4.280524e+00 -8.179276e-03 4.416373e-01 -4.714314e+00 5.535603e+01
<VARIANCE> 13
 2.223050e+01 1.903024e+01 4.428672e+01 2.755829e+01 3.109334e+01 2.645148e+01 3.140118e+01 2.932751e+01 2.936583e+01 2.750015e+01 2.262207e+01 1.894048e+01 7.472668e+00
<GCONST> 6.535006e+01
<MIXTURE> 3 1.762900e-01
<MEAN> 13
 -2.091408e+00 -1.383747e+00 1.353971e+00 -5.305665e+00 -3.470516e+00 -1.814178e+00 -8.647438e-01 -3.795183e+00 -4.280493e+00 -8.193365e-03 4.416257e-01 -4.714308e+00 5.535603e+01
<VARIANCE> 13
 2.223085e+01 1.903054e+01 4.428710e+01 2.755851e+01 3.109357e+01 2.645156e+01 3.140141e+01 2.932758e+01 2.936592e+01 2.750015e+01 2.262211e+01 1.894047e+01 7.472713e+00
<GCONST> 6.535014e+01
<MIXTURE> 4 3.265915e-01
<MEAN> 13
 1.804671e-01 -8.458850e+00 3.082504e+00 -1.043856e+01 -5.191753e+00 -2.895389e+00 -3.687453e+00 9.277766e-01 -1.811000e+00 1.034692e+00 -1.267434e+00 -8.131106e+00 5.957286e+01
<VARIANCE> 13
 7.459929e+00 1.798070e+01 5.158593e+01 3.039255e+01 6.811255e+01 4.838547e+01 3.119179e+01 4.833809e+01 3.418183e+01 3.350893e+01 4.424615e+01 2.239006e+01 1.026745e+01
<GCONST> 6.783829e+01
<STATE> 3
<NUMMIXES> 4
<MIXTURE> 1 3.751292e-01
<MEAN> 13
 -6.966256e+00 1.894853e+00 1.195517e-01 -2.686863e+00 -2.656536e+00 -2.228566e+00 6.477211e-01 -5.210589e-01 -1.081741e+00 -1.497028e+00 -7.876892e-01 -2.629086e+00 5.767640e+01
<VARIANCE> 13
 2.528087e+01 2.873952e+01 7.511164e+01 1.859426e+01 6.941203e+01 2.961470e+01 3.202827e+01 2.848482e+01 2.449215e+01 1.662132e+01 3.426327e+01 1.604696e+01 5.077766e+01
<GCONST> 6.841296e+01
<MIXTURE> 2 1.494134e-01
<MEAN> 13
 -3.870752e+00 -3.364021e-01 7.198967e+00 -1.691912e+01 -5.976692e-01 -1.072631e+01 -3.429789e+00 -7.054385e+00 -3.317156e+00 -5.250239e+00 -8.432371e+00 8.118471e-01 6.289397e+01
<VARIANCE> 13
 2.967646e+01 1.720256e+01 7.720950e+01 7.063410e+01 7.043987e+01 5.950790e+01 4.056796e+01 4.775246e+01 4.074141e+01 3.958613e+01 2.718231e+01 3.572486e+01 1.950176e+01
<GCONST> 7.187637e+01
<MIXTURE> 3 1.494134e-01
<MEAN> 13
 -3.870752e+00 -3.364021e-01 7.198967e+00 -1.691912e+01 -5.976692e-01 -1.072631e+01 -3.429789e+00 -7.054385e+00 -3.317156e+00 -5.250239e+00 -8.432371e+00 8.118471e-01 6.289397e+01
<VARIANCE> 13
 2.967646e+01 1.720256e+01 7.720950e+01 7.063410e+01 7.043987e+01 5.950790e+01 4.056796e+01 4.775246e+01 4.074141e+01 3.958613e+01 2.718231e+01 3.572486e+01 1.950176e+01
<GCONST> 7.187637e+01
<MIXTURE> 4 3.260433e-01
<MEAN> 13
 1.533327e+00 -6.151186e+00 -2.494149e+00 -1.816556e+01 -4.223434e+00 -7.653050e+00 -9.538130e+00 -2.051468e+00 8.452903e-01 -4.670701e+00 -1.169997e+01 -3.843073e+00 6.384927e+01
<VARIANCE> 13
 9.500689e+00 3.107206e+01 3.736082e+01 2.879853e+01 3.472211e+01 3.827891e+01 4.532902e+01 6.194061e+01 4.069740e+01 3.500639e+01 2.564981e+01 2.765968e+01 5.879036e+00
<GCONST> 6.729102e+01
<STATE> 4
<NUMMIXES> 4
<MIXTURE> 1 2.099124e-01
<MEAN> 13
 -2.469623e+00 -8.857735e-02 -8.150017e-01 -2.332975e+00 -1.903361e+00 4.287755e-01 2.129643e+00 1.248296e+00 7.045051e-01 1.878499e+00 7.416621e-01 -3.108134e+00 4.934474e+01
<VARIANCE> 13
 1.107368e+01 1.291947e+01 1.150388e+01 1.347048e+01 2.371013e+01 2.455709e+01 1.452443e+01 2.087254e+01 1.995425e+01 1.791064e+01 1.584449e+01 1.435249e+01 4.166759e+00
<GCONST> 5.871278e+01
<MIXTURE> 2 2.663737e-01
<MEAN> 13
 -1.396957e+00 6.745619e-01 1.308129e+00 -1.769925e+00 -3.841105e+00 -1.413600e+00 -8.734223e-01 -1.657339e+00 -2.076276e+00 -9.051090e-01 -2.746423e+00 -6.078956e+00 5.163493e+01
<VARIANCE> 13
 1.845138e+01 1.851075e+01 2.840266e+01 1.883816e+01 3.897689e+01 3.462418e+01 2.234672e+01 3.001634e+01 2.950043e+01 2.718806e+01 2.409052e+01 2.567860e+01 6.146625e+00
<GCONST> 6.465476e+01
<MIXTURE> 3 2.663737e-01
<MEAN> 13
 -1.396957e+00 6.745619e-01 1.308129e+00 -1.769925e+00 -3.841105e+00 -1.413600e+00 -8.734223e-01 -1.657339e+00 -2.076276e+00 -9.051090e-01 -2.746423e+00 -6.078956e+00 5.163493e+01
<VARIANCE> 13
 1.845138e+01 1.851075e+01 2.840266e+01 1.883816e+01 3.897689e+01 3.462418e+01 2.234672e+01 3.001634e+01 2.950043e+01 2.718806e+01 2.409052e+01 2.567860e+01 6.146625e+00
<GCONST> 6.465476e+01
<MIXTURE> 4 2.573369e-01
<MEAN> 13
 2.524660e+00 -8.338354e+00 -1.049939e+00 -6.151588e+00 -3.808990e+00 1.914602e+00 -5.139027e+00 -6.892785e-01 -1.600687e+00 -2.203516e+00 -4.526492e+00 -9.860136e+00 5.707393e+01
<VARIANCE> 13
 3.828222e+00 1.721189e+01 3.996284e+01 2.218082e+01 7.845688e+01 3.997532e+01 3.556852e+01 3.657705e+01 4.086121e+01 4.635903e+01 3.975753e+01 3.475402e+01 9.258090e+00
<GCONST> 6.709246e+01
<TRANSP> 5
 0.000000e+00 1.000000e+00 0.000000e+00 0.000000e+00 0.000000e+00
 0.000000e+00 9.949218e-01 5.078169e-03 0.000000e+00 0.000000e+00
 0.000000e+00 0.000000e+00 9.726617e-01 2.733837e-02 0.000000e+00
 0.000000e+00 0.000000e+00 0.000000e+00 9.935181e-01 6.481912e-03
 0.000000e+00 0.000000e+00 0.000000e+00 0.000000e+00 0.000000e+00
<ENDHMM>
