~o
<STREAMINFO> 1 39
<VECSIZE> 39<NULLD><MFCC_D_A_0><DIAGC>
~h "ap"
<BEGINHMM>
<NUMSTATES> 5
<STATE> 2
<MEAN> 39
 -1.518998e+01 -8.242237e+00 -2.384980e+00 5.621417e-01 -2.315494e+00 -3.989522e+00 2.328031e+00 -8.909129e-01 -4.957818e-01 -6.594706e-01 -4.218499e-01 -6.599307e-01 6.406812e+01 -8.998183e-01 -1.239482e+00 -6.923524e-01 -1.429939e-01 -6.739756e-01 -9.717435e-01 -4.721689e-01 -5.228792e-01 -3.493991e-01 -2.844599e-01 -1.305968e-01 -1.268074e-01 2.623847e+00 1.806099e-01 1.090164e-01 9.276903e-03 -1.071221e-01 1.747528e-01 2.609710e-01 1.177197e-01 5.644151e-02 5.279839e-02 1.142996e-01 2.516165e-02 -8.173611e-02 -3.905049e-01
<VARIANCE> 39
 4.564853e+01 6.464055e+01 3.227586e+01 2.845280e+01 3.220530e+01 6.714430e+01 3.075165e+01 2.880492e+01 2.429969e+01 2.380847e+01 2.314285e+01 1.871812e+01 1.996025e+02 4.449184e+00 4.362384e+00 1.657106e+00 2.143479e+00 3.402030e+00 5.021683e+00 2.560911e+00 2.366310e+00 2.240098e+00 2.489790e+00 2.140077e+00 1.739099e+00 1.632751e+01 7.052289e-01 6.662303e-01 2.360749e-01 3.432009e-01 5.674854e-01 8.955617e-01 4.208618e-01 3.623844e-01 3.893393e-01 4.329433e-01 3.208835e-01 3.061063e-01 2.891189e+00
<GCONST> 1.245169e+02
<STATE> 3
<MEAN> 39
 -1.303606e+01 -1.553108e+01 -9.365682e+00 1.001256e+00 -6.066362e-01 -8.036976e+00 4.370400e-01 -3.423160e+00 -4.943111e+00 -3.350432e+00 1.034687e-01 -1.505662e+00 7.053783e+01 1.799764e-01 6.390071e-02 9.071003e-02 7.506172e-02 1.952186e-01 1.367668e-01 8.821666e-02 -7.411757e-03 -2.068636e-02 -1.503478e-03 3.397265e-02 8.936240e-04 -4.785758e-01 3.446873e-03 2.162776e-02 2.561851e-02 2.946988e-02 9.408997e-03 -6.852694e-03 5.794609e-03 1.788514e-02 1.090471e-02 5.370498e-03 7.020095e-03 1.779229e-02 -2.562124e-02
<VARIANCE> 39
 1.683735e+01 2.216834e+01 2.756168e+01 2.150303e+01 2.706164e+01 2.862596e+01 2.431485e+01 2.159993e+01 2.329103e+01 2.469134e+01 1.810002e+01 1.626175e+01 5.486493e+01 4.282360e-01 4.000486e-01 5.850746e-01 8.247237e-01 1.345418e+00 1.489897e+00 1.204952e+00 1.174580e+00 1.533401e+00 1.381732e+00 1.335520e+00 1.697908e+00 2.686181e+00 7.402331e-02 7.007556e-02 1.008031e-01 1.572163e-01 2.609537e-01 3.065104e-01 2.318245e-01 2.301920e-01 3.111526e-01 2.832516e-01 2.665618e-01 3.791579e-01 4.331687e-01
<GCONST> 9.363161e+01
<STATE> 4
<MEAN> 39
 -1.065366e+01 -1.099569e+01 -5.252366e+00 1.108477e+00 3.996896e-01 -4.685853e+00 2.316763e+00 -2.396512e+00 -3.690813e+00 -1.010871e+00 7.716757e-01 -1.384172e+00 6.125685e+01 1.716982e-02 1.141167e-02 7.769340e-03 6.328477e-03 1.039925e-03 7.000603e-03 4.858387e-03 1.310662e-02 7.356317e-03 6.695113e-03 2.743548e-03 -1.850764e-03 -3.343515e-02 -1.161928e-03 -1.499898e-04 -1.273648e-03 -1.488869e-03 -2.152336e-03 -1.333631e-03 -1.653704e-03 -3.113557e-04 -1.568824e-03 -1.106901e-03 -1.696167e-03 -5.280320e-04 1.958057e-03
<VARIANCE> 39
 2.397734e+01 5.170591e+01 2.785985e+01 2.448747e+01 3.545149e+01 3.854895e+01 2.638340e+01 2.656767e+01 2.484988e+01 2.125972e+01 1.719696e+01 1.468828e+01 1.254499e+02 9.419558e-01 1.188552e+00 7.750792e-01 9.413890e-01 1.656538e+00 1.943354e+00 1.380925e+00 1.437093e+00 1.539107e+00 1.540319e+00 1.370917e+00 1.281823e+00 5.339603e+00 1.492862e-01 1.824541e-01 1.288833e-01 1.754512e-01 3.054951e-01 3.738623e-01 2.621758e-01 2.691915e-01 3.069092e-01 3.183456e-01 2.732531e-01 2.669874e-01 8.002106e-01
<GCONST> 1.031057e+02
<TRANSP> 5
 0.000000e+00 1.000000e+00 0.000000e+00 0.000000e+00 0.000000e+00
 0.000000e+00 8.395040e-01 1.604960e-01 0.000000e+00 0.000000e+00
 0.000000e+00 0.000000e+00 9.741348e-01 2.586519e-02 0.000000e+00
 0.000000e+00 0.000000e+00 0.000000e+00 9.958544e-01 4.145539e-03
 0.000000e+00 0.000000e+00 0.000000e+00 0.000000e+00 0.000000e+00
<ENDHMM>
~h "cl"
<BEGINHMM>
<NUMSTATES> 5
<STATE> 2
<MEAN> 39
 -1.202736e+01 -8.410086e-01 -1.484289e+00 -2.879153e+00 -9.019862e-01 6.048522e+00 3.187172e+00 -5.717041e-01 2.530047e+00 -4.002969e-02 -2.157858e+00 1.068089e+00 5.426868e+01 -2.184598e-01 3.794053e-02 2.000472e-02 -8.257258e-03 -9.494484e-02 8.990464e-02 -4.218923e-02 -1.260532e-01 7.872576e-02 -5.277202e-03 -1.094700e-01 6.746273e-02 1.712669e-01 -3.961385e-02 -3.244772e-04 1.325633e-02 -6.090896e-03 -2.141026e-02 3.251525e-02 -1.431809e-02 -3.017413e-02 1.899628e-02 -8.077972e-03 -3.412999e-02 2.408235e-02 2.616219e-02
<VARIANCE> 39
 3.818483e+01 2.843598e+01 2.532375e+01 1.505350e+01 1.855520e+01 4.707211e+01 2.098304e+01 2.467866e+01 3.120150e+01 2.516731e+01 2.670889e+01 2.372783e+01 4.521758e+01 2.214537e+00 8.189852e-01 7.038587e-01 8.586833e-01 1.412987e+00 2.065067e+00 1.713594e+00 1.999550e+00 2.116606e+00 1.793183e+00 1.890123e+00 1.749852e+00 1.833525e+00 2.934845e-01 1.214858e-01 1.165317e-01 1.528805e-01 2.471632e-01 3.554784e-01 3.093542e-01 3.489805e-01 3.785987e-01 3.481673e-01 3.404049e-01 3.015987e-01 2.478769e-01
<GCONST> 1.023753e+02
<STATE> 3
<MEAN> 39
 -1.883625e+01 2.452008e+00 3.981444e+00 -5.140423e+00 -7.180790e+00 1.015190e+01 -2.382812e-01 -5.041139e+00 7.926050e+00 -1.224835e+00 -6.802849e+00 5.373462e+00 5.677563e+01 -2.058100e-01 -1.293995e-03 3.109405e-02 -2.672538e-03 -8.531781e-03 5.078358e-02 -2.318485e-02 -3.460008e-02 -6.819438e-02 -3.316945e-02 -6.494533e-02 8.967258e-04 1.777429e-01 5.677072e-02 -4.956665e-03 -6.753016e-03 -8.041393e-03 2.572283e-02 -1.419431e-02 7.598695e-03 2.591331e-02 -2.847899e-02 9.967060e-03 1.928021e-02 -2.734419e-02 -4.108283e-02
<VARIANCE> 39
 5.262274e+01 1.107676e+01 2.323923e+01 2.217536e+01 2.136200e+01 3.620971e+01 3.235630e+01 3.673195e+01 3.766610e+01 4.080640e+01 3.075860e+01 2.143591e+01 3.288903e+01 3.419641e+00 5.478612e-01 9.327791e-01 1.162508e+00 1.547615e+00 2.561565e+00 1.806077e+00 2.387192e+00 2.466434e+00 1.834537e+00 1.867682e+00 1.769895e+00 2.044122e+00 6.179919e-01 1.019170e-01 1.631340e-01 2.245762e-01 2.923657e-01 4.865913e-01 3.444727e-01 4.432608e-01 4.615460e-01 3.669766e-01 3.567315e-01 3.462460e-01 3.777772e-01
<GCONST> 1.075695e+02
<STATE> 4
<MEAN> 39
 -2.136972e+01 1.753012e+00 3.473763e+00 -3.896833e+00 -5.365719e+00 1.136507e+01 1.334558e+00 -5.458497e+00 4.594181e+00 1.177538e+00 -8.166600e+00 5.055327e+00 5.834218e+01 6.857245e-02 -5.723489e-03 -3.394013e-03 -4.925973e-03 7.017959e-03 -1.535937e-02 -3.541917e-03 3.777245e-03 2.977087e-03 -1.556435e-03 1.795151e-02 -3.515034e-03 -5.271701e-02 5.341428e-04 2.022308e-04 -1.254648e-03 1.249120e-03 1.643171e-04 -5.031056e-03 -6.153310e-04 1.748448e-03 -3.139774e-04 6.054546e-04 2.190079e-03 -3.503989e-04 -6.370469e-04
<VARIANCE> 39
 4.501192e+01 9.811009e+00 2.843940e+01 1.538680e+01 2.401008e+01 3.191788e+01 2.723685e+01 3.839776e+01 3.508845e+01 4.049819e+01 4.208430e+01 2.607710e+01 2.824857e+01 1.304789e+00 5.023813e-01 8.994648e-01 9.257974e-01 1.248274e+00 1.992258e+00 1.740965e+00 2.163755e+00 2.228047e+00 1.792958e+00 1.610809e+00 1.735860e+00 1.038554e+00 2.397482e-01 9.369979e-02 1.750316e-01 1.856404e-01 2.374560e-01 3.833538e-01 3.385890e-01 4.099660e-01 4.421733e-01 3.567450e-01 3.216761e-01 3.413034e-01 1.935426e-01
<GCONST> 1.018350e+02
<TRANSP> 5
 0.000000e+00 1.000000e+00 0.000000e+00 0.000000e+00 0.000000e+00
 0.000000e+00 9.569950e-01 4.300503e-02 0.000000e+00 0.000000e+00
 0.000000e+00 0.000000e+00 9.678542e-01 3.214584e-02 0.000000e+00
 0.000000e+00 0.000000e+00 0.000000e+00 9.959657e-01 4.034318e-03
 0.000000e+00 0.000000e+00 0.000000e+00 0.000000e+00 0.000000e+00
<ENDHMM>
~h "cm"
<BEGINHMM>
<NUMSTATES> 5
<STATE> 2
<MEAN> 39
 -1.042666e+01 -3.599791e-01 -1.993985e+00 -4.068220e+00 -2.234526e-01 2.732064e-01 -5.235925e-01 3.957452e-01 -1.604003e+00 1.442522e-02 1.175932e+00 -1.934075e+00 5.784907e+01 3.140486e-02 -3.951882e-02 -4.877510e-02 -9.851968e-02 -6.028923e-02 -8.208051e-02 -9.280474e-02 -7.711020e-02 -6.396179e-02 -3.440268e-02 -4.654475e-02 1.120919e-02 3.472963e-01 1.800513e-02 4.658987e-04 -9.987852e-03 -4.022856e-03 -7.045251e-03 -2.786938e-03 -5.709792e-03 -1.682915e-02 -1.966298e-02 -8.059212e-04 1.991208e-03 -4.363030e-03 8.774430e-03
<VARIANCE> 39
 2.077634e+01 1.943038e+01 1.354300e+01 1.657760e+01 1.661801e+01 1.934433e+01 1.888679e+01 2.020098e+01 1.914746e+01 1.866137e+01 1.842924e+01 1.479773e+01 4.695258e+01 5.209644e-01 6.862238e-01 7.498533e-01 1.010947e+00 1.199638e+00 1.487556e+00 1.473572e+00 1.525363e+00 1.605938e+00 1.566767e+00 1.535574e+00 1.315430e+00 1.008572e+00 7.139667e-02 1.084707e-01 1.332015e-01 1.725352e-01 2.231691e-01 2.758316e-01 2.745114e-01 2.763917e-01 3.038626e-01 3.063484e-01 2.894632e-01 2.456707e-01 1.223723e-01
<GCONST> 9.074412e+01
<STATE> 3
<MEAN> 39
 -1.199381e+01 -7.708942e-01 -3.704056e+00 -5.578298e+00 -9.122393e-01 -2.929840e-01 -2.601473e+00 -9.590811e-01 -3.253685e+00 2.332093e-01 2.130250e+00 -3.237391e-01 6.249938e+01 8.116997e-02 -3.331668e-02 -1.333553e-02 1.786932e-02 1.621295e-03 -1.173689e-02 -2.357732e-02 -3.584135e-02 -2.826696e-02 -4.001256e-02 -6.803584e-02 -3.520804e-02 2.321128e-01 1.362812e-03 4.269517e-03 1.131632e-02 1.843089e-02 1.459851e-02 1.373290e-02 1.325661e-02 7.664096e-03 3.315545e-03 -1.097026e-02 -6.855757e-03 -8.852177e-03 -1.728145e-02
<VARIANCE> 39
 1.531357e+01 1.120141e+01 1.080941e+01 1.155324e+01 1.463430e+01 1.675544e+01 1.752576e+01 1.859366e+01 1.742825e+01 1.762140e+01 2.238342e+01 1.654229e+01 3.615931e+01 3.066008e-01 4.286702e-01 5.877342e-01 8.331017e-01 1.040596e+00 1.268367e+00 1.420961e+00 1.502538e+00 1.487333e+00 1.406062e+00 1.323740e+00 1.285807e+00 4.398576e-01 4.371469e-02 7.517420e-02 1.107703e-01 1.625589e-01 2.087246e-01 2.576761e-01 2.896571e-01 3.049283e-01 3.030973e-01 2.864679e-01 2.621980e-01 2.572412e-01 4.984640e-02
<GCONST> 8.368475e+01
<STATE> 4
<MEAN> 39
 -5.847627e+00 4.132549e-01 -2.598321e+00 -3.784090e+00 -7.209194e-01 -1.283418e+00 -3.083277e+00 -2.465422e+00 -4.128455e+00 -2.515651e+00 -1.522740e+00 -2.859639e+00 6.725403e+01 4.739537e-02 4.090586e-02 4.479973e-02 6.187075e-02 4.800437e-02 3.109251e-02 3.224764e-02 -8.958032e-03 2.714685e-03 9.793750e-04 1.042535e-02 7.904922e-04 -1.963858e-01 -3.615731e-03 -6.504874e-04 -1.239548e-03 -2.729606e-03 -1.477207e-03 -2.278247e-04 7.442051e-04 2.624612e-03 3.291525e-03 2.711748e-03 3.139506e-03 4.331168e-03 -7.779689e-03
<VARIANCE> 39
 1.092792e+01 1.068998e+01 1.175610e+01 1.367427e+01 1.447383e+01 1.392975e+01 1.544819e+01 1.746838e+01 1.685890e+01 1.514122e+01 1.485147e+01 1.267295e+01 6.689556e+01 2.021956e-01 3.018477e-01 4.587590e-01 6.869367e-01 8.715168e-01 1.040750e+00 1.172526e+00 1.255448e+00 1.328795e+00 1.310726e+00 1.274780e+00 1.146115e+00 2.986121e-01 3.062406e-02 5.315999e-02 8.612695e-02 1.316573e-01 1.693645e-01 2.069938e-01 2.319211e-01 2.492535e-01 2.662373e-01 2.677877e-01 2.561551e-01 2.319233e-01 2.568424e-02
<GCONST> 7.724091e+01
<TRANSP> 5
 0.000000e+00 1.000000e+00 0.000000e+00 0.000000e+00 0.000000e+00
 0.000000e+00 9.467226e-01 5.327744e-02 0.000000e+00 0.000000e+00
 0.000000e+00 0.000000e+00 9.620906e-01 3.790937e-02 0.000000e+00
 0.000000e+00 0.000000e+00 0.000000e+00 9.865683e-01 1.343169e-02
 0.000000e+00 0.000000e+00 0.000000e+00 0.000000e+00 0.000000e+00
<ENDHMM>
~h "co"
<BEGINHMM>
<NUMSTATES> 5
<STATE> 2
<MEAN> 39
 -6.243004e+00 -5.987597e+00 -1.057747e-01 -8.538638e-01 -1.306697e+01 -6.183058e+00 -4.865232e+00 -5.771044e-01 2.111254e+00 -1.850450e+00 -3.908466e+00 -7.308202e+00 6.180526e+01 -6.081592e-01 -9.042349e-02 3.255386e-01 -4.413123e-01 -6.954056e-01 -9.556600e-01 -2.821819e-01 -7.662644e-01 -1.015458e+00 -1.068252e+00 -4.665602e-01 -3.811871e-01 2.591893e+00 -7.761282e-02 7.034752e-02 6.775244e-04 4.218663e-02 3.716857e-01 2.093623e-01 2.016212e-01 3.283741e-02 -1.290660e-01 5.602437e-02 1.698955e-01 6.570039e-02 -8.756380e-02
<VARIANCE> 39
 1.777637e+01 3.632248e+01 3.538794e+01 3.915859e+01 1.005550e+02 6.569743e+01 7.952241e+01 6.843653e+01 5.503420e+01 4.347996e+01 5.362330e+01 3.711213e+01 9.847196e+01 1.166902e+00 2.201301e+00 1.855149e+00 1.914602e+00 6.783914e+00 3.674425e+00 4.153159e+00 3.656593e+00 4.324774e+00 3.241624e+00 2.639397e+00 2.898911e+00 3.561084e+00 1.363270e-01 3.182719e-01 2.698302e-01 2.499094e-01 7.892947e-01 6.004781e-01 6.245530e-01 5.888723e-01 6.746707e-01 6.025825e-01 4.120528e-01 4.785564e-01 5.174908e-01
<GCONST> 1.260743e+02
<STATE> 3
<MEAN> 39
 -7.719428e+00 -6.326142e+00 -1.184892e+00 -2.834605e+00 -8.159528e+00 -8.983484e+00 -4.987494e+00 -7.338500e+00 -5.505097e+00 -4.275980e+00 -3.454538e+00 -8.248280e+00 6.903587e+01 7.416427e-02 -4.189716e-02 -5.733384e-02 4.028507e-02 1.472918e-01 2.535188e-02 -9.127554e-02 -1.164030e-01 -6.449902e-03 5.074313e-02 1.104936e-02 -5.499759e-02 -6.200342e-02 3.070661e-02 5.863064e-04 7.452865e-05 1.229331e-02 -1.081470e-02 -3.520889e-03 -1.978846e-02 5.566873e-03 2.701105e-02 9.319250e-03 -1.287965e-02 -1.151834e-02 -4.770294e-02
<VARIANCE> 39
 1.736800e+01 1.085292e+01 2.548015e+01 2.092395e+01 3.329996e+01 2.936632e+01 5.055185e+01 6.028870e+01 4.359677e+01 3.614920e+01 3.368691e+01 3.961613e+01 4.424131e+01 4.804775e-01 7.879735e-01 9.686972e-01 1.253717e+00 2.590785e+00 1.773087e+00 2.274632e+00 2.343306e+00 3.391296e+00 2.417269e+00 2.282751e+00 1.792512e+00 1.241083e+00 6.733966e-02 1.648051e-01 1.725156e-01 2.298744e-01 4.547113e-01 3.361616e-01 4.104117e-01 4.406844e-01 7.043771e-01 4.942223e-01 4.484993e-01 3.413178e-01 1.480621e-01
<GCONST> 1.064423e+02
<STATE> 4
<MEAN> 39
 -3.907863e+00 -4.328328e+00 3.169146e+00 1.365707e+00 -2.792608e+00 -3.481154e+00 -6.120866e+00 -5.520788e+00 -3.909608e+00 -4.607442e+00 -4.474248e+00 -8.999652e+00 5.974085e+01 5.691875e-02 8.931524e-02 5.432115e-02 4.304998e-02 1.243822e-01 8.723628e-02 5.783777e-02 7.279489e-02 -1.217953e-02 9.301640e-03 2.719658e-02 4.022034e-02 -2.522374e-01 -4.403977e-03 9.513445e-04 -5.102597e-03 -3.637868e-03 -5.646480e-03 -2.678161e-03 4.458515e-03 3.767641e-03 -9.128714e-04 2.619278e-04 1.346368e-03 3.147024e-03 2.100245e-03
<VARIANCE> 39
 1.220025e+01 2.219451e+01 2.125519e+01 2.516371e+01 4.169974e+01 3.334560e+01 5.237226e+01 4.531159e+01 3.355622e+01 3.838553e+01 3.493493e+01 3.115974e+01 6.943762e+01 3.203895e-01 6.012214e-01 7.118373e-01 9.273598e-01 1.706316e+00 1.324902e+00 1.786566e+00 1.715339e+00 1.787297e+00 1.838956e+00 1.673087e+00 1.510591e+00 9.137192e-01 4.624692e-02 1.047361e-01 1.298108e-01 1.766856e-01 3.083014e-01 2.548679e-01 3.277487e-01 3.241783e-01 3.500251e-01 3.660802e-01 3.329562e-01 2.985433e-01 8.651948e-02
<GCONST> 9.816250e+01
<TRANSP> 5
 0.000000e+00 1.000000e+00 0.000000e+00 0.000000e+00 0.000000e+00
 0.000000e+00 8.363811e-01 1.636188e-01 0.000000e+00 0.000000e+00
 0.000000e+00 0.000000e+00 9.768009e-01 2.319912e-02 0.000000e+00
 0.000000e+00 0.000000e+00 0.000000e+00 9.865658e-01 1.343416e-02
 0.000000e+00 0.000000e+00 0.000000e+00 0.000000e+00 0.000000e+00
<ENDHMM>
~h "ds"
<BEGINHMM>
<NUMSTATES> 5
<STATE> 2
<MEAN> 39
 -1.386383e+01 6.122368e-01 3.378242e-01 -9.767009e-01 -8.521637e-01 -2.447159e+00 4.367785e+00 -2.481327e+00 1.831995e+00 2.103266e+00 4.408984e+00 2.175654e-01 6.613281e+01 -2.531020e-01 6.506565e-02 -7.276046e-02 -3.740242e-02 -8.965965e-02 -4.427668e-02 1.690619e-02 1.355173e-03 4.095179e-02 -9.201768e-03 2.588351e-02 3.685883e-02 1.131539e+00 8.782905e-02 3.808577e-05 5.619578e-02 8.119011e-02 9.139168e-02 1.265983e-01 3.630946e-02 7.485772e-02 -4.401754e-04 -4.968597e-02 -1.804952e-02 3.133623e-02 -1.839385e-01
<VARIANCE> 39
 2.493735e+01 1.673931e+01 1.633898e+01 2.001216e+01 3.015832e+01 2.364859e+01 2.935126e+01 3.625481e+01 2.704712e+01 2.567899e+01 2.061584e+01 1.722420e+01 9.163529e+01 2.387563e+00 1.228744e+00 1.488611e+00 1.834906e+00 2.826092e+00 2.602213e+00 2.686241e+00 2.627431e+00 2.327672e+00 2.501266e+00 2.107612e+00 1.782789e+00 4.284238e+00 3.761055e-01 2.108478e-01 2.460440e-01 3.362327e-01 4.993119e-01 4.740073e-01 4.779271e-01 4.738772e-01 4.218548e-01 4.550048e-01 3.878248e-01 3.412555e-01 6.489096e-01
<GCONST> 1.124870e+02
<STATE> 3
<MEAN> 39
 -1.559377e+01 9.131415e-01 -6.349020e-01 4.319006e-01 -1.651353e+00 -1.375424e+00 2.971824e+00 -1.913382e+00 2.362466e+00 2.850021e+00 4.354629e+00 1.293918e+00 6.957217e+01 2.270394e-01 -2.733149e-02 2.749933e-01 4.201005e-01 4.134944e-01 2.412121e-01 7.625246e-02 1.323536e-01 3.276503e-02 6.574254e-02 -3.255937e-02 -5.005376e-02 -4.278625e-01 3.373113e-02 4.169654e-02 -3.204958e-02 -5.729776e-02 -4.960938e-02 -1.341351e-01 -7.384109e-02 -1.143963e-01 -7.511015e-02 2.352265e-02 -1.903041e-02 -5.273843e-02 -8.116293e-02
<VARIANCE> 39
 2.012005e+01 1.112629e+01 1.328907e+01 1.520300e+01 2.401159e+01 1.472874e+01 1.703685e+01 1.544137e+01 1.583577e+01 1.750415e+01 1.658092e+01 1.420417e+01 1.993968e+02 1.888177e+00 1.050969e+00 1.180281e+00 1.041698e+00 1.420203e+00 1.578010e+00 1.473954e+00 1.486412e+00 1.289276e+00 1.396287e+00 1.288074e+00 1.441347e+00 2.138686e+01 3.837682e-01 1.854785e-01 2.042571e-01 1.912818e-01 2.446366e-01 3.284149e-01 2.762930e-01 2.805395e-01 2.440763e-01 2.949718e-01 2.626417e-01 2.858905e-01 4.003745e+00
<GCONST> 1.021751e+02
<STATE> 4
<MEAN> 39
 -1.003322e+01 1.449164e+00 2.035204e+00 7.938927e-01 2.906445e+00 6.430816e-01 2.971052e+00 -1.198839e+00 3.038432e-01 -2.890403e-01 2.226114e+00 -1.499081e+00 5.607233e+01 4.389244e-02 3.221976e-03 2.021348e-02 9.214838e-03 3.375368e-02 2.384437e-02 1.465707e-02 7.281997e-03 -5.386290e-03 -1.687529e-02 -1.485173e-02 -1.519779e-02 -1.086395e-01 -1.861900e-03 -4.652641e-04 -1.415721e-03 -2.108861e-03 -2.976232e-03 -5.956063e-04 -5.869023e-06 -9.272518e-05 2.002116e-03 1.522993e-03 1.843324e-03 1.210994e-03 2.682122e-03
<VARIANCE> 39
 1.589404e+01 1.168709e+01 1.596913e+01 1.725892e+01 1.984630e+01 2.180761e+01 2.413170e+01 1.938833e+01 2.416430e+01 2.263470e+01 1.798301e+01 1.711545e+01 6.168768e+01 5.810292e-01 4.804048e-01 6.732405e-01 9.098151e-01 1.295457e+00 1.422455e+00 1.581057e+00 1.546573e+00 1.746178e+00 1.751879e+00 1.587830e+00 1.357477e+00 8.446678e-01 9.744525e-02 8.458834e-02 1.251859e-01 1.750970e-01 2.549570e-01 2.770473e-01 3.099700e-01 3.078707e-01 3.460346e-01 3.522530e-01 3.222624e-01 2.730287e-01 1.044109e-01
<GCONST> 9.193839e+01
<TRANSP> 5
 0.000000e+00 1.000000e+00 0.000000e+00 0.000000e+00 0.000000e+00
 0.000000e+00 9.148428e-01 8.515724e-02 0.000000e+00 0.000000e+00
 0.000000e+00 0.000000e+00 8.603656e-01 1.396344e-01 0.000000e+00
 0.000000e+00 0.000000e+00 0.000000e+00 9.937591e-01 6.240893e-03
 0.000000e+00 0.000000e+00 0.000000e+00 0.000000e+00 0.000000e+00
<ENDHMM>
~h "kj"
<BEGINHMM>
<NUMSTATES> 5
<STATE> 2
<MEAN> 39
 -1.186161e+01 3.100546e+00 -7.312893e-01 -1.618996e+00 -7.480280e-01 1.613732e+00 1.798389e+00 1.984608e+00 -4.974395e-01 1.277000e+00 3.567135e-01 -1.536572e+00 5.058939e+01 -1.678295e-01 -9.013046e-02 -3.714345e-02 3.896642e-03 -8.913814e-02 -6.584214e-02 -4.272882e-02 -9.234069e-02 8.065915e-03 2.699191e-03 2.398276e-02 3.409079e-02 2.338903e-01 -6.432235e-03 -1.713327e-02 6.730308e-03 2.554085e-03 -3.383289e-03 6.420820e-04 -9.003428e-04 -4.329937e-03 3.445066e-03 -7.796184e-03 -1.144624e-02 -6.192083e-03 1.645145e-02
<VARIANCE> 39
 1.975118e+01 2.089113e+01 1.690269e+01 1.621843e+01 2.335713e+01 2.409252e+01 2.476413e+01 2.089801e+01 2.059212e+01 1.981762e+01 1.717678e+01 1.718342e+01 2.333945e+01 7.963437e-01 9.932716e-01 7.650653e-01 8.883440e-01 1.310202e+00 1.504503e+00 1.930367e+00 1.855078e+00 1.695917e+00 1.872253e+00 1.461081e+00 1.328997e+00 7.131841e-01 1.129045e-01 1.471842e-01 1.230173e-01 1.604666e-01 2.291009e-01 2.740806e-01 3.538891e-01 3.475774e-01 3.287147e-01 3.723355e-01 2.751149e-01 2.566857e-01 7.568249e-02
<GCONST> 9.334087e+01
<STATE> 3
<MEAN> 39
 -1.600116e+01 -2.510124e+00 -3.909851e+00 -6.523967e-01 -1.163989e+00 -2.848949e+00 -6.847038e-02 -1.862124e+00 -1.990349e+00 1.899011e+00 3.886641e-01 -1.085824e+00 5.908206e+01 -1.126954e-01 8.641580e-02 1.316628e-02 -1.794465e-03 2.823254e-02 4.995812e-02 1.637062e-02 2.852289e-02 -1.604086e-03 7.784097e-03 1.144268e-02 -1.378217e-03 -6.469410e-04 -6.137919e-03 2.399973e-02 2.157987e-02 -3.555870e-03 2.915232e-03 1.792611e-02 2.005841e-02 2.260775e-02 2.930414e-03 3.129882e-03 5.826883e-03 -1.559238e-03 -2.092451e-02
<VARIANCE> 39
 1.521290e+01 2.809525e+01 1.388911e+01 1.678836e+01 1.666348e+01 1.822820e+01 2.147263e+01 2.146935e+01 1.981598e+01 2.046637e+01 1.611327e+01 1.412616e+01 2.336294e+01 5.934759e-01 9.099438e-01 7.060422e-01 9.360375e-01 1.221022e+00 1.477182e+00 1.657207e+00 1.664995e+00 1.642887e+00 1.701305e+00 1.584191e+00 1.350858e+00 6.949726e-01 9.947485e-02 1.567107e-01 1.329352e-01 1.831814e-01 2.435096e-01 2.906587e-01 3.396605e-01 3.366644e-01 3.287780e-01 3.404492e-01 3.289838e-01 2.777323e-01 1.092688e-01
<GCONST> 9.212995e+01
<STATE> 4
<MEAN> 39
 -2.076880e+01 1.644804e+00 8.805017e-01 1.155602e-01 -1.910963e+00 1.502143e+00 3.915634e+00 7.447522e-01 -2.049424e+00 1.845011e+00 1.199537e+00 -1.952862e+00 5.723794e+01 3.989437e-02 -1.545283e-02 -2.065150e-04 -3.410470e-03 6.155724e-03 -3.034378e-03 2.319727e-03 -1.705424e-03 4.980104e-03 -4.969328e-03 1.113995e-03 6.668401e-04 -2.183690e-02 3.231983e-03 -1.022223e-03 -2.310317e-03 -3.683419e-04 3.399469e-04 -1.242485e-03 9.675492e-05 -4.014549e-05 7.551339e-04 5.756141e-04 -3.591875e-04 8.798250e-04 -1.704933e-03
<VARIANCE> 39
 3.220275e+01 3.818981e+01 1.928340e+01 2.664414e+01 1.722049e+01 3.676128e+01 3.726147e+01 2.523681e+01 2.148668e+01 2.735555e+01 1.750453e+01 1.771450e+01 3.721777e+01 5.674603e-01 7.351367e-01 7.173202e-01 9.445485e-01 1.180211e+00 1.452379e+00 1.633182e+00 1.596936e+00 1.619025e+00 1.661072e+00 1.459557e+00 1.314564e+00 6.461639e-01 9.392200e-02 1.256768e-01 1.336382e-01 1.838834e-01 2.295364e-01 2.848229e-01 3.172823e-01 3.193682e-01 3.294985e-01 3.319485e-01 2.938746e-01 2.659756e-01 9.181863e-02
<GCONST> 9.518641e+01
<TRANSP> 5
 0.000000e+00 1.000000e+00 0.000000e+00 0.000000e+00 0.000000e+00
 0.000000e+00 9.516768e-01 4.832323e-02 0.000000e+00 0.000000e+00
 0.000000e+00 0.000000e+00 9.735537e-01 2.644634e-02 0.000000e+00
 0.000000e+00 0.000000e+00 0.000000e+00 9.961001e-01 3.899920e-03
 0.000000e+00 0.000000e+00 0.000000e+00 0.000000e+00 0.000000e+00
<ENDHMM>
~h "kn"
<BEGINHMM>
<NUMSTATES> 5
<STATE> 2
<MEAN> 39
 -5.300458e-01 6.509395e-01 -2.348136e+00 -2.445378e+00 1.130327e+00 -5.757236e-01 1.826258e+00 -3.498784e+00 -4.708788e-01 -3.575465e-01 6.478162e-01 -3.993501e+00 5.638989e+01 1.832667e-01 1.638028e-01 -1.325343e-01 1.242721e-01 2.105613e-01 -4.237149e-01 4.646068e-01 -5.788648e-02 1.001819e+00 2.147932e-01 1.947873e-01 2.501453e-01 2.058228e+00 -6.780998e-02 1.025604e-01 1.061598e-01 7.450119e-02 1.968140e-01 2.043967e-01 -1.429013e-02 8.178568e-02 -1.362043e-01 -2.724853e-02 1.730571e-02 1.093052e-01 -3.766629e-01
<VARIANCE> 39
 2.650110e+01 2.395438e+01 3.036294e+01 1.172667e+01 2.079814e+01 2.586883e+01 2.609073e+01 5.608467e+01 2.940826e+01 3.258973e+01 2.495372e+01 1.797994e+01 1.266679e+02 2.409856e+00 1.419265e+00 1.936422e+00 9.765822e-01 1.493090e+00 2.068520e+00 3.051793e+00 5.370726e+00 3.362590e+00 2.382887e+00 2.109278e+00 2.186194e+00 6.820891e+00 3.321373e-01 1.704222e-01 2.949925e-01 1.490237e-01 2.195170e-01 3.408611e-01 4.985232e-01 7.500976e-01 6.092285e-01 3.982789e-01 3.413751e-01 3.366024e-01 1.104673e+00
<GCONST> 1.136632e+02
<STATE> 3
<MEAN> 39
 3.826298e+00 2.690384e-02 -2.748534e+00 9.737493e-01 4.211592e+00 -1.444275e+00 2.565353e+00 -4.504221e+00 2.871223e-01 -9.770520e-01 1.396168e+00 -1.657675e+00 6.222943e+01 1.010040e-01 -5.591730e-02 1.197864e-02 8.562444e-02 6.687622e-02 1.123312e-02 -8.715431e-03 2.659800e-02 -4.281089e-02 1.102086e-02 7.909648e-03 5.850789e-02 -8.469637e-02 1.063950e-02 -1.167972e-02 -5.948986e-03 -1.081004e-03 -1.538033e-02 -1.228836e-03 -2.042854e-02 -1.231152e-02 -3.031882e-02 -6.353145e-03 -1.418626e-02 -2.014040e-02 -2.935659e-02
<VARIANCE> 39
 9.524762e+00 2.799946e+01 1.503279e+01 1.555993e+01 1.999743e+01 2.333201e+01 2.181719e+01 2.387639e+01 2.366753e+01 2.231297e+01 1.781715e+01 1.753821e+01 2.817027e+01 4.565764e-01 9.230085e-01 8.616742e-01 1.026610e+00 1.474377e+00 1.608546e+00 1.428380e+00 1.895126e+00 1.870684e+00 1.412974e+00 1.325359e+00 1.388182e+00 2.205096e+00 8.561366e-02 1.837984e-01 1.549050e-01 2.130494e-01 3.103999e-01 3.232499e-01 2.949933e-01 3.954626e-01 3.942423e-01 2.920769e-01 2.546938e-01 2.682861e-01 3.914980e-01
<GCONST> 9.592301e+01
<STATE> 4
<MEAN> 39
 5.941355e+00 7.032328e-01 -1.604728e+00 8.307744e-01 4.832173e+00 6.577085e-01 1.145090e+00 -2.620112e+00 -1.684365e+00 -1.105276e+00 4.469595e-01 -2.350404e+00 5.557810e+01 -6.195409e-02 5.861560e-02 9.736653e-02 -1.067995e-02 7.870622e-04 9.759605e-02 -5.634517e-03 6.802861e-02 -7.202400e-02 -8.190099e-03 -3.804197e-02 -3.574569e-02 -2.443420e-01 -8.584522e-03 -3.687466e-03 -3.979104e-03 -1.062496e-02 -1.019263e-02 -6.468252e-03 9.704100e-03 2.283532e-03 7.597650e-03 -1.217838e-03 4.400039e-03 -3.781458e-03 1.005181e-02
<VARIANCE> 39
 1.323051e+01 2.111263e+01 1.734983e+01 1.353829e+01 1.891754e+01 2.088683e+01 1.895645e+01 2.210793e+01 2.091771e+01 1.897910e+01 1.576289e+01 1.608695e+01 3.881015e+01 2.911474e-01 5.811962e-01 6.164293e-01 7.884456e-01 1.120582e+00 1.108588e+00 1.390929e+00 1.768045e+00 1.621037e+00 1.510185e+00 1.332663e+00 1.355816e+00 1.095762e+00 4.434953e-02 1.045831e-01 1.146751e-01 1.634807e-01 2.314131e-01 2.166179e-01 2.859969e-01 3.659560e-01 3.397256e-01 3.167219e-01 2.741299e-01 2.778644e-01 1.678517e-01
<GCONST> 8.897218e+01
<TRANSP> 5
 0.000000e+00 1.000000e+00 0.000000e+00 0.000000e+00 0.000000e+00
 0.000000e+00 8.285071e-01 1.714929e-01 0.000000e+00 0.000000e+00
 0.000000e+00 0.000000e+00 9.708319e-01 2.916803e-02 0.000000e+00
 0.000000e+00 0.000000e+00 0.000000e+00 9.825830e-01 1.741702e-02
 0.000000e+00 0.000000e+00 0.000000e+00 0.000000e+00 0.000000e+00
<ENDHMM>
~h "kt"
<BEGINHMM>
<NUMSTATES> 5
<STATE> 2
<MEAN> 39
 -1.177405e+01 -2.576956e-01 -5.859113e+00 -1.497278e+00 1.099936e+00 7.408056e-01 4.300728e+00 8.039561e-01 1.498485e+00 1.095164e+00 1.734106e+00 -9.501216e-01 5.606537e+01 -1.058641e-01 2.781579e-02 -6.053907e-02 2.329386e-02 -2.453873e-02 -7.454187e-02 2.255653e-03 1.412402e-02 6.160032e-03 3.884297e-03 -5.282691e-03 -7.653236e-03 1.659366e-01 1.636863e-02 -2.018096e-03 8.131593e-03 7.407268e-03 7.102149e-03 1.242264e-02 2.518532e-03 -2.315172e-03 -1.244758e-03 -6.062467e-03 1.149402e-02 -4.340487e-03 -1.903589e-02
<VARIANCE> 39
 1.821499e+01 8.587234e+00 1.355776e+01 1.243116e+01 1.322626e+01 1.879236e+01 1.648027e+01 1.747174e+01 1.796945e+01 1.527098e+01 1.429581e+01 1.380230e+01 2.646920e+01 1.277146e+00 5.504969e-01 7.985651e-01 9.528506e-01 1.234249e+00 1.768953e+00 1.633258e+00 1.768738e+00 1.751142e+00 1.635312e+00 1.468499e+00 1.356994e+00 1.654643e+00 2.253382e-01 1.022274e-01 1.551446e-01 1.755322e-01 2.392724e-01 3.492353e-01 3.290763e-01 3.611837e-01 3.480388e-01 3.250928e-01 2.887974e-01 2.645369e-01 2.700850e-01
<GCONST> 9.262612e+01
<STATE> 3
<MEAN> 39
 -1.255512e+01 2.382124e+00 -3.852654e+00 4.707409e-01 9.290528e-01 -1.966552e+00 2.945799e+00 7.868340e-01 6.071089e-01 -1.992123e-01 2.985164e-02 -1.410116e+00 5.522816e+01 2.188491e-02 6.806463e-04 9.118993e-03 6.579318e-03 1.907323e-02 1.160119e-02 1.665031e-02 -1.984297e-02 2.354832e-03 -1.174433e-02 7.770737e-03 -1.628065e-03 -3.752407e-02 2.659254e-03 -5.968793e-04 8.095533e-04 -3.414921e-03 2.163878e-03 4.372739e-03 1.904483e-03 5.849496e-03 2.991017e-03 4.610281e-03 -2.417421e-03 1.125186e-03 -8.837139e-03
<VARIANCE> 39
 8.354390e+00 6.871080e+00 9.243110e+00 1.205126e+01 1.446743e+01 1.706654e+01 1.831963e+01 1.693071e+01 1.864870e+01 1.983277e+01 1.850420e+01 1.402252e+01 2.228463e+01 7.279842e-01 4.370245e-01 6.877516e-01 9.466261e-01 1.267416e+00 1.683448e+00 1.748012e+00 1.600929e+00 1.703897e+00 2.059837e+00 1.708056e+00 1.394127e+00 1.506706e+00 1.414212e-01 8.471648e-02 1.397174e-01 1.926189e-01 2.577081e-01 3.560462e-01 3.641715e-01 3.285542e-01 3.400122e-01 4.335565e-01 3.374664e-01 2.891085e-01 2.907064e-01
<GCONST> 9.097909e+01
<STATE> 4
<MEAN> 39
 -9.856596e+00 2.321657e+00 -3.814742e+00 -2.794904e-01 8.452902e-01 5.071273e-01 3.667938e+00 1.723107e+00 6.429079e-01 1.685471e-01 8.562639e-01 -1.936008e+00 5.051384e+01 1.890997e-02 -5.056558e-03 6.180073e-03 -9.925808e-03 2.542865e-03 1.128953e-02 1.660026e-03 3.678214e-03 -2.535525e-03 1.900738e-03 2.647489e-03 -1.972059e-03 -2.323498e-02 -8.140731e-04 -3.824254e-04 9.447856e-05 4.303789e-04 6.612980e-05 -1.504554e-03 -1.777709e-03 -2.576699e-04 -6.390677e-04 -3.376029e-04 -9.513363e-04 8.276919e-04 1.770591e-03
<VARIANCE> 39
 1.026872e+01 9.699814e+00 1.334179e+01 1.134133e+01 1.505790e+01 1.697112e+01 1.726458e+01 1.719462e+01 1.678890e+01 1.670618e+01 1.484560e+01 1.296515e+01 1.800520e+01 7.167370e-01 4.865473e-01 6.617188e-01 8.325464e-01 1.132802e+00 1.344917e+00 1.507796e+00 1.541298e+00 1.598190e+00 1.634481e+00 1.445400e+00 1.239533e+00 7.779628e-01 1.356669e-01 9.415313e-02 1.304580e-01 1.661796e-01 2.297814e-01 2.749889e-01 3.117180e-01 3.139725e-01 3.284268e-01 3.404478e-01 2.934919e-01 2.487756e-01 1.412637e-01
<GCONST> 8.718577e+01
<TRANSP> 5
 0.000000e+00 1.000000e+00 0.000000e+00 0.000000e+00 0.000000e+00
 0.000000e+00 9.704434e-01 2.955661e-02 0.000000e+00 0.000000e+00
 0.000000e+00 0.000000e+00 9.868374e-01 1.316261e-02 0.000000e+00
 0.000000e+00 0.000000e+00 0.000000e+00 9.954551e-01 4.544889e-03
 0.000000e+00 0.000000e+00 0.000000e+00 0.000000e+00 0.000000e+00
<ENDHMM>
~h "pr"
<BEGINHMM>
<NUMSTATES> 5
<STATE> 2
<MEAN> 39
 -1.322221e+01 -7.604148e+00 2.008945e+00 -7.475717e+00 3.998365e+00 5.051776e+00 1.463295e+00 -2.268706e+00 1.210558e+00 -7.817276e-01 2.849657e+00 2.862358e-01 5.639720e+01 -2.972273e-01 -9.768692e-02 9.742473e-02 -1.216217e-01 5.139208e-02 1.446914e-01 5.865073e-03 -2.163695e-01 1.830252e-02 -1.433746e-01 9.509816e-03 2.882940e-01 2.824718e-01 7.911301e-02 1.260748e-02 -3.041713e-02 9.255895e-03 -5.512441e-03 1.437795e-02 -1.022860e-02 -1.073699e-02 -1.129410e-02 1.738528e-02 -1.724690e-02 -1.610142e-02 -6.100520e-02
<VARIANCE> 39
 3.932760e+01 5.141444e+01 7.555231e+01 4.987634e+01 5.439214e+01 8.771348e+01 5.308421e+01 5.473082e+01 4.572367e+01 3.641812e+01 5.517997e+01 3.320439e+01 2.974530e+01 2.033025e+00 1.251309e+00 1.926907e+00 2.370777e+00 2.601913e+00 2.789405e+00 2.924893e+00 3.259421e+00 3.146490e+00 2.203696e+00 3.206545e+00 2.706151e+00 1.289173e+00 2.779167e-01 1.902273e-01 3.060784e-01 3.883126e-01 4.094107e-01 4.469538e-01 5.109475e-01 5.292050e-01 5.721233e-01 3.885797e-01 5.463761e-01 4.502444e-01 1.656370e-01
<GCONST> 1.205525e+02
<STATE> 3
<MEAN> 39
 -2.117001e+01 3.380694e+00 1.551736e+01 -1.386167e+01 2.243001e+00 1.234117e+01 -4.434074e+00 -6.001401e+00 1.038765e+01 -7.325169e+00 -5.663022e+00 7.349307e+00 5.507733e+01 4.143294e-02 -6.168784e-02 8.532380e-03 -4.154077e-02 3.761124e-02 -2.773263e-02 -4.345250e-02 4.803520e-02 -1.006338e-02 4.208437e-02 -6.239273e-02 1.894970e-02 -3.790225e-02 1.097298e-03 2.608296e-03 3.434437e-04 3.685614e-03 9.335138e-03 -1.640777e-02 4.781704e-04 2.564884e-02 -5.866627e-03 7.105408e-03 4.523191e-03 -1.427630e-02 -1.899946e-03
<VARIANCE> 39
 1.043033e+01 2.833980e+01 3.534669e+01 2.557892e+01 2.490665e+01 3.026202e+01 2.978456e+01 3.252309e+01 4.897448e+01 2.963303e+01 3.889419e+01 2.491906e+01 9.663866e+00 6.782064e-01 5.552115e-01 5.990697e-01 1.012805e+00 1.350507e+00 1.849625e+00 1.541183e+00 1.830092e+00 1.704743e+00 1.811910e+00 2.210850e+00 1.250752e+00 3.449923e-01 1.568923e-01 1.040316e-01 1.116978e-01 1.999931e-01 2.840714e-01 3.941721e-01 3.093569e-01 3.588416e-01 3.570849e-01 3.382590e-01 4.309497e-01 2.524477e-01 7.498430e-02
<GCONST> 9.642907e+01
<STATE> 4
<MEAN> 39
 -1.410665e+01 -5.550566e+00 4.306984e+00 -6.832660e+00 3.483246e+00 9.345906e-01 3.361837e+00 3.631667e+00 1.515109e+00 -1.764614e+00 -1.673552e+00 2.475922e+00 5.483891e+01 3.595361e-02 2.151717e-02 -1.866298e-02 2.082725e-02 -1.484930e-02 -7.173190e-03 8.125950e-03 4.002675e-03 -3.608399e-03 3.470301e-03 1.101240e-02 -1.969104e-02 -3.238370e-02 -5.674163e-04 4.163845e-04 8.041344e-04 5.964481e-04 -1.431071e-03 5.951193e-04 -1.165542e-04 -1.603123e-03 4.709088e-04 -7.371773e-05 7.149368e-04 -1.461088e-03 1.490710e-04
<VARIANCE> 39
 3.501306e+01 5.186577e+01 6.609336e+01 6.094590e+01 7.370727e+01 9.411569e+01 6.828352e+01 6.245465e+01 5.966802e+01 4.502979e+01 7.186673e+01 7.241910e+01 4.554446e+01 3.552819e-01 4.685868e-01 6.630512e-01 9.674278e-01 1.154208e+00 1.498467e+00 1.598334e+00 1.657522e+00 1.766840e+00 1.767772e+00 1.667834e+00 1.484904e+00 2.149640e-01 6.163247e-02 8.171695e-02 1.230542e-01 1.758762e-01 2.229171e-01 2.877084e-01 3.103870e-01 3.130009e-01 3.372799e-01 3.420448e-01 3.262922e-01 2.840750e-01 3.385182e-02
<GCONST> 1.026249e+02
<TRANSP> 5
 0.000000e+00 1.000000e+00 0.000000e+00 0.000000e+00 0.000000e+00
 0.000000e+00 9.412469e-01 5.875304e-02 0.000000e+00 0.000000e+00
 0.000000e+00 0.000000e+00 9.818556e-01 1.814432e-02 0.000000e+00
 0.000000e+00 0.000000e+00 0.000000e+00 9.966429e-01 3.357080e-03
 0.000000e+00 0.000000e+00 0.000000e+00 0.000000e+00 0.000000e+00
<ENDHMM>
~h "pw"
<BEGINHMM>
<NUMSTATES> 5
<STATE> 2
<MEAN> 39
 -1.267197e+01 -3.763689e-01 -9.215482e-02 -3.772162e-01 1.659558e+00 -4.252743e-01 3.408042e+00 3.339132e-01 -4.968176e-01 8.976790e-01 3.702386e-01 -7.592478e-01 5.216267e+01 -1.345525e-01 -1.111736e-01 2.359463e-02 1.729208e-02 -6.011420e-02 -1.346186e-01 -9.369822e-02 -7.326141e-02 -2.488360e-02 -1.957454e-02 -1.240558e-02 1.701988e-02 2.875752e-01 5.069885e-03 -2.962044e-02 -1.547444e-02 -2.065894e-03 4.622696e-03 -8.365306e-03 -1.365382e-02 -1.600067e-02 -7.841838e-03 -5.734833e-03 -9.925078e-05 -1.117866e-02 4.144592e-02
<VARIANCE> 39
 1.579312e+01 1.755095e+01 1.241284e+01 1.300538e+01 1.429896e+01 1.621069e+01 1.893343e+01 1.962353e+01 1.634471e+01 1.478295e+01 1.440782e+01 1.362820e+01 2.633439e+01 7.643957e-01 9.226823e-01 7.688317e-01 8.843669e-01 1.227834e+00 1.547861e+00 1.703623e+00 1.675056e+00 1.562719e+00 1.424354e+00 1.412977e+00 1.310715e+00 1.840916e+00 1.130462e-01 1.348022e-01 1.470026e-01 1.631594e-01 2.274897e-01 2.805419e-01 3.258578e-01 3.128257e-01 3.201571e-01 2.694567e-01 2.814376e-01 2.601525e-01 1.818630e-01
<GCONST> 9.105172e+01
<STATE> 3
<MEAN> 39
 -1.170200e+01 -5.670983e+00 -2.164720e+00 -1.056994e+00 6.356199e-01 -3.723991e+00 -1.694399e-02 -3.556287e+00 -2.778448e+00 -6.699103e-01 -1.713800e-01 -4.698657e-01 6.002880e+01 3.429224e-02 -1.435884e-02 -1.063050e-02 -2.001581e-03 1.342891e-02 7.342630e-03 -1.700775e-03 -2.168333e-02 -2.120881e-02 -1.290141e-02 3.987381e-03 -3.693871e-03 -2.522671e-02 4.346658e-03 1.616799e-02 3.796496e-03 1.416133e-03 3.616140e-03 1.270537e-02 1.103369e-02 1.236969e-02 5.396814e-03 4.812175e-03 1.512926e-03 1.830788e-03 -3.011468e-02
<VARIANCE> 39
 2.368065e+01 2.817173e+01 1.379373e+01 1.269374e+01 1.871755e+01 2.647176e+01 2.276602e+01 2.749511e+01 1.996922e+01 1.654378e+01 1.463769e+01 1.328629e+01 7.890359e+01 5.514529e-01 9.549489e-01 7.157617e-01 8.654156e-01 1.375792e+00 1.706137e+00 1.583925e+00 1.714590e+00 1.593234e+00 1.460923e+00 1.391453e+00 1.258709e+00 2.832323e+00 9.641644e-02 1.544135e-01 1.344612e-01 1.674486e-01 2.756410e-01 3.352150e-01 3.175702e-01 3.367810e-01 3.244380e-01 2.950014e-01 2.878791e-01 2.604948e-01 4.200768e-01
<GCONST> 9.618562e+01
<STATE> 4
<MEAN> 39
 -1.226806e+01 -2.960316e+00 -1.569594e+00 -9.226464e-01 8.518780e-01 -1.212229e+00 2.786923e+00 -4.615333e-01 -9.191944e-01 7.353186e-01 2.904969e-01 -8.815089e-01 5.466497e+01 9.178902e-03 4.698298e-03 9.871280e-04 -1.591296e-03 2.319096e-03 8.216135e-03 6.376489e-03 6.802503e-03 5.386418e-03 3.476441e-03 1.730096e-03 -1.494911e-03 -1.770841e-02 3.250058e-04 -2.731275e-04 -1.086625e-04 -4.754704e-04 -5.914705e-04 -4.789050e-04 -6.483160e-04 -1.089945e-03 -9.140718e-04 5.187183e-05 3.794400e-05 7.432859e-05 5.544608e-04
<VARIANCE> 39
 1.723567e+01 2.178185e+01 1.255099e+01 1.213497e+01 1.471556e+01 2.079941e+01 1.850311e+01 2.142081e+01 1.752216e+01 1.624505e+01 1.447811e+01 1.321443e+01 3.401300e+01 5.395236e-01 7.733973e-01 6.693072e-01 8.662156e-01 1.146769e+00 1.466362e+00 1.460108e+00 1.570709e+00 1.528978e+00 1.499336e+00 1.426929e+00 1.282385e+00 8.822371e-01 8.849904e-02 1.288464e-01 1.262064e-01 1.705004e-01 2.268278e-01 2.956572e-01 2.913668e-01 3.138916e-01 3.102503e-01 3.072746e-01 2.915346e-01 2.639857e-01 1.259133e-01
<GCONST> 8.961462e+01
<TRANSP> 5
 0.000000e+00 1.000000e+00 0.000000e+00 0.000000e+00 0.000000e+00
 0.000000e+00 9.722313e-01 2.776879e-02 0.000000e+00 0.000000e+00
 0.000000e+00 0.000000e+00 9.888526e-01 1.114734e-02 0.000000e+00
 0.000000e+00 0.000000e+00 0.000000e+00 9.979268e-01 2.073202e-03
 0.000000e+00 0.000000e+00 0.000000e+00 0.000000e+00 0.000000e+00
<ENDHMM>
~h "si"
<BEGINHMM>
<NUMSTATES> 5
<STATE> 2
<MEAN> 39
 -4.248684e+00 -1.522094e-01 7.932959e-01 -1.510455e+00 3.536661e-01 1.895333e+00 2.107576e+00 1.997300e-01 -4.749555e-01 2.354360e-01 1.158452e-03 -3.080582e+00 4.967555e+01 2.923945e-04 6.947482e-03 -3.127582e-02 -4.305496e-02 -2.756588e-02 3.796912e-02 4.592954e-02 6.846362e-02 2.541002e-02 3.791302e-02 2.160969e-02 -1.027826e-02 -1.033759e-01 -3.228133e-03 -2.294209e-03 -5.016515e-03 -1.853379e-03 5.474932e-04 2.468165e-03 4.551966e-03 4.861136e-03 4.875443e-03 6.140170e-03 6.052724e-03 2.336592e-03 1.654104e-03
<VARIANCE> 39
 1.201597e+01 2.292650e+01 2.138311e+01 2.056470e+01 3.093463e+01 2.161898e+01 2.240347e+01 2.403521e+01 2.310359e+01 2.175323e+01 2.033820e+01 1.868725e+01 1.863976e+01 1.520008e-01 3.011293e-01 4.789689e-01 6.875251e-01 9.585335e-01 1.125003e+00 1.278410e+00 1.407578e+00 1.421141e+00 1.402864e+00 1.371099e+00 1.269967e+00 8.285868e-02 2.406142e-02 5.063158e-02 8.673175e-02 1.285727e-01 1.817768e-01 2.133940e-01 2.430095e-01 2.687518e-01 2.738117e-01 2.728172e-01 2.647495e-01 2.465410e-01 9.660631e-03
<GCONST> 7.933562e+01
<STATE> 3
<MEAN> 39
 -4.275101e+00 -2.420025e+00 -3.149194e+00 -2.739690e+00 8.371539e-01 3.539737e+00 4.403419e+00 1.204948e+00 -2.119257e-01 1.508467e+00 1.068021e+00 -2.589006e+00 4.920693e+01 -2.385485e-03 1.064607e-03 -8.485089e-03 -6.730709e-03 -3.920663e-03 -1.120883e-03 -1.222644e-03 7.286966e-03 2.648288e-03 5.121992e-03 4.236348e-03 2.537336e-03 -6.430794e-03 -1.618497e-03 1.600040e-03 2.351051e-03 1.184535e-03 -6.494967e-04 -4.776896e-03 -4.615625e-03 -2.514766e-03 -1.055614e-03 -1.906823e-03 -6.830218e-04 8.897457e-04 2.026973e-03
<VARIANCE> 39
 6.746560e+00 1.206641e+01 8.810875e+00 9.552835e+00 1.474725e+01 1.452750e+01 1.485691e+01 1.647556e+01 1.551556e+01 1.498074e+01 1.440705e+01 1.282772e+01 9.563958e+00 1.699248e-01 3.085590e-01 4.945070e-01 6.948478e-01 9.577759e-01 1.144385e+00 1.279430e+00 1.421750e+00 1.407881e+00 1.435613e+00 1.353741e+00 1.182358e+00 7.772341e-02 2.953222e-02 5.865462e-02 9.809943e-02 1.388993e-01 1.940017e-01 2.317743e-01 2.592156e-01 2.901654e-01 2.886461e-01 2.952094e-01 2.786023e-01 2.411903e-01 1.245403e-02
<GCONST> 7.370396e+01
<STATE> 4
<MEAN> 39
 -7.725918e+00 1.121685e+00 8.183641e-01 -1.875164e+00 1.561778e+00 9.979012e-01 2.354920e+00 2.376588e+00 -2.874547e-01 4.272877e-01 9.299073e-01 -2.028529e+00 4.688273e+01 -7.123688e-03 -9.970578e-04 -1.430562e-03 -1.125524e-03 -2.684636e-03 -5.319515e-03 -2.092316e-03 -2.679450e-03 1.304477e-03 1.564556e-03 2.814676e-03 3.163823e-03 1.050426e-02 5.651274e-04 -3.440750e-04 7.788251e-05 7.676731e-05 9.998659e-05 9.421195e-04 5.040471e-04 -6.053919e-04 -2.593467e-04 -2.242605e-04 -5.771104e-04 -4.756443e-04 4.746766e-04
<VARIANCE> 39
 1.647694e+01 1.271982e+01 1.115815e+01 1.228978e+01 1.786834e+01 1.758983e+01 1.768624e+01 2.200087e+01 1.765170e+01 1.709847e+01 1.545844e+01 1.436209e+01 2.922729e+01 3.226594e-01 4.563244e-01 5.517445e-01 7.749876e-01 1.015799e+00 1.228163e+00 1.353121e+00 1.453619e+00 1.460741e+00 1.461722e+00 1.362236e+00 1.185060e+00 3.438430e-01 5.220837e-02 8.107195e-02 1.054127e-01 1.520049e-01 2.001147e-01 2.444238e-01 2.717090e-01 2.918116e-01 2.951913e-01 2.973576e-01 2.768052e-01 2.398757e-01 5.006149e-02
<GCONST> 8.315688e+01
<TRANSP> 5
 0.000000e+00 1.000000e+00 0.000000e+00 0.000000e+00 0.000000e+00
 0.000000e+00 9.513628e-01 4.863711e-02 0.000000e+00 0.000000e+00
 0.000000e+00 0.000000e+00 9.840201e-01 1.597992e-02 0.000000e+00
 0.000000e+00 0.000000e+00 0.000000e+00 9.948223e-01 5.177694e-03
 0.000000e+00 0.000000e+00 0.000000e+00 0.000000e+00 0.000000e+00
<ENDHMM>
~h "st"
<BEGINHMM>
<NUMSTATES> 5
<STATE> 2
<MEAN> 39
 -9.343784e+00 -2.487188e+00 -9.973162e-01 -5.280033e+00 -1.184529e+00 -2.335910e+00 1.219977e+00 1.465529e-01 -3.931695e-01 -3.598282e-01 9.424087e-01 -2.620203e+00 5.842487e+01 -1.926180e-01 -5.072795e-01 1.538194e-01 -4.881988e-01 -3.633052e-01 -5.776089e-01 -2.363576e-01 -1.582753e-02 3.733770e-02 -4.966287e-02 4.558430e-03 1.689225e-02 1.216183e+00 6.674080e-02 5.004057e-02 1.985240e-02 5.650987e-02 5.305791e-02 9.451706e-02 8.960371e-02 2.081853e-02 1.516406e-02 3.516777e-02 7.655904e-03 2.421280e-02 -1.756712e-01
<VARIANCE> 39
 2.324934e+01 2.652363e+01 1.999263e+01 2.698482e+01 2.559595e+01 3.535423e+01 2.564860e+01 2.291530e+01 1.989916e+01 2.001233e+01 1.884004e+01 1.545906e+01 7.991122e+01 1.271071e+00 1.461073e+00 1.257851e+00 1.970211e+00 2.257095e+00 2.992443e+00 2.274901e+00 2.236283e+00 1.913756e+00 2.062324e+00 2.033760e+00 1.636227e+00 4.613100e+00 1.818063e-01 2.376405e-01 2.127376e-01 3.309878e-01 3.818839e-01 4.864015e-01 3.876088e-01 4.113522e-01 3.460257e-01 3.597162e-01 3.588525e-01 2.856343e-01 7.737364e-01
<GCONST> 1.088533e+02
<STATE> 3
<MEAN> 39
 -7.503476e+00 -3.742012e+00 -1.645869e+00 -5.726810e+00 -1.258947e+00 -1.226746e+00 2.004417e+00 -4.317287e-01 -1.133880e+00 -5.213604e-01 9.665690e-01 -2.478283e+00 5.721651e+01 1.452708e-02 2.664232e-02 2.717474e-03 2.998080e-02 1.820738e-02 3.683406e-02 1.900313e-02 -7.399085e-03 -5.547391e-03 1.600361e-04 -1.991201e-03 4.463843e-03 -8.185202e-02 -1.429696e-03 4.506317e-03 -3.593798e-03 6.419506e-03 3.957192e-03 4.249295e-03 -1.013063e-03 -1.217748e-03 -3.350163e-03 -1.344150e-03 8.613325e-06 -2.197831e-03 -3.916952e-03
<VARIANCE> 39
 1.550738e+01 1.779026e+01 1.526941e+01 2.067647e+01 1.973400e+01 2.572738e+01 1.989584e+01 1.915803e+01 1.929091e+01 1.963589e+01 1.586297e+01 1.458728e+01 3.762859e+01 5.637501e-01 6.948992e-01 7.386470e-01 1.205660e+00 1.346449e+00 1.589469e+00 1.545588e+00 1.561006e+00 1.580936e+00 1.590081e+00 1.541352e+00 1.355225e+00 1.507910e+00 8.781128e-02 1.141047e-01 1.387498e-01 2.254149e-01 2.618348e-01 3.086730e-01 3.107942e-01 3.191383e-01 3.222489e-01 3.259872e-01 3.205044e-01 2.782917e-01 2.271789e-01
<GCONST> 9.384512e+01
<STATE> 4
<MEAN> 39
 -9.358727e+00 -6.372137e-02 7.312555e-02 -2.907241e+00 7.520760e-02 -5.119523e-01 2.313987e+00 2.424288e-01 -8.013912e-02 -8.894466e-02 8.218203e-01 -2.303875e+00 5.285849e+01 -1.439199e-03 1.103577e-02 -6.422989e-03 8.178245e-03 1.047142e-02 2.089779e-02 1.014042e-02 2.310590e-03 3.540492e-04 1.175557e-03 -8.581363e-04 1.335330e-03 -2.626675e-02 4.048283e-04 -1.555833e-03 -8.065985e-04 -3.149711e-03 -2.551428e-03 -1.427180e-03 -1.175596e-03 7.594412e-04 1.432195e-03 1.166406e-03 1.245983e-04 7.872386e-04 1.908430e-03
<VARIANCE> 39
 1.684730e+01 1.225098e+01 1.334962e+01 1.746614e+01 1.713258e+01 1.975438e+01 1.841858e+01 1.953455e+01 1.779971e+01 1.674614e+01 1.491578e+01 1.344092e+01 3.312349e+01 4.419867e-01 5.356745e-01 6.364018e-01 1.016574e+00 1.195222e+00 1.425808e+00 1.470130e+00 1.551082e+00 1.534774e+00 1.526777e+00 1.424268e+00 1.263307e+00 9.484999e-01 7.116616e-02 9.369904e-02 1.218264e-01 1.873031e-01 2.316384e-01 2.789502e-01 2.938939e-01 3.136600e-01 3.117720e-01 3.131046e-01 2.917337e-01 2.583101e-01 1.235584e-01
<GCONST> 8.861711e+01
<TRANSP> 5
 0.000000e+00 1.000000e+00 0.000000e+00 0.000000e+00 0.000000e+00
 0.000000e+00 8.616098e-01 1.383902e-01 0.000000e+00 0.000000e+00
 0.000000e+00 0.000000e+00 9.867226e-01 1.327734e-02 0.000000e+00
 0.000000e+00 0.000000e+00 0.000000e+00 9.936527e-01 6.347276e-03
 0.000000e+00 0.000000e+00 0.000000e+00 0.000000e+00 0.000000e+00
<ENDHMM>
~h "spe"
<BEGINHMM>
<NUMSTATES> 5
<STATE> 2
<MEAN> 39
 -1.272471e+00 5.701531e-02 6.464195e-01 -7.523131e+00 -2.185122e+00 6.608175e-01 -8.146302e-01 -2.222953e+00 -2.842843e+00 2.779017e-01 -6.922019e-01 -5.989290e+00 5.479266e+01 1.422432e-01 -3.894067e-01 3.000680e-01 -4.020353e-01 -3.819950e-01 -2.572067e-01 -3.826953e-01 8.151876e-02 8.956037e-02 2.693180e-01 1.286908e-01 -1.909319e-01 6.260852e-01 -2.070461e-02 -8.348741e-02 1.246727e-02 2.380981e-02 -6.342616e-02 -5.258068e-02 1.309542e-02 -6.553319e-03 3.963762e-02 3.163477e-02 -3.957643e-02 1.979887e-02 1.806180e-02
<VARIANCE> 39
 3.535576e+01 3.623060e+01 3.358385e+01 4.849511e+01 3.534041e+01 3.501255e+01 3.021772e+01 4.554667e+01 3.016878e+01 2.344237e+01 2.611312e+01 2.793903e+01 1.167458e+01 1.006302e+00 1.272247e+00 1.305675e+00 2.120693e+00 3.035949e+00 2.492816e+00 1.831817e+00 2.944843e+00 2.658787e+00 2.055731e+00 1.848982e+00 1.853215e+00 5.812458e-01 1.128728e-01 1.309246e-01 1.498200e-01 2.977373e-01 4.167400e-01 4.416069e-01 2.988364e-01 4.309978e-01 3.813866e-01 3.231947e-01 3.105425e-01 2.988347e-01 5.383976e-02
<GCONST> 1.050904e+02
<STATE> 3
<MEAN> 39
 -1.485923e+00 -4.797574e+00 2.442528e+00 -1.144567e+01 -3.657262e+00 -4.457714e+00 -4.333453e+00 -1.767574e+00 -2.029468e+00 -2.038877e+00 -4.764242e+00 -4.775455e+00 6.148954e+01 -1.307074e-02 1.214928e-02 -4.521798e-02 6.405552e-02 4.618913e-02 4.279946e-03 -1.291856e-02 -3.484413e-02 -2.173492e-02 -5.535316e-02 -6.758471e-02 -2.391234e-02 -8.680525e-03 -1.196657e-03 2.166817e-02 -1.136440e-02 1.375396e-02 1.714550e-02 1.239717e-02 9.187420e-03 -6.539351e-03 -1.123890e-02 -6.228132e-03 4.111503e-03 3.492950e-03 -1.933141e-02
<VARIANCE> 39
 2.243053e+01 3.713506e+01 7.470505e+01 6.978664e+01 6.280046e+01 6.282679e+01 3.969522e+01 5.726583e+01 3.925487e+01 3.926487e+01 5.633818e+01 3.948627e+01 2.295809e+01 6.112577e-01 1.080554e+00 1.350560e+00 1.507849e+00 1.918271e+00 1.864411e+00 1.876226e+00 2.365916e+00 2.329244e+00 2.045988e+00 2.041780e+00 1.739886e+00 4.249571e-01 8.527332e-02 1.469687e-01 1.964779e-01 2.402066e-01 3.195336e-01 3.444057e-01 3.424351e-01 4.249073e-01 4.410061e-01 3.971730e-01 3.788683e-01 3.265078e-01 5.003332e-02
<GCONST> 1.077921e+02
<STATE> 4
<MEAN> 39
 -1.202457e+00 -3.053660e+00 1.297645e-01 -4.437081e+00 -2.586002e+00 -2.058506e-01 -3.558612e-01 -9.058705e-01 -1.964815e+00 -4.786254e-02 -1.026764e+00 -5.615671e+00 5.333755e+01 -4.894859e-03 7.201434e-03 -6.501939e-03 1.197483e-02 1.314716e-02 1.159340e-02 1.983013e-02 7.114395e-03 5.080128e-03 8.351201e-03 9.888917e-03 1.197571e-02 -2.334829e-02 -2.131026e-04 -7.773001e-04 7.273565e-04 -7.357138e-04 8.654990e-05 9.802750e-04 3.473519e-04 1.166881e-03 6.266907e-04 6.262003e-04 -3.078709e-04 -1.937297e-04 3.796095e-04
<VARIANCE> 39
 1.519558e+01 2.757746e+01 3.261718e+01 2.554487e+01 4.512006e+01 3.521516e+01 3.418494e+01 3.097952e+01 2.890305e+01 2.801485e+01 2.881390e+01 2.545797e+01 1.613344e+01 3.669746e-01 6.584593e-01 8.544251e-01 1.010032e+00 1.460782e+00 1.513122e+00 1.565144e+00 1.713189e+00 1.703270e+00 1.664780e+00 1.636217e+00 1.514022e+00 2.091795e-01 4.942713e-02 9.558173e-02 1.305267e-01 1.708668e-01 2.411911e-01 2.689982e-01 2.878349e-01 3.242836e-01 3.253534e-01 3.206991e-01 3.094723e-01 2.858829e-01 2.240528e-02
<GCONST> 9.270010e+01
<TRANSP> 5
 0.000000e+00 1.000000e+00 0.000000e+00 0.000000e+00 0.000000e+00
 0.000000e+00 8.955165e-01 1.044835e-01 0.000000e+00 0.000000e+00
 0.000000e+00 0.000000e+00 9.833026e-01 1.669738e-02 0.000000e+00
 0.000000e+00 0.000000e+00 0.000000e+00 9.968585e-01 3.141551e-03
 0.000000e+00 0.000000e+00 0.000000e+00 0.000000e+00 0.000000e+00
<ENDHMM>
