~o
<STREAMINFO> 1 13
<VECSIZE> 13<NULLD><MFCC_0><DIAGC>
~h "ap"
<BEGINHMM>
<NUMSTATES> 5
<STATE> 2
<MEAN> 13
 -1.206566e+01 -8.062119e+00 -4.420447e+00 -8.021514e-01 1.147874e+00 -2.984234e+00 1.893875e+00 -2.546181e+00 -2.401053e+00 -7.682523e-01 6.812693e-01 -1.148886e+00 6.015747e+01
<VARIANCE> 13
 2.979621e+01 3.855324e+01 2.919938e+01 2.088785e+01 3.134669e+01 3.731643e+01 2.486540e+01 2.765641e+01 2.158770e+01 1.961523e+01 1.718198e+01 1.465037e+01 1.221952e+02
<GCONST> 6.733241e+01
<STATE> 3
<MEAN> 13
 -1.095755e+01 -1.615463e+01 -1.044384e+01 1.634320e+00 7.557769e-01 -9.388479e+00 -2.394856e-01 -1.939772e+00 -5.837132e+00 -3.924320e+00 5.073814e-01 -1.346376e+00 6.969162e+01
<VARIANCE> 13
 1.318728e+01 1.975031e+01 1.722890e+01 2.210533e+01 3.395483e+01 2.317419e+01 2.616599e+01 1.926243e+01 2.455318e+01 2.079778e+01 1.637581e+01 1.548966e+01 8.288960e+01
<GCONST> 6.447710e+01
<STATE> 4
<MEAN> 13
 -9.670602e+00 -1.295421e+01 -3.799055e+00 3.472400e+00 -1.688795e+00 -4.774882e+00 4.257551e+00 -2.909858e+00 -4.172897e+00 3.844380e-02 7.407774e-01 -1.774679e+00 6.023798e+01
<VARIANCE> 13
 2.260223e+01 5.668737e+01 1.739503e+01 1.955793e+01 3.456993e+01 3.306634e+01 2.031214e+01 2.914842e+01 2.412238e+01 2.003994e+01 1.898985e+01 1.488708e+01 1.165044e+02
<GCONST> 6.688588e+01
<TRANSP> 5
 0.000000e+00 1.000000e+00 0.000000e+00 0.000000e+00 0.000000e+00
 0.000000e+00 9.922567e-01 7.743287e-03 0.000000e+00 0.000000e+00
 0.000000e+00 0.000000e+00 9.860617e-01 1.393825e-02 0.000000e+00
 0.000000e+00 0.000000e+00 0.000000e+00 9.882666e-01 1.173338e-02
 0.000000e+00 0.000000e+00 0.000000e+00 0.000000e+00 0.000000e+00
<ENDHMM>
~h "cl"
<BEGINHMM>
<NUMSTATES> 5
<STATE> 2
<MEAN> 13
 -1.427980e+01 -8.084726e-01 1.260213e+00 -3.039841e+00 -1.623321e+00 6.072176e+00 3.461213e+00 -1.085731e+00 2.298998e+00 1.307165e+00 -4.278352e+00 1.395107e+00 5.405970e+01
<VARIANCE> 13
 6.787892e+01 2.210409e+01 3.462221e+01 1.508769e+01 1.926847e+01 3.930487e+01 2.338575e+01 2.881927e+01 3.121457e+01 2.460500e+01 3.434192e+01 2.304596e+01 4.808485e+01
<GCONST> 6.779791e+01
<STATE> 3
<MEAN> 13
 -1.953916e+01 2.811382e+00 -2.427538e-01 -5.332200e+00 -4.149507e+00 1.211201e+01 6.814950e-01 -3.610091e+00 7.561671e+00 -3.544088e+00 -3.434907e+00 5.355333e+00 5.871375e+01
<VARIANCE> 13
 5.104529e+01 9.848886e+00 1.979833e+01 1.249936e+01 1.774021e+01 3.395391e+01 2.575286e+01 2.223989e+01 2.632580e+01 2.013864e+01 1.937295e+01 1.986575e+01 2.080650e+01
<GCONST> 6.363635e+01
<STATE> 4
<MEAN> 13
 -2.243724e+01 1.090021e+00 6.543656e+00 -2.911105e+00 -6.906581e+00 1.070392e+01 1.422295e+00 -7.142532e+00 2.837741e+00 4.617136e+00 -1.191657e+01 4.989562e+00 5.792395e+01
<VARIANCE> 13
 3.609264e+01 8.825253e+00 1.448604e+01 1.696838e+01 2.639288e+01 2.994154e+01 2.920765e+01 4.614582e+01 3.468341e+01 2.939224e+01 2.804831e+01 3.050709e+01 3.341058e+01
<GCONST> 6.622697e+01
<TRANSP> 5
 0.000000e+00 1.000000e+00 0.000000e+00 0.000000e+00 0.000000e+00
 0.000000e+00 9.672121e-01 3.278788e-02 0.000000e+00 0.000000e+00
 0.000000e+00 0.000000e+00 9.921651e-01 7.834831e-03 0.000000e+00
 0.000000e+00 0.000000e+00 0.000000e+00 9.930604e-01 6.939611e-03
 0.000000e+00 0.000000e+00 0.000000e+00 0.000000e+00 0.000000e+00
<ENDHMM>
~h "cm"
<BEGINHMM>
<NUMSTATES> 5
<STATE> 2
<MEAN> 13
 -1.257714e+01 -9.536603e-02 -2.670327e+00 -4.957316e+00 -2.068445e-01 8.760365e-01 -1.115296e+00 2.310220e-01 -1.972394e+00 9.612380e-01 2.903717e+00 -5.326703e-01 5.733663e+01
<VARIANCE> 13
 1.412520e+01 1.473611e+01 1.198242e+01 1.332941e+01 1.469326e+01 1.628010e+01 1.829817e+01 1.842821e+01 1.781609e+01 1.674663e+01 1.851395e+01 1.652219e+01 1.958430e+01
<GCONST> 5.999835e+01
<STATE> 3
<MEAN> 13
 -9.804895e+00 -9.772157e-01 -2.920847e+00 -3.510609e+00 -5.164618e-01 -7.553291e-01 -2.649724e+00 -2.212931e+00 -4.597064e+00 -1.901629e+00 -6.900346e-01 -1.900067e+00 6.574845e+01
<VARIANCE> 13
 1.226526e+01 1.389514e+01 1.638534e+01 1.491289e+01 1.699258e+01 1.601335e+01 1.751546e+01 1.984868e+01 1.878292e+01 1.649701e+01 1.816475e+01 1.463908e+01 4.722281e+01
<GCONST> 6.116092e+01
<STATE> 4
<MEAN> 13
 -5.071960e+00 4.618085e-01 -2.718835e+00 -4.149343e+00 -9.686028e-01 -1.629735e+00 -3.223168e+00 -2.374568e+00 -3.873035e+00 -2.512570e+00 -1.625906e+00 -2.999882e+00 6.777232e+01
<VARIANCE> 13
 7.513630e+00 1.025486e+01 1.061447e+01 1.387989e+01 1.400920e+01 1.348404e+01 1.529110e+01 1.726061e+01 1.643795e+01 1.507493e+01 1.416143e+01 1.232038e+01 6.586752e+01
<GCONST> 5.890849e+01
<TRANSP> 5
 0.000000e+00 1.000000e+00 0.000000e+00 0.000000e+00 0.000000e+00
 0.000000e+00 9.668801e-01 3.311992e-02 0.000000e+00 0.000000e+00
 0.000000e+00 0.000000e+00 9.585699e-01 4.143009e-02 0.000000e+00
 0.000000e+00 0.000000e+00 0.000000e+00 9.846787e-01 1.532126e-02
 0.000000e+00 0.000000e+00 0.000000e+00 0.000000e+00 0.000000e+00
<ENDHMM>
~h "co"
<BEGINHMM>
<NUMSTATES> 5
<STATE> 2
<MEAN> 13
 -6.706750e+00 -5.631872e+00 5.340224e-01 5.095173e-01 -5.929009e+00 -1.158198e+00 -7.414041e-01 -9.450891e-01 1.198184e-01 -2.101251e+00 -2.955332e+00 -6.481758e+00 5.935762e+01
<VARIANCE> 13
 1.664369e+01 2.247744e+01 2.423740e+01 2.718804e+01 7.382467e+01 3.368348e+01 5.406963e+01 4.266497e+01 3.854908e+01 3.754605e+01 4.092186e+01 2.931485e+01 8.144671e+01
<GCONST> 7.063718e+01
<STATE> 3
<MEAN> 13
 -6.425262e+00 -6.617342e+00 -6.931839e-01 -2.464252e+00 -8.064354e+00 -7.947258e+00 -7.297707e+00 -6.814764e+00 -4.763571e+00 -5.274385e+00 -4.628641e+00 -9.735578e+00 6.845962e+01
<VARIANCE> 13
 1.683498e+01 1.200475e+01 2.381384e+01 2.036116e+01 3.631960e+01 3.491674e+01 5.474646e+01 5.481567e+01 4.498890e+01 4.185003e+01 3.784751e+01 4.239742e+01 3.834587e+01
<GCONST> 6.910487e+01
<STATE> 4
<MEAN> 13
 -3.520983e+00 -2.922164e+00 4.701937e+00 2.627962e+00 -1.057801e+00 -3.521652e+00 -4.859832e+00 -6.101053e+00 -4.583697e+00 -3.757839e+00 -3.688578e+00 -7.813814e+00 5.689627e+01
<VARIANCE> 13
 1.328100e+01 2.177764e+01 1.703681e+01 2.424860e+01 3.667654e+01 3.200084e+01 4.026105e+01 4.767378e+01 2.973914e+01 3.055131e+01 3.028676e+01 2.202612e+01 5.782971e+01
<GCONST> 6.758333e+01
<TRANSP> 5
 0.000000e+00 1.000000e+00 0.000000e+00 0.000000e+00 0.000000e+00
 0.000000e+00 9.250644e-01 7.493557e-02 0.000000e+00 0.000000e+00
 0.000000e+00 0.000000e+00 9.842069e-01 1.579309e-02 0.000000e+00
 0.000000e+00 0.000000e+00 0.000000e+00 9.787190e-01 2.128098e-02
 0.000000e+00 0.000000e+00 0.000000e+00 0.000000e+00 0.000000e+00
<ENDHMM>
~h "ds"
<BEGINHMM>
<NUMSTATES> 5
<STATE> 2
<MEAN> 13
 -1.440690e+01 2.734561e-01 -2.803738e-01 -4.183289e-01 -9.397850e-01 -2.084667e+00 2.988497e+00 -2.559557e+00 1.189928e+00 2.273520e+00 4.304359e+00 -2.286593e-02 6.639721e+01
<VARIANCE> 13
 1.654945e+01 9.725224e+00 1.138960e+01 1.490057e+01 2.291132e+01 1.731948e+01 2.333448e+01 2.586527e+01 2.172779e+01 1.917472e+01 1.700416e+01 1.608464e+01 9.635720e+01
<GCONST> 6.270544e+01
<STATE> 3
<MEAN> 13
 -8.945814e+00 4.901734e+00 4.962490e+00 5.778203e+00 6.194398e+00 3.071611e+00 6.437303e+00 -1.298401e+00 2.399815e+00 9.994014e-01 2.965176e+00 6.003095e-02 6.677271e+01
<VARIANCE> 13
 1.479013e+01 8.171219e+00 6.814985e+00 7.514217e+00 1.065390e+01 1.332668e+01 1.350522e+01 1.419501e+01 1.628973e+01 1.488628e+01 1.495175e+01 1.347470e+01 5.698863e+01
<GCONST> 5.767403e+01
<STATE> 4
<MEAN> 13
 -9.832342e+00 1.320021e+00 1.998480e+00 4.821523e-01 2.883972e+00 6.460869e-01 2.812400e+00 -1.057452e+00 1.920481e-01 -5.518287e-01 2.036056e+00 -1.635731e+00 5.465944e+01
<VARIANCE> 13
 1.560184e+01 1.159772e+01 1.635560e+01 1.655245e+01 1.940373e+01 2.221118e+01 2.439922e+01 1.945468e+01 2.499212e+01 2.338929e+01 1.824250e+01 1.746498e+01 4.962898e+01
<GCONST> 6.295977e+01
<TRANSP> 5
 0.000000e+00 1.000000e+00 0.000000e+00 0.000000e+00 0.000000e+00
 0.000000e+00 9.649527e-01 3.504732e-02 0.000000e+00 0.000000e+00
 0.000000e+00 0.000000e+00 9.089302e-01 9.106982e-02 0.000000e+00
 0.000000e+00 0.000000e+00 0.000000e+00 9.928380e-01 7.162087e-03
 0.000000e+00 0.000000e+00 0.000000e+00 0.000000e+00 0.000000e+00
<ENDHMM>
~h "kj"
<BEGINHMM>
<NUMSTATES> 5
<STATE> 2
<MEAN> 13
 -1.907573e+01 3.096935e+00 3.503007e-01 -2.971601e+00 -8.839695e-01 4.550251e+00 1.576743e+00 2.542228e+00 -2.022490e-01 -2.201725e-02 1.560209e+00 -1.128947e+00 5.603178e+01
<VARIANCE> 13
 3.056043e+01 2.031227e+01 1.465914e+01 1.630846e+01 1.690049e+01 3.327157e+01 2.419887e+01 2.190644e+01 1.781894e+01 2.137743e+01 1.699199e+01 1.500793e+01 2.476715e+01
<GCONST> 6.309865e+01
<STATE> 3
<MEAN> 13
 -1.477657e+01 -6.285669e+00 -4.084512e+00 -7.866806e-01 -1.355891e+00 -4.045347e+00 -1.864848e+00 -3.346806e+00 -2.583069e+00 8.893943e-01 5.140558e-01 -7.396269e-01 6.246288e+01
<VARIANCE> 13
 1.818623e+01 2.956787e+01 1.243608e+01 1.487315e+01 1.638580e+01 1.739380e+01 2.043271e+01 1.921555e+01 1.784264e+01 1.690142e+01 1.546215e+01 1.365784e+01 6.642688e+01
<GCONST> 6.228310e+01
<STATE> 4
<MEAN> 13
 -2.137911e+01 1.553660e+00 1.198565e+00 2.709169e+00 -2.629480e+00 -9.128437e-01 6.229986e+00 -3.049149e-01 -3.347647e+00 3.726233e+00 7.220269e-01 -2.736864e+00 5.647895e+01
<VARIANCE> 13
 3.596188e+01 3.780608e+01 2.301362e+01 2.007738e+01 1.724663e+01 2.093493e+01 3.327651e+01 2.177260e+01 2.070558e+01 2.578235e+01 1.790389e+01 1.883481e+01 3.323895e+01
<GCONST> 6.532209e+01
<TRANSP> 5
 0.000000e+00 1.000000e+00 0.000000e+00 0.000000e+00 0.000000e+00
 0.000000e+00 9.923988e-01 7.601198e-03 0.000000e+00 0.000000e+00
 0.000000e+00 0.000000e+00 9.739825e-01 2.601743e-02 0.000000e+00
 0.000000e+00 0.000000e+00 0.000000e+00 9.931000e-01 6.899979e-03
 0.000000e+00 0.000000e+00 0.000000e+00 0.000000e+00 0.000000e+00
<ENDHMM>
~h "kn"
<BEGINHMM>
<NUMSTATES> 5
<STATE> 2
<MEAN> 13
 3.142121e+00 2.107543e+00 -3.301855e+00 -2.386121e+00 1.613657e+00 -6.404698e-01 2.739919e-01 -3.590806e+00 7.171445e-01 5.397708e-01 1.427067e+00 -2.122940e+00 5.609658e+01
<VARIANCE> 13
 2.242654e+01 1.853452e+01 2.330817e+01 1.003353e+01 1.480605e+01 2.179716e+01 2.117933e+01 3.029744e+01 2.394508e+01 2.203455e+01 1.925233e+01 1.779110e+01 5.031772e+01
<GCONST> 6.364098e+01
<STATE> 3
<MEAN> 13
 5.047005e+00 -1.674849e+00 -2.304305e+00 2.035568e+00 5.152915e+00 -1.042748e+00 2.800617e+00 -4.192371e+00 -4.724134e-01 -1.173933e+00 1.170227e+00 -1.515721e+00 6.240611e+01
<VARIANCE> 13
 9.201526e+00 1.979525e+01 1.145751e+01 1.246529e+01 1.901070e+01 2.404066e+01 2.074864e+01 2.263265e+01 2.093714e+01 2.144216e+01 1.759565e+01 1.739961e+01 2.439864e+01
<GCONST> 6.136094e+01
<STATE> 4
<MEAN> 13
 5.944288e+00 2.393517e+00 -5.137389e-01 1.304757e+00 5.692358e+00 1.705819e+00 1.177248e+00 -1.730846e+00 -3.114669e+00 -2.170236e+00 -3.862445e-01 -3.383057e+00 5.254731e+01
<VARIANCE> 13
 1.548357e+01 2.150910e+01 1.840454e+01 1.089769e+01 1.727925e+01 1.758405e+01 1.660457e+01 2.209049e+01 1.879421e+01 1.577734e+01 1.284563e+01 1.355727e+01 2.737147e+01
<GCONST> 6.078468e+01
<TRANSP> 5
 0.000000e+00 1.000000e+00 0.000000e+00 0.000000e+00 0.000000e+00
 0.000000e+00 9.602998e-01 3.970015e-02 0.000000e+00 0.000000e+00
 0.000000e+00 0.000000e+00 9.775406e-01 2.245939e-02 0.000000e+00
 0.000000e+00 0.000000e+00 0.000000e+00 9.640504e-01 3.594955e-02
 0.000000e+00 0.000000e+00 0.000000e+00 0.000000e+00 0.000000e+00
<ENDHMM>
~h "kt"
<BEGINHMM>
<NUMSTATES> 5
<STATE> 2
<MEAN> 13
 -1.099725e+01 1.550549e-01 -6.476181e+00 -1.103990e+00 1.439425e+00 1.311217e+00 4.687418e+00 7.129709e-01 1.187591e+00 8.434131e-01 1.572919e+00 -1.315672e+00 5.564445e+01
<VARIANCE> 13
 1.482830e+01 6.321005e+00 7.590620e+00 1.084753e+01 1.202930e+01 1.718959e+01 1.627557e+01 1.630177e+01 1.675079e+01 1.537649e+01 1.442537e+01 1.323761e+01 1.848378e+01
<GCONST> 5.747648e+01
<STATE> 3
<MEAN> 13
 -1.236739e+01 3.173675e+00 -3.068706e+00 8.061000e-01 7.032073e-01 -2.687030e+00 2.368217e+00 9.262149e-01 -4.449171e-02 -6.801426e-01 -5.416930e-01 -1.584754e+00 5.362732e+01
<VARIANCE> 13
 7.620259e+00 6.132080e+00 8.184111e+00 1.173890e+01 1.456291e+01 1.598593e+01 1.722965e+01 1.689333e+01 1.794180e+01 1.991317e+01 1.780632e+01 1.414019e+01 1.895941e+01
<GCONST> 5.777498e+01
<STATE> 4
<MEAN> 13
 -9.800385e+00 3.182365e+00 -2.454487e+00 7.837820e-02 5.254510e-01 -1.366781e-01 3.118809e+00 2.145068e+00 6.353276e-01 -3.212689e-02 5.849567e-01 -2.075730e+00 4.888746e+01
<VARIANCE> 13
 9.531210e+00 8.781351e+00 1.105934e+01 1.169072e+01 1.656431e+01 1.600092e+01 1.701589e+01 1.734598e+01 1.733700e+01 1.741237e+01 1.510472e+01 1.301342e+01 1.212731e+01
<GCONST> 5.793556e+01
<TRANSP> 5
 0.000000e+00 1.000000e+00 0.000000e+00 0.000000e+00 0.000000e+00
 0.000000e+00 9.917304e-01 8.269582e-03 0.000000e+00 0.000000e+00
 0.000000e+00 0.000000e+00 9.821360e-01 1.786408e-02 0.000000e+00
 0.000000e+00 0.000000e+00 0.000000e+00 9.934611e-01 6.538897e-03
 0.000000e+00 0.000000e+00 0.000000e+00 0.000000e+00 0.000000e+00
<ENDHMM>
~h "pr"
<BEGINHMM>
<NUMSTATES> 5
<STATE> 2
<MEAN> 13
 -1.598370e+01 -9.359415e+00 3.828082e-01 -4.900774e+00 2.130886e+00 -6.584612e-01 6.877703e+00 2.584507e+00 2.758729e-01 -2.182130e+00 1.181964e+00 3.599659e-01 6.020417e+01
<VARIANCE> 13
 3.168697e+01 3.282861e+01 3.872347e+01 3.638068e+01 9.464716e+01 6.393541e+01 6.910167e+01 6.455469e+01 5.691143e+01 3.869026e+01 4.813040e+01 6.484750e+01 1.081186e+01
<GCONST> 7.332489e+01
<STATE> 3
<MEAN> 13
 -2.106252e+01 4.563119e+00 1.738756e+01 -1.489922e+01 1.755369e+00 1.281341e+01 -5.647891e+00 -6.292189e+00 1.214346e+01 -7.539886e+00 -7.109390e+00 8.122732e+00 5.423920e+01
<VARIANCE> 13
 1.066449e+01 1.579015e+01 1.453105e+01 2.524318e+01 2.031955e+01 2.462693e+01 1.839176e+01 2.503766e+01 2.345120e+01 2.904474e+01 2.667996e+01 1.794680e+01 6.615544e+00
<GCONST> 6.185578e+01
<STATE> 4
<MEAN> 13
 -1.231440e+01 -1.942662e+00 7.855375e+00 -8.779624e+00 5.058037e+00 3.220056e+00 -3.270073e-01 3.880483e+00 2.467280e+00 -1.323820e+00 -3.794234e+00 4.326526e+00 4.973096e+01
<VARIANCE> 13
 3.331666e+01 4.243275e+01 6.243756e+01 7.306526e+01 4.518824e+01 1.189124e+02 3.755702e+01 6.448320e+01 5.776710e+01 5.026157e+01 8.293968e+01 6.738190e+01 2.396598e+01
<GCONST> 7.573216e+01
<TRANSP> 5
 0.000000e+00 1.000000e+00 0.000000e+00 0.000000e+00 0.000000e+00
 0.000000e+00 9.938481e-01 6.151884e-03 0.000000e+00 0.000000e+00
 0.000000e+00 0.000000e+00 9.801603e-01 1.983975e-02 0.000000e+00
 0.000000e+00 0.000000e+00 0.000000e+00 9.936329e-01 6.367174e-03
 0.000000e+00 0.000000e+00 0.000000e+00 0.000000e+00 0.000000e+00
<ENDHMM>
~h "pw"
<BEGINHMM>
<NUMSTATES> 5
<STATE> 2
<MEAN> 13
 -1.312200e+01 -2.293108e+00 -5.918736e-01 -2.608987e-01 1.295319e+00 -1.419760e+00 2.758840e+00 6.186711e-02 -7.955578e-01 8.345212e-01 1.530955e-01 -7.530849e-01 5.364948e+01
<VARIANCE> 13
 1.638743e+01 2.425850e+01 1.113187e+01 1.202653e+01 1.502115e+01 1.833934e+01 1.759414e+01 2.014730e+01 1.736185e+01 1.589561e+01 1.468220e+01 1.305197e+01 3.069458e+01
<GCONST> 6.056373e+01
<STATE> 3
<MEAN> 13
 -1.209517e+01 -6.568545e+00 -2.890018e+00 -1.715928e+00 -1.299755e-01 -4.395516e+00 -3.835120e-01 -4.467962e+00 -3.184463e+00 -9.457032e-01 -1.187457e-01 -6.245026e-01 6.180810e+01
<VARIANCE> 13
 2.387943e+01 2.095528e+01 1.248124e+01 1.219109e+01 1.703401e+01 2.357767e+01 2.123455e+01 2.480656e+01 1.884319e+01 1.618243e+01 1.478800e+01 1.335127e+01 5.979018e+01
<GCONST> 6.249134e+01
<STATE> 4
<MEAN> 13
 -1.165100e+01 -2.684591e+00 -1.767952e+00 -1.065134e+00 9.211857e-01 -6.608993e-01 3.112073e+00 -2.822554e-01 -7.408322e-01 8.376039e-01 3.903132e-01 -9.158068e-01 5.422654e+01
<VARIANCE> 13
 1.654287e+01 2.005529e+01 1.296444e+01 1.197824e+01 1.450471e+01 2.081595e+01 1.838216e+01 2.001900e+01 1.704943e+01 1.603362e+01 1.426591e+01 1.336192e+01 3.115941e+01
<GCONST> 6.066061e+01
<TRANSP> 5
 0.000000e+00 1.000000e+00 0.000000e+00 0.000000e+00 0.000000e+00
 0.000000e+00 9.949915e-01 5.008480e-03 0.000000e+00 0.000000e+00
 0.000000e+00 0.000000e+00 9.901904e-01 9.809575e-03 0.000000e+00
 0.000000e+00 0.000000e+00 0.000000e+00 9.967369e-01 3.263064e-03
 0.000000e+00 0.000000e+00 0.000000e+00 0.000000e+00 0.000000e+00
<ENDHMM>
~h "si"
<BEGINHMM>
<NUMSTATES> 5
<STATE> 2
<MEAN> 13
 -8.663664e+00 7.999233e-02 1.316790e-01 -1.596000e+00 4.024188e-01 5.549464e-01 2.717534e+00 8.153170e-01 4.372365e-03 6.214995e-01 7.479088e-01 -1.821419e+00 5.025158e+01
<VARIANCE> 13
 2.230892e+01 1.780256e+01 1.530184e+01 1.541428e+01 2.185866e+01 1.991473e+01 2.078892e+01 2.337398e+01 2.046198e+01 1.879964e+01 1.752310e+01 1.646915e+01 3.207069e+01
<GCONST> 6.268746e+01
<STATE> 3
<MEAN> 13
 -3.773943e+00 -4.032007e+00 -3.798643e+00 -3.277674e+00 1.475347e+00 3.852851e+00 4.441405e+00 6.945524e-01 -6.778038e-01 1.253235e+00 1.304657e+00 -2.517652e+00 5.047597e+01
<VARIANCE> 13
 6.719175e+00 7.110526e+00 7.125982e+00 8.515771e+00 1.341630e+01 1.501303e+01 1.535902e+01 1.595301e+01 1.499399e+01 1.489830e+01 1.429033e+01 1.285195e+01 3.901856e+00
<GCONST> 5.465479e+01
<STATE> 4
<MEAN> 13
 -6.119974e+00 1.900531e+00 1.100652e+00 -1.961730e+00 1.992581e+00 1.725961e+00 2.268843e+00 3.342512e+00 -3.783028e-01 4.701943e-01 8.600094e-01 -2.469801e+00 4.440026e+01
<VARIANCE> 13
 8.548222e+00 7.194816e+00 9.264972e+00 1.068812e+01 1.599232e+01 1.541811e+01 1.573009e+01 1.815023e+01 1.601152e+01 1.651325e+01 1.452502e+01 1.314125e+01 8.381129e+00
<GCONST> 5.672385e+01
<TRANSP> 5
 0.000000e+00 1.000000e+00 0.000000e+00 0.000000e+00 0.000000e+00
 0.000000e+00 9.903824e-01 9.617614e-03 0.000000e+00 0.000000e+00
 0.000000e+00 0.000000e+00 9.783254e-01 2.167458e-02 0.000000e+00
 0.000000e+00 0.000000e+00 0.000000e+00 9.920736e-01 7.926383e-03
 0.000000e+00 0.000000e+00 0.000000e+00 0.000000e+00 0.000000e+00
<ENDHMM>
~h "st"
<BEGINHMM>
<NUMSTATES> 5
<STATE> 2
<MEAN> 13
 -8.792684e+00 -2.771557e+00 -5.518458e-01 -5.173672e+00 -1.332134e+00 -1.766697e+00 1.941355e+00 -7.780516e-01 -1.344834e+00 -1.053626e+00 8.980638e-01 -2.300708e+00 5.793150e+01
<VARIANCE> 13
 1.717672e+01 2.160308e+01 1.474020e+01 2.335097e+01 2.013078e+01 2.489832e+01 2.076516e+01 1.931356e+01 1.914440e+01 1.921168e+01 1.618458e+01 1.457911e+01 4.236071e+01
<GCONST> 6.297854e+01
<STATE> 3
<MEAN> 13
 -5.493935e+00 -3.694281e+00 -3.189572e+00 -4.863931e+00 -5.509499e-01 3.915363e-01 2.778671e+00 3.420663e-01 -5.970946e-01 6.541277e-01 1.111323e+00 -2.684788e+00 5.426775e+01
<VARIANCE> 13
 7.364922e+00 1.043824e+01 1.127549e+01 1.582335e+01 1.863447e+01 2.201424e+01 1.872969e+01 1.828782e+01 1.718443e+01 1.687016e+01 1.545444e+01 1.377124e+01 1.875412e+01
<GCONST> 5.923321e+01
<STATE> 4
<MEAN> 13
 -1.037994e+01 7.994093e-01 8.575718e-01 -2.567507e+00 2.853159e-01 -7.742353e-01 2.040323e+00 3.680058e-01 2.339412e-01 -1.653848e-01 7.359537e-01 -2.253747e+00 5.228499e+01
<VARIANCE> 13
 1.451794e+01 9.553198e+00 1.114042e+01 1.784638e+01 1.663407e+01 1.953376e+01 1.813307e+01 1.989002e+01 1.792383e+01 1.656847e+01 1.470961e+01 1.341805e+01 3.787912e+01
<GCONST> 6.040173e+01
<TRANSP> 5
 0.000000e+00 1.000000e+00 0.000000e+00 0.000000e+00 0.000000e+00
 0.000000e+00 9.857034e-01 1.429657e-02 0.000000e+00 0.000000e+00
 0.000000e+00 0.000000e+00 9.821678e-01 1.783216e-02 0.000000e+00
 0.000000e+00 0.000000e+00 0.000000e+00 9.912331e-01 8.766953e-03
 0.000000e+00 0.000000e+00 0.000000e+00 0.000000e+00 0.000000e+00
<ENDHMM>
~h "spe"
<BEGINHMM>
<NUMSTATES> 5
<STATE> 2
<MEAN> 13
 -2.046835e+00 -3.674862e+00 3.139444e-01 -6.827214e+00 -1.772985e+00 -1.026266e+00 2.136364e-01 -9.378075e-01 -2.544388e+00 1.255212e+00 5.318973e-01 -5.031099e+00 5.537265e+01
<VARIANCE> 13
 1.615888e+01 2.406588e+01 3.392789e+01 3.376146e+01 3.587749e+01 3.630347e+01 3.688704e+01 3.244170e+01 2.519437e+01 2.362832e+01 2.522461e+01 2.017761e+01 1.899625e+01
<GCONST> 6.672426e+01
<STATE> 3
<MEAN> 13
 -1.285370e+00 -4.713508e+00 3.181992e+00 -1.156741e+01 -4.281420e+00 -4.548517e+00 -5.007509e+00 -2.491356e+00 -2.145371e+00 -2.878063e+00 -5.590589e+00 -4.688322e+00 6.128486e+01
<VARIANCE> 13
 2.211520e+01 3.611720e+01 7.990482e+01 6.885686e+01 6.784834e+01 6.494084e+01 3.888207e+01 6.006893e+01 4.219102e+01 3.741359e+01 5.169955e+01 4.271855e+01 2.415677e+01
<GCONST> 7.358396e+01
<STATE> 4
<MEAN> 13
 -8.535576e-01 -2.686429e+00 -5.597305e-02 -3.564868e+00 -2.838380e+00 1.400979e-01 -5.895106e-01 -7.943506e-01 -1.696310e+00 -5.116110e-01 -1.661126e+00 -5.913093e+00 5.267499e+01
<VARIANCE> 13
 1.540295e+01 3.036534e+01 3.099200e+01 2.163817e+01 4.763849e+01 3.473896e+01 3.185140e+01 3.054415e+01 3.009577e+01 2.876730e+01 2.938593e+01 2.742487e+01 1.459091e+01
<GCONST> 6.697620e+01
<TRANSP> 5
 0.000000e+00 1.000000e+00 0.000000e+00 0.000000e+00 0.000000e+00
 0.000000e+00 9.907899e-01 9.210099e-03 0.000000e+00 0.000000e+00
 0.000000e+00 0.000000e+00 9.815307e-01 1.846932e-02 0.000000e+00
 0.000000e+00 0.000000e+00 0.000000e+00 9.955567e-01 4.443359e-03
 0.000000e+00 0.000000e+00 0.000000e+00 0.000000e+00 0.000000e+00
<ENDHMM>
