~o
<STREAMINFO> 1 13
<VECSIZE> 13<NULLD><MFCC_0><DIAGC>
~h "ap"
<BEGINHMM>
<NUMSTATES> 5
<STATE> 2
<NUMMIXES> 2
<MIXTURE> 1 4.460886e-01
<MEAN> 13
 -7.989739e+00 -3.988170e+00 -1.466122e+00 1.901561e-01 3.137432e+00 -4.802002e-02 3.773625e+00 7.525507e-02 -1.165023e+00 2.493221e-01 1.253417e+00 -1.502571e+00 5.057633e+01
<VARIANCE> 13
 1.128816e+01 2.135203e+01 1.418146e+01 1.581997e+01 2.119505e+01 2.669303e+01 1.895735e+01 2.043085e+01 1.727928e+01 1.750495e+01 1.449068e+01 1.317754e+01 2.070913e+01
<GCONST> 6.108251e+01
<MIXTURE> 2 5.539038e-01
<MEAN> 13
 -1.568162e+01 -1.170011e+01 -6.968049e+00 -1.505365e+00 -5.542245e-01 -6.089262e+00 2.647650e-01 -4.741301e+00 -3.734128e+00 -1.874092e+00 4.590402e-02 -8.654615e-01 6.857388e+01
<VARIANCE> 13
 1.671161e+01 2.693973e+01 2.746659e+01 2.415282e+01 3.407796e+01 3.235174e+01 2.512022e+01 2.248239e+01 2.295029e+01 1.990798e+01 1.966659e+01 1.610704e+01 5.947840e+01
<GCONST> 6.580945e+01
<STATE> 3
<NUMMIXES> 2
<MIXTURE> 1 4.625212e-01
<MEAN> 13
 -8.141972e+00 -1.330095e+01 -7.685021e+00 3.579109e+00 4.491092e+00 -6.627072e+00 1.133893e+00 -6.756929e-01 -4.723557e+00 -3.136549e+00 1.406314e+00 -6.651621e-01 6.045028e+01
<VARIANCE> 13
 7.595409e+00 1.848709e+01 1.237353e+01 2.015088e+01 2.460592e+01 1.863215e+01 2.253039e+01 1.899654e+01 2.320910e+01 2.002524e+01 1.480045e+01 1.387138e+01 2.844712e+01
<GCONST> 6.135689e+01
<MIXTURE> 2 5.374787e-01
<MEAN> 13
 -1.247746e+01 -1.782502e+01 -1.266485e+01 7.490177e-01 -1.361345e+00 -1.172372e+01 -1.399561e+00 -2.218833e+00 -6.621679e+00 -4.955609e+00 8.512040e-02 -1.530053e+00 7.571597e+01
<VARIANCE> 13
 8.624602e+00 1.020463e+01 1.118292e+01 1.805387e+01 2.556685e+01 1.672918e+01 2.529214e+01 1.696895e+01 2.546374e+01 1.939217e+01 1.668481e+01 1.620827e+01 3.467221e+01
<GCONST> 6.114603e+01
<STATE> 4
<NUMMIXES> 2
<MIXTURE> 1 4.465577e-01
<MEAN> 13
 -6.297729e+00 -8.212095e+00 -1.225901e+00 4.014484e+00 1.291705e+00 -7.729440e-01 5.403274e+00 -1.283918e-01 -2.452959e+00 1.197044e+00 1.765933e+00 -2.062028e+00 5.082379e+01
<VARIANCE> 13
 8.190282e+00 3.877953e+01 9.677477e+00 2.219819e+01 1.471938e+01 1.968663e+01 1.525557e+01 2.332648e+01 2.000486e+01 1.652291e+01 1.449387e+01 1.323084e+01 2.387859e+01
<GCONST> 6.079667e+01
<MIXTURE> 2 5.534421e-01
<MEAN> 13
 -1.209764e+01 -1.834178e+01 -6.276145e+00 3.065554e+00 -5.245853e+00 -7.671911e+00 3.607297e+00 -5.652635e+00 -5.722442e+00 -3.353910e-01 -7.711023e-02 -1.977140e+00 6.923010e+01
<VARIANCE> 13
 1.714427e+01 2.860756e+01 1.476627e+01 1.725341e+01 2.559084e+01 2.018093e+01 2.155652e+01 2.026686e+01 2.267638e+01 1.952090e+01 1.976405e+01 1.528361e+01 6.103312e+01
<GCONST> 6.386960e+01
<TRANSP> 5
 0.000000e+00 1.000000e+00 0.000000e+00 0.000000e+00 0.000000e+00
 0.000000e+00 9.928517e-01 7.148349e-03 0.000000e+00 0.000000e+00
 0.000000e+00 0.000000e+00 9.850656e-01 1.493443e-02 0.000000e+00
 0.000000e+00 0.000000e+00 0.000000e+00 9.873841e-01 1.261587e-02
 0.000000e+00 0.000000e+00 0.000000e+00 0.000000e+00 0.000000e+00
<ENDHMM>
~h "cl"
<BEGINHMM>
<NUMSTATES> 5
<STATE> 2
<NUMMIXES> 2
<MIXTURE> 1 7.362732e-01
<MEAN> 13
 -2.155071e+01 1.171428e+00 4.864640e+00 -3.951164e+00 -2.998293e+00 9.657451e+00 3.742697e+00 -2.290791e+00 3.826421e+00 2.250207e+00 -8.620094e+00 3.971680e+00 5.581050e+01
<VARIANCE> 13
 4.579075e+01 8.199296e+00 2.266348e+01 1.241132e+01 1.383227e+01 2.215254e+01 2.030849e+01 2.675353e+01 2.810463e+01 2.387731e+01 2.255774e+01 1.892649e+01 2.976412e+01
<GCONST> 6.344136e+01
<MIXTURE> 2 2.637269e-01
<MEAN> 13
 -8.820045e+00 -3.554557e+00 -2.177262e+00 -1.868902e+00 3.621959e-01 2.167087e+00 3.556491e+00 9.645473e-01 1.989241e-01 3.099443e-01 2.059546e-01 -1.336057e+00 5.359326e+01
<VARIANCE> 13
 2.917633e+01 2.742123e+01 1.550817e+01 1.367820e+01 1.922304e+01 3.311061e+01 2.360899e+01 1.996275e+01 2.313559e+01 2.022976e+01 1.677051e+01 1.498450e+01 8.087234e+01
<GCONST> 6.461375e+01
<STATE> 3
<NUMMIXES> 2
<MIXTURE> 1 6.394874e-01
<MEAN> 13
 -2.290224e+01 3.305063e+00 1.165087e+00 -5.643448e+00 -4.587628e+00 1.408038e+01 8.998903e-01 -3.555388e+00 8.979148e+00 -4.172591e+00 -4.138491e+00 6.323464e+00 6.018982e+01
<VARIANCE> 13
 2.219699e+01 6.225163e+00 1.496873e+01 1.102290e+01 1.539044e+01 2.301891e+01 2.380547e+01 1.999517e+01 2.018811e+01 1.919940e+01 1.845144e+01 1.761591e+01 1.348791e+01
<GCONST> 6.030807e+01
<MIXTURE> 2 3.605139e-01
<MEAN> 13
 -1.280022e+01 1.746065e+00 -2.924916e+00 -4.838328e+00 -3.356454e+00 8.115466e+00 2.239965e-02 -3.857026e+00 4.659425e+00 -2.295776e+00 -2.167321e+00 3.524587e+00 5.586979e+01
<VARIANCE> 13
 4.433014e+01 1.591108e+01 1.846582e+01 1.499386e+01 2.136928e+01 3.481181e+01 2.890891e+01 2.833508e+01 2.839674e+01 2.011589e+01 1.868620e+01 1.968305e+01 2.341714e+01
<GCONST> 6.480360e+01
<STATE> 4
<NUMMIXES> 2
<MIXTURE> 1 5.756592e-01
<MEAN> 13
 -2.060924e+01 1.771307e+00 6.410723e+00 -2.333366e+00 -5.561546e+00 9.981682e+00 3.392414e+00 -5.058574e+00 2.886598e+00 5.277178e+00 -1.003491e+01 3.221980e+00 5.540175e+01
<VARIANCE> 13
 4.123441e+01 8.086457e+00 1.395561e+01 1.847872e+01 2.102927e+01 2.652252e+01 2.249667e+01 3.322526e+01 3.225996e+01 3.222454e+01 1.983272e+01 2.007726e+01 2.692647e+01
<GCONST> 6.442154e+01
<MIXTURE> 2 4.243435e-01
<MEAN> 13
 -2.470419e+01 1.772366e-01 7.186300e+00 -3.197609e+00 -9.955595e+00 1.201748e+01 -1.765885e+00 -1.142465e+01 2.581213e+00 4.522389e+00 -1.530425e+01 7.495657e+00 6.162062e+01
<VARIANCE> 13
 1.697988e+01 8.648250e+00 1.275659e+01 1.545197e+01 2.131823e+01 3.396174e+01 2.395953e+01 3.841401e+01 4.050864e+01 2.531735e+01 2.262355e+01 3.812694e+01 2.071539e+01
<GCONST> 6.429896e+01
<TRANSP> 5
 0.000000e+00 1.000000e+00 0.000000e+00 0.000000e+00 0.000000e+00
 0.000000e+00 9.782066e-01 2.179337e-02 0.000000e+00 0.000000e+00
 0.000000e+00 0.000000e+00 9.922989e-01 7.701096e-03 0.000000e+00
 0.000000e+00 0.000000e+00 0.000000e+00 9.920947e-01 7.905307e-03
 0.000000e+00 0.000000e+00 0.000000e+00 0.000000e+00 0.000000e+00
<ENDHMM>
~h "cm"
<BEGINHMM>
<NUMSTATES> 5
<STATE> 2
<NUMMIXES> 2
<MIXTURE> 1 4.987281e-01
<MEAN> 13
 -1.193293e+01 -1.403048e-01 -2.336664e+00 -4.290662e+00 3.528366e-01 2.140216e+00 1.332235e+00 2.333014e+00 -1.587596e-01 1.101151e+00 1.933900e+00 -1.720056e+00 5.582998e+01
<VARIANCE> 13
 1.717662e+01 1.547820e+01 1.356866e+01 1.409897e+01 1.505922e+01 1.495969e+01 1.161363e+01 1.441937e+01 1.485291e+01 1.552228e+01 1.488406e+01 1.292025e+01 2.114802e+01
<GCONST> 5.901846e+01
<MIXTURE> 2 5.012697e-01
<MEAN> 13
 -1.360335e+01 -5.616662e-01 -3.199618e+00 -5.877664e+00 -1.158918e+00 -8.097708e-01 -3.815351e+00 -2.152699e+00 -3.898842e+00 9.507253e-01 4.094039e+00 8.474588e-01 5.939679e+01
<VARIANCE> 13
 9.048929e+00 1.312119e+01 9.752563e+00 1.108277e+01 1.258416e+01 1.383084e+01 1.310900e+01 1.375434e+01 1.450204e+01 1.737717e+01 1.926774e+01 1.673727e+01 1.375299e+01
<GCONST> 5.763297e+01
<STATE> 3
<NUMMIXES> 2
<MIXTURE> 1 4.267955e-01
<MEAN> 13
 -1.009653e+01 -8.842145e-01 -2.307815e+00 -2.632887e+00 1.220322e+00 1.319209e+00 -6.336970e-01 -6.647977e-01 -3.191138e+00 -1.352339e+00 -5.059291e-02 -2.119283e+00 6.387836e+01
<VARIANCE> 13
 1.226313e+01 1.246884e+01 1.226799e+01 1.168010e+01 1.245420e+01 1.107311e+01 1.365261e+01 1.669807e+01 1.615774e+01 1.474835e+01 1.436449e+01 1.338405e+01 3.259898e+01
<GCONST> 5.845955e+01
<MIXTURE> 2 5.732036e-01
<MEAN> 13
 -7.781332e+00 -1.362674e+00 -4.559956e+00 -5.156929e+00 -2.828698e+00 -3.007167e+00 -4.772199e+00 -3.822690e+00 -5.631088e+00 -2.840786e+00 -2.340567e+00 -2.345058e+00 7.153112e+01
<VARIANCE> 13
 7.816868e+00 1.254076e+01 1.413853e+01 1.600810e+01 1.243004e+01 1.257051e+01 1.343977e+01 1.759768e+01 1.780686e+01 1.633987e+01 1.622574e+01 1.423353e+01 4.603503e+01
<GCONST> 5.936192e+01
<STATE> 4
<NUMMIXES> 2
<MIXTURE> 1 4.772916e-01
<MEAN> 13
 -5.034124e+00 2.575100e+00 -5.162675e-01 -1.554655e+00 1.504099e+00 1.637526e-01 -2.249243e+00 -2.174032e+00 -4.002006e+00 -2.487563e+00 -9.412308e-01 -2.931960e+00 6.042977e+01
<VARIANCE> 13
 1.215129e+01 8.183970e+00 8.869309e+00 8.300542e+00 1.026544e+01 1.198928e+01 1.505281e+01 1.784943e+01 1.698808e+01 1.606299e+01 1.462034e+01 1.320571e+01 4.607518e+01
<GCONST> 5.789963e+01
<MIXTURE> 2 5.227073e-01
<MEAN> 13
 -4.572215e+00 -5.265017e-01 -3.780343e+00 -5.938741e+00 -2.494235e+00 -2.858829e+00 -3.747738e+00 -2.152358e+00 -3.461457e+00 -2.444679e+00 -1.888698e+00 -3.116845e+00 7.192604e+01
<VARIANCE> 13
 3.088780e+00 6.177706e+00 6.140633e+00 8.574878e+00 9.905768e+00 1.016309e+01 1.348472e+01 1.609878e+01 1.496135e+01 1.409857e+01 1.350550e+01 1.150164e+01 2.312133e+01
<GCONST> 5.433496e+01
<TRANSP> 5
 0.000000e+00 1.000000e+00 0.000000e+00 0.000000e+00 0.000000e+00
 0.000000e+00 9.668249e-01 3.317508e-02 0.000000e+00 0.000000e+00
 0.000000e+00 0.000000e+00 9.702731e-01 2.972686e-02 0.000000e+00
 0.000000e+00 0.000000e+00 0.000000e+00 9.820841e-01 1.791593e-02
 0.000000e+00 0.000000e+00 0.000000e+00 0.000000e+00 0.000000e+00
<ENDHMM>
~h "co"
<BEGINHMM>
<NUMSTATES> 5
<STATE> 2
<NUMMIXES> 2
<MIXTURE> 1 2.557091e-01
<MEAN> 13
 -5.477288e+00 -3.303918e+00 6.925098e-01 1.492222e-01 4.233333e-01 2.026268e+00 3.394033e+00 1.600681e+00 1.061074e+00 -1.019350e+00 -1.059840e+00 -3.922214e+00 5.001235e+01
<VARIANCE> 13
 6.869040e+00 1.294661e+01 1.932313e+01 2.321396e+01 1.179009e+01 1.403665e+01 1.827102e+01 1.718314e+01 1.685684e+01 2.026361e+01 1.742824e+01 1.501082e+01 1.399915e+01
<GCONST> 5.938393e+01
<MIXTURE> 2 7.442906e-01
<MEAN> 13
 -4.888405e+00 -7.637599e+00 1.183752e+00 7.911475e-01 -8.500031e+00 -1.483976e+00 -8.966455e+00 -2.747918e+00 -6.419414e-01 -6.715114e+00 -7.465601e+00 -1.071678e+01 6.570596e+01
<VARIANCE> 13
 1.333753e+01 2.136626e+01 2.513516e+01 2.354844e+01 6.323695e+01 4.103670e+01 6.027604e+01 4.178257e+01 3.983627e+01 6.017456e+01 4.216730e+01 3.598905e+01 3.326470e+01
<GCONST> 7.023227e+01
<STATE> 3
<NUMMIXES> 2
<MIXTURE> 1 4.155971e-01
<MEAN> 13
 -8.437306e+00 -5.478065e+00 1.512686e+00 -1.296374e+00 -4.911290e+00 -7.241195e+00 -1.857782e+00 -8.001133e+00 -6.406947e+00 -3.116717e+00 -1.356028e+00 -5.861725e+00 6.602467e+01
<VARIANCE> 13
 2.763766e+01 9.649165e+00 1.571105e+01 1.614639e+01 2.394275e+01 2.603746e+01 4.372318e+01 5.149271e+01 2.905007e+01 2.877336e+01 2.239841e+01 2.866151e+01 5.476573e+01
<GCONST> 6.636512e+01
<MIXTURE> 2 5.843993e-01
<MEAN> 13
 -6.313073e+00 -7.079768e+00 -3.016787e+00 -3.893698e+00 -1.014837e+01 -1.006416e+01 -8.708613e+00 -6.440891e+00 -4.306851e+00 -5.567226e+00 -5.714071e+00 -1.115800e+01 7.087756e+01
<VARIANCE> 13
 8.595304e+00 1.148631e+01 2.026081e+01 2.107024e+01 3.313618e+01 2.682344e+01 4.524308e+01 5.904297e+01 5.217425e+01 4.177292e+01 3.788555e+01 4.024510e+01 2.215074e+01
<GCONST> 6.733581e+01
<STATE> 4
<NUMMIXES> 2
<MIXTURE> 1 4.112649e-01
<MEAN> 13
 -2.658983e+00 1.614979e-01 5.168758e+00 3.030540e+00 2.553994e+00 -1.261186e+00 -2.404798e+00 -4.223257e+00 -4.559015e+00 -3.791408e+00 -3.465446e+00 -7.358668e+00 5.064880e+01
<VARIANCE> 13
 9.587170e+00 1.112570e+01 1.443724e+01 2.114113e+01 1.749412e+01 1.795478e+01 2.361037e+01 3.350851e+01 2.438547e+01 2.054628e+01 2.046006e+01 1.739235e+01 2.211286e+01
<GCONST> 6.189366e+01
<MIXTURE> 2 5.887352e-01
<MEAN> 13
 -4.041142e+00 -5.302619e+00 4.112440e+00 1.748975e+00 -4.589474e+00 -5.953190e+00 -7.467627e+00 -8.072255e+00 -4.958636e+00 -3.720473e+00 -3.587050e+00 -8.755335e+00 6.207154e+01
<VARIANCE> 13
 1.404143e+01 1.549858e+01 1.894096e+01 2.670358e+01 3.553361e+01 2.859414e+01 3.986317e+01 5.143834e+01 3.708430e+01 3.663272e+01 3.674311e+01 2.750975e+01 2.853572e+01
<GCONST> 6.753459e+01
<TRANSP> 5
 0.000000e+00 1.000000e+00 0.000000e+00 0.000000e+00 0.000000e+00
 0.000000e+00 9.531887e-01 4.681133e-02 0.000000e+00 0.000000e+00
 0.000000e+00 0.000000e+00 9.812829e-01 1.871709e-02 0.000000e+00
 0.000000e+00 0.000000e+00 0.000000e+00 9.795353e-01 2.046474e-02
 0.000000e+00 0.000000e+00 0.000000e+00 0.000000e+00 0.000000e+00
<ENDHMM>
~h "ds"
<BEGINHMM>
<NUMSTATES> 5
<STATE> 2
<NUMMIXES> 2
<MIXTURE> 1 6.255841e-01
<MEAN> 13
 -1.214678e+01 6.487008e-01 1.236142e+00 1.146933e+00 1.963244e+00 -4.649503e-01 3.526026e+00 -2.950159e+00 8.455256e-01 1.568076e+00 4.001132e+00 -7.643632e-01 6.360417e+01
<VARIANCE> 13
 1.203447e+01 8.459762e+00 8.067450e+00 1.020017e+01 1.406315e+01 1.368404e+01 2.160898e+01 2.303717e+01 2.357340e+01 1.810188e+01 1.815100e+01 1.781944e+01 5.372298e+01
<GCONST> 6.021474e+01
<MIXTURE> 2 3.744153e-01
<MEAN> 13
 -1.715732e+01 -4.578735e-01 -2.447565e+00 -2.698093e+00 -4.354093e+00 -3.933674e+00 2.217511e+00 -2.180315e+00 1.165097e+00 3.112939e+00 4.417888e+00 5.100266e-01 6.904260e+01
<VARIANCE> 13
 8.688731e+00 9.006176e+00 7.210898e+00 1.257334e+01 1.588877e+01 1.664614e+01 2.312698e+01 2.857016e+01 1.960550e+01 1.907950e+01 1.502721e+01 1.315427e+01 1.316656e+02
<GCONST> 6.092197e+01
<STATE> 3
<NUMMIXES> 2
<MIXTURE> 1 5.608131e-01
<MEAN> 13
 -9.900150e+00 4.504996e+00 5.040517e+00 6.610571e+00 7.113924e+00 4.010262e+00 7.587007e+00 -2.778036e-01 3.584282e+00 2.224461e+00 4.224229e+00 1.166420e+00 6.688700e+01
<VARIANCE> 13
 1.452547e+01 4.985835e+00 5.739508e+00 5.786200e+00 8.489829e+00 1.015651e+01 1.016656e+01 1.197731e+01 1.336316e+01 1.241940e+01 1.243703e+01 1.160198e+01 4.435040e+01
<GCONST> 5.481260e+01
<MIXTURE> 2 4.391856e-01
<MEAN> 13
 -7.482393e+00 5.532262e+00 4.810412e+00 4.523123e+00 4.848748e+00 1.498155e+00 4.465989e+00 -3.067114e+00 2.600792e-01 -9.428453e-01 1.137086e+00 -1.639114e+00 6.681758e+01
<VARIANCE> 13
 1.137617e+01 1.197305e+01 8.756941e+00 8.593873e+00 1.158596e+01 1.426889e+01 1.223699e+01 1.244945e+01 1.365846e+01 1.331015e+01 1.260446e+01 1.152848e+01 8.091551e+01
<GCONST> 5.783666e+01
<STATE> 4
<NUMMIXES> 2
<MIXTURE> 1 2.705971e-01
<MEAN> 13
 -1.002668e+01 3.362658e+00 5.379552e+00 3.156521e+00 5.122820e+00 3.531600e+00 4.461010e+00 -6.234558e-01 2.774786e+00 -1.649307e+00 3.217680e+00 -2.100471e-02 5.832138e+01
<VARIANCE> 13
 1.819066e+01 1.207569e+01 1.479480e+01 1.899855e+01 2.332715e+01 2.815613e+01 3.980092e+01 2.062629e+01 3.294870e+01 3.843615e+01 2.225094e+01 1.736436e+01 1.013855e+02
<GCONST> 6.584067e+01
<MIXTURE> 2 7.294016e-01
<MEAN> 13
 -9.699746e+00 6.152115e-01 8.009564e-01 -5.027029e-01 2.050356e+00 -3.932423e-01 2.202021e+00 -1.095903e+00 -7.042145e-01 -2.075432e-01 1.558204e+00 -2.203296e+00 5.303035e+01
<VARIANCE> 13
 1.473596e+01 9.580635e+00 1.159212e+01 1.228005e+01 1.548271e+01 1.624101e+01 1.777124e+01 1.866332e+01 1.900135e+01 1.736933e+01 1.607622e+01 1.633907e+01 2.201823e+01
<GCONST> 5.959413e+01
<TRANSP> 5
 0.000000e+00 1.000000e+00 0.000000e+00 0.000000e+00 0.000000e+00
 0.000000e+00 9.695619e-01 3.043813e-02 0.000000e+00 0.000000e+00
 0.000000e+00 0.000000e+00 9.088845e-01 9.111546e-02 0.000000e+00
 0.000000e+00 0.000000e+00 0.000000e+00 9.926095e-01 7.390497e-03
 0.000000e+00 0.000000e+00 0.000000e+00 0.000000e+00 0.000000e+00
<ENDHMM>
~h "kj"
<BEGINHMM>
<NUMSTATES> 5
<STATE> 2
<NUMMIXES> 2
<MIXTURE> 1 5.343795e-01
<MEAN> 13
 -1.955633e+01 4.871480e+00 9.262152e-01 -3.365879e+00 -4.980847e-01 6.269036e+00 8.366523e-01 4.804544e+00 1.132728e+00 -7.281578e-01 2.620622e+00 -5.929612e-01 5.538151e+01
<VARIANCE> 13
 2.085132e+01 1.419671e+01 8.844190e+00 1.164156e+01 1.342717e+01 2.380307e+01 2.452431e+01 1.591492e+01 1.428735e+01 2.003211e+01 1.527126e+01 1.398123e+01 1.802232e+01
<GCONST> 5.986319e+01
<MIXTURE> 2 4.656203e-01
<MEAN> 13
 -1.832737e+01 6.558269e-01 -1.951768e-01 -3.375422e+00 -1.314813e+00 3.678536e+00 1.967003e+00 3.411909e-01 -1.397341e+00 3.793249e-01 7.177137e-01 -1.629952e+00 5.708025e+01
<VARIANCE> 13
 4.363737e+01 1.757806e+01 1.948779e+01 1.622673e+01 2.078189e+01 3.643110e+01 2.296021e+01 1.822159e+01 1.733484e+01 2.132442e+01 1.640879e+01 1.505081e+01 3.329852e+01
<GCONST> 6.388462e+01
<STATE> 3
<NUMMIXES> 2
<MIXTURE> 1 6.178689e-01
<MEAN> 13
 -1.434245e+01 -2.657236e+00 -4.326500e+00 8.980966e-01 -6.541457e-01 -2.819502e+00 2.605805e-01 -2.090574e+00 -1.720320e+00 2.095875e+00 7.717316e-01 -9.846222e-01 5.757585e+01
<VARIANCE> 13
 1.202285e+01 2.086567e+01 1.507993e+01 1.521436e+01 1.491930e+01 1.531293e+01 1.692282e+01 1.760260e+01 1.793895e+01 1.689430e+01 1.652621e+01 1.369424e+01 1.655768e+01
<GCONST> 5.992371e+01
<MIXTURE> 2 3.821319e-01
<MEAN> 13
 -1.697433e+01 -9.988607e+00 -4.134676e+00 -2.616111e+00 -2.321543e+00 -5.645929e+00 -4.330149e+00 -5.205989e+00 -3.827163e+00 -2.806363e-01 4.699981e-01 -2.719946e-01 6.949542e+01
<VARIANCE> 13
 1.345477e+01 1.671976e+01 8.670675e+00 1.261277e+01 1.537560e+01 1.513834e+01 1.665530e+01 1.580428e+01 1.719348e+01 1.508728e+01 1.473217e+01 1.414565e+01 4.351289e+01
<GCONST> 5.969688e+01
<STATE> 4
<NUMMIXES> 2
<MIXTURE> 1 7.505000e-01
<MEAN> 13
 -2.373650e+01 3.450243e+00 2.632604e+00 3.599068e+00 -2.770621e+00 -2.674490e-01 7.973671e+00 3.344747e-01 -3.571060e+00 4.368712e+00 6.946246e-01 -3.193110e+00 5.571333e+01
<VARIANCE> 13
 1.417103e+01 1.789403e+01 1.485285e+01 1.772020e+01 1.545138e+01 1.731021e+01 2.070929e+01 1.933121e+01 2.103095e+01 2.511996e+01 1.794780e+01 1.885813e+01 1.236973e+01
<GCONST> 6.119158e+01
<MIXTURE> 2 2.495028e-01
<MEAN> 13
 -1.317807e+01 -4.259340e+00 -3.550934e+00 -6.526216e-01 -1.783086e+00 -3.302840e+00 -2.204660e-01 -2.249836e+00 -2.377409e+00 1.026113e+00 3.352839e-01 -1.062106e+00 5.877999e+01
<VARIANCE> 13
 2.380356e+01 6.270195e+01 1.760851e+01 1.440556e+01 2.261152e+01 2.480903e+01 2.384273e+01 2.338502e+01 1.792135e+01 1.941708e+01 1.702816e+01 1.482373e+01 9.584850e+01
<GCONST> 6.533588e+01
<TRANSP> 5
 0.000000e+00 1.000000e+00 0.000000e+00 0.000000e+00 0.000000e+00
 0.000000e+00 9.917691e-01 8.230848e-03 0.000000e+00 0.000000e+00
 0.000000e+00 0.000000e+00 9.728905e-01 2.710948e-02 0.000000e+00
 0.000000e+00 0.000000e+00 0.000000e+00 9.936119e-01 6.388133e-03
 0.000000e+00 0.000000e+00 0.000000e+00 0.000000e+00 0.000000e+00
<ENDHMM>
~h "kn"
<BEGINHMM>
<NUMSTATES> 5
<STATE> 2
<NUMMIXES> 2
<MIXTURE> 1 5.205082e-01
<MEAN> 13
 5.153607e+00 1.283981e+00 -5.266645e+00 -1.948201e+00 1.675532e+00 -1.631424e+00 5.359813e-01 -3.044952e+00 3.266096e+00 2.310829e+00 3.386268e+00 -9.269509e-02 5.864244e+01
<VARIANCE> 13
 1.102996e+01 1.820949e+01 1.197627e+01 1.113112e+01 1.182487e+01 1.979315e+01 1.858827e+01 1.823579e+01 1.703098e+01 1.629601e+01 1.390207e+01 1.542369e+01 2.385636e+01
<GCONST> 5.953504e+01
<MIXTURE> 2 4.794911e-01
<MEAN> 13
 2.196248e+00 2.718565e+00 -2.050247e+00 -2.360856e+00 2.134531e+00 1.155879e-01 6.609781e-01 -4.948631e+00 -1.588277e+00 -1.473749e+00 -7.501188e-01 -3.683210e+00 5.563731e+01
<VARIANCE> 13
 2.450687e+01 1.690157e+01 2.215926e+01 8.939393e+00 2.104766e+01 1.946694e+01 2.562337e+01 3.616875e+01 1.754032e+01 2.217912e+01 1.614958e+01 1.378064e+01 5.853489e+01
<GCONST> 6.349313e+01
<STATE> 3
<NUMMIXES> 2
<MIXTURE> 1 4.808164e-01
<MEAN> 13
 4.230148e+00 -6.631337e-01 -1.410527e+00 2.817967e+00 7.007070e+00 1.348984e+00 4.527400e+00 -2.132596e+00 1.096168e+00 9.012116e-02 2.002757e+00 -7.196068e-01 6.246889e+01
<VARIANCE> 13
 8.648182e+00 1.191354e+01 9.588570e+00 1.170519e+01 1.338640e+01 1.801170e+01 1.775925e+01 1.371603e+01 1.642663e+01 1.791413e+01 1.645267e+01 1.529884e+01 2.339059e+01
<GCONST> 5.859385e+01
<MIXTURE> 2 5.191818e-01
<MEAN> 13
 6.118917e+00 -3.335076e+00 -3.148182e+00 1.506385e+00 3.357623e+00 -3.338258e+00 8.797399e-01 -6.089586e+00 -2.530398e+00 -2.540331e+00 1.744720e-01 -2.782381e+00 6.190558e+01
<VARIANCE> 13
 7.920834e+00 2.263992e+01 1.372741e+01 1.237167e+01 1.705812e+01 1.946878e+01 1.726311e+01 2.324070e+01 1.925366e+01 1.976886e+01 1.710451e+01 1.776941e+01 2.726440e+01
<GCONST> 6.098055e+01
<STATE> 4
<NUMMIXES> 2
<MIXTURE> 1 5.666584e-01
<MEAN> 13
 7.715551e+00 1.644024e+00 -1.881781e+00 2.303879e+00 6.647319e+00 1.501474e+00 1.699672e+00 -2.118347e+00 -2.290956e+00 -2.271887e+00 -3.325685e-01 -3.388530e+00 5.472957e+01
<VARIANCE> 13
 9.536258e+00 1.045276e+01 1.248899e+01 8.281699e+00 1.470103e+01 1.737066e+01 1.721225e+01 2.176541e+01 1.824749e+01 1.439960e+01 1.050865e+01 1.213495e+01 1.651008e+01
<GCONST> 5.782540e+01
<MIXTURE> 2 4.333389e-01
<MEAN> 13
 1.970941e+00 5.258034e+00 2.697545e+00 -4.812856e-01 4.491494e+00 2.844878e+00 4.955278e-01 -1.032725e-01 -4.019113e+00 -1.908661e+00 -2.008874e-01 -3.210867e+00 4.740535e+01
<VARIANCE> 13
 1.615036e+01 1.754766e+01 1.067668e+01 1.123398e+01 1.917921e+01 1.484440e+01 1.519403e+01 2.087724e+01 1.799464e+01 1.866005e+01 1.595183e+01 1.510320e+01 1.291465e+01
<GCONST> 5.959658e+01
<TRANSP> 5
 0.000000e+00 1.000000e+00 0.000000e+00 0.000000e+00 0.000000e+00
 0.000000e+00 9.625558e-01 3.744425e-02 0.000000e+00 0.000000e+00
 0.000000e+00 0.000000e+00 9.776074e-01 2.239263e-02 0.000000e+00
 0.000000e+00 0.000000e+00 0.000000e+00 9.617832e-01 3.821684e-02
 0.000000e+00 0.000000e+00 0.000000e+00 0.000000e+00 0.000000e+00
<ENDHMM>
~h "kt"
<BEGINHMM>
<NUMSTATES> 5
<STATE> 2
<NUMMIXES> 2
<MIXTURE> 1 5.815605e-01
<MEAN> 13
 -9.392621e+00 1.346543e-01 -6.670333e+00 -7.798392e-01 2.185376e+00 3.120827e+00 5.934854e+00 1.025792e+00 8.482059e-01 1.140082e+00 2.197039e+00 -1.359953e+00 5.384179e+01
<VARIANCE> 13
 7.375740e+00 4.907848e+00 5.696842e+00 7.023270e+00 9.101254e+00 1.023435e+01 1.162780e+01 1.289578e+01 1.304124e+01 1.329790e+01 1.252771e+01 1.214908e+01 6.655219e+00
<GCONST> 5.279135e+01
<MIXTURE> 2 4.184388e-01
<MEAN> 13
 -1.329748e+01 1.380096e-01 -6.221937e+00 -1.531977e+00 4.101673e-01 -1.221129e+00 2.941773e+00 1.497663e-01 1.584819e+00 4.695280e-01 7.428282e-01 -1.222957e+00 5.838641e+01
<VARIANCE> 13
 1.638018e+01 8.177705e+00 1.003270e+01 1.589845e+01 1.438429e+01 1.627495e+01 1.784801e+01 2.017685e+01 2.167978e+01 1.798921e+01 1.570858e+01 1.466216e+01 2.203246e+01
<GCONST> 5.970230e+01
<STATE> 3
<NUMMIXES> 2
<MIXTURE> 1 5.943113e-01
<MEAN> 13
 -1.072154e+01 3.474348e+00 -2.452321e+00 1.418182e+00 1.808041e+00 -6.862963e-01 3.568462e+00 1.910940e+00 6.761013e-01 -2.738756e-01 5.830282e-01 -1.596145e+00 5.028550e+01
<VARIANCE> 13
 4.925137e+00 4.781521e+00 7.465093e+00 9.455063e+00 1.032796e+01 1.131345e+01 1.342352e+01 1.550310e+01 1.499729e+01 1.543598e+01 1.331905e+01 1.203247e+01 8.256711e+00
<GCONST> 5.403960e+01
<MIXTURE> 2 4.056876e-01
<MEAN> 13
 -1.379469e+01 3.168444e+00 -3.724840e+00 2.434244e-01 -2.597760e-01 -3.971099e+00 1.392715e+00 2.632741e-01 -6.889506e-01 -1.238609e+00 -1.553943e+00 -1.691557e+00 5.586921e+01
<VARIANCE> 13
 6.100166e+00 7.439334e+00 9.220645e+00 1.363398e+01 1.595905e+01 1.752367e+01 1.966192e+01 1.789912e+01 2.027219e+01 2.310885e+01 1.980787e+01 1.597193e+01 1.459454e+01
<GCONST> 5.862555e+01
<STATE> 4
<NUMMIXES> 2
<MIXTURE> 1 5.887225e-01
<MEAN> 13
 -8.585152e+00 3.416283e+00 -1.757216e+00 1.507190e-01 1.652991e+00 1.153284e+00 3.616895e+00 3.094484e+00 8.586511e-01 -8.335607e-02 8.665643e-01 -2.236952e+00 4.680070e+01
<VARIANCE> 13
 5.045191e+00 5.193493e+00 8.669690e+00 8.549700e+00 1.129324e+01 1.095544e+01 1.397318e+01 1.371218e+01 1.462441e+01 1.458214e+01 1.324742e+01 1.177499e+01 4.003456e+00
<GCONST> 5.333687e+01
<MIXTURE> 2 4.112761e-01
<MEAN> 13
 -1.098610e+01 2.580805e+00 -3.394425e+00 -5.762991e-01 -1.545039e+00 -1.833039e+00 2.299388e+00 9.364617e-01 4.403050e-01 2.755390e-01 2.672540e-01 -1.996467e+00 5.133088e+01
<VARIANCE> 13
 1.302603e+01 1.489451e+01 1.374653e+01 1.556244e+01 1.976015e+01 1.862878e+01 2.052546e+01 2.004652e+01 2.145482e+01 2.174703e+01 1.776666e+01 1.501369e+01 1.196372e+01
<GCONST> 6.066768e+01
<TRANSP> 5
 0.000000e+00 1.000000e+00 0.000000e+00 0.000000e+00 0.000000e+00
 0.000000e+00 9.916644e-01 8.335619e-03 0.000000e+00 0.000000e+00
 0.000000e+00 0.000000e+00 9.873331e-01 1.266690e-02 0.000000e+00
 0.000000e+00 0.000000e+00 0.000000e+00 9.923618e-01 7.638238e-03
 0.000000e+00 0.000000e+00 0.000000e+00 0.000000e+00 0.000000e+00
<ENDHMM>
~h "pr"
<BEGINHMM>
<NUMSTATES> 5
<STATE> 2
<NUMMIXES> 2
<MIXTURE> 1 4.964978e-01
<MEAN> 13
 -1.897106e+01 -1.055932e+01 4.181963e+00 -4.796450e+00 9.535520e+00 -1.564566e+00 2.954729e+00 5.056961e+00 -2.987307e-01 -4.893029e+00 -5.024937e-01 5.636239e+00 6.002057e+01
<VARIANCE> 13
 2.351804e+01 2.258736e+01 2.441122e+01 4.421498e+01 4.118669e+01 8.973093e+01 4.545400e+01 6.328262e+01 7.096119e+01 3.609710e+01 6.950858e+01 5.443795e+01 1.002787e+01
<GCONST> 7.172313e+01
<MIXTURE> 2 5.035021e-01
<MEAN> 13
 -1.278034e+01 -8.011299e+00 -2.969589e+00 -4.950967e+00 -4.541636e+00 -3.602324e-01 1.050320e+01 1.157658e+00 7.290809e-01 3.763133e-01 1.987292e+00 -4.116029e+00 5.972577e+01
<VARIANCE> 13
 2.003178e+01 3.834289e+01 2.550345e+01 2.971463e+01 4.862628e+01 4.512274e+01 6.211418e+01 6.629349e+01 3.903731e+01 2.704192e+01 2.856759e+01 3.706104e+01 1.472817e+01
<GCONST> 6.979987e+01
<STATE> 3
<NUMMIXES> 2
<MIXTURE> 1 6.181310e-01
<MEAN> 13
 -2.216679e+01 5.824711e+00 1.719745e+01 -1.421627e+01 1.139937e+00 1.386911e+01 -5.172018e+00 -6.974339e+00 1.315540e+01 -8.720203e+00 -6.154701e+00 7.821173e+00 5.456596e+01
<VARIANCE> 13
 7.025345e+00 6.436447e+00 7.948558e+00 1.074607e+01 1.521557e+01 1.722368e+01 1.566491e+01 1.750089e+01 1.842027e+01 2.059754e+01 2.268145e+01 1.315768e+01 3.356156e+00
<GCONST> 5.618169e+01
<MIXTURE> 2 3.818703e-01
<MEAN> 13
 -1.690715e+01 5.919655e-01 1.896675e+01 -1.905633e+01 5.243202e+00 1.028976e+01 -7.244348e+00 -2.089974e+00 8.306290e+00 -1.935478e+00 -1.130504e+01 1.049765e+01 5.154658e+01
<VARIANCE> 13
 1.081783e+01 1.839783e+01 2.606418e+01 5.303476e+01 3.279707e+01 2.805705e+01 2.000446e+01 4.276377e+01 2.610314e+01 4.333872e+01 2.975883e+01 3.126566e+01 1.519031e+01
<GCONST> 6.658097e+01
<STATE> 4
<NUMMIXES> 2
<MIXTURE> 1 5.800557e-01
<MEAN> 13
 -9.436357e+00 7.188291e-01 6.378228e+00 -6.934008e+00 6.633154e+00 -6.156936e-01 -2.858353e-01 6.721481e+00 4.179161e-01 2.200892e-01 -5.630194e+00 4.665503e+00 4.641919e+01
<VARIANCE> 13
 1.423221e+01 9.305729e+00 3.882387e+01 5.210891e+01 3.030309e+01 9.174834e+01 2.604786e+01 4.908807e+01 2.346134e+01 2.622336e+01 5.014370e+01 6.015012e+01 1.020097e+01
<GCONST> 6.823099e+01
<MIXTURE> 2 4.199474e-01
<MEAN> 13
 -1.585787e+01 -4.941795e+00 8.633801e+00 -9.989604e+00 1.888590e+00 8.961679e+00 -3.687267e-02 -1.134918e+00 5.307969e+00 -3.724649e+00 7.201366e-01 2.146275e+00 5.397609e+01
<VARIANCE> 13
 4.098253e+01 7.359818e+01 8.192263e+01 7.565701e+01 5.121514e+01 9.750812e+01 4.481451e+01 4.669711e+01 9.905544e+01 7.832443e+01 1.033529e+02 6.023278e+01 1.405465e+01
<GCONST> 7.713420e+01
<TRANSP> 5
 0.000000e+00 1.000000e+00 0.000000e+00 0.000000e+00 0.000000e+00
 0.000000e+00 9.941527e-01 5.847301e-03 0.000000e+00 0.000000e+00
 0.000000e+00 0.000000e+00 9.828568e-01 1.714322e-02 0.000000e+00
 0.000000e+00 0.000000e+00 0.000000e+00 9.928907e-01 7.109317e-03
 0.000000e+00 0.000000e+00 0.000000e+00 0.000000e+00 0.000000e+00
<ENDHMM>
~h "pw"
<BEGINHMM>
<NUMSTATES> 5
<STATE> 2
<NUMMIXES> 2
<MIXTURE> 1 5.761666e-01
<MEAN> 13
 -1.190918e+01 1.524267e-01 6.346833e-02 -1.269150e-01 1.565930e+00 -2.982579e-01 3.795040e+00 1.499189e+00 6.169063e-02 1.486805e+00 4.335570e-01 -7.988877e-01 5.048257e+01
<VARIANCE> 13
 1.287141e+01 1.174339e+01 8.569407e+00 1.095197e+01 1.273645e+01 1.293362e+01 1.331717e+01 1.483653e+01 1.546463e+01 1.481054e+01 1.381044e+01 1.272455e+01 1.150624e+01
<GCONST> 5.688861e+01
<MIXTURE> 2 4.238325e-01
<MEAN> 13
 -1.404286e+01 -6.122008e+00 -1.984133e+00 -9.607260e-01 1.105743e-01 -4.052672e+00 4.659127e-01 -2.821359e+00 -2.063938e+00 8.442015e-02 -5.114125e-02 -6.912607e-01 5.885835e+01
<VARIANCE> 13
 2.087699e+01 2.218512e+01 1.421745e+01 1.430481e+01 1.804847e+01 2.047655e+01 1.841562e+01 2.110861e+01 1.808795e+01 1.664293e+01 1.585781e+01 1.460027e+01 3.249368e+01
<GCONST> 6.185373e+01
<STATE> 3
<NUMMIXES> 2
<MIXTURE> 1 5.183640e-01
<MEAN> 13
 -9.610084e+00 -2.578053e+00 -3.325205e-01 5.058675e-01 2.802723e+00 -1.422234e+00 1.217256e+00 -2.176456e+00 -2.791232e+00 -2.665517e-02 -7.097406e-02 -6.454929e-01 5.212893e+01
<VARIANCE> 13
 1.365121e+01 2.138328e+01 1.141687e+01 9.078611e+00 1.161849e+01 1.399440e+01 1.685937e+01 2.034979e+01 1.830056e+01 1.487370e+01 1.292825e+01 1.233838e+01 2.698292e+01
<GCONST> 5.911294e+01
<MIXTURE> 2 4.816365e-01
<MEAN> 13
 -1.053556e+01 -8.933895e+00 -3.880097e+00 -2.385544e+00 -1.214466e+00 -7.317168e+00 -2.835704e+00 -7.420169e+00 -4.593826e+00 -1.732705e+00 -5.757553e-01 -8.920079e-01 6.757853e+01
<VARIANCE> 13
 1.911146e+01 1.762374e+01 1.245252e+01 1.192606e+01 1.580997e+01 1.546992e+01 1.688398e+01 1.725554e+01 1.817246e+01 1.701702e+01 1.492847e+01 1.300385e+01 4.994776e+01
<GCONST> 6.080024e+01
<STATE> 4
<NUMMIXES> 2
<MIXTURE> 1 5.999138e-01
<MEAN> 13
 -9.852226e+00 -2.605506e+00 -4.093647e+00 -2.267275e+00 1.694258e+00 2.702102e+00 5.441712e+00 5.314519e-01 -4.050937e-01 1.114117e+00 7.718603e-01 -1.214104e+00 5.392527e+01
<VARIANCE> 13
 1.217840e+01 6.853220e+00 6.956260e+00 7.985642e+00 9.862691e+00 1.106091e+01 1.210103e+01 1.414435e+01 1.375686e+01 1.335277e+01 1.294112e+01 1.204657e+01 6.574367e+00
<GCONST> 5.431448e+01
<MIXTURE> 2 4.000951e-01
<MEAN> 13
 -1.399165e+01 -6.191246e+00 -2.143856e+00 -1.596681e+00 -8.819218e-01 -3.078103e+00 1.021559e+00 -2.711074e+00 -2.009143e+00 -1.235223e+00 -8.115333e-02 -6.382957e-01 6.133381e+01
<VARIANCE> 13
 1.536796e+01 1.392606e+01 1.179315e+01 1.251863e+01 1.604341e+01 1.737117e+01 1.911764e+01 2.229710e+01 1.984905e+01 1.712294e+01 1.530371e+01 1.379733e+01 2.670458e+01
<GCONST> 6.040435e+01
<TRANSP> 5
 0.000000e+00 1.000000e+00 0.000000e+00 0.000000e+00 0.000000e+00
 0.000000e+00 9.974515e-01 2.548511e-03 0.000000e+00 0.000000e+00
 0.000000e+00 0.000000e+00 9.831904e-01 1.680961e-02 0.000000e+00
 0.000000e+00 0.000000e+00 0.000000e+00 9.935974e-01 6.402580e-03
 0.000000e+00 0.000000e+00 0.000000e+00 0.000000e+00 0.000000e+00
<ENDHMM>
~h "si"
<BEGINHMM>
<NUMSTATES> 5
<STATE> 2
<NUMMIXES> 2
<MIXTURE> 1 6.715924e-01
<MEAN> 13
 -8.130614e+00 1.923865e+00 5.947516e-01 -7.858720e-01 1.488456e+00 1.601692e+00 3.606095e+00 2.250623e+00 4.769734e-01 7.829741e-01 8.621043e-01 -1.940221e+00 4.710268e+01
<VARIANCE> 13
 1.204312e+01 6.041052e+00 8.584539e+00 9.925419e+00 1.367585e+01 1.283365e+01 1.374901e+01 1.522389e+01 1.523079e+01 1.467285e+01 1.333479e+01 1.239710e+01 9.954831e+00
<GCONST> 5.595129e+01
<MIXTURE> 2 3.284412e-01
<MEAN> 13
 -1.077798e+01 -1.896269e+00 1.798668e-01 -2.022566e+00 -5.287378e-01 -1.497831e+00 1.274297e+00 -1.107309e+00 -8.237650e-01 -5.870809e-02 5.960505e-01 -1.312909e+00 5.457965e+01
<VARIANCE> 13
 3.202313e+01 2.744834e+01 2.275443e+01 2.287496e+01 3.017056e+01 2.459477e+01 2.840650e+01 2.920061e+01 2.658038e+01 2.332817e+01 2.284852e+01 2.156876e+01 3.518939e+01
<GCONST> 6.644689e+01
<STATE> 3
<NUMMIXES> 2
<MIXTURE> 1 5.230514e-01
<MEAN> 13
 -3.128289e+00 -4.446438e+00 -3.786275e+00 -3.015154e+00 2.603935e+00 5.150582e+00 5.556601e+00 1.453467e+00 -6.086354e-01 1.467381e+00 1.487204e+00 -2.520030e+00 4.972887e+01
<VARIANCE> 13
 3.005083e+00 3.801585e+00 4.891253e+00 6.110956e+00 8.097417e+00 9.194487e+00 1.066226e+01 1.229403e+01 1.256154e+01 1.262445e+01 1.208010e+01 1.095832e+01 1.074480e+00
<GCONST> 4.893541e+01
<MIXTURE> 2 4.769384e-01
<MEAN> 13
 -5.776937e+00 -2.991930e+00 -3.617762e+00 -3.659549e+00 -6.486938e-01 1.383270e+00 2.544670e+00 -5.520964e-01 -5.496821e-01 8.904137e-01 8.412976e-01 -2.573282e+00 5.279173e+01
<VARIANCE> 13
 1.445796e+01 1.314583e+01 1.114837e+01 1.297360e+01 1.707523e+01 1.783820e+01 1.884341e+01 1.954398e+01 2.007896e+01 1.896300e+01 1.820859e+01 1.692119e+01 9.073904e+00
<GCONST> 5.961979e+01
<STATE> 4
<NUMMIXES> 2
<MIXTURE> 1 6.824815e-01
<MEAN> 13
 -5.265434e+00 2.295602e+00 1.427306e+00 -2.112151e+00 2.957543e+00 2.632469e+00 2.304525e+00 4.382008e+00 -6.823664e-01 2.018815e-01 1.061383e+00 -2.723308e+00 4.296713e+01
<VARIANCE> 13
 3.082252e+00 3.566258e+00 6.609365e+00 8.244832e+00 1.241681e+01 1.142132e+01 1.325546e+01 1.392861e+01 1.410463e+01 1.484261e+01 1.274386e+01 1.164907e+01 1.765345e+00
<GCONST> 5.137317e+01
<MIXTURE> 2 3.175818e-01
<MEAN> 13
 -7.206370e+00 6.419832e-01 7.568421e-01 -2.170700e+00 -6.015265e-01 -3.438620e-01 1.766146e+00 9.983363e-01 1.531210e-01 1.221682e+00 3.981337e-01 -2.005784e+00 4.716626e+01
<VARIANCE> 13
 1.858219e+01 1.532410e+01 1.581061e+01 1.612715e+01 2.130233e+01 2.057989e+01 2.226533e+01 2.353117e+01 2.169488e+01 2.185485e+01 2.010860e+01 1.735301e+01 1.343309e+01
<GCONST> 6.204384e+01
<TRANSP> 5
 0.000000e+00 1.000000e+00 0.000000e+00 0.000000e+00 0.000000e+00
 0.000000e+00 9.898731e-01 1.012692e-02 0.000000e+00 0.000000e+00
 0.000000e+00 0.000000e+00 9.826485e-01 1.735147e-02 0.000000e+00
 0.000000e+00 0.000000e+00 0.000000e+00 9.916594e-01 8.340616e-03
 0.000000e+00 0.000000e+00 0.000000e+00 0.000000e+00 0.000000e+00
<ENDHMM>
~h "st"
<BEGINHMM>
<NUMSTATES> 5
<STATE> 2
<NUMMIXES> 2
<MIXTURE> 1 6.081647e-01
<MEAN> 13
 -1.020661e+01 -1.633455e-01 -2.019294e-03 -1.954986e+00 1.228835e-01 2.213879e-01 3.202250e+00 -6.499220e-01 -1.247015e+00 -1.223397e+00 9.021745e-01 -2.199145e+00 5.424255e+01
<VARIANCE> 13
 1.761288e+01 8.766599e+00 1.094272e+01 1.288431e+01 1.376743e+01 1.508343e+01 1.549890e+01 1.630414e+01 1.744102e+01 1.701038e+01 1.483146e+01 1.337867e+01 1.018353e+01
<GCONST> 5.805259e+01
<MIXTURE> 2 3.918297e-01
<MEAN> 13
 -8.291876e+00 -5.588428e+00 6.343335e-02 -7.177324e+00 -3.393038e+00 -4.020871e+00 8.837662e-01 -1.638192e+00 -2.278366e+00 -2.123086e+00 2.131497e-01 -2.909408e+00 6.330924e+01
<VARIANCE> 13
 1.751907e+01 2.334209e+01 1.505491e+01 1.863871e+01 1.967793e+01 2.373433e+01 2.380563e+01 2.183159e+01 2.200893e+01 2.096703e+01 1.832850e+01 1.586708e+01 3.391484e+01
<GCONST> 6.327356e+01
<STATE> 3
<NUMMIXES> 2
<MIXTURE> 1 5.628731e-01
<MEAN> 13
 -4.911924e+00 -2.939474e+00 -3.911072e+00 -3.607241e+00 8.865345e-01 2.392484e+00 3.986375e+00 4.597155e-01 -6.057133e-01 1.028314e+00 1.233388e+00 -2.691244e+00 5.214238e+01
<VARIANCE> 13
 3.426781e+00 5.400112e+00 7.274392e+00 8.501862e+00 1.146657e+01 1.245361e+01 1.339531e+01 1.484208e+01 1.476931e+01 1.448095e+01 1.413312e+01 1.257188e+01 2.827350e+00
<GCONST> 5.277362e+01
<MIXTURE> 2 4.371292e-01
<MEAN> 13
 -8.104803e+00 -4.866123e+00 -1.386276e+00 -7.960109e+00 -2.543655e+00 -3.668057e+00 4.832764e-01 -3.987508e-02 -5.208001e-01 -2.880431e-01 1.209504e+00 -2.204141e+00 5.941151e+01
<VARIANCE> 13
 1.678689e+01 1.927751e+01 1.714322e+01 2.144946e+01 2.344380e+01 2.032843e+01 2.000768e+01 2.232924e+01 2.086884e+01 2.038592e+01 1.682641e+01 1.586578e+01 2.767957e+01
<GCONST> 6.280879e+01
<STATE> 4
<NUMMIXES> 2
<MIXTURE> 1 5.894563e-01
<MEAN> 13
 -9.748508e+00 1.630471e+00 9.243400e-01 -8.041950e-01 1.977594e+00 9.725195e-01 3.141975e+00 1.380681e+00 3.562916e-01 3.804203e-02 7.752120e-01 -2.133804e+00 4.888864e+01
<VARIANCE> 13
 1.008634e+01 5.640876e+00 7.546759e+00 9.520315e+00 1.032941e+01 1.134472e+01 1.281888e+01 1.543952e+01 1.546785e+01 1.475673e+01 1.336312e+01 1.211388e+01 1.072910e+01
<GCONST> 5.515004e+01
<MIXTURE> 2 4.105397e-01
<MEAN> 13
 -1.079354e+01 -1.148624e-01 7.819331e-01 -5.301980e+00 -2.376508e+00 -3.487671e+00 2.226541e-01 -1.058680e+00 1.239860e-01 -2.503386e-01 6.832931e-01 -2.392487e+00 5.683539e+01
<VARIANCE> 13
 1.973880e+01 1.247618e+01 1.659176e+01 1.772781e+01 1.536495e+01 2.022279e+01 2.165608e+01 2.391303e+01 2.095143e+01 1.859633e+01 1.676725e+01 1.524634e+01 4.405785e+01
<GCONST> 6.236590e+01
<TRANSP> 5
 0.000000e+00 1.000000e+00 0.000000e+00 0.000000e+00 0.000000e+00
 0.000000e+00 9.807714e-01 1.922860e-02 0.000000e+00 0.000000e+00
 0.000000e+00 0.000000e+00 9.870538e-01 1.294624e-02 0.000000e+00
 0.000000e+00 0.000000e+00 0.000000e+00 9.909782e-01 9.021832e-03
 0.000000e+00 0.000000e+00 0.000000e+00 0.000000e+00 0.000000e+00
<ENDHMM>
~h "spe"
<BEGINHMM>
<NUMSTATES> 5
<STATE> 2
<NUMMIXES> 2
<MIXTURE> 1 4.047469e-01
<MEAN> 13
 -2.184314e+00 -4.209667e+00 -2.777723e+00 -3.606195e+00 1.768533e+00 3.398070e+00 3.612628e+00 -2.662648e-01 -2.063259e+00 3.242182e-01 6.225294e-01 -3.648561e+00 5.046448e+01
<VARIANCE> 13
 5.837920e+00 6.150706e+00 7.741195e+00 8.054005e+00 1.068753e+01 1.308745e+01 1.678486e+01 1.610608e+01 1.590629e+01 1.565183e+01 1.525583e+01 1.324028e+01 2.744753e+00
<GCONST> 5.398169e+01
<MIXTURE> 2 5.952520e-01
<MEAN> 13
 -3.320330e-01 -5.704353e+00 2.721112e+00 -8.145503e+00 -4.704363e+00 -1.926597e+00 -2.986347e+00 -1.981503e+00 -3.416131e+00 -1.949124e-01 -8.468251e-01 -6.792338e+00 5.799451e+01
<VARIANCE> 13
 1.485874e+01 3.147445e+01 5.258274e+01 3.433363e+01 5.867271e+01 4.135392e+01 3.225567e+01 4.575459e+01 3.558855e+01 3.450294e+01 3.790958e+01 2.440389e+01 1.170584e+01
<GCONST> 6.903292e+01
<STATE> 3
<NUMMIXES> 2
<MIXTURE> 1 4.072047e-01
<MEAN> 13
 -7.293397e+00 1.464830e+00 -2.039983e+00 -3.938107e+00 -1.670462e+00 -2.488119e+00 3.359218e-01 -9.841658e-01 -7.714820e-01 -1.823023e+00 -2.074294e+00 -2.576780e+00 5.886741e+01
<VARIANCE> 13
 2.458303e+01 2.709857e+01 5.588421e+01 3.008479e+01 4.560937e+01 2.681899e+01 3.850790e+01 1.981803e+01 2.912917e+01 2.129140e+01 3.042960e+01 2.015935e+01 5.878742e+01
<GCONST> 6.849097e+01
<MIXTURE> 2 5.927933e-01
<MEAN> 13
 -6.559862e-01 -4.066000e+00 2.075047e+00 -1.843901e+01 -2.217077e+00 -9.889269e+00 -6.622426e+00 -3.566422e+00 -4.789253e-01 -4.707804e+00 -1.042546e+01 -1.794454e+00 6.351222e+01
<VARIANCE> 13
 2.250277e+01 3.410579e+01 7.742888e+01 4.107489e+01 4.926198e+01 4.649089e+01 5.504165e+01 7.376710e+01 4.230116e+01 3.870100e+01 2.775203e+01 3.482667e+01 6.958358e+00
<GCONST> 7.085999e+01
<STATE> 4
<NUMMIXES> 2
<MIXTURE> 1 6.389950e-01
<MEAN> 13
 -2.610253e+00 1.878200e+00 1.317031e+00 -1.616575e+00 -3.486765e+00 -1.623152e+00 2.474001e-01 -5.776975e-01 -1.236476e+00 -1.454847e-01 -1.425974e+00 -4.528137e+00 5.078313e+01
<VARIANCE> 13
 1.909743e+01 1.452791e+01 2.535723e+01 1.796092e+01 3.568376e+01 3.271258e+01 2.080782e+01 2.856574e+01 2.773125e+01 2.452288e+01 2.308589e+01 2.240995e+01 7.225596e+00
<GCONST> 6.383780e+01
<MIXTURE> 2 3.610051e-01
<MEAN> 13
 1.954079e+00 -5.754141e+00 -8.598868e-01 -4.904229e+00 -4.622693e+00 3.786557e-01 -3.920141e+00 -6.077109e-02 -7.574296e-01 3.344589e-02 -3.599264e+00 -9.459101e+00 5.530138e+01
<VARIANCE> 13
 3.623263e+00 1.630542e+01 3.185702e+01 2.388102e+01 5.598536e+01 3.965770e+01 3.311900e+01 3.666647e+01 3.421556e+01 4.309195e+01 3.888249e+01 3.362179e+01 8.348984e+00
<GCONST> 6.600684e+01
<TRANSP> 5
 0.000000e+00 1.000000e+00 0.000000e+00 0.000000e+00 0.000000e+00
 0.000000e+00 9.952301e-01 4.769951e-03 0.000000e+00 0.000000e+00
 0.000000e+00 0.000000e+00 9.720383e-01 2.796178e-02 0.000000e+00
 0.000000e+00 0.000000e+00 0.000000e+00 9.929759e-01 7.024139e-03
 0.000000e+00 0.000000e+00 0.000000e+00 0.000000e+00 0.000000e+00
<ENDHMM>
