~o
<STREAMINFO> 1 13
<VECSIZE> 13<NULLD><MFCC_0><DIAGC>
~h "prototype"
<BEGINHMM>
<NUMSTATES> 5
<STATE> 2
<MEAN> 13
 -8.965513e+00 -6.748142e-01 -8.692636e-02 -2.157465e+00 6.916966e-01 9.824691e-01 2.215127e+00 5.223517e-01 -3.216007e-01 1.362033e-01 2.494263e-01 -1.633079e+00 5.218451e+01
<VARIANCE> 13
 3.853650e+01 2.695961e+01 2.433259e+01 2.159538e+01 2.600316e+01 3.320166e+01 2.614411e+01 2.966930e+01 2.545540e+01 2.228770e+01 2.430603e+01 2.270815e+01 6.652243e+01
<GCONST> 6.736915e+01
<STATE> 3
<MEAN> 13
 -8.965513e+00 -6.748142e-01 -8.692636e-02 -2.157465e+00 6.916966e-01 9.824691e-01 2.215127e+00 5.223517e-01 -3.216007e-01 1.362033e-01 2.494263e-01 -1.633079e+00 5.218451e+01
<VARIANCE> 13
 3.853650e+01 2.695961e+01 2.433259e+01 2.159538e+01 2.600316e+01 3.320166e+01 2.614411e+01 2.966930e+01 2.545540e+01 2.228770e+01 2.430603e+01 2.270815e+01 6.652243e+01
<GCONST> 6.736915e+01
<STATE> 4
<MEAN> 13
 -8.965513e+00 -6.748142e-01 -8.692636e-02 -2.157465e+00 6.916966e-01 9.824691e-01 2.215127e+00 5.223517e-01 -3.216007e-01 1.362033e-01 2.494263e-01 -1.633079e+00 5.218451e+01
<VARIANCE> 13
 3.853650e+01 2.695961e+01 2.433259e+01 2.159538e+01 2.600316e+01 3.320166e+01 2.614411e+01 2.966930e+01 2.545540e+01 2.228770e+01 2.430603e+01 2.270815e+01 6.652243e+01
<GCONST> 6.736915e+01
<TRANSP> 5
 0.000000e+00 1.000000e+00 0.000000e+00 0.000000e+00 0.000000e+00
 0.000000e+00 6.000000e-01 4.000000e-01 0.000000e+00 0.000000e+00
 0.000000e+00 0.000000e+00 6.000000e-01 4.000000e-01 0.000000e+00
 0.000000e+00 0.000000e+00 0.000000e+00 7.000000e-01 3.000000e-01
 0.000000e+00 0.000000e+00 0.000000e+00 0.000000e+00 0.000000e+00
<ENDHMM>
