~o
<STREAMINFO> 1 39
<VECSIZE> 39<NULLD><MFCC_D_A_Z_0><DIAGC>
~h "ap"
<BEGINHMM>
<NUMSTATES> 5
<STATE> 2
<MEAN> 39
 -3.428768e+00 3.124444e+00 2.276663e+00 -7.668970e-01 -3.174963e+00 1.122608e+00 2.355606e-01 1.183343e+00 2.851978e+00 9.069057e-01 -1.104406e+00 4.984594e-01 1.665190e+00 -9.514003e-01 -1.298366e+00 -7.386518e-01 -1.649012e-01 -7.174419e-01 -9.669662e-01 -4.918830e-01 -5.824676e-01 -3.513104e-01 -3.163237e-01 -1.467041e-01 -1.590030e-01 2.739162e+00 1.850503e-01 1.188679e-01 1.721255e-02 -9.695081e-02 2.042278e-01 2.757249e-01 1.209148e-01 5.790422e-02 5.718385e-02 1.277766e-01 1.733864e-02 -9.371582e-02 -4.269379e-01
<VARIANCE> 39
 5.039503e+01 6.639539e+01 3.142277e+01 2.184038e+01 3.051557e+01 6.621723e+01 3.332791e+01 2.955484e+01 2.507325e+01 2.893900e+01 2.198940e+01 1.777960e+01 2.152846e+02 4.570654e+00 4.367604e+00 1.677525e+00 2.263244e+00 3.540893e+00 5.153928e+00 2.473549e+00 2.436428e+00 2.258029e+00 2.582831e+00 2.199929e+00 1.757780e+00 1.641234e+01 7.274708e-01 6.728382e-01 2.461821e-01 3.640276e-01 5.929043e-01 8.978168e-01 3.954163e-01 3.646360e-01 3.777603e-01 4.370377e-01 3.314074e-01 2.999873e-01 2.937975e+00
<GCONST> 1.249719e+02
<STATE> 3
<MEAN> 39
 -5.165444e+00 -3.162330e+00 -3.325936e+00 -2.025885e+00 -2.285866e+00 -1.318051e+00 -1.436170e+00 -2.393343e+00 -1.928002e-01 -6.416728e-01 -1.279497e+00 -6.598574e-01 1.102811e+01 3.133394e-01 6.275287e-02 1.277024e-01 1.177263e-01 3.804056e-01 2.871450e-01 1.979741e-01 -1.153352e-01 -1.062679e-01 1.130178e-02 7.453144e-02 5.785896e-04 -9.095888e-01 1.351313e-02 5.782859e-02 7.638754e-02 8.575211e-02 2.580098e-02 -2.422781e-02 1.576066e-02 4.336046e-02 4.381430e-04 -1.165075e-02 2.067569e-02 6.668377e-02 -7.941511e-02
<VARIANCE> 39
 9.958625e+00 2.566702e+01 2.543059e+01 1.397846e+01 2.133960e+01 2.757862e+01 1.956846e+01 2.080711e+01 2.031345e+01 1.990772e+01 1.624431e+01 1.570082e+01 4.633943e+01 1.658920e-01 2.274456e-01 4.203480e-01 6.261499e-01 1.123575e+00 1.200019e+00 1.127159e+00 1.093157e+00 1.178481e+00 1.274460e+00 1.338978e+00 1.450522e+00 4.254365e-01 3.831981e-02 5.771851e-02 8.393101e-02 1.270953e-01 2.416790e-01 2.496973e-01 2.295761e-01 2.276454e-01 2.397043e-01 2.641727e-01 2.780121e-01 2.978047e-01 1.569455e-01
<GCONST> 8.345600e+01
<STATE> 4
<MEAN> 39
 3.187706e-01 7.949837e-02 1.059617e-01 1.122272e-01 1.777667e-01 3.711267e-02 6.230665e-02 8.632295e-02 -5.407994e-02 1.008811e-02 8.460865e-02 1.998617e-02 -5.553552e-01 2.686143e-02 1.645661e-02 1.433902e-02 1.133563e-02 1.144898e-02 1.135391e-02 7.713819e-03 1.688843e-02 8.282058e-03 5.667130e-03 4.084507e-03 -9.983664e-04 -5.607232e-02 -1.076822e-03 1.769385e-04 -1.203397e-03 -1.463668e-03 -2.246892e-03 -1.081763e-03 -1.330836e-03 2.966878e-04 1.038606e-04 1.579966e-04 -1.284873e-03 -8.687159e-04 2.157994e-03
<VARIANCE> 39
 1.756839e+01 3.723957e+01 1.958260e+01 1.763099e+01 2.709499e+01 3.071748e+01 2.095228e+01 2.340972e+01 2.153556e+01 1.829348e+01 1.612963e+01 1.387314e+01 1.019184e+02 9.039568e-01 1.122030e+00 7.642134e-01 9.380193e-01 1.633317e+00 1.913402e+00 1.369793e+00 1.412951e+00 1.555260e+00 1.528603e+00 1.366674e+00 1.333930e+00 5.184183e+00 1.437656e-01 1.723637e-01 1.266545e-01 1.746598e-01 3.015637e-01 3.703967e-01 2.600620e-01 2.655236e-01 3.110439e-01 3.158047e-01 2.718799e-01 2.817217e-01 7.780861e-01
<GCONST> 1.000144e+02
<TRANSP> 5
 0.000000e+00 1.000000e+00 0.000000e+00 0.000000e+00 0.000000e+00
 0.000000e+00 8.312278e-01 1.687722e-01 0.000000e+00 0.000000e+00
 0.000000e+00 0.000000e+00 9.205192e-01 7.948079e-02 0.000000e+00
 0.000000e+00 0.000000e+00 0.000000e+00 9.962632e-01 3.736791e-03
 0.000000e+00 0.000000e+00 0.000000e+00 0.000000e+00 0.000000e+00
<ENDHMM>
~h "cl"
<BEGINHMM>
<NUMSTATES> 5
<STATE> 2
<MEAN> 39
 6.951228e+00 -1.226363e+00 -2.342154e+00 1.055149e+00 2.344325e+00 -3.471152e+00 1.301455e+00 2.732530e+00 -1.551452e+00 9.505352e-01 3.215006e+00 -3.107283e+00 -4.592124e+00 -5.694243e-01 4.981993e-02 1.043491e-01 -3.055234e-02 -2.395799e-01 2.251523e-01 -1.238190e-01 -3.310011e-01 1.802540e-01 -2.361733e-02 -2.801626e-01 1.949971e-01 4.882396e-01 4.847803e-03 -1.134209e-02 2.124739e-02 -2.799897e-02 -4.674227e-03 2.498470e-02 -1.836427e-02 -2.449081e-02 -3.843574e-03 -1.339097e-02 -3.008301e-02 8.662428e-03 -9.459387e-03
<VARIANCE> 39
 5.420864e+01 1.869814e+01 1.599918e+01 1.170485e+01 2.362073e+01 3.562481e+01 2.586542e+01 4.209246e+01 3.778926e+01 2.710721e+01 3.765959e+01 3.191232e+01 3.144137e+01 3.799324e+00 9.428783e-01 8.861658e-01 1.025451e+00 1.662080e+00 2.440035e+00 2.003545e+00 2.804104e+00 2.631148e+00 2.167339e+00 2.491519e+00 2.017722e+00 2.242709e+00 5.569509e-01 1.451790e-01 1.337700e-01 1.768043e-01 2.690522e-01 3.699158e-01 3.379877e-01 4.491643e-01 4.305605e-01 3.999064e-01 4.265993e-01 3.374354e-01 3.434305e-01
<GCONST> 1.082822e+02
<STATE> 3
<MEAN> 39
 1.897184e+00 -6.907681e-02 8.173991e-01 2.220557e-01 -8.772897e-01 5.932856e-01 -2.260267e-01 -4.225641e-01 2.035694e+00 1.716607e-02 1.571486e-01 4.895686e-01 -1.936758e+00 -1.330959e-01 -7.336984e-03 1.274545e-02 -2.033983e-02 3.776819e-03 5.803634e-02 9.142771e-04 1.484939e-02 -8.313605e-02 -2.863058e-02 -3.607902e-02 -1.529297e-02 1.250324e-01 3.128451e-02 3.125135e-04 -1.212748e-02 -2.715758e-03 1.938787e-02 -1.046063e-02 6.477479e-03 2.614242e-02 -1.430469e-02 9.222811e-03 1.686660e-02 -1.789661e-02 -2.523360e-02
<VARIANCE> 39
 4.650850e+01 9.014404e+00 1.528413e+01 1.377097e+01 1.982209e+01 2.864442e+01 2.355364e+01 3.110364e+01 3.213525e+01 2.015067e+01 2.390299e+01 2.195706e+01 3.112469e+01 2.903207e+00 5.701226e-01 8.817143e-01 1.029535e+00 1.388439e+00 2.291735e+00 1.628526e+00 2.362948e+00 2.741933e+00 1.778388e+00 1.820642e+00 1.856683e+00 2.104858e+00 5.285811e-01 1.050871e-01 1.540597e-01 2.009063e-01 2.690786e-01 4.533528e-01 3.188097e-01 4.531914e-01 5.425587e-01 3.643218e-01 3.598868e-01 3.625527e-01 3.888110e-01
<GCONST> 1.036298e+02
<STATE> 4
<MEAN> 39
 -5.391269e-01 7.237039e-02 5.692980e-02 -7.619154e-02 -5.192075e-02 1.372988e-01 -5.117030e-02 -1.118916e-01 -9.023397e-02 -5.297789e-02 -1.876751e-01 1.264609e-01 4.146791e-01 6.305184e-02 -4.246455e-03 -4.516455e-03 -2.245274e-03 9.892672e-03 -1.768630e-02 -3.099395e-03 5.082890e-03 -9.629916e-04 -2.077803e-03 1.783312e-02 -6.521922e-03 -5.057176e-02 7.442220e-04 1.669416e-04 -9.155789e-04 1.439918e-03 -1.129999e-04 -3.975128e-03 -4.988749e-04 1.117117e-03 -5.356228e-04 9.628409e-04 1.502150e-03 -3.606567e-04 -4.477923e-04
<VARIANCE> 39
 3.720570e+01 8.388141e+00 1.323758e+01 1.170121e+01 1.630751e+01 2.755110e+01 2.165250e+01 2.653875e+01 2.586402e+01 2.045671e+01 1.946589e+01 1.901394e+01 2.483559e+01 1.351117e+00 5.058085e-01 8.879951e-01 9.333335e-01 1.261044e+00 2.013400e+00 1.740987e+00 2.119373e+00 2.179137e+00 1.778837e+00 1.596906e+00 1.713737e+00 1.061745e+00 2.473438e-01 9.333155e-02 1.725208e-01 1.864729e-01 2.404125e-01 3.878361e-01 3.384435e-01 4.027646e-01 4.310125e-01 3.542033e-01 3.185484e-01 3.368985e-01 1.952777e-01
<GCONST> 9.709691e+01
<TRANSP> 5
 0.000000e+00 1.000000e+00 0.000000e+00 0.000000e+00 0.000000e+00
 0.000000e+00 9.304056e-01 6.959442e-02 0.000000e+00 0.000000e+00
 0.000000e+00 0.000000e+00 9.559557e-01 4.404420e-02 0.000000e+00
 0.000000e+00 0.000000e+00 0.000000e+00 9.962287e-01 3.771285e-03
 0.000000e+00 0.000000e+00 0.000000e+00 0.000000e+00 0.000000e+00
<ENDHMM>
~h "cm"
<BEGINHMM>
<NUMSTATES> 5
<STATE> 2
<MEAN> 39
 -2.965986e+00 3.864768e-01 6.000826e-01 -2.849263e-01 2.528922e-01 7.394915e-01 1.426343e+00 2.109402e+00 1.719440e+00 1.319773e+00 1.629342e+00 8.094643e-01 -6.192241e+00 6.073385e-02 -3.139861e-02 -6.030983e-02 -1.374436e-01 -9.134775e-02 -1.103443e-01 -1.175470e-01 -1.020480e-01 -6.118556e-02 -4.714139e-02 -9.931985e-02 8.135829e-04 5.437210e-01 2.923592e-02 2.416770e-03 -1.385236e-02 2.762502e-03 -6.543462e-03 3.454093e-03 -8.451896e-04 -1.728760e-02 -2.419165e-02 -5.155384e-04 7.046791e-04 -1.087110e-02 2.578805e-02
<VARIANCE> 39
 1.500467e+01 1.504677e+01 1.200222e+01 1.677881e+01 1.507273e+01 1.639214e+01 1.693871e+01 1.808086e+01 1.746978e+01 1.690286e+01 1.826410e+01 1.474589e+01 3.388394e+01 6.434237e-01 7.350122e-01 8.384542e-01 1.091070e+00 1.225317e+00 1.495919e+00 1.549799e+00 1.700702e+00 1.659575e+00 1.576928e+00 1.590501e+00 1.407401e+00 1.186254e+00 8.346113e-02 1.119753e-01 1.443031e-01 1.783827e-01 2.182446e-01 2.647471e-01 2.834300e-01 3.052216e-01 3.013177e-01 2.936519e-01 2.790983e-01 2.509001e-01 1.413824e-01
<GCONST> 9.044752e+01
<STATE> 3
<MEAN> 39
 -2.434437e+00 -4.725253e-01 -8.105775e-01 -1.577333e+00 -9.098588e-01 7.104290e-02 8.796366e-02 1.132954e+00 8.511155e-01 1.179323e+00 1.126997e+00 7.486404e-01 -3.187373e-01 9.693182e-02 -8.244962e-02 -3.128999e-02 -1.393822e-02 -1.528376e-02 -4.239134e-02 -6.154673e-02 -5.986158e-02 -5.980451e-02 -6.137547e-02 -7.359165e-02 -3.995097e-02 4.065097e-01 -3.238749e-03 1.481702e-03 1.361096e-02 2.157827e-02 2.133973e-02 1.503368e-02 1.016013e-02 1.171726e-03 -2.235122e-03 -1.208924e-02 -3.235326e-03 -7.190992e-03 -2.921484e-02
<VARIANCE> 39
 1.206958e+01 1.053147e+01 1.016895e+01 1.239049e+01 1.314611e+01 1.559469e+01 1.583701e+01 1.724079e+01 1.622547e+01 1.493114e+01 1.611143e+01 1.269304e+01 2.554375e+01 3.481522e-01 5.124689e-01 6.177990e-01 8.905950e-01 1.119128e+00 1.299329e+00 1.461229e+00 1.533668e+00 1.577234e+00 1.470013e+00 1.359230e+00 1.275514e+00 5.250276e-01 5.029098e-02 8.791094e-02 1.164416e-01 1.733285e-01 2.252554e-01 2.636720e-01 2.951041e-01 3.089289e-01 3.233324e-01 3.002892e-01 2.691619e-01 2.594064e-01 7.013426e-02
<GCONST> 8.375522e+01
<STATE> 4
<MEAN> 39
 8.252971e-01 3.314284e-02 6.515893e-02 3.186040e-01 1.286887e-01 -1.102990e-01 -2.040051e-01 -4.803499e-01 -3.786522e-01 -3.843457e-01 -4.159017e-01 -2.402437e-01 8.744053e-01 4.328185e-02 3.444225e-02 3.619278e-02 5.599863e-02 4.200814e-02 2.721145e-02 2.689017e-02 -9.380353e-03 -3.735808e-04 -6.795326e-04 5.495638e-03 -2.154361e-04 -1.658936e-01 -2.136378e-03 2.159863e-04 -3.900753e-04 -1.936038e-03 -1.372241e-03 7.545562e-05 1.565480e-03 2.968943e-03 3.192036e-03 1.097439e-03 1.472146e-03 2.793748e-03 -7.735559e-03
<VARIANCE> 39
 9.577690e+00 7.814963e+00 7.986336e+00 1.084646e+01 1.169471e+01 1.257004e+01 1.368915e+01 1.450566e+01 1.433001e+01 1.344760e+01 1.356450e+01 1.181066e+01 3.671564e+01 2.135532e-01 3.222943e-01 4.776309e-01 7.057030e-01 8.967384e-01 1.091773e+00 1.204532e+00 1.273553e+00 1.343608e+00 1.327147e+00 1.285393e+00 1.163849e+00 3.037005e-01 3.226897e-02 5.694211e-02 8.984596e-02 1.354194e-01 1.753762e-01 2.180852e-01 2.393435e-01 2.529323e-01 2.698241e-01 2.719220e-01 2.594222e-01 2.346733e-01 2.920369e-02
<GCONST> 7.538808e+01
<TRANSP> 5
 0.000000e+00 1.000000e+00 0.000000e+00 0.000000e+00 0.000000e+00
 0.000000e+00 9.170353e-01 8.296463e-02 0.000000e+00 0.000000e+00
 0.000000e+00 0.000000e+00 9.385041e-01 6.149587e-02 0.000000e+00
 0.000000e+00 0.000000e+00 0.000000e+00 9.890453e-01 1.095476e-02
 0.000000e+00 0.000000e+00 0.000000e+00 0.000000e+00 0.000000e+00
<ENDHMM>
~h "co"
<BEGINHMM>
<NUMSTATES> 5
<STATE> 2
<MEAN> 39
 -9.478973e-01 -3.815758e-01 -5.704860e-01 -1.172035e-01 -5.897532e+00 1.739770e-01 1.519207e+00 4.987381e+00 5.124010e+00 2.427727e+00 3.629358e-01 1.620421e+00 -1.800376e+00 -4.835103e-01 -9.851114e-02 2.408470e-01 -3.512162e-01 -5.845618e-01 -7.905193e-01 -2.616316e-01 -6.082694e-01 -7.939160e-01 -8.440235e-01 -4.120605e-01 -2.917182e-01 2.123873e+00 -6.140953e-02 6.238193e-02 2.364402e-03 2.370650e-02 3.038069e-01 1.694007e-01 1.585972e-01 2.006987e-02 -1.077481e-01 3.579745e-02 1.370774e-01 4.358559e-02 -6.845009e-02
<VARIANCE> 39
 1.507682e+01 2.641935e+01 2.712144e+01 2.753255e+01 9.507250e+01 5.029675e+01 5.886338e+01 5.834841e+01 5.462070e+01 4.240762e+01 3.869218e+01 2.758187e+01 9.567233e+01 1.103256e+00 2.204685e+00 1.773084e+00 1.891915e+00 6.512456e+00 3.448003e+00 4.030582e+00 3.444748e+00 4.905099e+00 3.306101e+00 2.566752e+00 2.697763e+00 4.429789e+00 1.231255e-01 3.516491e-01 2.647434e-01 2.536648e-01 8.212504e-01 5.515867e-01 6.471887e-01 5.685424e-01 8.132414e-01 5.787197e-01 4.188689e-01 4.463636e-01 4.740705e-01
<GCONST> 1.234178e+02
<STATE> 3
<MEAN> 39
 -3.439737e+00 -1.348015e+00 -1.636419e+00 -1.968624e+00 -3.014921e+00 -2.225643e+00 1.240736e+00 -3.109632e-01 -9.765130e-02 -5.595477e-01 7.790253e-02 6.059722e-01 6.751206e+00 4.449254e-02 -8.601232e-02 -1.173364e-01 3.554430e-03 2.176888e-01 6.059793e-03 -1.079368e-01 -1.760845e-01 -4.721901e-02 8.472657e-02 5.218011e-02 -5.900400e-02 2.600666e-02 5.495838e-02 -7.444443e-03 -1.629465e-02 1.704589e-02 -1.330274e-02 -8.471390e-03 -4.208615e-02 5.961717e-03 4.715427e-02 3.019593e-02 -1.558767e-02 -1.285693e-02 -8.792155e-02
<VARIANCE> 39
 1.183241e+01 9.742731e+00 1.561423e+01 1.548134e+01 2.997890e+01 2.419377e+01 3.668690e+01 3.748165e+01 2.981082e+01 2.635715e+01 2.692563e+01 2.208709e+01 3.452953e+01 5.043858e-01 7.848732e-01 9.436511e-01 1.168985e+00 2.227392e+00 1.672278e+00 2.255193e+00 2.295453e+00 3.159088e+00 2.335083e+00 2.233493e+00 1.741207e+00 1.082749e+00 7.246291e-02 1.611554e-01 1.741775e-01 2.179152e-01 3.820552e-01 3.136132e-01 4.089000e-01 4.207354e-01 6.600487e-01 4.708019e-01 4.257641e-01 3.324804e-01 1.404497e-01
<GCONST> 1.011985e+02
<STATE> 4
<MEAN> 39
 9.687892e-01 3.804697e-01 4.704387e-01 5.204875e-01 1.253845e+00 5.639587e-01 -4.434853e-01 -3.176275e-01 -3.839246e-01 -4.863317e-02 -4.921380e-02 -2.867640e-01 -1.609051e+00 6.733161e-02 7.667007e-02 4.981041e-02 5.143718e-02 1.132051e-01 8.047966e-02 3.425681e-02 4.791621e-02 -4.389401e-03 5.887309e-03 1.556552e-02 2.013425e-02 -2.371410e-01 -3.715391e-03 2.648455e-03 6.976933e-06 -7.193075e-04 -5.807451e-03 -1.273831e-03 5.962798e-03 4.660616e-03 -3.049904e-04 -2.427224e-03 -5.821930e-04 1.365701e-03 1.916535e-03
<VARIANCE> 39
 1.067946e+01 1.458944e+01 1.693224e+01 1.729706e+01 3.435696e+01 2.374396e+01 3.764621e+01 3.327493e+01 2.536966e+01 2.590358e+01 2.460628e+01 2.276225e+01 6.191427e+01 3.468308e-01 6.178199e-01 7.627590e-01 1.007978e+00 1.938514e+00 1.440461e+00 1.872438e+00 1.857911e+00 2.116550e+00 1.973889e+00 1.805415e+00 1.583677e+00 9.982813e-01 4.886815e-02 1.125488e-01 1.366768e-01 1.895950e-01 3.501656e-01 2.773576e-01 3.397992e-01 3.515522e-01 4.194292e-01 3.973025e-01 3.616116e-01 3.099758e-01 9.802093e-02
<GCONST> 9.651787e+01
<TRANSP> 5
 0.000000e+00 1.000000e+00 0.000000e+00 0.000000e+00 0.000000e+00
 0.000000e+00 8.643790e-01 1.356210e-01 0.000000e+00 0.000000e+00
 0.000000e+00 0.000000e+00 9.582770e-01 4.172297e-02 0.000000e+00
 0.000000e+00 0.000000e+00 0.000000e+00 9.891673e-01 1.083273e-02
 0.000000e+00 0.000000e+00 0.000000e+00 0.000000e+00 0.000000e+00
<ENDHMM>
~h "ds"
<BEGINHMM>
<NUMSTATES> 5
<STATE> 2
<MEAN> 39
 -3.524252e+00 -1.145441e+00 -1.790710e+00 -2.586111e+00 -3.972296e+00 -3.257994e+00 5.898113e-01 -9.265858e-01 1.026015e+00 1.675943e+00 1.774128e+00 1.353198e+00 6.641220e+00 -2.875964e-01 5.801784e-02 -5.415081e-02 -1.166922e-02 -4.329081e-02 -5.490414e-02 6.456583e-02 1.431451e-02 5.500858e-02 -6.328448e-03 2.990144e-02 -1.444470e-02 1.309703e+00 1.198371e-01 2.033191e-02 6.874227e-02 9.585722e-02 1.257588e-01 1.534292e-01 4.627319e-02 7.559107e-02 -1.350590e-02 -6.301824e-02 -3.145786e-02 2.456137e-02 -2.215782e-01
<VARIANCE> 39
 2.642846e+01 1.419794e+01 1.785893e+01 1.935584e+01 2.770685e+01 2.475305e+01 3.253719e+01 3.498613e+01 2.791357e+01 2.463184e+01 2.036175e+01 1.784213e+01 8.969334e+01 2.769431e+00 1.478750e+00 1.633395e+00 1.994088e+00 2.915447e+00 2.691124e+00 2.801218e+00 2.647134e+00 2.466661e+00 2.602161e+00 2.103495e+00 1.769634e+00 5.318767e+00 4.289777e-01 2.417034e-01 2.536851e-01 3.483064e-01 4.907061e-01 4.810134e-01 4.846226e-01 4.643933e-01 4.325092e-01 4.572368e-01 3.720796e-01 3.289395e-01 7.882462e-01
<GCONST> 1.138549e+02
<STATE> 3
<MEAN> 39
 -3.448543e+00 -1.036839e+00 -1.767561e+00 -1.276525e+00 -3.105367e+00 -2.077346e+00 6.255199e-01 -5.007126e-01 1.112490e+00 2.236098e+00 1.633225e+00 1.530144e+00 7.277232e+00 8.685178e-02 -1.837293e-04 1.286341e-01 2.139871e-01 2.609953e-01 2.179950e-01 5.023644e-02 6.912719e-02 2.078843e-02 7.633854e-03 -1.516181e-02 1.876040e-02 -1.057730e-01 1.858628e-02 1.161402e-02 -3.627260e-03 -1.568646e-02 -2.415365e-02 -5.867289e-02 -4.441024e-02 -6.514410e-02 -2.438225e-02 1.922345e-02 3.865927e-03 -2.279647e-03 -7.788440e-02
<VARIANCE> 39
 1.951992e+01 1.077345e+01 1.529048e+01 1.301772e+01 2.393842e+01 1.653351e+01 2.068584e+01 2.272425e+01 1.695673e+01 1.750068e+01 1.593490e+01 1.432482e+01 2.000559e+02 1.912663e+00 9.801435e-01 1.305683e+00 1.272638e+00 1.870072e+00 1.830238e+00 1.682161e+00 1.759935e+00 1.388127e+00 1.610429e+00 1.560902e+00 1.606724e+00 1.854380e+01 3.760184e-01 1.835303e-01 2.313087e-01 2.452696e-01 3.237890e-01 3.627346e-01 3.275961e-01 3.481559e-01 2.689528e-01 3.322865e-01 3.236468e-01 3.252634e-01 3.464095e+00
<GCONST> 1.056917e+02
<STATE> 4
<MEAN> 39
 3.729075e-01 1.168810e-01 1.902663e-01 2.091446e-01 3.801183e-01 2.876115e-01 -6.489668e-02 7.716534e-02 -1.141459e-01 -2.079957e-01 -1.824369e-01 -1.537786e-01 -7.427697e-01 4.663018e-02 3.492191e-03 2.329169e-02 1.464192e-02 3.419057e-02 2.290451e-02 1.294692e-02 8.815637e-03 -5.032863e-03 -1.450817e-02 -1.514677e-02 -1.475125e-02 -1.116217e-01 -1.582948e-03 -3.381796e-04 -2.369973e-03 -3.244186e-03 -4.246145e-03 -2.834839e-03 -9.222350e-04 -5.661134e-04 6.299344e-04 1.451482e-03 1.219849e-03 -1.065253e-04 2.017192e-03
<VARIANCE> 39
 1.303951e+01 1.003590e+01 1.444936e+01 1.485885e+01 1.797225e+01 2.018706e+01 2.198411e+01 1.840260e+01 2.303526e+01 2.156670e+01 1.747853e+01 1.644250e+01 4.869802e+01 5.817273e-01 4.790088e-01 6.716212e-01 9.093702e-01 1.297107e+00 1.423724e+00 1.583559e+00 1.550799e+00 1.746565e+00 1.750874e+00 1.585079e+00 1.356542e+00 8.492284e-01 9.740946e-02 8.445534e-02 1.248750e-01 1.743815e-01 2.554071e-01 2.783533e-01 3.101875e-01 3.084002e-01 3.464009e-01 3.523405e-01 3.215335e-01 2.729221e-01 1.054526e-01
<GCONST> 9.062878e+01
<TRANSP> 5
 0.000000e+00 1.000000e+00 0.000000e+00 0.000000e+00 0.000000e+00
 0.000000e+00 8.886357e-01 1.113643e-01 0.000000e+00 0.000000e+00
 0.000000e+00 0.000000e+00 8.798557e-01 1.201443e-01 0.000000e+00
 0.000000e+00 0.000000e+00 0.000000e+00 9.938209e-01 6.179123e-03
 0.000000e+00 0.000000e+00 0.000000e+00 0.000000e+00 0.000000e+00
<ENDHMM>
~h "kj"
<BEGINHMM>
<NUMSTATES> 5
<STATE> 2
<MEAN> 39
 7.574814e+00 -4.738415e-01 -2.560825e+00 -3.707364e-01 1.032149e+00 -1.908279e+00 -1.783349e+00 -6.458734e-01 -3.794137e-01 3.137078e-01 -1.279104e+00 -8.233127e-02 -4.232944e+00 -3.785219e-01 -2.850554e-01 -1.302406e-01 2.898200e-02 -1.490627e-01 -1.353576e-01 -1.309853e-01 -3.021147e-01 -2.701318e-02 -4.870745e-02 3.219301e-02 3.556258e-02 5.966423e-01 -5.703934e-03 -6.699548e-03 1.975201e-02 -1.076546e-02 1.366092e-03 2.581399e-02 3.267599e-02 2.224522e-02 2.949451e-02 1.732403e-04 -1.056220e-02 -1.088542e-03 -6.722388e-03
<VARIANCE> 39
 1.839579e+01 2.764891e+01 1.302716e+01 1.620797e+01 2.104472e+01 2.483429e+01 2.439019e+01 2.234152e+01 2.004197e+01 2.001713e+01 1.579891e+01 1.616789e+01 2.562385e+01 1.074798e+00 1.393134e+00 1.130090e+00 9.661618e-01 1.709368e+00 1.678649e+00 2.254714e+00 1.830883e+00 1.735591e+00 2.070980e+00 1.473226e+00 1.235775e+00 1.183378e+00 1.494237e-01 2.066237e-01 1.707689e-01 1.646311e-01 2.751109e-01 2.871185e-01 3.781115e-01 3.108993e-01 3.087523e-01 3.825953e-01 2.676933e-01 2.080995e-01 1.526175e-01
<GCONST> 9.698018e+01
<STATE> 3
<MEAN> 39
 4.305806e+00 -3.406760e+00 -4.020089e+00 -3.399639e-01 9.988324e-01 -2.435065e+00 -3.833575e+00 -2.516052e+00 -4.901889e-01 -1.829522e-01 -3.134017e-01 4.108675e-01 1.388881e+00 -1.726133e-01 1.011338e-01 2.723413e-02 -7.474591e-03 1.934783e-02 5.183607e-02 5.105800e-02 5.994492e-02 5.086332e-03 3.377656e-02 2.421761e-02 1.920338e-02 2.162426e-02 -6.320157e-03 2.074559e-02 2.955278e-02 1.109033e-03 1.750057e-03 1.333428e-02 1.426549e-02 2.316117e-02 -3.095714e-03 -1.019592e-03 2.926460e-03 1.610375e-03 -1.749090e-02
<VARIANCE> 39
 1.080736e+01 1.868891e+01 1.192109e+01 1.635719e+01 1.478344e+01 2.181658e+01 2.466624e+01 1.850385e+01 1.827582e+01 1.711417e+01 1.553120e+01 1.588574e+01 1.997466e+01 6.095766e-01 7.952850e-01 7.180552e-01 9.519810e-01 1.187042e+00 1.465214e+00 1.685672e+00 1.762603e+00 1.610272e+00 1.652961e+00 1.511951e+00 1.336516e+00 6.231866e-01 1.065053e-01 1.389748e-01 1.338262e-01 1.836277e-01 2.364686e-01 2.765842e-01 3.473521e-01 3.663053e-01 3.207891e-01 3.392775e-01 3.126874e-01 2.688356e-01 1.017870e-01
<GCONST> 9.046668e+01
<STATE> 4
<MEAN> 39
 -6.374512e-01 3.236960e-01 4.474893e-01 4.288770e-02 -1.241411e-01 2.827457e-01 4.051684e-01 2.487511e-01 5.676170e-02 6.283086e-03 7.021709e-02 -3.447205e-02 1.290778e-02 3.690404e-02 -8.948736e-03 6.445552e-04 -3.345753e-03 5.986833e-03 -1.156058e-03 8.439788e-04 -6.252310e-05 5.357467e-03 -4.756830e-03 1.087497e-03 3.889652e-05 -2.428016e-02 2.411654e-03 -6.201781e-04 -2.025770e-03 -3.758466e-04 2.513086e-04 -7.225414e-04 3.670849e-04 -1.307168e-04 6.546904e-04 4.596579e-04 -3.064974e-04 2.727527e-05 -1.364578e-03
<VARIANCE> 39
 2.670024e+01 3.073643e+01 1.454427e+01 1.357267e+01 1.511892e+01 2.286722e+01 2.613084e+01 2.072524e+01 1.727465e+01 1.932906e+01 1.575685e+01 1.433482e+01 2.880978e+01 5.639463e-01 7.489408e-01 7.052472e-01 9.378428e-01 1.177301e+00 1.450824e+00 1.632645e+00 1.599951e+00 1.624871e+00 1.669225e+00 1.471265e+00 1.321124e+00 6.343747e-01 9.312437e-02 1.276568e-01 1.315022e-01 1.827119e-01 2.292715e-01 2.854931e-01 3.182904e-01 3.198196e-01 3.307826e-01 3.337621e-01 2.963895e-01 2.685133e-01 9.013949e-02
<GCONST> 9.151884e+01
<TRANSP> 5
 0.000000e+00 1.000000e+00 0.000000e+00 0.000000e+00 0.000000e+00
 0.000000e+00 8.910353e-01 1.089647e-01 0.000000e+00 0.000000e+00
 0.000000e+00 0.000000e+00 9.605741e-01 3.942587e-02 0.000000e+00
 0.000000e+00 0.000000e+00 0.000000e+00 9.964334e-01 3.566581e-03
 0.000000e+00 0.000000e+00 0.000000e+00 0.000000e+00 0.000000e+00
<ENDHMM>
~h "kn"
<BEGINHMM>
<NUMSTATES> 5
<STATE> 2
<MEAN> 39
 -3.771661e+00 -1.288355e-01 -1.482658e+00 -2.713519e+00 -2.773787e+00 -7.059086e-01 -1.770721e-02 -1.256666e+00 5.015286e-01 -5.288872e-01 2.602671e-02 -1.716946e+00 1.548027e+00 1.791546e-01 2.428745e-01 -3.592755e-02 1.984892e-01 3.007626e-01 -3.675159e-01 5.575914e-01 -8.453897e-02 1.064354e+00 3.126559e-01 1.767181e-01 3.537553e-01 2.141062e+00 -5.422790e-02 9.464667e-02 1.123888e-01 9.899253e-02 2.072603e-01 2.244940e-01 -4.748472e-02 4.355954e-02 -2.121480e-01 -4.749217e-02 1.163285e-03 1.094601e-01 -4.713916e-01
<VARIANCE> 39
 2.057754e+01 1.512222e+01 1.775979e+01 9.947952e+00 1.591087e+01 2.379167e+01 2.617008e+01 4.563332e+01 3.160107e+01 2.058835e+01 2.101807e+01 1.893811e+01 8.314822e+01 2.629229e+00 1.551709e+00 2.044724e+00 1.021573e+00 1.572152e+00 2.169009e+00 3.146162e+00 5.862734e+00 3.478059e+00 2.229387e+00 2.077111e+00 2.277395e+00 6.922864e+00 3.727069e-01 1.933051e-01 3.037424e-01 1.476557e-01 2.178493e-01 3.211190e-01 5.361432e-01 8.304366e-01 6.356634e-01 3.707999e-01 3.312997e-01 3.401305e-01 1.100889e+00
<GCONST> 1.115836e+02
<STATE> 3
<MEAN> 39
 -1.055723e+00 7.561607e-01 -1.024110e-01 -7.033212e-01 -2.618398e-01 -3.377634e-01 8.848261e-01 -1.437465e+00 1.323104e+00 -2.705616e-02 2.266377e-01 9.476442e-02 2.346654e+00 1.977409e-01 -1.208844e-01 -2.749989e-02 1.513897e-01 1.109804e-01 1.308941e-03 -7.154010e-02 1.064611e-01 -6.702232e-02 4.965624e-04 2.747069e-02 1.058429e-01 -1.057177e-01 1.584492e-02 -1.956333e-02 -1.547386e-02 -1.984873e-03 -2.858187e-02 -7.324187e-04 -2.835819e-02 -6.863727e-03 -4.259150e-02 -7.159617e-03 -1.876661e-02 -3.941588e-02 -3.861732e-02
<VARIANCE> 39
 1.166581e+01 1.293497e+01 1.522510e+01 9.992457e+00 1.513719e+01 1.842628e+01 1.842102e+01 2.417369e+01 1.941978e+01 1.865170e+01 1.722319e+01 1.493401e+01 2.985457e+01 5.341769e-01 9.326753e-01 1.040517e+00 9.273860e-01 1.378854e+00 1.503152e+00 1.477829e+00 1.945039e+00 1.822327e+00 1.631916e+00 1.302670e+00 1.395381e+00 2.219932e+00 1.031381e-01 1.871820e-01 1.762849e-01 1.850018e-01 3.018487e-01 3.003474e-01 3.038545e-01 4.193490e-01 4.055048e-01 3.449876e-01 2.482938e-01 2.684011e-01 3.895487e-01
<GCONST> 9.437460e+01
<STATE> 4
<MEAN> 39
 4.672750e-01 -1.392585e-01 1.224405e-01 3.251663e-01 2.428280e-01 1.149233e-01 -1.721424e-01 3.684175e-01 -2.938702e-01 4.182087e-02 -4.620390e-02 9.998292e-02 -5.666741e-01 -3.847609e-02 3.808882e-02 7.567860e-02 -3.846956e-03 3.737410e-03 7.074700e-02 2.583446e-03 4.308698e-02 -5.726324e-02 -6.638975e-03 -2.766440e-02 -2.684790e-02 -1.910758e-01 -6.150293e-03 -2.885034e-03 -2.307969e-03 -9.204620e-03 -8.255108e-03 -5.261882e-03 5.896726e-03 7.485159e-04 4.868083e-03 -1.110779e-03 1.873783e-03 -3.340157e-03 6.059095e-03
<VARIANCE> 39
 8.228943e+00 1.040921e+01 1.030594e+01 8.834449e+00 1.209675e+01 1.553559e+01 1.434162e+01 1.874030e+01 1.737380e+01 1.497102e+01 1.383588e+01 1.413471e+01 2.676627e+01 3.144682e-01 6.582876e-01 6.460910e-01 8.625478e-01 1.220965e+00 1.259378e+00 1.388880e+00 1.779063e+00 1.694306e+00 1.456253e+00 1.343534e+00 1.357277e+00 1.412258e+00 5.043622e-02 1.226420e-01 1.210313e-01 1.810475e-01 2.526912e-01 2.494940e-01 2.852236e-01 3.660339e-01 3.493974e-01 3.025677e-01 2.717417e-01 2.755547e-01 2.258080e-01
<GCONST> 8.636067e+01
<TRANSP> 5
 0.000000e+00 1.000000e+00 0.000000e+00 0.000000e+00 0.000000e+00
 0.000000e+00 8.121579e-01 1.878421e-01 0.000000e+00 0.000000e+00
 0.000000e+00 0.000000e+00 9.338027e-01 6.619737e-02 0.000000e+00
 0.000000e+00 0.000000e+00 0.000000e+00 9.870299e-01 1.297013e-02
 0.000000e+00 0.000000e+00 0.000000e+00 0.000000e+00 0.000000e+00
<ENDHMM>
~h "kt"
<BEGINHMM>
<NUMSTATES> 5
<STATE> 2
<MEAN> 39
 -5.436680e-01 -8.780069e-01 4.309411e-01 -7.626151e-01 -2.615757e-01 -3.446820e-01 -1.972023e-01 1.208829e-01 3.436653e-02 3.290009e-01 -1.626744e-01 4.228756e-01 1.149078e+00 -2.448916e-01 3.299578e-02 -1.397711e-01 2.012727e-02 -1.043792e-01 -1.757182e-01 -1.906263e-03 1.289567e-02 4.636557e-02 -2.433183e-02 -9.709402e-03 -3.734121e-02 3.901730e-01 3.547787e-02 6.700639e-04 1.902741e-02 1.484439e-02 1.719031e-02 3.438740e-02 1.190932e-02 2.780555e-03 1.335362e-02 -2.035143e-03 2.912651e-02 -8.518319e-03 -5.436903e-02
<VARIANCE> 39
 2.135539e+01 1.323609e+01 1.241603e+01 1.381741e+01 1.533297e+01 2.199088e+01 1.649577e+01 1.838944e+01 1.857232e+01 1.732989e+01 1.493745e+01 1.413651e+01 3.227212e+01 1.532189e+00 7.332864e-01 9.336472e-01 1.106328e+00 1.465834e+00 2.274263e+00 1.791206e+00 1.747617e+00 1.808579e+00 1.944852e+00 1.605265e+00 1.429438e+00 2.244214e+00 2.569669e-01 1.220045e-01 1.775651e-01 2.018183e-01 2.691443e-01 4.330232e-01 3.546509e-01 3.288100e-01 3.365800e-01 3.643630e-01 3.010926e-01 2.782507e-01 3.669449e-01
<GCONST> 9.732323e+01
<STATE> 3
<MEAN> 39
 -1.521542e+00 -6.503257e-01 -1.351327e-01 2.664193e-01 -8.157248e-01 -1.369469e+00 -6.090695e-01 -4.739464e-01 1.193518e-02 1.740968e-01 1.227018e-01 4.627410e-01 2.382738e+00 3.900655e-02 2.082554e-02 1.228438e-02 3.094599e-02 2.732138e-02 3.269879e-02 3.421318e-02 -2.693100e-02 1.737802e-03 -7.739250e-03 3.206784e-02 6.471309e-03 -6.163721e-02 1.033863e-02 1.553439e-04 6.133605e-03 -2.435816e-03 9.618348e-03 4.231756e-03 -1.125174e-03 6.458968e-03 2.065440e-04 5.420543e-03 -8.269102e-03 2.644017e-03 -1.952774e-02
<VARIANCE> 39
 8.553497e+00 6.352668e+00 8.825267e+00 1.173967e+01 1.518531e+01 1.717738e+01 1.822337e+01 1.710078e+01 1.796819e+01 1.678836e+01 1.669866e+01 1.403424e+01 1.281434e+01 7.265514e-01 5.056032e-01 8.516187e-01 9.923314e-01 1.414369e+00 1.844326e+00 1.831705e+00 1.583922e+00 1.692109e+00 1.856506e+00 1.655264e+00 1.392448e+00 1.311261e+00 1.430979e-01 9.914816e-02 1.762910e-01 1.990380e-01 2.934327e-01 3.972701e-01 3.871495e-01 3.207878e-01 3.380396e-01 3.921396e-01 3.374742e-01 2.811530e-01 2.596054e-01
<GCONST> 9.087547e+01
<STATE> 4
<MEAN> 39
 1.658176e-01 1.018484e-01 -8.265627e-03 1.212120e-02 8.746268e-02 1.423030e-01 6.539641e-02 3.772668e-02 -2.744195e-03 -3.177344e-02 -3.463207e-03 -6.278418e-02 -2.739512e-01 1.591350e-02 -3.909466e-03 5.592665e-03 -6.903943e-03 6.570678e-03 8.342079e-03 2.846775e-03 1.093045e-03 -2.973500e-03 6.942544e-04 9.563643e-04 -1.624530e-03 -2.117619e-02 -6.585965e-04 -7.298574e-04 -2.410608e-04 -1.917672e-04 -2.592909e-04 -5.819983e-04 -1.025297e-03 3.425235e-04 -5.058292e-04 -1.552716e-04 -6.521596e-04 5.831094e-04 1.202329e-03
<VARIANCE> 39
 9.939867e+00 6.332490e+00 8.001939e+00 1.028765e+01 1.245028e+01 1.558364e+01 1.536220e+01 1.581905e+01 1.647313e+01 1.617706e+01 1.462795e+01 1.272072e+01 1.272833e+01 7.436262e-01 4.674394e-01 6.535638e-01 8.487531e-01 1.137706e+00 1.392049e+00 1.542143e+00 1.569790e+00 1.625002e+00 1.710974e+00 1.490040e+00 1.270635e+00 9.483626e-01 1.411225e-01 9.082471e-02 1.292922e-01 1.694856e-01 2.304730e-01 2.861054e-01 3.185259e-01 3.219890e-01 3.324804e-01 3.572106e-01 3.000532e-01 2.568175e-01 1.737510e-01
<GCONST> 8.603444e+01
<TRANSP> 5
 0.000000e+00 1.000000e+00 0.000000e+00 0.000000e+00 0.000000e+00
 0.000000e+00 9.279718e-01 7.202813e-02 0.000000e+00 0.000000e+00
 0.000000e+00 0.000000e+00 9.623709e-01 3.762917e-02 0.000000e+00
 0.000000e+00 0.000000e+00 0.000000e+00 9.965443e-01 3.455726e-03
 0.000000e+00 0.000000e+00 0.000000e+00 0.000000e+00 0.000000e+00
<ENDHMM>
~h "pr"
<BEGINHMM>
<NUMSTATES> 5
<STATE> 2
<MEAN> 39
 -5.369683e-01 1.076694e+00 -9.801006e-01 2.398276e-01 -1.113410e-03 -2.924486e-01 -9.126086e-01 -1.467785e+00 -1.215688e+00 6.736359e-02 1.248019e+00 -2.674236e-01 1.423746e+00 -5.434283e-01 -2.073470e-01 1.923299e-01 -2.397436e-01 5.913901e-02 3.317403e-01 -2.039148e-02 -5.026645e-01 1.047452e-01 -2.760094e-01 -4.472438e-04 5.622068e-01 5.190752e-01 1.521574e-01 1.767154e-02 -7.116895e-02 2.981538e-02 1.041531e-02 1.662908e-02 -2.366610e-02 -1.562445e-02 -2.946758e-02 3.194866e-02 -2.183345e-02 -4.104502e-02 -1.121609e-01
<VARIANCE> 39
 3.551634e+01 3.100782e+01 4.688665e+01 4.471289e+01 4.581348e+01 6.064123e+01 5.855894e+01 5.802362e+01 4.239173e+01 3.696112e+01 5.010926e+01 3.706476e+01 2.801756e+01 2.937925e+00 1.419271e+00 2.388497e+00 2.242998e+00 3.142175e+00 3.576649e+00 3.478222e+00 3.791473e+00 3.468574e+00 2.704289e+00 3.761080e+00 3.247445e+00 1.840058e+00 3.823482e-01 2.125666e-01 3.417808e-01 3.205158e-01 4.169618e-01 5.348436e-01 5.255956e-01 5.389499e-01 5.670531e-01 4.453782e-01 5.595093e-01 4.628398e-01 2.284461e-01
<GCONST> 1.223754e+02
<STATE> 3
<MEAN> 39
 -4.154527e+00 1.479414e+00 1.452224e+00 -1.393229e-01 9.811576e-01 1.605907e+00 -1.922198e+00 -3.892238e+00 2.237394e+00 -2.969154e+00 3.446576e-01 8.054782e-01 3.234283e+00 3.484982e-03 -3.815178e-02 -5.761324e-03 1.696774e-02 -1.558438e-03 -3.607800e-02 -7.559020e-03 3.544751e-02 3.071356e-02 -2.399809e-03 -4.972769e-03 -3.103646e-02 -1.160617e-02 6.887599e-04 3.977420e-03 6.160168e-03 1.992608e-03 -5.640670e-04 -9.681191e-03 -1.108057e-03 2.142729e-02 1.028074e-03 3.146336e-03 1.421614e-03 -1.221287e-02 -4.372651e-03
<VARIANCE> 39
 1.448916e+01 1.297255e+01 1.348326e+01 2.197421e+01 6.081250e+01 3.301953e+01 3.400797e+01 3.523581e+01 3.207825e+01 3.330311e+01 3.538678e+01 3.335762e+01 6.765329e+00 7.481487e-01 6.135048e-01 7.283895e-01 1.277871e+00 1.481346e+00 2.000014e+00 1.808546e+00 2.101475e+00 2.032938e+00 1.978603e+00 2.583792e+00 1.647262e+00 4.078578e-01 1.679460e-01 1.168164e-01 1.423369e-01 2.534378e-01 3.182153e-01 4.254405e-01 3.691457e-01 4.193622e-01 4.284361e-01 3.727147e-01 5.198834e-01 3.424101e-01 8.522190e-02
<GCONST> 9.963017e+01
<STATE> 4
<MEAN> 39
 7.691736e-01 -2.997586e-01 -2.347657e-01 1.826697e-02 -1.779156e-01 -2.827185e-01 3.752740e-01 7.487868e-01 -3.702909e-01 5.365403e-01 -9.895457e-02 -1.382792e-01 -6.281666e-01 4.119593e-02 1.738129e-02 -1.579598e-02 9.957906e-03 -6.272236e-03 -7.078086e-03 2.377118e-03 8.763267e-03 -1.294120e-02 1.148174e-02 9.264369e-04 -1.050775e-02 -3.571775e-02 -5.178016e-04 3.407645e-04 1.128189e-04 5.292369e-04 -2.202264e-04 -3.077140e-04 2.950990e-04 -9.652509e-04 -5.537975e-04 6.739040e-04 9.316591e-04 -1.481226e-03 4.738936e-04
<VARIANCE> 39
 2.631054e+01 1.982382e+01 2.781039e+01 3.692415e+01 3.535251e+01 3.829203e+01 3.249974e+01 3.668740e+01 4.041418e+01 4.037194e+01 3.697190e+01 3.847000e+01 1.789549e+01 3.564295e-01 4.735939e-01 6.592022e-01 9.599268e-01 1.153300e+00 1.479870e+00 1.569255e+00 1.630352e+00 1.733902e+00 1.733521e+00 1.624983e+00 1.425316e+00 2.123446e-01 6.187847e-02 8.159362e-02 1.212099e-01 1.737433e-01 2.213938e-01 2.836109e-01 3.044147e-01 3.074545e-01 3.306731e-01 3.353669e-01 3.155026e-01 2.717988e-01 3.344455e-02
<GCONST> 9.399365e+01
<TRANSP> 5
 0.000000e+00 1.000000e+00 0.000000e+00 0.000000e+00 0.000000e+00
 0.000000e+00 8.879619e-01 1.120380e-01 0.000000e+00 0.000000e+00
 0.000000e+00 0.000000e+00 9.819610e-01 1.803903e-02 0.000000e+00
 0.000000e+00 0.000000e+00 0.000000e+00 9.967283e-01 3.271697e-03
 0.000000e+00 0.000000e+00 0.000000e+00 0.000000e+00 0.000000e+00
<ENDHMM>
~h "pw"
<BEGINHMM>
<NUMSTATES> 5
<STATE> 2
<MEAN> 39
 -3.564716e-01 3.285243e+00 6.982017e-01 1.825387e-01 -8.085310e-02 1.444012e+00 1.030509e+00 1.793600e+00 1.015702e+00 7.115635e-01 2.615447e-02 -1.179376e-01 -3.050183e+00 -2.973324e-01 -2.529628e-01 6.618132e-02 2.484216e-02 -1.372682e-01 -2.855340e-01 -1.934340e-01 -1.824432e-01 -4.319253e-02 -7.929682e-02 -1.461954e-02 3.682926e-02 6.825921e-01 2.005780e-02 -3.560191e-02 -2.709206e-02 2.276882e-03 3.617046e-02 1.503162e-02 -1.183129e-02 -2.690452e-02 -2.150970e-02 -5.742858e-03 9.310079e-03 -3.008619e-02 3.842394e-02
<VARIANCE> 39
 1.716849e+01 2.030117e+01 1.160842e+01 1.093425e+01 1.487952e+01 2.164198e+01 2.188332e+01 2.426097e+01 1.725480e+01 1.474899e+01 1.339664e+01 1.231362e+01 6.300674e+01 1.003522e+00 1.164040e+00 8.311740e-01 1.010714e+00 1.505495e+00 1.747362e+00 1.940109e+00 1.898364e+00 1.542430e+00 1.520368e+00 1.380052e+00 1.489596e+00 4.445455e+00 1.570892e-01 1.561678e-01 1.556077e-01 1.744972e-01 2.705646e-01 2.973990e-01 3.548589e-01 3.043362e-01 2.865866e-01 2.758438e-01 2.673021e-01 3.016939e-01 5.154220e-01
<GCONST> 9.675122e+01
<STATE> 3
<MEAN> 39
 -1.248355e+00 -6.857240e-01 1.003414e-01 1.403996e-01 1.362913e-01 -7.931793e-01 -6.996301e-01 -1.014064e+00 -4.404662e-01 -4.523125e-01 -1.404065e-01 2.511574e-02 2.630077e+00 3.866197e-02 -6.331495e-02 -2.990385e-02 -2.035677e-02 8.124997e-03 -1.913589e-02 -2.488215e-02 -5.380884e-02 -3.111135e-02 -2.163778e-02 -5.110858e-03 -1.319172e-02 7.856954e-02 9.628597e-03 1.325157e-02 -3.560948e-04 -1.183460e-03 1.785080e-03 9.092402e-03 9.381425e-03 1.086974e-02 1.933632e-03 3.817732e-03 1.365052e-03 4.351557e-03 -3.675532e-02
<VARIANCE> 39
 1.605713e+01 2.327193e+01 1.229769e+01 1.146283e+01 1.744700e+01 2.534588e+01 2.537750e+01 2.704232e+01 1.900229e+01 1.622108e+01 1.350579e+01 1.252177e+01 7.022264e+01 6.141562e-01 9.680176e-01 7.765889e-01 9.052195e-01 1.406638e+00 1.740443e+00 1.711305e+00 1.740126e+00 1.668572e+00 1.488509e+00 1.359196e+00 1.262493e+00 2.786419e+00 1.095631e-01 1.625860e-01 1.467366e-01 1.760008e-01 2.828203e-01 3.426532e-01 3.393634e-01 3.396045e-01 3.395215e-01 2.920626e-01 2.796767e-01 2.625849e-01 4.336419e-01
<GCONST> 9.593723e+01
<STATE> 4
<MEAN> 39
 1.225482e-01 -2.674357e-02 -2.794088e-02 -1.763092e-02 -1.014211e-02 3.272711e-02 3.543836e-02 4.325940e-02 1.239702e-02 2.168646e-02 1.199317e-02 9.150232e-04 -1.554784e-01 9.422156e-03 7.002040e-03 1.600582e-03 5.738913e-04 3.265421e-03 9.030608e-03 6.648221e-03 7.403519e-03 3.612540e-03 3.759037e-03 2.227320e-03 -6.096502e-04 -2.637491e-02 -7.265862e-05 2.263987e-04 2.696984e-04 -2.792257e-04 -7.610075e-04 -1.121011e-04 -1.881615e-04 -2.420395e-04 -3.321898e-05 2.696449e-04 -9.852878e-05 4.723578e-05 5.560241e-04
<VARIANCE> 39
 1.494288e+01 2.128721e+01 1.089880e+01 1.116343e+01 1.408270e+01 1.990603e+01 1.835779e+01 2.184779e+01 1.725591e+01 1.565790e+01 1.429843e+01 1.289771e+01 3.537745e+01 5.359390e-01 7.837800e-01 6.693299e-01 8.598214e-01 1.156450e+00 1.477866e+00 1.460451e+00 1.576424e+00 1.528811e+00 1.488297e+00 1.427559e+00 1.276537e+00 9.906729e-01 8.765623e-02 1.297162e-01 1.262914e-01 1.689067e-01 2.286408e-01 2.968957e-01 2.919351e-01 3.155403e-01 3.112335e-01 3.049766e-01 2.919901e-01 2.622470e-01 1.398544e-01
<GCONST> 8.932587e+01
<TRANSP> 5
 0.000000e+00 1.000000e+00 0.000000e+00 0.000000e+00 0.000000e+00
 0.000000e+00 9.319860e-01 6.801403e-02 0.000000e+00 0.000000e+00
 0.000000e+00 0.000000e+00 9.796824e-01 2.031756e-02 0.000000e+00
 0.000000e+00 0.000000e+00 0.000000e+00 9.981623e-01 1.837755e-03
 0.000000e+00 0.000000e+00 0.000000e+00 0.000000e+00 0.000000e+00
<ENDHMM>
~h "si"
<BEGINHMM>
<NUMSTATES> 5
<STATE> 2
<MEAN> 39
 7.358046e-01 7.079569e-01 1.677741e+00 1.486186e+00 7.572210e-01 7.014914e-03 -5.239369e-01 -1.505460e+00 -7.139178e-01 -1.184965e+00 -1.071210e+00 -1.896560e-01 1.413152e+00 1.387077e-02 3.510348e-02 -2.148190e-02 -3.682446e-02 -2.303010e-02 5.822917e-02 5.635133e-02 9.403595e-02 2.276593e-02 3.876974e-02 2.150852e-02 -2.162193e-02 -1.441788e-01 -3.954147e-03 -1.623316e-03 -4.040549e-03 -3.354985e-03 -2.606643e-03 1.443660e-03 3.109945e-03 7.078692e-03 6.066617e-03 8.253598e-03 8.579591e-03 2.274127e-03 8.572509e-04
<VARIANCE> 39
 1.795593e+01 1.416993e+01 1.672985e+01 1.759411e+01 2.643274e+01 2.200312e+01 2.035269e+01 2.336300e+01 2.046845e+01 1.954907e+01 1.861462e+01 2.242678e+01 1.431678e+01 2.079404e-01 3.479216e-01 4.894061e-01 6.764153e-01 9.472859e-01 1.111109e+00 1.305834e+00 1.395534e+00 1.400412e+00 1.345187e+00 1.352094e+00 1.236837e+00 1.272273e-01 3.023344e-02 5.477887e-02 8.395060e-02 1.200100e-01 1.690536e-01 2.025809e-01 2.417456e-01 2.544136e-01 2.582356e-01 2.519214e-01 2.541491e-01 2.306659e-01 1.437366e-02
<GCONST> 7.914858e+01
<STATE> 3
<MEAN> 39
 4.986460e-01 7.267115e-01 6.997014e-01 7.035044e-01 6.201227e-01 6.309605e-01 2.233114e-01 -2.712246e-02 -4.356389e-01 -4.956633e-01 -2.749923e-01 -1.590564e-01 -5.722898e-01 -7.141188e-03 -8.977219e-03 -2.507385e-02 -2.854325e-02 -1.799421e-02 -3.627459e-03 7.045376e-03 3.064659e-02 1.787588e-02 2.272699e-02 1.905931e-02 3.939763e-03 -2.802484e-02 -2.130729e-03 -4.349599e-03 -5.723488e-03 -7.332580e-03 -7.466369e-03 -8.668750e-03 -4.945093e-03 -2.452381e-03 2.606815e-03 3.727283e-03 3.541213e-03 3.330914e-03 4.540361e-03
<VARIANCE> 39
 4.932187e+00 5.111030e+00 7.302978e+00 9.054758e+00 1.272148e+01 1.347906e+01 1.362172e+01 1.554897e+01 1.508591e+01 1.465040e+01 1.434941e+01 1.278337e+01 3.361472e+00 1.632238e-01 2.918113e-01 4.860662e-01 7.236477e-01 9.629887e-01 1.126454e+00 1.214164e+00 1.348849e+00 1.401670e+00 1.410289e+00 1.375822e+00 1.181272e+00 6.678484e-02 2.837748e-02 5.547533e-02 9.523820e-02 1.451889e-01 1.942664e-01 2.277915e-01 2.461652e-01 2.738557e-01 2.865381e-01 2.901382e-01 2.849165e-01 2.432712e-01 1.049435e-02
<GCONST> 7.010171e+01
<STATE> 4
<MEAN> 39
 -1.131441e-01 -1.425239e-01 -1.983784e-01 -1.871381e-01 -1.310187e-01 -8.643595e-02 1.726912e-03 9.612388e-02 1.032109e-01 1.403123e-01 1.032505e-01 3.332479e-02 -8.748126e-03 -6.463717e-03 -8.582509e-04 -1.550603e-03 -4.542449e-04 -1.901647e-03 -4.454162e-03 -2.409835e-03 -4.115092e-03 2.411109e-04 6.005163e-04 1.513534e-03 3.211718e-03 1.050824e-02 2.795782e-04 6.340366e-04 1.284098e-03 1.425856e-03 1.134048e-03 8.058996e-04 5.873266e-05 -8.560865e-04 -7.967082e-04 -1.172532e-03 -1.138425e-03 -5.422566e-04 4.232255e-04
<VARIANCE> 39
 1.009686e+01 9.366918e+00 7.963965e+00 9.921447e+00 1.321169e+01 1.527854e+01 1.563458e+01 1.790343e+01 1.585887e+01 1.528283e+01 1.440345e+01 1.285347e+01 1.447720e+01 2.947473e-01 4.313665e-01 5.424566e-01 7.584193e-01 1.006271e+00 1.217137e+00 1.348179e+00 1.458366e+00 1.454488e+00 1.463425e+00 1.359366e+00 1.189109e+00 2.989780e-01 4.814087e-02 7.737194e-02 1.044577e-01 1.492329e-01 1.995002e-01 2.430432e-01 2.710637e-01 2.940284e-01 2.949352e-01 2.983342e-01 2.764754e-01 2.409106e-01 4.383500e-02
<GCONST> 7.930215e+01
<TRANSP> 5
 0.000000e+00 1.000000e+00 0.000000e+00 0.000000e+00 0.000000e+00
 0.000000e+00 9.293866e-01 7.061346e-02 0.000000e+00 0.000000e+00
 0.000000e+00 0.000000e+00 9.681978e-01 3.180219e-02 0.000000e+00
 0.000000e+00 0.000000e+00 0.000000e+00 9.956649e-01 4.335066e-03
 0.000000e+00 0.000000e+00 0.000000e+00 0.000000e+00 0.000000e+00
<ENDHMM>
~h "st"
<BEGINHMM>
<NUMSTATES> 5
<STATE> 2
<MEAN> 39
 -2.789803e-01 -2.782057e-01 -2.597452e-01 -2.107805e-02 -9.230149e-02 -7.546492e-01 -2.449833e-01 4.206460e-01 2.987675e-01 -2.743299e-01 -3.578627e-01 -3.081775e-01 1.063596e+00 -8.332057e-02 -1.973448e-01 6.751753e-02 -1.949308e-01 -1.431265e-01 -2.202307e-01 -8.848345e-02 -1.016914e-02 1.763395e-02 -2.830577e-02 2.692657e-03 8.554003e-03 4.746265e-01 2.455148e-02 1.762125e-02 6.015088e-03 1.961705e-02 1.928975e-02 3.268992e-02 3.186555e-02 7.179178e-03 5.214820e-03 1.386464e-02 2.298872e-03 9.388564e-03 -6.504619e-02
<VARIANCE> 39
 1.546135e+01 2.348875e+01 1.491808e+01 2.400012e+01 2.220002e+01 2.911268e+01 2.168917e+01 2.048751e+01 1.861719e+01 2.001506e+01 1.789050e+01 1.479956e+01 5.979314e+01 9.826143e-01 1.166119e+00 9.871487e-01 1.657812e+00 1.921365e+00 2.315374e+00 1.872453e+00 1.757119e+00 1.721337e+00 1.940598e+00 1.892165e+00 1.484539e+00 3.662302e+00 1.506641e-01 1.754313e-01 1.696772e-01 2.797030e-01 3.429663e-01 3.882767e-01 3.451298e-01 3.332537e-01 3.272926e-01 3.686141e-01 3.666258e-01 2.828347e-01 5.425391e-01
<GCONST> 1.026075e+02
<STATE> 3
<MEAN> 39
 -4.090001e-02 -1.273099e+00 7.375418e-01 -8.394887e-01 -5.589755e-01 -1.599889e+00 -8.527858e-01 -4.266742e-01 -1.215904e-01 -3.657589e-01 -3.362826e-02 2.316221e-02 2.650547e+00 5.994742e-02 5.357317e-02 2.040013e-02 8.690201e-02 6.457432e-02 8.619172e-02 5.038853e-02 -2.730222e-02 -1.486005e-02 -5.271757e-03 -1.675496e-02 9.457804e-03 -2.321988e-01 -2.437955e-03 1.522472e-02 -1.306355e-02 2.013404e-02 1.215556e-02 2.395087e-02 5.257139e-03 -4.557156e-03 -1.185523e-02 6.861824e-05 -2.259463e-03 -5.472984e-03 -2.139135e-02
<VARIANCE> 39
 1.301639e+01 1.419939e+01 1.215502e+01 2.246531e+01 1.926547e+01 2.278005e+01 1.844676e+01 2.142520e+01 1.987132e+01 1.834582e+01 1.572514e+01 1.344750e+01 6.623801e+01 4.844897e-01 5.217754e-01 6.175969e-01 1.198213e+00 1.222411e+00 1.477161e+00 1.552678e+00 1.671204e+00 1.569815e+00 1.549497e+00 1.500712e+00 1.307130e+00 2.139780e+00 7.534830e-02 9.250294e-02 1.179470e-01 2.226934e-01 2.438323e-01 2.993819e-01 3.169759e-01 3.531601e-01 3.216352e-01 3.262081e-01 3.145317e-01 2.773369e-01 2.746399e-01
<GCONST> 9.280878e+01
<STATE> 4
<MEAN> 39
 3.090011e-02 1.700533e-01 -5.886747e-02 9.683935e-02 7.185333e-02 2.518559e-01 1.194334e-01 8.586396e-03 -1.440356e-02 6.716795e-02 3.750943e-02 2.641154e-02 -3.996744e-01 -1.561886e-03 1.293669e-02 -7.135119e-03 8.637381e-03 8.176118e-03 2.052354e-02 9.283310e-03 2.495990e-03 -4.457487e-04 2.449435e-03 3.712733e-04 1.487595e-03 -2.608977e-02 1.669348e-04 -1.087899e-03 -3.691923e-04 -2.133641e-03 -1.785308e-03 -1.872746e-03 -1.655012e-03 7.354480e-04 1.265026e-03 3.788824e-04 4.188601e-04 4.050534e-04 2.189941e-03
<VARIANCE> 39
 1.076952e+01 1.031275e+01 9.959128e+00 1.573439e+01 1.635364e+01 1.938569e+01 1.718169e+01 1.715515e+01 1.659989e+01 1.592520e+01 1.431406e+01 1.317939e+01 2.357305e+01 4.628575e-01 5.773295e-01 6.671516e-01 1.046448e+00 1.222135e+00 1.462251e+00 1.481847e+00 1.546673e+00 1.544492e+00 1.528657e+00 1.437996e+00 1.285864e+00 9.320891e-01 7.363360e-02 9.913594e-02 1.274656e-01 1.943047e-01 2.367260e-01 2.852983e-01 2.964539e-01 3.129832e-01 3.144001e-01 3.129942e-01 2.954361e-01 2.624201e-01 1.305591e-01
<GCONST> 8.739610e+01
<TRANSP> 5
 0.000000e+00 1.000000e+00 0.000000e+00 0.000000e+00 0.000000e+00
 0.000000e+00 9.466217e-01 5.337823e-02 0.000000e+00 0.000000e+00
 0.000000e+00 0.000000e+00 9.555001e-01 4.449981e-02 0.000000e+00
 0.000000e+00 0.000000e+00 0.000000e+00 9.949720e-01 5.028038e-03
 0.000000e+00 0.000000e+00 0.000000e+00 0.000000e+00 0.000000e+00
<ENDHMM>
~h "spe"
<BEGINHMM>
<NUMSTATES> 5
<STATE> 2
<MEAN> 39
 6.877496e-02 7.751538e-01 -5.418273e-01 -8.418579e-01 -1.713958e-01 5.346763e-01 -2.275873e-01 -2.555900e-01 -7.167214e-01 -3.009820e-01 5.286296e-01 -4.393563e-02 -1.665173e-01 8.031341e-02 -1.656370e-01 1.489525e-01 -2.185804e-01 -1.723447e-01 -9.871782e-02 -1.751213e-01 5.504023e-02 4.913934e-02 1.165381e-01 7.610878e-02 -9.287255e-02 3.034252e-01 -1.251735e-02 -4.277536e-02 1.117520e-02 1.810751e-02 -2.477726e-02 -3.085076e-02 2.483024e-04 -9.219251e-03 1.169458e-02 1.462342e-02 -2.368657e-02 -5.096273e-03 1.378387e-02
<VARIANCE> 39
 3.733241e+01 3.607687e+01 4.766979e+01 6.072397e+01 4.459650e+01 5.009374e+01 5.222877e+01 5.463999e+01 4.205566e+01 3.075867e+01 3.199953e+01 2.807951e+01 2.320056e+01 1.035929e+00 1.566252e+00 1.600961e+00 2.243365e+00 2.457181e+00 2.305111e+00 2.391489e+00 3.054303e+00 3.183607e+00 2.187589e+00 2.200660e+00 2.053945e+00 7.763361e-01 1.356618e-01 2.016900e-01 2.158221e-01 3.502593e-01 3.733366e-01 3.828136e-01 3.673689e-01 4.857577e-01 5.064614e-01 3.771894e-01 3.945004e-01 3.863882e-01 7.895152e-02
<GCONST> 1.123876e+02
<STATE> 3
<MEAN> 39
 8.285594e-01 -1.795560e+00 3.210676e+00 -2.383103e+00 -2.537977e+00 -5.924891e-01 -2.276979e+00 -2.417233e-01 -1.310205e+00 5.467580e-02 -1.936269e-01 -1.163080e+00 4.923286e+00 -9.959550e-03 -3.850726e-02 1.258831e-03 4.626883e-02 4.306615e-02 -3.947007e-02 -2.820476e-02 -3.206499e-02 -9.481184e-03 -2.185523e-02 -1.353506e-01 -3.193937e-02 3.613418e-02 -3.779094e-03 3.175471e-02 -2.074543e-02 1.867230e-02 2.122665e-02 1.258535e-02 1.400038e-02 -6.709944e-03 -5.720672e-03 -1.444206e-02 2.980168e-03 1.574762e-02 -2.919649e-02
<VARIANCE> 39
 1.724738e+01 3.682315e+01 7.366061e+01 3.813292e+01 5.925199e+01 4.490273e+01 2.654901e+01 4.262633e+01 2.693598e+01 3.041646e+01 3.771998e+01 3.209750e+01 1.206142e+01 5.310850e-01 9.568557e-01 1.171209e+00 1.281933e+00 2.119685e+00 1.892225e+00 1.688593e+00 2.265948e+00 1.900251e+00 1.957023e+00 1.968799e+00 1.650155e+00 3.441378e-01 7.059444e-02 1.208947e-01 1.693917e-01 2.117851e-01 3.427219e-01 3.539513e-01 3.360594e-01 4.183215e-01 3.828856e-01 3.823359e-01 3.650911e-01 2.865086e-01 3.857136e-02
<GCONST> 1.015750e+02
<STATE> 4
<MEAN> 39
 -1.088955e-01 1.858622e-01 -3.781290e-01 3.481329e-01 3.314269e-01 4.620440e-02 3.013476e-01 4.454262e-02 2.051688e-01 9.383875e-03 -4.094401e-03 1.500078e-01 -6.158560e-01 -6.075279e-03 1.171720e-02 -1.404340e-02 1.755743e-02 1.391804e-02 1.488693e-02 1.879117e-02 4.002885e-03 2.109926e-03 2.304341e-03 1.406237e-02 1.077389e-02 -2.701207e-02 1.300225e-04 -9.452900e-04 1.022579e-03 -8.622037e-04 1.224267e-05 1.754938e-03 6.040892e-04 1.099085e-03 -1.951895e-04 1.433244e-03 2.041479e-04 -6.958025e-04 3.262881e-04
<VARIANCE> 39
 1.373332e+01 2.104560e+01 3.130558e+01 2.389723e+01 4.010035e+01 3.323597e+01 3.269889e+01 3.012835e+01 2.714168e+01 2.572822e+01 2.690259e+01 2.424013e+01 1.448540e+01 3.733113e-01 6.689285e-01 8.790304e-01 1.034256e+00 1.455260e+00 1.515809e+00 1.571742e+00 1.725429e+00 1.740231e+00 1.682209e+00 1.642150e+00 1.519149e+00 2.175812e-01 5.045467e-02 9.708011e-02 1.335275e-01 1.722814e-01 2.406276e-01 2.708657e-01 2.876767e-01 3.250581e-01 3.310166e-01 3.238321e-01 3.105097e-01 2.881216e-01 2.320229e-02
<GCONST> 9.191855e+01
<TRANSP> 5
 0.000000e+00 1.000000e+00 0.000000e+00 0.000000e+00 0.000000e+00
 0.000000e+00 9.438372e-01 5.616283e-02 0.000000e+00 0.000000e+00
 0.000000e+00 0.000000e+00 9.760016e-01 2.399841e-02 0.000000e+00
 0.000000e+00 0.000000e+00 0.000000e+00 9.969540e-01 3.045997e-03
 0.000000e+00 0.000000e+00 0.000000e+00 0.000000e+00 0.000000e+00
<ENDHMM>
