~o
<STREAMINFO> 1 39
<VECSIZE> 39<NULLD><MFCC_D_A_0><DIAGC>
~h "ap"
<BEGINHMM>
<NUMSTATES> 5
<STATE> 2
<NUMMIXES> 2
<MIXTURE> 1 7.849689e-01
<MEAN> 39
 -1.267969e+01 -9.931248e+00 -4.886761e+00 -1.775238e-01 1.181714e+00 -3.823025e+00 2.172817e+00 -3.511391e+00 -3.117138e+00 -1.035670e+00 7.255970e-01 -1.034495e+00 6.187863e+01 3.313876e-01 2.132692e-01 1.972987e-01 1.098224e-01 2.575029e-01 2.256298e-01 1.475145e-01 1.034817e-01 2.684405e-02 5.392120e-02 9.056640e-02 2.915238e-02 -7.916598e-01 -1.185070e-02 1.297720e-02 1.036646e-04 2.758385e-03 -2.463848e-02 -2.012569e-02 -1.107671e-02 2.253777e-02 1.325555e-02 -1.373386e-03 -8.092921e-03 3.134759e-03 1.625757e-02
<VARIANCE> 39
 2.075612e+01 3.121349e+01 2.701299e+01 2.198480e+01 2.981072e+01 3.152706e+01 2.452807e+01 2.483364e+01 2.128465e+01 1.954919e+01 1.740343e+01 1.528305e+01 7.775680e+01 1.124862e-01 2.394832e-01 3.718501e-01 6.263114e-01 8.951029e-01 1.042496e+00 1.060064e+00 1.194528e+00 1.325437e+00 1.325511e+00 1.269163e+00 1.246605e+00 7.563614e-02 2.073086e-02 4.554710e-02 7.197792e-02 1.223195e-01 1.752613e-01 2.172997e-01 2.060470e-01 2.373045e-01 2.640811e-01 2.797266e-01 2.615090e-01 2.660964e-01 6.888528e-03
<GCONST> 7.906703e+01
<MIXTURE> 2 2.150323e-01
<MEAN> 39
 -1.371840e+01 -7.548817e+00 -4.382471e+00 -9.924333e-02 -1.068673e+00 -4.992195e+00 1.218153e+00 -1.183521e+00 -1.823881e+00 -8.412130e-01 -1.905516e-01 -1.127564e+00 6.325677e+01 -1.268560e+00 -9.977987e-01 -8.472668e-01 -3.599485e-01 -9.779115e-01 -1.019967e+00 -6.234469e-01 -4.351058e-01 -2.089597e-01 -2.846844e-01 -3.628597e-01 -1.269155e-01 3.229816e+00 4.342934e-02 -8.721012e-02 -3.358842e-02 -1.817925e-02 8.596612e-02 3.584637e-02 2.418510e-02 -7.986532e-02 -6.882282e-02 -3.770568e-03 3.293253e-02 -1.343081e-02 2.090190e-02
<VARIANCE> 39
 4.434297e+01 4.163837e+01 2.974234e+01 2.445237e+01 4.556772e+01 5.908300e+01 3.065911e+01 2.455712e+01 2.303946e+01 2.295627e+01 2.138654e+01 1.423664e+01 2.018347e+02 3.734334e+00 3.502017e+00 2.004085e+00 2.062773e+00 3.721618e+00 5.883569e+00 2.781012e+00 2.428509e+00 2.262742e+00 2.468033e+00 2.002177e+00 1.535968e+00 1.651947e+01 8.506510e-01 6.308451e-01 4.018228e-01 3.897858e-01 7.828928e-01 1.207774e+00 5.382242e-01 4.257858e-01 4.213516e-01 4.737732e-01 3.820503e-01 2.937987e-01 4.046490e+00
<GCONST> 1.258347e+02
<STATE> 3
<NUMMIXES> 2
<MIXTURE> 1 7.786812e-01
<MEAN> 39
 -1.046444e+01 -1.682998e+01 -1.020198e+01 1.945405e+00 7.719886e-01 -9.064175e+00 6.444575e-01 -2.561885e+00 -6.324072e+00 -3.581233e+00 6.318271e-01 -1.642899e+00 6.862712e+01 2.823224e-01 1.728600e-01 2.448094e-01 2.351800e-01 3.390151e-01 2.317885e-01 1.452591e-01 4.339643e-02 3.102585e-02 3.951075e-02 7.835218e-02 7.284138e-02 -9.046808e-01 -5.276224e-03 2.391230e-02 1.079204e-02 1.687599e-02 -2.367122e-02 -1.445241e-02 -1.052239e-02 2.215704e-02 1.813055e-02 1.106889e-02 8.766083e-03 2.184955e-02 9.960113e-03
<VARIANCE> 39
 1.040368e+01 1.901774e+01 1.708097e+01 2.216568e+01 3.135508e+01 1.901440e+01 2.619828e+01 2.015408e+01 2.344292e+01 2.203912e+01 1.558276e+01 1.627979e+01 5.751566e+01 8.680416e-02 2.007855e-01 3.004200e-01 5.798823e-01 9.376184e-01 1.036223e+00 9.179368e-01 1.036443e+00 1.460178e+00 1.420482e+00 1.152708e+00 1.576682e+00 3.577373e-02 1.745277e-02 3.935442e-02 6.085197e-02 1.243392e-01 1.952594e-01 2.266234e-01 1.871656e-01 1.941562e-01 3.023960e-01 3.045533e-01 2.318607e-01 3.645619e-01 6.359279e-03
<GCONST> 7.500350e+01
<MIXTURE> 2 2.213199e-01
<MEAN> 39
 -1.142268e+01 -1.527196e+01 -1.001240e+01 2.414287e+00 -1.199547e+00 -1.007096e+01 -9.126639e-01 -1.324616e+00 -4.993166e+00 -3.499748e+00 -1.276558e-01 -1.221786e+00 7.136878e+01 -6.458611e-01 -6.263084e-01 -7.603651e-01 -7.037257e-01 -8.390095e-01 -6.167536e-01 -3.667238e-01 -1.982320e-01 -1.657238e-01 -1.581090e-01 -1.256181e-01 -2.593375e-01 2.363463e+00 8.848383e-02 7.521778e-02 7.688425e-02 -2.715617e-02 1.644989e-01 2.000815e-01 1.158566e-01 -2.008198e-02 1.270053e-02 2.936511e-02 -2.047438e-02 -6.554101e-02 -3.626467e-01
<VARIANCE> 39
 2.278538e+01 2.703698e+01 2.177385e+01 2.695177e+01 4.538488e+01 3.402326e+01 3.668678e+01 1.943864e+01 2.680670e+01 2.267138e+01 2.110621e+01 1.519572e+01 1.578874e+02 1.786062e+00 2.429687e+00 1.445859e+00 1.617439e+00 3.499948e+00 3.539893e+00 2.570667e+00 1.656969e+00 2.252762e+00 1.823248e+00 1.735081e+00 1.582804e+00 1.303495e+01 4.249358e-01 4.756566e-01 3.353956e-01 3.443293e-01 8.207397e-01 8.088380e-01 5.046729e-01 3.315788e-01 4.359551e-01 3.564423e-01 3.199986e-01 3.104844e-01 3.570803e+00
<GCONST> 1.180504e+02
<STATE> 4
<NUMMIXES> 2
<MIXTURE> 1 8.709952e-01
<MEAN> 39
 -8.039857e+00 -1.025998e+01 -2.897262e+00 2.222911e+00 -2.449414e-01 -2.536376e+00 4.117588e+00 -1.932764e+00 -3.206707e+00 3.688543e-01 1.243420e+00 -1.812618e+00 5.581388e+01 1.931308e-01 2.853512e-01 1.443907e-01 4.327803e-02 1.237290e-01 1.881840e-01 6.810677e-02 1.473569e-01 7.067306e-02 6.902266e-02 2.747245e-02 -1.115178e-02 -5.710555e-01 -1.307674e-02 5.453913e-03 -2.415004e-03 -2.046646e-03 -2.299785e-02 -1.433289e-02 -9.666952e-03 2.180182e-03 -9.677288e-04 -1.486382e-03 -2.321545e-03 7.454096e-03 1.987058e-02
<VARIANCE> 39
 1.678257e+01 7.083495e+01 1.723206e+01 2.267323e+01 2.974101e+01 3.107798e+01 1.804242e+01 3.170453e+01 2.398841e+01 1.835181e+01 1.558709e+01 1.336271e+01 1.072198e+02 1.305229e-01 2.837587e-01 3.981022e-01 6.552101e-01 9.389997e-01 1.034476e+00 1.098214e+00 1.251036e+00 1.367096e+00 1.414748e+00 1.245509e+00 1.123690e+00 1.550190e-01 2.181303e-02 4.894540e-02 7.839390e-02 1.275704e-01 1.867972e-01 2.127960e-01 2.186028e-01 2.437213e-01 2.819618e-01 2.996641e-01 2.517182e-01 2.273570e-01 6.669120e-03
<GCONST> 8.083890e+01
<MIXTURE> 2 1.290051e-01
<MEAN> 39
 -1.110905e+01 -9.919081e+00 -3.705766e+00 1.961117e+00 -4.096805e+00 -4.282693e+00 2.877841e+00 -1.455194e+00 -2.859950e+00 2.309009e-01 -2.228709e-01 -1.480736e+00 6.244793e+01 -1.186401e+00 -1.536922e+00 -6.892325e-01 -2.652864e-01 -9.732475e-01 -9.731464e-01 -3.071747e-01 -7.972946e-01 -1.936961e-01 -2.123583e-01 -2.353159e-01 1.846718e-02 3.292959e+00 6.621760e-02 -5.005923e-02 -1.289942e-02 -7.092437e-03 1.211341e-01 5.110595e-02 3.207163e-02 -2.363541e-02 -2.953780e-02 -1.670218e-02 -9.329980e-03 -5.893183e-02 -9.352720e-02
<VARIANCE> 39
 3.698799e+01 8.909109e+01 2.129833e+01 2.612511e+01 4.461087e+01 4.763417e+01 2.156253e+01 3.189434e+01 2.334459e+01 1.782960e+01 2.052909e+01 1.432394e+01 2.652039e+02 3.162904e+00 7.197274e+00 1.500376e+00 2.560814e+00 3.711480e+00 4.255283e+00 1.849817e+00 2.662188e+00 2.355467e+00 1.873502e+00 1.964786e+00 1.420242e+00 2.035175e+01 7.360779e-01 1.420513e+00 2.925226e-01 5.009164e-01 8.027092e-01 9.022835e-01 3.586508e-01 5.555295e-01 4.510177e-01 3.644054e-01 4.030708e-01 2.587045e-01 4.972063e+00
<GCONST> 1.256640e+02
<TRANSP> 5
 0.000000e+00 1.000000e+00 0.000000e+00 0.000000e+00 0.000000e+00
 0.000000e+00 9.923187e-01 7.681296e-03 0.000000e+00 0.000000e+00
 0.000000e+00 0.000000e+00 9.870749e-01 1.292507e-02 0.000000e+00
 0.000000e+00 0.000000e+00 0.000000e+00 9.872710e-01 1.272904e-02
 0.000000e+00 0.000000e+00 0.000000e+00 0.000000e+00 0.000000e+00
<ENDHMM>
~h "cl"
<BEGINHMM>
<NUMSTATES> 5
<STATE> 2
<NUMMIXES> 2
<MIXTURE> 1 7.395815e-01
<MEAN> 39
 -1.101475e+01 -2.091815e+00 -1.463676e+00 -2.518463e+00 -6.617460e-01 5.012848e+00 3.447553e+00 -3.733765e-01 2.175304e+00 3.308584e-01 -2.160421e+00 4.148908e-01 5.396460e+01 2.902297e-01 -3.783439e-03 9.120899e-03 2.382135e-02 1.083370e-01 4.749545e-02 6.808425e-02 9.222087e-03 -3.089780e-02 3.108104e-02 6.906272e-02 -1.009771e-01 -3.148155e-01 -8.572453e-03 1.322557e-02 3.677600e-03 -2.212321e-03 -8.226606e-03 -9.383847e-03 -4.636308e-04 1.753884e-02 -1.568546e-02 -2.952487e-03 -2.330817e-04 7.259107e-03 1.073689e-02
<VARIANCE> 39
 3.361129e+01 2.819336e+01 2.569039e+01 1.452078e+01 1.857787e+01 3.835019e+01 2.005229e+01 2.404675e+01 3.243656e+01 2.314508e+01 2.744678e+01 2.334892e+01 4.476791e+01 2.874299e-01 3.845381e-01 5.256789e-01 6.956143e-01 9.663649e-01 1.189339e+00 1.350337e+00 1.529233e+00 1.631183e+00 1.316137e+00 1.394920e+00 1.349304e+00 1.672285e-01 4.346855e-02 6.370874e-02 9.249965e-02 1.309790e-01 1.808771e-01 2.138845e-01 2.578508e-01 2.884997e-01 3.038027e-01 2.628053e-01 2.754938e-01 2.578881e-01 1.717526e-02
<GCONST> 8.595959e+01
<MIXTURE> 2 2.604192e-01
<MEAN> 39
 -1.329086e+01 9.853985e-02 1.637027e-01 -2.381109e+00 -1.749993e+00 4.384984e+00 2.713402e+00 -1.407182e-01 1.794317e+00 1.155325e+00 -2.337862e+00 9.298414e-01 5.438007e+01 -2.029789e+00 1.842420e-01 9.196422e-02 -1.039613e-01 -7.559139e-01 4.044003e-01 -4.726678e-01 -6.883695e-01 5.359979e-01 -1.620246e-01 -7.879485e-01 6.387495e-01 1.796595e+00 -7.393178e-02 -4.693228e-02 4.330142e-02 -3.671161e-02 -1.877319e-02 1.462851e-01 -3.018015e-02 -1.672540e-01 8.123061e-02 -3.413590e-02 -9.889308e-02 6.675278e-02 2.887389e-02
<VARIANCE> 39
 5.587080e+01 2.773512e+01 2.961583e+01 1.661067e+01 2.115201e+01 5.417438e+01 2.733730e+01 2.931528e+01 3.429878e+01 3.273980e+01 3.391127e+01 2.477486e+01 7.421809e+01 4.792284e+00 2.120293e+00 1.319907e+00 1.361838e+00 2.041824e+00 4.963031e+00 2.982350e+00 3.652107e+00 3.609782e+00 3.469927e+00 3.160741e+00 2.700771e+00 4.537988e+00 1.052437e+00 3.008785e-01 1.823473e-01 2.046806e-01 3.797216e-01 7.539505e-01 4.918833e-01 5.524298e-01 5.810885e-01 6.317941e-01 5.245210e-01 4.278652e-01 1.028296e+00
<GCONST> 1.213492e+02
<STATE> 3
<NUMMIXES> 2
<MIXTURE> 1 6.681923e-01
<MEAN> 39
 -1.904312e+01 2.984232e+00 -3.260394e-01 -5.528512e+00 -4.032678e+00 1.269678e+01 5.800958e-01 -3.831013e+00 7.677809e+00 -3.379102e+00 -3.513261e+00 5.393056e+00 5.821684e+01 5.966803e-01 -8.027950e-02 -3.702441e-02 -4.387574e-02 6.089775e-02 1.116302e-02 -4.339654e-02 5.645354e-02 1.492211e-02 8.875187e-02 1.135297e-01 -6.709859e-02 -4.617119e-01 -1.412009e-02 -1.024911e-03 -1.803397e-02 3.959647e-02 -8.441274e-03 -7.523088e-02 2.755830e-02 2.545389e-02 -2.615318e-02 -2.799767e-03 1.750596e-02 8.914966e-03 1.308740e-02
<VARIANCE> 39
 4.426985e+01 9.287136e+00 1.901275e+01 1.158198e+01 1.650467e+01 3.022670e+01 2.373475e+01 2.206150e+01 2.503847e+01 1.921015e+01 1.856117e+01 1.909414e+01 1.715505e+01 2.379505e-01 3.128114e-01 5.495608e-01 7.299819e-01 9.592083e-01 1.323737e+00 1.367291e+00 1.445685e+00 1.441247e+00 1.432008e+00 1.373144e+00 1.306412e+00 1.141933e-01 7.492877e-02 6.201089e-02 1.162700e-01 1.500691e-01 2.023156e-01 2.892587e-01 2.971219e-01 3.089774e-01 3.052738e-01 2.968426e-01 2.857651e-01 2.788133e-01 3.885990e-02
<GCONST> 8.417523e+01
<MIXTURE> 2 3.318090e-01
<MEAN> 39
 -2.052234e+01 2.469471e+00 -5.594879e-02 -4.962348e+00 -4.404804e+00 1.092905e+01 7.783560e-01 -3.187338e+00 7.325794e+00 -3.920964e+00 -3.192262e+00 5.296246e+00 5.977927e+01 -1.121953e+00 1.472222e-01 4.929311e-02 1.014071e-01 -1.073501e-01 -3.784074e-02 9.467360e-02 -1.275209e-01 -6.402536e-02 -1.872950e-01 -2.129677e-01 1.254730e-01 8.876789e-01 6.024198e-02 -3.334283e-03 3.390819e-02 -7.931419e-02 2.547140e-02 1.321034e-01 -5.416789e-02 -3.703114e-02 4.128895e-02 1.631311e-02 -2.322899e-02 -2.954501e-02 -4.800328e-02
<VARIANCE> 39
 6.356188e+01 1.087692e+01 2.144473e+01 1.407386e+01 2.006824e+01 3.968007e+01 2.917088e+01 2.255447e+01 2.870112e+01 2.163901e+01 2.080565e+01 2.142718e+01 2.659565e+01 2.980302e+00 8.321129e-01 1.190165e+00 1.280149e+00 1.812336e+00 3.434765e+00 2.784998e+00 2.335762e+00 2.493250e+00 1.981264e+00 1.910661e+00 2.212233e+00 1.436329e+00 8.363565e-01 1.405607e-01 1.953764e-01 2.323651e-01 3.138610e-01 5.556900e-01 4.835520e-01 4.183381e-01 4.491760e-01 3.944944e-01 3.720175e-01 3.792573e-01 4.490753e-01
<GCONST> 1.082712e+02
<STATE> 4
<NUMMIXES> 2
<MIXTURE> 1 6.496835e-01
<MEAN> 39
 -2.111477e+01 9.160199e-01 7.023334e+00 -3.361685e+00 -6.757634e+00 1.101741e+01 1.472299e+00 -7.399726e+00 3.000846e+00 4.382801e+00 -1.166573e+01 5.016985e+00 5.676285e+01 5.417411e-01 7.528099e-02 2.101481e-01 -1.125276e-01 1.060067e-02 1.461154e-01 3.633620e-02 -1.123544e-01 3.842359e-01 6.219466e-02 2.756722e-03 1.068996e-01 -6.154331e-01 -4.927807e-02 1.785091e-02 -5.895119e-02 4.328280e-02 2.218041e-02 -1.021328e-01 2.353745e-02 1.005443e-01 -9.215950e-03 2.153109e-02 3.216276e-02 -3.936712e-02 3.174974e-02
<VARIANCE> 39
 4.156568e+01 7.605055e+00 1.401745e+01 1.625721e+01 2.782557e+01 2.812855e+01 2.789739e+01 4.566212e+01 3.341270e+01 2.889321e+01 3.101916e+01 3.213889e+01 3.348308e+01 2.104975e-01 3.381103e-01 6.483305e-01 7.511922e-01 9.989213e-01 1.278914e+00 1.335022e+00 1.548531e+00 1.771609e+00 1.479637e+00 1.391940e+00 1.424875e+00 1.317610e-01 7.755029e-02 7.562077e-02 1.377832e-01 1.600968e-01 2.120181e-01 2.835885e-01 2.840273e-01 3.481721e-01 4.069789e-01 3.367258e-01 3.037097e-01 3.139538e-01 6.797093e-02
<GCONST> 9.008941e+01
<MIXTURE> 2 3.503206e-01
<MEAN> 39
 -2.407207e+01 1.294220e+00 5.202043e+00 -2.324597e+00 -6.246909e+00 9.614036e+00 1.893107e+00 -5.584280e+00 2.596011e+00 4.497950e+00 -1.140533e+01 4.477760e+00 5.923331e+01 -8.560268e-01 -1.547638e-01 -3.702784e-01 1.747146e-01 -4.174325e-03 -3.105003e-01 -9.471446e-02 2.228840e-01 -7.189772e-01 -1.301838e-01 3.432996e-02 -2.094886e-01 1.027104e+00 9.374887e-02 -3.016011e-02 1.024282e-01 -7.820131e-02 -3.755321e-02 1.764301e-01 -4.635713e-02 -1.769214e-01 1.296531e-02 -3.928911e-02 -5.348088e-02 6.709436e-02 -6.276729e-02
<VARIANCE> 39
 3.257793e+01 1.100390e+01 1.656781e+01 1.710436e+01 2.498565e+01 3.266985e+01 3.209325e+01 4.595718e+01 3.596017e+01 2.984423e+01 2.521405e+01 2.551114e+01 3.337362e+01 2.108584e+00 8.273792e-01 1.452931e+00 1.339798e+00 1.899258e+00 3.385902e+00 2.242551e+00 4.239148e+00 3.385084e+00 2.715486e+00 2.228446e+00 2.525405e+00 1.691113e+00 5.377091e-01 1.438538e-01 2.897080e-01 2.556919e-01 3.148110e-01 5.643883e-01 3.840042e-01 6.311894e-01 7.173139e-01 4.560536e-01 3.873081e-01 4.509309e-01 5.598150e-01
<GCONST> 1.122172e+02
<TRANSP> 5
 0.000000e+00 1.000000e+00 0.000000e+00 0.000000e+00 0.000000e+00
 0.000000e+00 9.475386e-01 5.246144e-02 0.000000e+00 0.000000e+00
 0.000000e+00 0.000000e+00 9.920975e-01 7.902496e-03 0.000000e+00
 0.000000e+00 0.000000e+00 0.000000e+00 9.936156e-01 6.384442e-03
 0.000000e+00 0.000000e+00 0.000000e+00 0.000000e+00 0.000000e+00
<ENDHMM>
~h "cm"
<BEGINHMM>
<NUMSTATES> 5
<STATE> 2
<NUMMIXES> 2
<MIXTURE> 1 7.394257e-01
<MEAN> 39
 -9.266003e+00 -2.100369e-01 -2.246408e+00 -3.350049e+00 -9.742384e-02 2.970381e-01 -1.066663e+00 -6.611359e-01 -2.799361e+00 -7.887849e-01 1.917876e-01 -2.145036e+00 6.025265e+01 -3.422420e-02 6.713369e-02 2.321476e-02 3.719054e-02 6.432360e-02 1.096266e-01 6.497157e-02 4.986950e-02 9.663308e-03 5.095632e-02 5.251493e-02 1.746014e-02 -1.073327e-01 -1.043254e-02 -1.089935e-02 -1.821301e-02 -2.976050e-02 -3.802702e-02 -4.651848e-02 -4.172405e-02 -2.228078e-02 -1.872450e-02 -1.185761e-02 -9.183113e-03 -1.324807e-02 2.281570e-02
<VARIANCE> 39
 1.822569e+01 1.615578e+01 1.380032e+01 1.447631e+01 1.443966e+01 1.520513e+01 1.784426e+01 2.028002e+01 2.024483e+01 1.829579e+01 1.698478e+01 1.372986e+01 6.002511e+01 2.317183e-01 3.598502e-01 5.117348e-01 7.695513e-01 9.035279e-01 1.142109e+00 1.235697e+00 1.361863e+00 1.458224e+00 1.409340e+00 1.316396e+00 1.180504e+00 2.474562e-01 3.157531e-02 6.168736e-02 8.996967e-02 1.338225e-01 1.727677e-01 2.215452e-01 2.357707e-01 2.667818e-01 2.798829e-01 2.830501e-01 2.643685e-01 2.264820e-01 1.786405e-02
<GCONST> 8.023834e+01
<MIXTURE> 2 2.605743e-01
<MEAN> 39
 -9.581801e+00 -1.945179e+00 -3.394213e+00 -5.181467e+00 -2.152122e+00 -2.651809e+00 -3.267951e+00 -1.950188e+00 -3.613809e+00 -1.810308e+00 -7.369468e-01 -2.100139e+00 6.471760e+01 1.212240e-01 -2.194470e-01 -1.402844e-01 -2.118352e-01 -2.845958e-01 -3.857366e-01 -3.029766e-01 -2.650609e-01 -1.795248e-01 -1.795420e-01 -2.169037e-01 9.665214e-03 9.610286e-01 4.149656e-02 3.799853e-02 4.851194e-02 9.673900e-02 1.280080e-01 1.564281e-01 1.416526e-01 6.575178e-02 4.908421e-02 6.757307e-02 6.319055e-02 3.595568e-02 -8.050202e-02
<VARIANCE> 39
 1.808109e+01 2.214499e+01 2.019464e+01 2.131668e+01 2.027005e+01 2.018917e+01 2.366452e+01 2.469952e+01 2.408593e+01 2.026297e+01 2.002392e+01 1.680116e+01 7.421208e+01 1.046305e+00 1.328529e+00 1.285892e+00 1.528981e+00 1.733455e+00 2.004205e+00 1.965638e+00 2.097616e+00 2.024902e+00 1.888913e+00 1.760471e+00 1.608523e+00 1.864268e+00 1.473248e-01 2.158013e-01 2.382666e-01 2.895957e-01 3.363827e-01 3.697831e-01 3.782510e-01 3.898751e-01 4.038733e-01 3.703712e-01 3.236405e-01 3.097400e-01 3.476641e-01
<GCONST> 1.037309e+02
<STATE> 3
<NUMMIXES> 2
<MIXTURE> 1 3.714837e-01
<MEAN> 39
 -1.214795e+01 -4.833218e-01 -2.968195e+00 -4.842520e+00 -4.710438e-01 -1.453116e-01 -2.158574e+00 -6.756842e-01 -3.196552e+00 -7.172044e-01 1.289977e+00 -1.298264e+00 6.066791e+01 3.264164e-01 1.756741e-01 1.635449e-01 1.560945e-01 1.280491e-02 -1.213459e-01 -8.808815e-02 -1.028541e-01 -6.382908e-02 -1.452430e-01 -2.402011e-01 -1.710129e-01 4.180034e-01 3.929399e-02 1.350561e-02 -2.826769e-03 1.298546e-03 5.211025e-03 8.346802e-03 2.229015e-03 2.941281e-02 6.685051e-02 1.055591e-01 9.052480e-02 5.535426e-02 1.579423e-02
<VARIANCE> 39
 9.581607e+00 1.106591e+01 1.017463e+01 1.285828e+01 1.581581e+01 1.593474e+01 1.709013e+01 1.929619e+01 1.872034e+01 1.496559e+01 1.573742e+01 1.515686e+01 2.864658e+01 4.757084e-01 5.379103e-01 6.829228e-01 9.960243e-01 1.310238e+00 1.569816e+00 1.605443e+00 1.698570e+00 1.644111e+00 1.514864e+00 1.509896e+00 1.408282e+00 5.965671e-01 6.459631e-02 9.141840e-02 1.254538e-01 1.815858e-01 2.429087e-01 2.943892e-01 3.010173e-01 3.230685e-01 3.244704e-01 2.882671e-01 2.640363e-01 2.789802e-01 6.799374e-02
<GCONST> 8.658577e+01
<MIXTURE> 2 6.285163e-01
<MEAN> 39
 -1.424990e+01 -4.191490e-01 -3.402216e+00 -5.539071e+00 1.274503e-01 1.420265e+00 -1.827308e+00 2.810497e-02 -2.393942e+00 1.801382e+00 4.409948e+00 6.923432e-01 5.888019e+01 -3.191348e-02 -9.322479e-02 -1.019711e-01 -6.834057e-02 -4.572327e-03 1.357606e-02 -1.292193e-02 -2.055323e-03 -6.745781e-03 1.436311e-02 1.694852e-02 3.457038e-02 4.183286e-02 1.460983e-02 -2.427830e-03 4.108661e-04 3.134522e-03 -1.869548e-02 -2.299273e-02 -7.815392e-03 -1.871978e-02 -4.458766e-02 -9.008013e-02 -8.769520e-02 -5.855919e-02 9.060954e-04
<VARIANCE> 39
 4.342998e+00 1.111882e+01 8.501735e+00 1.008815e+01 1.339738e+01 1.471864e+01 1.716241e+01 1.811540e+01 1.615742e+01 1.426462e+01 1.611650e+01 1.500661e+01 9.686347e+00 1.364060e-01 2.767561e-01 4.154277e-01 6.603686e-01 8.437394e-01 1.047016e+00 1.219274e+00 1.244060e+00 1.306761e+00 1.222163e+00 1.225162e+00 1.130087e+00 9.782246e-02 2.106422e-02 4.957926e-02 8.127387e-02 1.287458e-01 1.695008e-01 2.229679e-01 2.589164e-01 2.549201e-01 2.635125e-01 2.467029e-01 2.464993e-01 2.220726e-01 7.496514e-03
<GCONST> 7.047082e+01
<STATE> 4
<NUMMIXES> 2
<MIXTURE> 1 4.750406e-01
<MEAN> 39
 -5.225062e+00 1.879005e+00 -9.450117e-01 -1.807303e+00 1.213959e+00 1.785632e-01 -2.061695e+00 -2.316590e+00 -4.031536e+00 -2.510276e+00 -1.139026e+00 -2.879620e+00 6.293985e+01 4.190783e-02 8.032672e-02 8.911745e-02 1.150261e-01 1.137563e-01 7.469548e-02 8.202972e-02 1.963801e-02 -1.880869e-03 -7.807781e-03 8.943016e-03 -1.132623e-02 -3.790225e-01 -7.322174e-03 -2.695905e-02 -5.854333e-02 -9.669098e-02 -1.117197e-01 -9.877351e-02 -6.501750e-02 -1.130743e-02 -2.127539e-04 -3.383171e-03 -1.104034e-02 1.620183e-03 1.863383e-02
<VARIANCE> 39
 1.145996e+01 8.739826e+00 9.691938e+00 8.487091e+00 1.008441e+01 1.131798e+01 1.448436e+01 1.687286e+01 1.657758e+01 1.542472e+01 1.473820e+01 1.292287e+01 5.655034e+01 1.763321e-01 2.674630e-01 4.261141e-01 6.369289e-01 8.198797e-01 9.892114e-01 1.101219e+00 1.190048e+00 1.299715e+00 1.315106e+00 1.246235e+00 1.119659e+00 1.785634e-01 2.413071e-02 4.537940e-02 7.563616e-02 1.151482e-01 1.510766e-01 1.897618e-01 2.107321e-01 2.342022e-01 2.527016e-01 2.596688e-01 2.473114e-01 2.282861e-01 1.251001e-02
<GCONST> 7.250721e+01
<MIXTURE> 2 5.249578e-01
<MEAN> 39
 -5.536888e+00 -7.879858e-01 -4.203272e+00 -6.010424e+00 -2.839853e+00 -3.108467e+00 -4.182643e+00 -2.616810e+00 -4.070617e+00 -2.558552e+00 -2.094767e+00 -2.930547e+00 7.239053e+01 6.460826e-02 -3.142438e-02 -5.489502e-03 -2.333847e-03 -1.403429e-02 -1.501371e-02 -2.188145e-02 -5.205353e-02 2.271061e-03 -1.346484e-03 5.322657e-03 7.891064e-03 3.340034e-02 -8.793914e-03 2.267093e-02 5.467224e-02 8.918440e-02 1.076317e-01 1.002795e-01 6.523218e-02 1.257435e-02 2.125853e-03 5.026619e-03 1.945284e-02 9.959706e-03 -4.237954e-02
<VARIANCE> 39
 5.680686e+00 7.844477e+00 8.300999e+00 9.892402e+00 9.987340e+00 9.925004e+00 1.375521e+01 1.708117e+01 1.652991e+01 1.461770e+01 1.398696e+01 1.224135e+01 2.943530e+01 2.165175e-01 3.149870e-01 4.849998e-01 7.111334e-01 9.020104e-01 1.063486e+00 1.232830e+00 1.285739e+00 1.329431e+00 1.313721e+00 1.293599e+00 1.183608e+00 4.243367e-01 3.828898e-02 5.828754e-02 9.134386e-02 1.280853e-01 1.622963e-01 2.014059e-01 2.428314e-01 2.575239e-01 2.741711e-01 2.764515e-01 2.633671e-01 2.384305e-01 3.958773e-02
<GCONST> 7.542339e+01
<TRANSP> 5
 0.000000e+00 1.000000e+00 0.000000e+00 0.000000e+00 0.000000e+00
 0.000000e+00 9.637955e-01 3.620450e-02 0.000000e+00 0.000000e+00
 0.000000e+00 0.000000e+00 9.582609e-01 4.173914e-02 0.000000e+00
 0.000000e+00 0.000000e+00 0.000000e+00 9.852984e-01 1.470158e-02
 0.000000e+00 0.000000e+00 0.000000e+00 0.000000e+00 0.000000e+00
<ENDHMM>
~h "co"
<BEGINHMM>
<NUMSTATES> 5
<STATE> 2
<NUMMIXES> 2
<MIXTURE> 1 6.171195e-01
<MEAN> 39
 -8.777459e+00 -5.182485e+00 2.358803e+00 -1.700476e+00 -1.184550e+01 -6.987620e+00 -3.802386e+00 -2.782113e+00 -3.643018e+00 -5.768163e+00 -6.089612e+00 -7.838317e+00 6.962626e+01 -6.553470e-01 -1.185169e-01 8.533728e-02 9.126455e-03 8.974969e-01 2.560635e-01 5.856006e-01 -4.811752e-01 -7.132658e-01 -7.316430e-02 5.275008e-01 2.021812e-01 1.131518e+00 1.719231e-01 -1.330065e-01 -1.694015e-01 6.072895e-02 1.664746e-02 4.881534e-02 -3.724159e-02 1.449145e-01 2.998931e-01 2.923057e-01 7.914755e-02 5.121604e-02 -4.375845e-01
<VARIANCE> 39
 1.947323e+01 2.199313e+01 1.959788e+01 3.117389e+01 4.174868e+01 5.066524e+01 5.424884e+01 5.423489e+01 2.780914e+01 3.348215e+01 3.766269e+01 2.316553e+01 6.556165e+01 6.332090e-01 9.817944e-01 1.106725e+00 1.320096e+00 1.882140e+00 2.075181e+00 2.310469e+00 2.164665e+00 2.352837e+00 2.311343e+00 1.417875e+00 1.810426e+00 1.171594e+00 9.296691e-02 1.635740e-01 1.926067e-01 1.897233e-01 2.949552e-01 4.239324e-01 4.176496e-01 3.916470e-01 3.522534e-01 3.617406e-01 3.021252e-01 3.249845e-01 1.666418e-01
<GCONST> 1.056990e+02
<MIXTURE> 2 3.828806e-01
<MEAN> 39
 -6.136743e+00 -6.455194e+00 -1.596570e+00 -9.912037e-01 -1.336390e+01 -5.367934e+00 -3.738431e+00 2.494002e-01 4.591105e+00 3.070643e-01 -1.664025e+00 -6.749359e+00 5.939793e+01 -4.220925e-01 -2.217557e-01 2.815750e-01 -5.947549e-01 -1.712112e+00 -1.652910e+00 -9.426935e-01 -8.142186e-01 -9.053981e-01 -1.330436e+00 -1.100450e+00 -7.417301e-01 3.222057e+00 -1.483214e-01 2.154101e-01 1.032666e-01 1.714873e-02 5.302805e-01 2.114981e-01 2.117208e-01 -1.145422e-01 -4.369598e-01 -1.925324e-01 1.253111e-01 -3.341964e-03 1.256765e-01
<VARIANCE> 39
 1.696570e+01 3.620862e+01 4.015518e+01 3.808516e+01 1.248854e+02 6.569528e+01 8.530572e+01 7.002460e+01 5.911217e+01 3.620440e+01 5.025622e+01 4.292616e+01 9.007590e+01 1.292913e+00 2.640563e+00 2.354954e+00 2.140633e+00 7.265972e+00 3.265378e+00 3.814421e+00 4.358111e+00 5.382361e+00 3.649159e+00 2.548433e+00 2.938088e+00 3.943994e+00 1.546640e-01 3.567572e-01 2.920021e-01 2.952075e-01 1.013344e+00 6.467341e-01 7.856179e-01 6.541398e-01 6.816403e-01 6.067085e-01 4.906432e-01 5.801659e-01 5.704125e-01
<GCONST> 1.290323e+02
<STATE> 3
<NUMMIXES> 2
<MIXTURE> 1 7.994112e-01
<MEAN> 39
 -6.280935e+00 -6.424063e+00 -5.335646e-01 -2.146694e+00 -6.563717e+00 -7.816108e+00 -6.438111e+00 -7.628287e+00 -5.515461e+00 -4.422702e+00 -3.702882e+00 -9.097039e+00 6.759589e+01 2.241192e-01 3.791251e-02 2.940139e-02 1.431863e-01 3.914119e-01 8.849768e-02 -5.351771e-02 -1.737242e-01 -3.688048e-02 1.182435e-01 8.506451e-02 2.917101e-02 -5.666125e-01 2.264818e-02 3.041641e-02 2.370774e-02 1.762486e-02 -4.489732e-02 -1.219286e-02 -1.691800e-02 7.624535e-03 -2.217184e-03 -3.897070e-02 -5.443208e-02 -1.926538e-02 -2.127975e-02
<VARIANCE> 39
 1.796875e+01 9.972930e+00 2.426586e+01 2.070314e+01 2.495587e+01 2.980399e+01 4.901275e+01 5.363004e+01 3.778051e+01 3.875428e+01 3.516932e+01 3.962872e+01 3.856123e+01 2.026115e-01 3.847579e-01 6.261616e-01 8.187025e-01 1.151866e+00 1.215691e+00 1.537755e+00 1.716943e+00 1.923924e+00 1.836258e+00 1.598148e+00 1.476564e+00 1.439918e-01 4.169381e-02 7.814525e-02 1.227186e-01 1.767525e-01 2.334194e-01 2.509447e-01 3.079351e-01 3.482678e-01 4.099253e-01 3.868925e-01 3.309124e-01 2.970532e-01 2.504900e-02
<GCONST> 9.154687e+01
<MIXTURE> 2 2.005904e-01
<MEAN> 39
 -6.002423e+00 -6.244738e+00 4.498089e-01 -1.423865e+00 -1.035137e+01 -8.103661e+00 -6.629317e+00 -7.244574e+00 -3.079781e+00 -4.000533e+00 -6.183846e+00 -9.735576e+00 6.639082e+01 -3.084210e-01 -1.221991e-01 -7.233881e-03 -3.189267e-01 -1.015690e+00 -1.981935e-01 -1.825557e-01 4.003299e-01 1.695145e-01 -3.220355e-01 -3.250655e-01 -2.389804e-01 1.298430e+00 -7.137841e-02 -8.037150e-02 -3.701244e-02 -3.023572e-02 1.695723e-01 7.794270e-02 8.398997e-02 2.307998e-03 3.107629e-02 1.303236e-01 1.867048e-01 8.050685e-02 2.960486e-02
<VARIANCE> 39
 1.317557e+01 1.819762e+01 2.329588e+01 2.674136e+01 5.119661e+01 3.908474e+01 5.158865e+01 6.011552e+01 5.923754e+01 3.612304e+01 4.267460e+01 3.997505e+01 5.658922e+01 1.049327e+00 2.051079e+00 1.912449e+00 2.441899e+00 5.596498e+00 3.188702e+00 4.222922e+00 3.791965e+00 7.138557e+00 3.695114e+00 4.117877e+00 2.818620e+00 2.410987e+00 1.126308e-01 3.970702e-01 2.798101e-01 3.922789e-01 1.167856e+00 5.501903e-01 6.319201e-01 6.736484e-01 1.391408e+00 6.913511e-01 7.388577e-01 4.826923e-01 5.168722e-01
<GCONST> 1.246026e+02
<STATE> 4
<NUMMIXES> 2
<MIXTURE> 1 7.922167e-01
<MEAN> 39
 -3.425895e+00 -2.540743e+00 4.443621e+00 2.657906e+00 6.538177e-01 -2.138381e+00 -4.024836e+00 -4.691183e+00 -3.960656e+00 -4.228320e+00 -3.477609e+00 -7.520838e+00 5.517477e+01 8.881004e-02 1.942532e-01 -2.338608e-02 7.514691e-03 1.967019e-01 1.435316e-01 1.677819e-01 1.668953e-01 2.344082e-03 4.224566e-02 2.218526e-02 6.103335e-02 -5.039355e-01 -7.374350e-03 -7.212217e-03 -2.330262e-02 -2.088222e-02 -4.579858e-02 -1.739097e-02 -1.495431e-02 4.273934e-03 9.307578e-03 1.929750e-03 -7.888968e-03 -9.727713e-03 1.427604e-02
<VARIANCE> 39
 1.286420e+01 1.910160e+01 1.784472e+01 2.369679e+01 2.194594e+01 2.605194e+01 4.638444e+01 3.979307e+01 2.915204e+01 3.102202e+01 2.681435e+01 2.149243e+01 4.910805e+01 2.025245e-01 3.169699e-01 5.410295e-01 7.092827e-01 8.853492e-01 1.071778e+00 1.242954e+00 1.297314e+00 1.403256e+00 1.473639e+00 1.388273e+00 1.163875e+00 1.152175e-01 3.005628e-02 5.810221e-02 1.015986e-01 1.349207e-01 1.730602e-01 2.128708e-01 2.389807e-01 2.506469e-01 2.740114e-01 2.937705e-01 2.832882e-01 2.346475e-01 1.014309e-02
<GCONST> 8.334506e+01
<MIXTURE> 2 2.077847e-01
<MEAN> 39
 -4.929879e+00 -6.245746e+00 2.398869e+00 1.363554e+00 -7.034332e+00 -2.860098e+00 -8.500264e+00 -4.111046e+00 -2.911015e+00 -5.796260e+00 -5.452053e+00 -1.049280e+01 6.372745e+01 -1.966484e-01 -2.124678e-01 1.490094e-01 7.542765e-02 -2.389862e-01 -1.347631e-01 -2.688665e-01 -1.210512e-01 -3.285722e-02 -1.951513e-01 -4.810194e-02 -9.624502e-02 8.102822e-01 9.496513e-03 2.655536e-02 3.939781e-02 3.855296e-02 1.248255e-01 1.705724e-02 5.176751e-02 -2.953395e-02 -5.014398e-02 4.968906e-04 3.608638e-02 1.794609e-02 -1.711472e-02
<VARIANCE> 39
 1.153462e+01 3.050257e+01 2.900845e+01 2.496569e+01 5.016251e+01 4.691723e+01 6.708277e+01 4.993759e+01 3.741288e+01 5.774902e+01 4.260540e+01 4.364791e+01 7.212029e+01 6.121842e-01 1.571114e+00 1.265751e+00 1.465943e+00 4.091194e+00 2.062095e+00 3.834177e+00 2.873755e+00 2.419237e+00 3.063404e+00 2.382496e+00 2.474255e+00 2.387628e+00 9.793946e-02 2.658835e-01 2.246228e-01 2.733647e-01 6.852800e-01 3.720642e-01 6.872584e-01 5.143357e-01 4.689013e-01 6.317233e-01 4.597923e-01 4.792804e-01 3.365434e-01
<GCONST> 1.165861e+02
<TRANSP> 5
 0.000000e+00 1.000000e+00 0.000000e+00 0.000000e+00 0.000000e+00
 0.000000e+00 8.942353e-01 1.057647e-01 0.000000e+00 0.000000e+00
 0.000000e+00 0.000000e+00 9.845970e-01 1.540301e-02 0.000000e+00
 0.000000e+00 0.000000e+00 0.000000e+00 9.797065e-01 2.029357e-02
 0.000000e+00 0.000000e+00 0.000000e+00 0.000000e+00 0.000000e+00
<ENDHMM>
~h "ds"
<BEGINHMM>
<NUMSTATES> 5
<STATE> 2
<NUMMIXES> 2
<MIXTURE> 1 5.975549e-01
<MEAN> 39
 -1.306056e+01 6.663374e-01 2.144795e+00 1.396820e+00 2.794063e+00 4.379113e-01 6.792706e+00 -4.046701e-01 2.221902e+00 1.373067e+00 4.199668e+00 7.701071e-01 6.447491e+01 3.193448e-01 3.358037e-02 2.065286e-01 2.768869e-01 2.345499e-01 2.928146e-01 1.241284e-01 2.119337e-01 2.641249e-02 8.053133e-02 -2.459606e-02 1.342030e-01 -4.467089e-01 -3.887944e-02 1.195059e-02 -8.196668e-02 -7.484135e-02 -1.720391e-01 -1.650786e-01 -1.296843e-01 -1.120266e-01 -2.354757e-02 7.680824e-02 1.841562e-02 -5.324728e-02 4.449477e-03
<VARIANCE> 39
 1.886706e+01 1.608244e+01 1.224048e+01 2.024223e+01 1.788736e+01 1.956553e+01 2.048886e+01 3.189921e+01 2.883889e+01 1.919055e+01 1.814273e+01 1.641796e+01 9.126675e+01 3.249082e-01 5.023015e-01 7.005609e-01 9.084877e-01 1.365322e+00 1.569802e+00 1.508837e+00 1.774914e+00 1.542500e+00 1.738427e+00 1.553138e+00 1.442612e+00 4.024133e-01 1.139431e-01 1.087398e-01 1.532580e-01 1.903631e-01 2.701069e-01 3.011570e-01 2.756225e-01 3.352170e-01 3.188382e-01 3.583431e-01 3.309339e-01 2.875324e-01 1.887980e-01
<GCONST> 9.313268e+01
<MIXTURE> 2 4.024450e-01
<MEAN> 39
 -1.484453e+01 1.054170e+00 -1.069610e+00 -1.869092e+00 -3.141514e+00 -4.087082e+00 2.651806e+00 -3.829226e+00 2.061986e+00 3.520469e+00 5.043378e+00 5.448292e-01 6.799938e+01 -1.048157e+00 -6.382725e-02 -4.552618e-01 -4.363695e-01 -4.922496e-01 -4.072428e-01 -1.171033e-01 -1.675835e-01 1.154232e-01 1.525225e-02 1.625932e-01 -5.483311e-02 2.466993e+00 2.180368e-01 -3.990019e-03 2.134101e-01 2.372917e-01 3.672172e-01 3.850096e-01 2.023363e-01 1.972801e-01 1.587691e-03 -2.021582e-01 -6.737819e-02 9.749936e-02 -3.138190e-01
<VARIANCE> 39
 2.407262e+01 1.082074e+01 1.486863e+01 1.911821e+01 3.018498e+01 2.244325e+01 2.545092e+01 2.898422e+01 2.270923e+01 2.406986e+01 1.993660e+01 1.727856e+01 8.399498e+01 2.362348e+00 1.396097e+00 1.871092e+00 2.197829e+00 3.693145e+00 3.280270e+00 3.232921e+00 3.111942e+00 2.719931e+00 2.784605e+00 2.400151e+00 1.942954e+00 3.591872e+00 4.294244e-01 2.139942e-01 2.708263e-01 3.754328e-01 4.887656e-01 4.892781e-01 5.076537e-01 5.231074e-01 4.508549e-01 4.299420e-01 4.046861e-01 3.746422e-01 8.625316e-01
<GCONST> 1.137368e+02
<STATE> 3
<NUMMIXES> 2
<MIXTURE> 1 1.284375e-01
<MEAN> 39
 -1.277047e+01 3.253537e+00 -2.724830e-01 1.014515e+00 -5.693204e-01 -1.520358e+00 1.083565e+00 -2.125318e+00 4.850149e-01 -4.565332e-01 1.102716e+00 -4.189882e-01 6.464177e+01 6.308957e-01 2.673373e-01 4.404293e-01 4.896977e-01 5.702860e-01 5.337515e-01 2.515482e-01 1.503245e-01 -2.196290e-01 -1.739327e-01 1.077571e-02 2.791762e-01 -2.160435e-01 -2.904161e-02 -4.432919e-02 1.265200e-02 2.964474e-03 1.205113e-02 1.058126e-02 1.872553e-02 7.936729e-02 5.306796e-02 5.491057e-02 5.953668e-03 -2.379113e-02 -3.102579e-01
<VARIANCE> 39
 4.831596e+01 3.194239e+01 2.266752e+01 1.632683e+01 1.951290e+01 1.274979e+01 2.030234e+01 1.678558e+01 1.364053e+01 1.651691e+01 1.544084e+01 1.484305e+01 6.556052e+02 7.485946e+00 4.043039e+00 2.654658e+00 1.853153e+00 1.938885e+00 1.345805e+00 2.482662e+00 1.895301e+00 1.844397e+00 1.968980e+00 1.494186e+00 1.485499e+00 7.903381e+01 1.554296e+00 6.730008e-01 4.198327e-01 3.350959e-01 3.889130e-01 2.480142e-01 5.393555e-01 3.669905e-01 3.642410e-01 3.677042e-01 3.196014e-01 3.261204e-01 1.503295e+01
<GCONST> 1.201499e+02
<MIXTURE> 2 8.715621e-01
<MEAN> 39
 -1.481583e+01 3.403069e-01 -7.322310e-01 4.190444e-01 -1.355012e+00 -1.900141e+00 1.440836e+00 -3.174079e+00 8.737609e-01 2.624004e+00 4.142241e+00 -5.483360e-01 6.866785e+01 3.362828e-01 -1.079171e-02 1.881343e-01 2.033205e-01 4.414728e-01 1.302543e-01 -2.006280e-02 -1.315206e-01 -1.485728e-01 -1.242012e-01 -1.500291e-01 -3.046170e-01 -7.468698e-01 1.064975e-02 2.008782e-02 -1.753616e-02 -3.662187e-02 -1.117132e-02 -2.000085e-02 2.937957e-04 -3.845972e-02 -3.292745e-02 1.296972e-02 -2.909592e-03 -1.110968e-02 7.699101e-03
<VARIANCE> 39
 4.902689e+00 3.375388e+00 5.055991e+00 1.054540e+01 1.561526e+01 1.112479e+01 1.244719e+01 1.302459e+01 1.483877e+01 1.301311e+01 1.258323e+01 1.358051e+01 1.981514e+01 1.334680e-01 2.478219e-01 4.397015e-01 6.326478e-01 8.059595e-01 1.101392e+00 1.182820e+00 1.242936e+00 1.372477e+00 1.244721e+00 1.227065e+00 1.215273e+00 4.994735e-02 2.779301e-02 5.180827e-02 8.995036e-02 1.196892e-01 1.565242e-01 2.513806e-01 2.354625e-01 2.597257e-01 2.743714e-01 2.629879e-01 2.503393e-01 2.510824e-01 1.073887e-02
<GCONST> 6.857837e+01
<STATE> 4
<NUMMIXES> 2
<MIXTURE> 1 7.740760e-01
<MEAN> 39
 -9.332363e+00 1.698361e+00 2.634226e+00 1.314025e+00 3.685192e+00 1.140016e+00 3.531560e+00 -7.371037e-01 2.162084e-01 -3.292103e-01 1.838151e+00 -1.590098e+00 5.452987e+01 1.175660e-01 2.216961e-02 5.797444e-02 2.769672e-02 6.555013e-02 6.566010e-02 1.915381e-02 3.328387e-02 -9.535847e-03 2.594907e-02 -2.479693e-03 -2.117623e-02 -3.095164e-01 -1.910846e-02 -1.371673e-03 -1.453947e-02 -2.455985e-02 -3.837207e-02 -2.891239e-02 -3.602936e-02 -2.215124e-02 -6.161075e-04 2.512958e-03 1.676146e-02 -4.455152e-03 2.085934e-02
<VARIANCE> 39
 1.306278e+01 1.073555e+01 1.454230e+01 1.577032e+01 1.617044e+01 1.792107e+01 2.036005e+01 1.713937e+01 2.070588e+01 1.819766e+01 1.566826e+01 1.554110e+01 4.680107e+01 2.307768e-01 3.074422e-01 5.058386e-01 7.196901e-01 9.493751e-01 1.139284e+00 1.297290e+00 1.378342e+00 1.501024e+00 1.515989e+00 1.425026e+00 1.222175e+00 1.714456e-01 3.868845e-02 5.769771e-02 9.739877e-02 1.406654e-01 1.889735e-01 2.264087e-01 2.577574e-01 2.728324e-01 3.005809e-01 3.049631e-01 2.902092e-01 2.502009e-01 1.737621e-02
<GCONST> 8.020336e+01
<MIXTURE> 2 2.259391e-01
<MEAN> 39
 -1.102749e+01 8.370485e-01 6.260900e-01 -1.187929e+00 1.077710e+00 -4.228790e-01 1.116860e+00 -2.267450e+00 3.890283e-01 -1.064481e+00 2.901065e+00 -1.545305e+00 5.733999e+01 -2.766689e-01 -5.141606e-02 -1.340345e-01 -7.417946e-02 -1.769890e-01 -1.600666e-01 6.777253e-03 -3.860506e-02 6.557567e-02 -1.298555e-01 -3.018835e-02 7.285860e-02 7.655691e-01 5.862925e-02 3.330207e-03 4.270495e-02 7.775714e-02 1.188385e-01 8.971428e-02 1.170857e-01 8.106799e-02 1.213262e-02 -3.360355e-03 -4.981212e-02 2.257710e-02 -6.175297e-02
<VARIANCE> 39
 2.164253e+01 1.631505e+01 1.968624e+01 1.882963e+01 2.572474e+01 3.424106e+01 3.344212e+01 2.449523e+01 3.805954e+01 3.898835e+01 2.562366e+01 2.338660e+01 6.930405e+01 1.776465e+00 1.140152e+00 1.270241e+00 1.636632e+00 2.512554e+00 2.425853e+00 2.687847e+00 2.159642e+00 2.672505e+00 2.691990e+00 2.235338e+00 1.835974e+00 2.287187e+00 3.157206e-01 1.875428e-01 2.245773e-01 2.997215e-01 4.883187e-01 4.493911e-01 4.954024e-01 4.256108e-01 5.199566e-01 5.438476e-01 4.459439e-01 3.550621e-01 4.183524e-01
<GCONST> 1.115256e+02
<TRANSP> 5
 0.000000e+00 1.000000e+00 0.000000e+00 0.000000e+00 0.000000e+00
 0.000000e+00 9.423947e-01 5.760526e-02 0.000000e+00 0.000000e+00
 0.000000e+00 0.000000e+00 9.320645e-01 6.793546e-02 0.000000e+00
 0.000000e+00 0.000000e+00 0.000000e+00 9.932000e-01 6.800009e-03
 0.000000e+00 0.000000e+00 0.000000e+00 0.000000e+00 0.000000e+00
<ENDHMM>
~h "kj"
<BEGINHMM>
<NUMSTATES> 5
<STATE> 2
<NUMMIXES> 2
<MIXTURE> 1 6.781213e-01
<MEAN> 39
 -1.939636e+01 4.057153e+00 9.304059e-02 -1.467239e+00 -7.351256e-01 3.870863e+00 2.341932e+00 2.702320e+00 -9.785987e-02 -2.720125e-03 1.653957e+00 -9.604951e-01 5.533028e+01 2.630967e-01 6.458250e-02 -7.149366e-02 -3.740927e-02 4.445945e-02 8.080542e-02 2.600639e-02 3.168666e-02 2.541482e-02 2.359412e-02 2.088269e-02 -3.476746e-02 -2.409104e-01 -2.066090e-02 -2.709968e-03 -1.374117e-02 3.584034e-03 -2.298550e-02 -3.736389e-02 -1.053672e-02 -4.808776e-03 -2.039717e-02 4.861363e-03 -1.084545e-02 1.410213e-02 1.489434e-02
<VARIANCE> 39
 2.959647e+01 2.101823e+01 1.446278e+01 2.634365e+01 1.551090e+01 3.296066e+01 2.553742e+01 2.050195e+01 1.695286e+01 2.035764e+01 1.651797e+01 1.552079e+01 2.102290e+01 2.747007e-01 3.305584e-01 5.202512e-01 7.915503e-01 9.459449e-01 1.182578e+00 1.406451e+00 1.473837e+00 1.456330e+00 1.550939e+00 1.416258e+00 1.231304e+00 1.264143e-01 5.778743e-02 6.437169e-02 1.032534e-01 1.590749e-01 1.884587e-01 2.400090e-01 2.873923e-01 3.015886e-01 2.960540e-01 3.139598e-01 2.906778e-01 2.543511e-01 2.395171e-02
<GCONST> 8.388763e+01
<MIXTURE> 2 3.218781e-01
<MEAN> 39
 -1.948896e+01 2.439260e+00 -9.705282e-01 -1.215400e+00 -1.499721e+00 2.177391e+00 1.833459e+00 1.495765e+00 -9.989942e-01 4.531655e-01 1.066361e+00 -7.379720e-01 5.690622e+01 -6.445291e-01 -9.013858e-02 1.573285e-01 6.958675e-02 -1.147006e-01 -1.400191e-01 -2.735355e-02 -7.018521e-02 -3.294555e-02 -4.786124e-02 -1.882922e-02 6.703795e-02 5.479943e-01 4.680210e-02 -2.553843e-03 3.029216e-02 -6.043102e-03 4.072135e-02 7.170504e-02 2.400213e-02 1.341761e-02 4.550753e-02 -7.183902e-03 1.649635e-02 -3.122758e-02 -2.863899e-02
<VARIANCE> 39
 3.485685e+01 2.788719e+01 2.207446e+01 2.619403e+01 1.991672e+01 4.049839e+01 2.697286e+01 2.460717e+01 2.034868e+01 2.346004e+01 1.823361e+01 1.665778e+01 2.631408e+01 8.928278e-01 1.021684e+00 1.140750e+00 1.219698e+00 1.608063e+00 2.028471e+00 2.024978e+00 1.997824e+00 1.932356e+00 1.962344e+00 1.726532e+00 1.551848e+00 5.853468e-01 2.062870e-01 1.826042e-01 2.041918e-01 2.313971e-01 2.925816e-01 3.869510e-01 3.835993e-01 3.877354e-01 3.864335e-01 3.853781e-01 3.364078e-01 2.967350e-01 1.438124e-01
<GCONST> 1.012998e+02
<STATE> 3
<NUMMIXES> 2
<MIXTURE> 1 7.258881e-01
<MEAN> 39
 -1.445210e+01 -7.924985e+00 -4.417246e+00 -7.217695e-01 -1.407317e+00 -3.980646e+00 -2.495664e+00 -4.227286e+00 -2.949498e+00 1.105912e-01 5.273339e-01 -5.259447e-01 6.389545e+01 2.065006e-01 2.466135e-01 4.557422e-02 1.125242e-01 9.736016e-02 1.418598e-01 1.407106e-01 1.030158e-01 2.237441e-02 2.924215e-02 6.045337e-02 7.878537e-03 -6.295296e-01 -2.511912e-02 2.408485e-02 2.671564e-02 -8.345868e-03 -1.146825e-02 -9.159167e-03 4.007238e-02 4.412296e-02 1.173187e-02 3.067681e-02 2.289913e-03 4.215348e-03 -2.022084e-03
<VARIANCE> 39
 1.677713e+01 2.119610e+01 1.104488e+01 1.179604e+01 1.621041e+01 1.562309e+01 1.815027e+01 1.727892e+01 1.777645e+01 1.546045e+01 1.493939e+01 1.295438e+01 6.064656e+01 2.126735e-01 3.258681e-01 4.829855e-01 6.745682e-01 9.657956e-01 1.135220e+00 1.346129e+00 1.485220e+00 1.566051e+00 1.319214e+00 1.279904e+00 1.180022e+00 1.470498e-01 4.031415e-02 6.287036e-02 9.612349e-02 1.334402e-01 1.974037e-01 2.239884e-01 2.758987e-01 3.070796e-01 3.276485e-01 2.697070e-01 2.667279e-01 2.517495e-01 3.188490e-02
<GCONST> 8.041136e+01
<MIXTURE> 2 2.741109e-01
<MEAN> 39
 -1.682485e+01 -6.712676e+00 -3.526531e+00 -1.303400e+00 -2.930264e+00 -3.775229e+00 -1.204514e+00 -1.889340e+00 -1.751638e+00 1.443675e+00 1.086259e-01 -8.761329e-01 6.526212e+01 -2.034877e-01 -1.139410e+00 -2.091434e-01 -2.420861e-01 -1.900267e-01 -6.139802e-01 -5.067351e-01 -4.597213e-01 -1.463062e-01 -1.124775e-01 -2.088120e-01 1.315290e-02 1.675769e+00 7.004435e-02 1.312176e-02 -3.139807e-02 8.220989e-04 6.155635e-02 8.315903e-02 -3.769755e-02 -6.888297e-02 -3.247450e-02 -7.396882e-02 -1.772481e-04 -2.551830e-02 -8.672246e-02
<VARIANCE> 39
 2.275907e+01 5.366473e+01 1.800515e+01 2.233848e+01 2.028827e+01 2.918487e+01 2.801248e+01 2.210178e+01 1.764712e+01 1.988445e+01 1.723963e+01 1.413800e+01 8.904066e+01 1.631007e+00 4.182737e+00 1.638447e+00 1.590468e+00 2.109834e+00 2.874456e+00 3.008754e+00 2.263103e+00 1.923048e+00 1.962058e+00 1.596807e+00 1.513218e+00 3.499798e+00 2.505648e-01 7.909014e-01 2.731460e-01 3.085376e-01 3.853872e-01 5.301078e-01 5.628703e-01 4.199300e-01 3.561956e-01 3.822180e-01 3.022821e-01 2.927452e-01 8.910701e-01
<GCONST> 1.118440e+02
<STATE> 4
<NUMMIXES> 2
<MIXTURE> 1 7.713073e-01
<MEAN> 39
 -2.368854e+01 2.054653e+00 3.734086e+00 3.123142e+00 -3.137431e+00 7.909123e-03 8.599669e+00 -3.791056e-01 -4.312332e+00 5.600368e+00 6.946598e-01 -4.246467e+00 5.602758e+01 4.080753e-02 3.509754e-02 1.003692e-02 -2.160561e-02 2.013414e-03 2.242609e-02 1.927840e-02 6.359535e-03 1.604715e-02 -4.880650e-03 -4.371422e-03 -1.531979e-02 -5.518775e-02 9.206799e-03 -6.339745e-03 -1.753686e-02 -1.642399e-02 -8.364835e-03 -2.060663e-02 -3.152692e-02 -3.461117e-03 -4.241471e-05 -1.903384e-02 -2.301219e-03 1.518707e-02 -1.265501e-03
<VARIANCE> 39
 1.678099e+01 1.072329e+01 9.546442e+00 1.549084e+01 1.424603e+01 1.652836e+01 2.003000e+01 1.778217e+01 1.850668e+01 1.972199e+01 1.778571e+01 1.394649e+01 1.382948e+01 4.198897e-01 5.245725e-01 5.954321e-01 9.131914e-01 1.152290e+00 1.306370e+00 1.571886e+00 1.538503e+00 1.670576e+00 1.679355e+00 1.445303e+00 1.301813e+00 2.652285e-01 7.332936e-02 9.906149e-02 1.115038e-01 1.768408e-01 2.266907e-01 2.576835e-01 3.024715e-01 3.110358e-01 3.421806e-01 3.412124e-01 2.933928e-01 2.649970e-01 4.281145e-02
<GCONST> 8.484222e+01
<MIXTURE> 2 2.286962e-01
<MEAN> 39
 -1.374834e+01 -3.242612e+00 -2.326585e+00 -1.369295e+00 -1.872886e+00 -3.560091e+00 7.422982e-01 -2.048923e+00 -2.979535e+00 1.842770e+00 4.697429e-01 -1.459690e+00 5.729042e+01 8.401465e-03 -1.164062e-01 -2.451254e-02 3.560934e-02 4.082845e-02 -5.148726e-02 -5.471497e-02 1.203725e-02 -7.459884e-03 -9.308177e-03 2.968621e-02 8.304081e-02 6.762809e-02 -2.115889e-02 1.869600e-02 5.454507e-02 5.401599e-02 3.656207e-02 7.472759e-02 1.046696e-01 1.486949e-02 1.014351e-02 5.896091e-02 1.434916e-02 -4.070979e-02 1.257489e-03
<VARIANCE> 39
 3.424014e+01 5.958908e+01 1.727536e+01 1.556334e+01 2.285600e+01 2.763173e+01 2.734036e+01 2.501769e+01 2.006624e+01 2.185801e+01 1.815584e+01 1.629939e+01 7.756907e+01 6.655255e-01 1.503705e+00 9.172529e-01 1.062099e+00 1.375069e+00 1.529237e+00 1.912130e+00 1.554014e+00 1.522474e+00 1.918594e+00 1.440287e+00 1.336632e+00 1.426643e+00 9.583920e-02 2.261868e-01 1.615298e-01 1.971447e-01 2.706222e-01 2.996806e-01 3.499946e-01 2.998486e-01 2.975330e-01 3.521714e-01 2.823572e-01 2.649396e-01 1.939619e-01
<GCONST> 9.934896e+01
<TRANSP> 5
 0.000000e+00 1.000000e+00 0.000000e+00 0.000000e+00 0.000000e+00
 0.000000e+00 9.939516e-01 6.048393e-03 0.000000e+00 0.000000e+00
 0.000000e+00 0.000000e+00 9.736224e-01 2.637757e-02 0.000000e+00
 0.000000e+00 0.000000e+00 0.000000e+00 9.910457e-01 8.954339e-03
 0.000000e+00 0.000000e+00 0.000000e+00 0.000000e+00 0.000000e+00
<ENDHMM>
~h "kn"
<BEGINHMM>
<NUMSTATES> 5
<STATE> 2
<NUMMIXES> 2
<MIXTURE> 1 5.761101e-01
<MEAN> 39
 2.658531e+00 3.322415e-01 -5.521874e+00 -2.233598e+00 7.479194e-01 -2.524880e+00 1.435458e+00 -6.912453e+00 2.402574e-01 -1.765852e+00 1.204906e+00 -4.858138e+00 6.403336e+01 -1.083165e-01 4.239317e-01 9.638915e-02 9.873938e-02 4.841890e-01 -3.811404e-01 9.391285e-01 4.457841e-01 1.738281e+00 4.939068e-01 4.026232e-01 6.960245e-01 2.526346e+00 -1.947431e-01 1.626052e-01 2.935304e-01 1.279111e-01 3.018911e-01 3.709384e-01 -4.695497e-02 1.745494e-01 -3.572981e-01 -6.153243e-02 -1.591317e-03 2.012961e-01 -9.162159e-01
<VARIANCE> 39
 1.355251e+01 3.134535e+01 1.632836e+01 1.448698e+01 1.839112e+01 2.456409e+01 3.231050e+01 3.567866e+01 3.953438e+01 2.975284e+01 2.109513e+01 2.014854e+01 3.928787e+01 2.734614e+00 1.594007e+00 2.073744e+00 1.120197e+00 1.474262e+00 2.331700e+00 3.112320e+00 4.791081e+00 3.032855e+00 2.285213e+00 1.757228e+00 1.837348e+00 7.077600e+00 4.191911e-01 2.186646e-01 2.712298e-01 1.710071e-01 2.122170e-01 3.379388e-01 6.377162e-01 9.142603e-01 6.515564e-01 4.499897e-01 3.478852e-01 3.256874e-01 6.170573e-01
<GCONST> 1.119458e+02
<MIXTURE> 2 4.238898e-01
<MEAN> 39
 -4.451520e+00 3.151074e+00 2.950494e+00 -2.560071e+00 1.867500e+00 2.519641e+00 2.159799e+00 1.219080e+00 -2.217915e+00 1.096172e+00 -4.214518e-01 -2.990881e+00 4.440977e+01 5.560784e-01 -2.383502e-01 -4.352765e-01 1.632417e-01 -1.564453e-01 -4.275891e-01 -2.538782e-01 -9.347083e-01 -2.483822e-01 -2.454689e-01 -1.658451e-01 -4.240662e-01 1.135669e+00 1.659492e-01 -4.065747e-02 -2.051342e-01 -2.920652e-02 -7.302700e-03 -6.515742e-02 3.913337e-03 -4.468048e-02 1.860303e-01 -5.218778e-03 3.055448e-02 -2.151345e-02 4.395638e-01
<VARIANCE> 39
 1.507428e+01 2.324677e+01 1.235831e+01 7.844451e+00 2.276173e+01 1.142815e+01 1.644784e+01 4.175769e+01 1.201718e+01 3.018246e+01 2.691775e+01 1.272920e+01 2.182538e+01 1.592019e+00 7.625238e-01 1.620912e+00 8.288619e-01 1.239635e+00 1.609630e+00 1.984344e+00 4.468002e+00 1.403114e+00 1.988806e+00 2.311115e+00 1.866346e+00 5.200224e+00 1.359752e-01 7.331780e-02 1.959693e-01 1.084487e-01 1.786418e-01 2.100148e-01 3.041333e-01 4.075875e-01 3.248429e-01 3.186812e-01 3.315828e-01 3.141970e-01 5.378797e-01
<GCONST> 9.753601e+01
<STATE> 3
<NUMMIXES> 2
<MIXTURE> 1 2.845390e-01
<MEAN> 39
 5.276204e+00 -2.251168e+00 -4.311198e+00 -8.577249e-01 2.058391e+00 -3.166082e+00 1.627459e+00 -5.199393e+00 -1.300602e-01 -2.148050e+00 1.098551e+00 -2.948766e+00 6.289238e+01 1.021872e-01 -4.222331e-02 -1.863049e-01 -7.566179e-02 1.357976e-01 -1.692118e-01 3.034966e-01 5.383716e-01 7.598682e-01 3.381685e-01 4.344903e-01 4.368561e-01 9.138581e-01 1.291870e-04 2.828990e-01 2.397116e-01 3.168044e-01 3.761295e-01 3.511323e-01 -3.500023e-02 1.359479e-01 -1.151800e-01 1.799844e-01 1.506250e-03 1.426733e-01 -4.585262e-01
<VARIANCE> 39
 1.249521e+01 2.664699e+01 1.600377e+01 1.416693e+01 1.537753e+01 2.295440e+01 2.475970e+01 3.281746e+01 2.934657e+01 2.367590e+01 1.868520e+01 1.842699e+01 3.290303e+01 7.817559e-01 1.646961e+00 1.255733e+00 1.333556e+00 1.815691e+00 1.875442e+00 1.857787e+00 2.370442e+00 2.040856e+00 1.572765e+00 1.499199e+00 1.344015e+00 3.397289e+00 1.269938e-01 2.161306e-01 1.761283e-01 2.014188e-01 2.721209e-01 2.690931e-01 4.067699e-01 6.161501e-01 5.460867e-01 3.455703e-01 3.181014e-01 2.971353e-01 4.630593e-01
<GCONST> 1.021914e+02
<MIXTURE> 2 7.154612e-01
<MEAN> 39
 5.514881e+00 8.479107e-01 -2.116410e+00 1.489966e+00 5.355607e+00 1.115257e-01 1.788115e+00 -3.439160e+00 -4.375185e-01 -4.688562e-01 1.077680e+00 -1.464654e+00 5.900940e+01 4.459709e-02 -1.828336e-02 1.055105e-01 9.562971e-02 -1.780722e-02 8.928182e-02 -1.255112e-01 -1.887391e-01 -3.600692e-01 -1.228690e-01 -1.886174e-01 -1.374844e-01 -4.877227e-01 1.307207e-04 -1.218149e-01 -1.018970e-01 -1.357631e-01 -1.712016e-01 -1.487900e-01 -1.627886e-03 -6.492212e-02 2.395633e-02 -7.670227e-02 -1.050740e-02 -7.585941e-02 1.583499e-01
<VARIANCE> 39
 1.212732e+01 1.963753e+01 1.269582e+01 1.316514e+01 1.686025e+01 1.840674e+01 1.980590e+01 1.857287e+01 1.923440e+01 1.790524e+01 1.603543e+01 1.577257e+01 3.078374e+01 2.510568e-01 5.088135e-01 5.504401e-01 8.125969e-01 1.147899e+00 1.133852e+00 1.226333e+00 1.630393e+00 1.331777e+00 1.398509e+00 1.187506e+00 1.370286e+00 8.329033e-01 4.897705e-02 9.237877e-02 9.480371e-02 1.455893e-01 2.043364e-01 2.034758e-01 2.509440e-01 3.152568e-01 3.053606e-01 2.810010e-01 2.527171e-01 2.690578e-01 1.798615e-01
<GCONST> 8.547841e+01
<STATE> 4
<NUMMIXES> 2
<MIXTURE> 1 5.782814e-01
<MEAN> 39
 5.918060e+00 -1.892281e-01 -1.753683e+00 1.762934e+00 5.017988e+00 2.757882e-01 1.097296e+00 -3.228529e+00 -2.467195e+00 -1.189780e+00 1.840605e-01 -2.267125e+00 5.506695e+01 -9.964617e-02 2.423388e-01 2.734715e-01 7.382798e-03 8.074909e-02 3.308978e-01 -8.077308e-02 2.025425e-01 -1.354493e-01 -2.709495e-02 -1.256267e-01 -1.881576e-01 -6.176065e-01 -1.470547e-02 4.044357e-02 4.030266e-02 1.651577e-02 4.173268e-02 8.302699e-02 1.203229e-01 1.147986e-01 8.962536e-02 2.163030e-02 3.220734e-02 -3.629980e-03 3.864258e-02
<VARIANCE> 39
 5.777503e+00 1.522201e+01 1.380221e+01 1.243727e+01 1.932483e+01 1.902538e+01 1.856974e+01 1.619283e+01 2.185766e+01 2.159794e+01 1.746816e+01 1.705753e+01 1.693737e+01 1.307075e-01 2.902021e-01 4.450768e-01 5.779821e-01 9.914069e-01 9.974564e-01 1.224892e+00 1.324278e+00 1.556839e+00 1.404342e+00 1.232358e+00 1.242926e+00 6.463213e-02 1.624945e-02 4.979023e-02 8.741511e-02 1.176294e-01 1.932194e-01 2.067678e-01 2.472029e-01 2.531517e-01 3.213810e-01 2.867191e-01 2.539226e-01 2.594496e-01 5.521755e-03
<GCONST> 7.391712e+01
<MIXTURE> 2 4.217169e-01
<MEAN> 39
 2.075727e+00 4.175377e+00 2.315728e+00 1.721127e-01 5.359735e+00 4.086169e+00 2.051573e+00 8.574860e-01 -2.869987e+00 -1.552538e+00 -2.449382e-01 -3.184860e+00 4.823653e+01 -3.013100e-01 1.262447e-03 8.616132e-02 -1.058989e-01 -6.002657e-02 5.025460e-02 7.648920e-02 1.434528e-01 -6.336515e-02 -1.573141e-02 7.001730e-02 8.142069e-02 -2.559386e-01 -8.240757e-03 -5.826386e-02 -5.481468e-02 -3.400827e-02 -5.251271e-02 -1.050349e-01 -9.405378e-02 -1.351065e-01 -7.668228e-02 -2.609738e-02 -1.555560e-02 6.030432e-03 1.291930e-02
<VARIANCE> 39
 1.614321e+01 1.649200e+01 1.212009e+01 1.340041e+01 2.397062e+01 1.376486e+01 1.750712e+01 1.608525e+01 1.991157e+01 1.892862e+01 1.341573e+01 1.288093e+01 1.715279e+01 2.074745e-01 3.850200e-01 5.410664e-01 6.426378e-01 9.799923e-01 1.173381e+00 1.371502e+00 1.544293e+00 1.483902e+00 1.481137e+00 1.273874e+00 1.063428e+00 1.059085e-01 3.391882e-02 6.009407e-02 9.255558e-02 1.212909e-01 1.869301e-01 1.952085e-01 2.707356e-01 2.978184e-01 2.823286e-01 2.964053e-01 2.497633e-01 2.073290e-01 1.131044e-02
<GCONST> 7.743277e+01
<TRANSP> 5
 0.000000e+00 1.000000e+00 0.000000e+00 0.000000e+00 0.000000e+00
 0.000000e+00 8.367647e-01 1.632353e-01 0.000000e+00 0.000000e+00
 0.000000e+00 0.000000e+00 9.853715e-01 1.462856e-02 0.000000e+00
 0.000000e+00 0.000000e+00 0.000000e+00 9.566063e-01 4.339371e-02
 0.000000e+00 0.000000e+00 0.000000e+00 0.000000e+00 0.000000e+00
<ENDHMM>
~h "kt"
<BEGINHMM>
<NUMSTATES> 5
<STATE> 2
<NUMMIXES> 2
<MIXTURE> 1 3.327446e-01
<MEAN> 39
 -1.292696e+01 4.286312e-01 -6.412273e+00 -1.582173e+00 3.558809e-01 -5.390800e-01 2.962328e+00 3.162907e-01 1.447271e+00 3.967568e-01 5.961000e-01 -1.385928e+00 5.767881e+01 -6.899450e-01 1.826386e-01 4.449309e-02 6.263367e-02 -1.181252e-01 -2.956031e-01 -7.315317e-02 3.070586e-01 3.647897e-01 2.022125e-01 1.162519e-02 7.163281e-02 8.427970e-01 1.502413e-01 -2.399225e-02 2.076875e-02 9.734657e-02 1.623304e-01 1.968896e-01 2.504821e-01 9.318163e-02 3.213029e-02 1.039649e-01 1.600524e-01 2.665914e-02 -1.157718e-01
<VARIANCE> 39
 1.776508e+01 7.399687e+00 9.727781e+00 1.470772e+01 1.490100e+01 2.102105e+01 1.882686e+01 1.965221e+01 2.068071e+01 1.777863e+01 1.489953e+01 1.392280e+01 2.442029e+01 1.555015e+00 6.746095e-01 8.304296e-01 1.190307e+00 1.406770e+00 2.021324e+00 2.302518e+00 1.945183e+00 1.884174e+00 1.958159e+00 1.726762e+00 1.502657e+00 1.740268e+00 3.236079e-01 1.234704e-01 1.641498e-01 2.075457e-01 2.529110e-01 3.730607e-01 3.930495e-01 4.008596e-01 3.826751e-01 3.876957e-01 3.117574e-01 2.798218e-01 4.096331e-01
<GCONST> 9.696303e+01
<MIXTURE> 2 6.672584e-01
<MEAN> 39
 -1.007289e+01 -7.435429e-03 -6.527412e+00 -8.617172e-01 1.979286e+00 2.219724e+00 5.542030e+00 8.375103e-01 1.018707e+00 1.103960e+00 2.091739e+00 -1.254198e+00 5.476025e+01 3.454199e-01 -9.151081e-02 -3.280869e-02 -3.124002e-02 5.867567e-02 1.452384e-01 4.205345e-02 -1.569051e-01 -1.898768e-01 -1.042643e-01 -5.605251e-03 -4.269054e-02 -4.120405e-01 -7.094800e-02 1.093324e-02 -7.235826e-03 -4.685324e-02 -7.813793e-02 -9.572304e-02 -1.236722e-01 -4.455115e-02 -1.681184e-02 -5.285115e-02 -7.989564e-02 -1.514545e-02 5.023967e-02
<VARIANCE> 39
 1.075013e+01 5.677121e+00 6.462437e+00 8.773523e+00 9.787366e+00 1.302790e+01 1.299765e+01 1.425534e+01 1.480003e+01 1.395571e+01 1.329970e+01 1.284082e+01 1.217807e+01 2.191534e-01 3.096285e-01 5.120778e-01 6.860546e-01 9.468647e-01 1.136611e+00 1.392882e+00 1.479297e+00 1.400643e+00 1.471163e+00 1.358920e+00 1.195859e+00 1.517030e-01 7.167743e-02 6.866753e-02 1.048427e-01 1.393845e-01 1.916509e-01 2.363124e-01 2.923818e-01 3.145293e-01 2.992185e-01 3.101107e-01 2.707593e-01 2.532758e-01 5.492095e-02
<GCONST> 7.626957e+01
<STATE> 3
<NUMMIXES> 2
<MIXTURE> 1 6.677624e-01
<MEAN> 39
 -1.157438e+01 2.962388e+00 -2.632128e+00 1.061660e+00 1.280672e+00 -1.425650e+00 2.939860e+00 1.050659e+00 1.973788e-01 -1.013695e+00 1.860974e-01 -1.966887e+00 5.225883e+01 3.844918e-01 -2.009103e-02 1.903747e-01 8.598012e-02 1.918049e-01 1.948159e-01 1.413085e-01 5.909226e-02 1.191929e-01 8.034824e-02 1.604030e-01 -3.850890e-03 -6.887331e-01 -6.031270e-02 5.424493e-02 -4.280788e-02 -2.748908e-02 -5.335687e-02 -1.171235e-01 -7.269263e-02 3.524406e-02 -3.877426e-03 9.602053e-02 -7.654756e-02 6.143843e-02 2.271931e-02
<VARIANCE> 39
 5.953634e+00 5.004539e+00 8.222542e+00 1.053715e+01 1.224786e+01 1.263756e+01 1.463913e+01 1.649398e+01 1.680447e+01 1.773396e+01 1.566295e+01 1.352941e+01 1.551716e+01 2.081950e-01 3.035647e-01 5.157108e-01 6.900998e-01 9.667777e-01 1.209142e+00 1.283218e+00 1.392245e+00 1.494915e+00 1.721881e+00 1.386537e+00 1.294172e+00 1.592686e-01 8.051592e-02 6.422778e-02 1.235222e-01 1.572827e-01 2.196545e-01 2.690801e-01 2.814485e-01 3.109276e-01 3.304399e-01 3.964664e-01 2.939904e-01 2.706188e-01 1.496303e-01
<GCONST> 7.955870e+01
<MIXTURE> 2 3.322414e-01
<MEAN> 39
 -1.265251e+01 3.866488e+00 -3.442377e+00 6.142730e-01 1.834042e-01 -3.197367e+00 1.758393e+00 1.783744e+00 7.118050e-02 1.645381e-01 -1.065621e+00 -1.199871e+00 5.306925e+01 -7.655054e-01 5.795563e-02 -3.812931e-01 -1.544250e-01 -3.530805e-01 -3.852413e-01 -2.341625e-01 -1.280584e-01 -2.140216e-01 -1.725372e-01 -2.982149e-01 -1.439477e-02 1.342959e+00 1.341715e-01 -1.110003e-01 9.243194e-02 4.817201e-02 1.104691e-01 2.471068e-01 1.469489e-01 -6.102665e-02 1.757722e-02 -1.779978e-01 1.586428e-01 -1.125890e-01 -6.763806e-02
<VARIANCE> 39
 1.111344e+01 7.505202e+00 1.002370e+01 1.332292e+01 1.673437e+01 2.234569e+01 2.037404e+01 1.773043e+01 1.895222e+01 2.034192e+01 1.918378e+01 1.421098e+01 2.589118e+01 8.938848e-01 7.663110e-01 9.717011e-01 1.340661e+00 1.781161e+00 2.523445e+00 2.269086e+00 1.977285e+00 2.066335e+00 2.683126e+00 2.037625e+00 1.555702e+00 1.395014e+00 2.353979e-01 1.156582e-01 1.853934e-01 2.438524e-01 3.431237e-01 4.703414e-01 4.223343e-01 3.509042e-01 3.860092e-01 4.643643e-01 3.593824e-01 2.881255e-01 5.438731e-01
<GCONST> 9.868611e+01
<STATE> 4
<NUMMIXES> 2
<MIXTURE> 1 6.930377e-01
<MEAN> 39
 -8.933548e+00 3.204961e+00 -2.207331e+00 -1.108470e-01 6.611018e-01 4.161727e-01 3.595366e+00 2.173382e+00 9.298567e-01 1.508332e-01 7.920770e-01 -2.150370e+00 4.793703e+01 2.995971e-01 -6.763656e-02 1.956827e-01 -4.590825e-02 6.789125e-02 1.132519e-01 2.864849e-02 4.371852e-02 1.886604e-02 3.782916e-02 3.783912e-02 -7.867185e-03 -3.331757e-01 -5.019216e-02 5.505345e-03 -3.451137e-02 -1.017500e-02 -3.912716e-02 -4.427652e-02 -5.614775e-02 1.212421e-02 -3.582485e-02 -8.756444e-03 -4.141705e-02 2.874329e-03 4.533418e-02
<VARIANCE> 39
 6.531796e+00 6.776996e+00 9.773536e+00 1.006840e+01 1.608179e+01 1.389744e+01 1.548644e+01 1.667181e+01 1.677175e+01 1.703804e+01 1.426026e+01 1.278905e+01 7.142645e+00 2.439454e-01 3.531799e-01 4.928908e-01 7.088959e-01 9.655775e-01 1.060170e+00 1.273055e+00 1.341354e+00 1.508766e+00 1.499365e+00 1.343487e+00 1.168153e+00 1.559039e-01 6.049063e-02 7.315212e-02 1.052545e-01 1.446363e-01 1.957440e-01 2.160799e-01 2.538998e-01 2.726484e-01 3.082380e-01 3.107492e-01 2.719944e-01 2.330427e-01 3.517186e-02
<GCONST> 7.642028e+01
<MIXTURE> 2 3.069623e-01
<MEAN> 39
 -1.096627e+01 2.919583e+00 -3.039799e+00 -2.216369e-01 -3.051785e-01 -1.065709e+00 2.211372e+00 2.211607e+00 8.981059e-02 -2.008677e-01 1.612503e-01 -1.991342e+00 5.019041e+01 -6.274153e-01 1.385431e-01 -4.211256e-01 6.843154e-02 -1.451557e-01 -2.342774e-01 -6.683374e-02 -9.028674e-02 -4.825557e-02 -7.960375e-02 -7.718427e-02 2.631727e-02 7.043428e-01 1.110275e-01 -1.399899e-02 7.628088e-02 2.656023e-02 9.105263e-02 9.765633e-02 1.196078e-01 -3.012251e-02 7.692135e-02 1.335501e-02 9.029621e-02 -7.134449e-03 -9.560978e-02
<VARIANCE> 39
 1.363762e+01 1.511447e+01 1.400293e+01 1.493210e+01 1.883976e+01 1.959734e+01 1.955717e+01 1.967210e+01 1.871350e+01 1.843939e+01 1.689907e+01 1.341088e+01 1.846861e+01 1.115169e+00 8.933018e-01 9.176676e-01 1.177159e+00 1.553715e+00 1.759427e+00 1.746453e+00 1.754519e+00 1.806275e+00 1.823510e+00 1.662146e+00 1.320497e+00 1.396973e+00 2.726705e-01 1.651688e-01 1.987533e-01 2.277734e-01 2.958214e-01 3.493485e-01 3.433960e-01 3.477153e-01 3.646692e-01 3.743098e-01 3.284917e-01 2.629484e-01 3.599660e-01
<GCONST> 9.685420e+01
<TRANSP> 5
 0.000000e+00 1.000000e+00 0.000000e+00 0.000000e+00 0.000000e+00
 0.000000e+00 9.916521e-01 8.347861e-03 0.000000e+00 0.000000e+00
 0.000000e+00 0.000000e+00 9.876961e-01 1.230394e-02 0.000000e+00
 0.000000e+00 0.000000e+00 0.000000e+00 9.922341e-01 7.765947e-03
 0.000000e+00 0.000000e+00 0.000000e+00 0.000000e+00 0.000000e+00
<ENDHMM>
~h "pr"
<BEGINHMM>
<NUMSTATES> 5
<STATE> 2
<NUMMIXES> 2
<MIXTURE> 1 4.554576e-01
<MEAN> 39
 -1.279454e+01 -1.167933e+01 7.600708e-01 -8.683759e+00 5.432715e+00 9.506788e+00 4.549100e+00 5.300837e-02 -5.579766e+00 -2.841226e+00 7.466212e+00 2.120969e+00 5.744530e+01 1.366821e-01 3.725778e-02 9.911688e-04 3.883281e-02 -5.459031e-02 1.846082e-02 -1.637546e-03 -2.770347e-03 -1.148575e-02 3.610755e-02 2.876742e-02 -2.684167e-02 -1.320661e-01 2.466503e-03 3.203741e-02 1.875569e-02 3.014025e-02 -2.605430e-02 -4.846305e-02 -2.416353e-03 4.174660e-02 5.166227e-02 4.171788e-02 -3.404601e-02 -4.780823e-02 -2.483301e-03
<VARIANCE> 39
 2.851140e+01 2.226693e+01 3.578599e+01 3.572235e+01 5.039144e+01 8.381425e+01 7.019003e+01 7.784821e+01 7.351254e+01 4.519691e+01 7.914964e+01 7.782090e+01 1.289358e+01 3.893605e-01 6.710588e-01 8.018110e-01 1.528298e+00 1.463598e+00 1.878130e+00 2.183032e+00 2.546763e+00 2.655009e+00 2.156581e+00 2.865081e+00 2.365029e+00 2.394900e-01 8.949045e-02 1.198208e-01 1.571260e-01 3.018463e-01 2.844214e-01 3.579683e-01 4.360024e-01 4.969563e-01 5.348011e-01 4.161997e-01 5.794845e-01 4.799944e-01 5.406385e-02
<GCONST> 1.083487e+02
<MIXTURE> 2 5.445396e-01
<MEAN> 39
 -1.616906e+01 -3.935782e+00 -1.361269e+00 -5.968914e+00 2.604772e-01 3.033351e+00 5.934679e+00 4.917145e-01 -1.429677e-01 -1.571863e+00 3.174886e+00 -2.330379e+00 5.916935e+01 -1.759707e-01 -4.412469e-02 2.854809e-02 -6.760443e-02 6.432044e-02 1.458132e-02 2.599227e-02 -3.857301e-02 1.784935e-02 -6.984612e-02 -1.463562e-02 9.728225e-02 1.581583e-01 1.773142e-02 -2.283668e-02 -1.451884e-02 -1.821952e-02 1.523037e-02 4.309461e-02 -8.443980e-03 -3.204106e-02 -3.907806e-02 -2.664987e-02 1.402216e-02 3.094729e-02 -1.440025e-02
<VARIANCE> 39
 3.167430e+01 3.114905e+01 5.186497e+01 2.577892e+01 2.853690e+01 3.690303e+01 3.283264e+01 5.131977e+01 2.616054e+01 2.452631e+01 2.250654e+01 2.054967e+01 3.443874e+01 1.112821e+00 9.040373e-01 1.062227e+00 1.159775e+00 1.438541e+00 1.652868e+00 1.934031e+00 1.965061e+00 1.797218e+00 1.762619e+00 1.799230e+00 1.822728e+00 8.645570e-01 1.345263e-01 1.323615e-01 1.642091e-01 1.784462e-01 2.437957e-01 2.777297e-01 3.318743e-01 3.291847e-01 3.087537e-01 2.983594e-01 3.012495e-01 2.790343e-01 1.030189e-01
<GCONST> 1.013109e+02
<STATE> 3
<NUMMIXES> 2
<MIXTURE> 1 3.748004e-01
<MEAN> 39
 -1.421883e+01 -7.660572e-02 1.896042e+01 -2.073134e+01 7.749968e+00 1.034102e+01 -6.753839e+00 1.572643e+00 6.140812e+00 1.380738e+00 -1.212928e+01 1.128631e+01 4.835479e+01 1.657704e-01 8.338142e-03 -5.918338e-02 9.901867e-02 5.164879e-02 -7.877910e-02 -8.271432e-04 1.122284e-01 -1.547904e-01 6.782456e-02 1.550631e-02 -6.552085e-02 -8.981803e-02 -5.923705e-03 3.572893e-03 -1.208906e-02 2.604420e-02 -1.915865e-02 1.499938e-03 8.122610e-03 -2.177425e-02 5.684139e-05 -1.477192e-02 1.849123e-02 -1.516595e-02 6.259270e-03
<VARIANCE> 39
 1.203253e+01 5.909176e+00 1.806091e+01 2.600993e+01 1.975534e+01 2.019560e+01 1.508914e+01 2.243842e+01 2.948194e+01 2.108413e+01 2.225779e+01 1.968626e+01 4.893662e+00 1.403450e-01 2.926660e-01 4.523011e-01 8.108342e-01 9.805390e-01 1.067084e+00 1.157263e+00 1.306410e+00 1.430622e+00 1.394722e+00 1.229209e+00 1.026731e+00 5.057138e-02 2.555246e-02 5.169382e-02 7.933679e-02 1.414926e-01 1.912874e-01 2.044038e-01 2.287362e-01 2.583707e-01 2.807947e-01 2.686766e-01 2.346063e-01 1.956628e-01 8.351582e-03
<GCONST> 7.457230e+01
<MIXTURE> 2 6.252012e-01
<MEAN> 39
 -2.174926e+01 5.295478e+00 1.684391e+01 -1.361637e+01 9.996452e-01 1.287449e+01 -5.448498e+00 -7.162721e+00 1.240088e+01 -8.624555e+00 -6.356700e+00 7.407820e+00 5.493553e+01 1.128938e-02 -5.054436e-02 6.688868e-03 -4.107245e-02 -6.319500e-03 1.149127e-02 -4.359550e-02 -1.649936e-02 4.410433e-02 9.274559e-03 -5.223783e-02 3.804538e-02 -2.726142e-02 1.214226e-02 1.487331e-03 -7.379333e-03 7.482165e-04 2.224709e-02 -2.276946e-02 1.264238e-03 3.049624e-02 -1.459726e-02 1.323671e-02 7.304650e-03 -1.084102e-02 -8.619522e-03
<VARIANCE> 39
 8.152091e+00 1.399401e+01 1.151483e+01 1.642255e+01 1.673883e+01 2.525231e+01 1.836840e+01 2.146099e+01 2.342374e+01 2.341150e+01 2.412451e+01 1.561644e+01 5.034982e+00 7.639402e-01 5.531152e-01 5.942683e-01 9.590329e-01 1.415732e+00 1.925042e+00 1.505617e+00 1.710799e+00 1.722371e+00 1.852458e+00 2.261085e+00 1.209376e+00 3.490177e-01 1.952471e-01 1.066514e-01 1.207810e-01 1.968675e-01 2.968605e-01 4.184414e-01 3.074910e-01 3.384921e-01 3.656603e-01 3.544118e-01 4.468896e-01 2.480933e-01 8.596089e-02
<GCONST> 9.051788e+01
<STATE> 4
<NUMMIXES> 2
<MIXTURE> 1 2.648217e-01
<MEAN> 39
 -1.790635e+01 -2.767997e+00 1.006979e+01 -1.010546e+01 4.722997e+00 4.527601e+00 -1.699617e+00 -1.315929e-01 7.508296e+00 -3.926238e+00 -5.537178e+00 6.070606e+00 5.436378e+01 -5.134325e-02 -5.942350e-02 -1.424862e-02 -5.673267e-02 -1.501988e-02 3.053974e-02 2.174464e-02 -3.100721e-02 5.830831e-02 3.083627e-02 -6.457120e-03 -6.362878e-04 1.137486e-01 2.315122e-02 7.505836e-03 1.665829e-03 4.545616e-03 2.226354e-02 1.127731e-02 5.044017e-02 3.647409e-02 1.991448e-03 1.585839e-02 2.337773e-02 7.509839e-03 -1.431305e-02
<VARIANCE> 39
 2.725537e+01 6.319079e+01 5.587404e+01 6.505820e+01 4.809296e+01 1.186667e+02 3.833198e+01 6.431120e+01 7.413798e+01 4.652662e+01 5.360746e+01 4.896531e+01 2.716459e+01 7.958011e-01 6.418805e-01 1.054193e+00 1.433677e+00 1.707645e+00 2.138817e+00 2.059610e+00 2.230452e+00 2.286717e+00 2.225326e+00 2.270683e+00 1.738319e+00 4.492689e-01 1.485635e-01 1.180124e-01 1.896830e-01 2.502354e-01 3.292395e-01 4.296365e-01 3.851721e-01 4.128952e-01 4.260584e-01 4.216753e-01 4.252217e-01 3.108162e-01 8.135731e-02
<GCONST> 1.107332e+02
<MIXTURE> 2 7.351824e-01
<MEAN> 39
 -1.272395e+01 -6.392159e+00 2.802728e+00 -3.853285e+00 3.132266e+00 -3.593693e+00 5.181777e+00 6.152254e+00 1.092132e+00 -1.259915e+00 -2.106092e+00 1.462894e+00 5.426626e+01 5.834518e-02 4.657515e-02 -1.817123e-02 3.824170e-02 -1.664074e-02 -1.831427e-02 -2.651586e-03 1.105679e-02 -1.869570e-02 -6.531292e-03 1.116373e-02 -2.229144e-02 -7.810172e-02 -8.945837e-03 -1.843260e-03 1.378612e-03 -4.853818e-03 -8.951358e-03 -1.964903e-03 -1.774632e-02 -1.398565e-02 -4.272959e-04 -5.223236e-03 -7.855657e-03 -4.011272e-03 4.598014e-03
<VARIANCE> 39
 3.628970e+01 4.893432e+01 3.426669e+01 4.060292e+01 9.924651e+01 6.209319e+01 6.563226e+01 5.371295e+01 3.560898e+01 4.859791e+01 4.885233e+01 7.539796e+01 5.287335e+01 1.605630e-01 3.369050e-01 5.302491e-01 7.863182e-01 9.675517e-01 1.339930e+00 1.396497e+00 1.404045e+00 1.527636e+00 1.603919e+00 1.366108e+00 1.264103e+00 6.096999e-02 2.709011e-02 6.022246e-02 1.009314e-01 1.464639e-01 1.882335e-01 2.529291e-01 2.783296e-01 2.640783e-01 2.954665e-01 3.191944e-01 2.746242e-01 2.551922e-01 8.868944e-03
<GCONST> 9.268092e+01
<TRANSP> 5
 0.000000e+00 1.000000e+00 0.000000e+00 0.000000e+00 0.000000e+00
 0.000000e+00 9.888365e-01 1.116351e-02 0.000000e+00 0.000000e+00
 0.000000e+00 0.000000e+00 9.853642e-01 1.463578e-02 0.000000e+00
 0.000000e+00 0.000000e+00 0.000000e+00 9.952854e-01 4.714569e-03
 0.000000e+00 0.000000e+00 0.000000e+00 0.000000e+00 0.000000e+00
<ENDHMM>
~h "pw"
<BEGINHMM>
<NUMSTATES> 5
<STATE> 2
<NUMMIXES> 2
<MIXTURE> 1 6.850694e-01
<MEAN> 39
 -1.311527e+01 -1.696780e+00 -7.604501e-01 -4.057144e-01 1.586518e+00 -6.087275e-01 3.239429e+00 4.158043e-01 -4.755953e-01 9.807843e-01 2.025830e-01 -1.088575e+00 5.313213e+01 1.351235e-01 2.086080e-01 2.597879e-02 2.867144e-03 3.568171e-02 7.436813e-02 6.155791e-02 7.149225e-02 1.042077e-02 2.944798e-02 1.054504e-02 1.038112e-02 -2.494187e-01 -3.103459e-02 -1.298982e-02 4.025702e-04 -4.781681e-03 -4.123730e-02 -6.195283e-02 -3.017353e-02 -1.296366e-02 -2.394914e-02 -1.980696e-03 -1.830015e-02 1.630686e-02 3.152294e-02
<VARIANCE> 39
 1.350815e+01 1.913460e+01 1.029992e+01 1.085956e+01 1.306576e+01 1.385405e+01 1.503211e+01 1.697477e+01 1.561122e+01 1.456920e+01 1.404141e+01 1.230709e+01 1.839810e+01 2.978300e-01 4.026490e-01 5.159627e-01 7.496491e-01 9.587355e-01 1.132176e+00 1.280335e+00 1.414756e+00 1.458875e+00 1.338604e+00 1.374847e+00 1.177360e+00 1.788459e-01 4.820251e-02 7.446009e-02 1.024545e-01 1.483611e-01 1.875992e-01 2.302974e-01 2.623602e-01 2.888566e-01 2.978369e-01 2.695699e-01 2.896359e-01 2.404652e-01 2.459268e-02
<GCONST> 7.878628e+01
<MIXTURE> 2 3.149343e-01
<MEAN> 39
 -1.509144e+01 -3.950826e+00 -1.243320e+00 -7.139554e-01 2.898638e-01 -2.659277e+00 2.238205e+00 -4.323938e-01 -1.244374e+00 6.502377e-01 -3.963106e-01 -6.263736e-01 5.672509e+01 -3.142725e-01 -4.729547e-01 -4.333729e-02 -5.422622e-03 -8.904184e-02 -1.915424e-01 -1.363338e-01 -1.723209e-01 -2.938284e-02 -7.069152e-02 -2.833424e-02 -1.936535e-02 5.792112e-01 6.670139e-02 2.236103e-02 -8.878854e-03 8.550078e-03 8.149096e-02 1.260336e-01 5.644919e-02 2.331260e-02 4.675478e-02 8.073660e-03 3.749003e-02 -3.486781e-02 -5.584288e-02
<VARIANCE> 39
 1.798166e+01 2.835364e+01 1.450822e+01 1.535691e+01 1.862292e+01 2.210063e+01 2.095823e+01 2.124241e+01 1.804842e+01 1.787251e+01 1.569719e+01 1.449634e+01 3.305770e+01 1.048702e+00 1.341591e+00 1.154660e+00 1.281512e+00 1.575401e+00 2.002218e+00 1.843232e+00 1.861017e+00 1.807078e+00 1.702485e+00 1.675871e+00 1.419239e+00 1.170002e+00 1.911705e-01 2.682682e-01 2.144856e-01 2.504629e-01 3.059077e-01 3.928464e-01 3.719887e-01 3.693264e-01 3.647998e-01 3.382893e-01 3.306993e-01 2.864964e-01 2.442593e-01
<GCONST> 9.954356e+01
<STATE> 3
<NUMMIXES> 2
<MIXTURE> 1 7.468131e-01
<MEAN> 39
 -1.000891e+01 -6.536332e+00 -2.797001e+00 -1.293414e+00 5.866282e-01 -4.503103e+00 -1.020124e+00 -5.347053e+00 -3.908224e+00 -1.214618e+00 8.076876e-02 -3.888716e-01 6.073253e+01 1.303486e-01 2.377049e-01 7.450876e-02 8.870892e-02 1.611530e-01 2.134925e-01 1.220264e-01 1.294927e-01 7.363602e-03 3.774445e-02 2.013488e-02 3.304256e-02 -7.266221e-01 -2.453418e-02 1.839066e-02 1.317235e-02 3.949814e-03 -1.565751e-02 -1.353862e-02 1.384899e-02 3.855570e-02 3.483980e-02 2.201583e-02 -1.543655e-02 -1.776436e-03 1.228697e-02
<VARIANCE> 39
 1.732770e+01 2.468334e+01 1.208234e+01 1.134047e+01 1.516665e+01 2.019920e+01 1.912675e+01 2.283281e+01 1.836917e+01 1.522971e+01 1.379204e+01 1.243691e+01 6.762409e+01 2.091580e-01 3.222783e-01 4.512984e-01 6.366459e-01 8.779607e-01 1.035404e+00 1.163426e+00 1.374350e+00 1.468102e+00 1.296975e+00 1.202411e+00 1.120690e+00 1.238701e-01 3.636801e-02 5.787462e-02 8.968495e-02 1.251738e-01 1.799377e-01 2.107140e-01 2.378163e-01 2.884046e-01 3.066213e-01 2.669860e-01 2.490234e-01 2.334875e-01 1.972457e-02
<GCONST> 7.885751e+01
<MIXTURE> 2 2.531882e-01
<MEAN> 39
 -1.257724e+01 -4.666658e+00 -1.609510e+00 -1.533718e+00 -1.215152e+00 -5.257774e+00 -5.408230e-01 -2.928910e+00 -2.073632e+00 -2.271089e-01 -7.336476e-01 -5.999610e-01 6.220747e+01 -3.204085e-01 -8.374991e-01 -2.593632e-01 -2.245228e-01 -4.554884e-01 -7.160117e-01 -5.301359e-01 -5.969687e-01 -1.502369e-01 -1.762893e-01 -3.237678e-02 -5.817715e-02 2.252172e+00 1.004831e-01 -1.377099e-02 -2.877756e-02 -2.885054e-03 9.246773e-02 1.057881e-01 1.443230e-02 -6.589838e-02 -7.004360e-02 -4.520658e-02 6.004735e-02 -1.243546e-02 -1.229914e-01
<VARIANCE> 39
 2.028831e+01 3.183446e+01 1.578865e+01 1.574729e+01 2.564687e+01 3.723140e+01 2.722164e+01 2.943454e+01 1.900175e+01 1.947457e+01 1.710138e+01 1.558852e+01 1.314421e+02 1.496177e+00 2.241481e+00 1.341889e+00 1.330517e+00 2.710257e+00 3.699028e+00 2.827197e+00 2.581558e+00 1.802864e+00 1.951811e+00 1.815381e+00 1.802885e+00 8.151139e+00 2.583581e-01 4.313232e-01 2.450030e-01 2.550880e-01 5.520690e-01 7.474827e-01 5.506328e-01 4.876699e-01 3.368070e-01 3.838259e-01 3.530371e-01 3.723732e-01 1.940960e+00
<GCONST> 1.136353e+02
<STATE> 4
<NUMMIXES> 2
<MIXTURE> 1 7.316189e-01
<MEAN> 39
 -1.122584e+01 -2.180993e+00 -1.653392e+00 -9.150100e-01 1.370852e+00 -5.582848e-02 3.441289e+00 -7.297182e-02 -7.251348e-01 8.847386e-01 5.963222e-01 -9.263786e-01 5.305383e+01 1.274936e-01 1.767095e-01 4.480426e-03 -1.008681e-03 4.684414e-02 1.206770e-01 9.417748e-02 9.294958e-02 3.711824e-02 4.430777e-02 6.544608e-03 -5.909905e-03 -2.669894e-01 -2.729101e-02 -1.371420e-02 5.044335e-04 -5.984103e-03 -3.869956e-02 -5.244533e-02 -2.609272e-02 -6.300866e-03 -6.400991e-03 -7.238608e-03 -1.973055e-02 1.042465e-02 3.066988e-02
<VARIANCE> 39
 1.447259e+01 1.745198e+01 1.201934e+01 1.084088e+01 1.223356e+01 1.677240e+01 1.569984e+01 1.827780e+01 1.604115e+01 1.481241e+01 1.344614e+01 1.266889e+01 2.186485e+01 2.927481e-01 3.958683e-01 5.128395e-01 7.190926e-01 9.624451e-01 1.175752e+00 1.272411e+00 1.405762e+00 1.429653e+00 1.399389e+00 1.306466e+00 1.216531e+00 1.802272e-01 4.704953e-02 7.253423e-02 9.962629e-02 1.420412e-01 1.887498e-01 2.362349e-01 2.551009e-01 2.829857e-01 2.886845e-01 2.894255e-01 2.651612e-01 2.478755e-01 2.392370e-02
<GCONST> 7.913670e+01
<MIXTURE> 2 2.683946e-01
<MEAN> 39
 -1.376621e+01 -4.810334e+00 -1.597270e+00 -1.168212e+00 -3.624994e-01 -3.275925e+00 1.650486e+00 -1.328228e+00 -1.123487e+00 3.520748e-01 -1.281622e-01 -6.201298e-01 5.809034e+01 -3.241394e-01 -4.727512e-01 -6.382268e-03 -9.167314e-03 -1.246327e-01 -2.970745e-01 -2.225487e-01 -2.107024e-01 -7.147071e-02 -1.049684e-01 -1.343500e-02 1.320580e-03 6.805012e-01 7.604958e-02 3.402990e-02 -2.274459e-03 1.351520e-02 1.015577e-01 1.390804e-01 6.550056e-02 9.194318e-03 1.050673e-02 1.602061e-02 5.329617e-02 -2.689334e-02 -8.056336e-02
<VARIANCE> 39
 2.011326e+01 2.625167e+01 1.552229e+01 1.556245e+01 1.845699e+01 2.506037e+01 2.311192e+01 2.734547e+01 2.104989e+01 1.972369e+01 1.640072e+01 1.508352e+01 4.847344e+01 1.072823e+00 1.457512e+00 1.071291e+00 1.221562e+00 1.620869e+00 2.105009e+00 1.914672e+00 1.944602e+00 1.772540e+00 1.787950e+00 1.707669e+00 1.485782e+00 2.131797e+00 1.928443e-01 2.748669e-01 1.925588e-01 2.368677e-01 3.158674e-01 4.252153e-01 3.868898e-01 3.941239e-01 3.643628e-01 3.648407e-01 3.466734e-01 3.118617e-01 4.011315e-01
<GCONST> 1.024700e+02
<TRANSP> 5
 0.000000e+00 1.000000e+00 0.000000e+00 0.000000e+00 0.000000e+00
 0.000000e+00 9.936754e-01 6.324623e-03 0.000000e+00 0.000000e+00
 0.000000e+00 0.000000e+00 9.882698e-01 1.173020e-02 0.000000e+00
 0.000000e+00 0.000000e+00 0.000000e+00 9.972580e-01 2.741972e-03
 0.000000e+00 0.000000e+00 0.000000e+00 0.000000e+00 0.000000e+00
<ENDHMM>
~h "si"
<BEGINHMM>
<NUMSTATES> 5
<STATE> 2
<NUMMIXES> 2
<MIXTURE> 1 6.768370e-01
<MEAN> 39
 -5.288281e+00 2.213695e+00 1.322466e+00 -2.570510e+00 2.641111e+00 2.060271e+00 1.535145e+00 4.026925e+00 -1.084127e+00 -2.665372e-01 9.496967e-01 -2.921747e+00 4.300449e+01 1.827047e-02 3.973683e-02 3.918090e-02 5.493835e-02 8.156933e-02 9.112586e-02 7.536376e-02 8.667749e-02 4.756507e-02 3.742016e-02 2.952228e-02 7.475492e-03 -1.276995e-02 -5.552429e-03 6.426864e-03 1.728724e-02 3.177377e-02 2.733977e-02 3.275245e-02 4.524808e-02 3.233983e-02 4.145027e-02 3.193671e-02 1.309968e-02 1.176562e-02 6.973831e-03
<VARIANCE> 39
 3.027992e+00 3.373087e+00 6.793222e+00 8.414435e+00 1.369968e+01 1.243849e+01 1.328925e+01 1.483269e+01 1.399508e+01 1.435851e+01 1.305401e+01 1.189414e+01 1.729537e+00 1.085782e-01 2.332620e-01 4.169595e-01 6.307433e-01 8.473964e-01 1.026664e+00 1.193356e+00 1.283598e+00 1.334931e+00 1.366338e+00 1.274529e+00 1.089347e+00 3.207467e-02 2.049810e-02 4.513504e-02 8.227722e-02 1.265011e-01 1.700090e-01 2.060432e-01 2.382691e-01 2.580804e-01 2.648627e-01 2.748611e-01 2.588994e-01 2.207388e-01 5.755211e-03
<GCONST> 6.379908e+01
<MIXTURE> 2 3.231811e-01
<MEAN> 39
 -6.465898e+00 2.169303e+00 1.918462e+00 -7.826255e-01 2.479414e+00 2.130019e+00 3.218603e+00 2.943147e+00 2.345871e-01 7.112134e-01 5.778874e-01 -2.274063e+00 4.559941e+01 -5.326169e-02 -7.495531e-02 -1.203587e-01 -1.524851e-01 -2.012408e-01 -1.941886e-01 -1.535284e-01 -1.452651e-01 -9.194611e-02 -5.810750e-02 -4.153823e-02 -1.819012e-02 -1.677518e-02 7.108442e-03 -1.797038e-02 -3.998106e-02 -6.928550e-02 -6.412086e-02 -7.517273e-02 -9.935199e-02 -7.756820e-02 -8.899038e-02 -6.663576e-02 -2.739432e-02 -2.206636e-02 -8.126843e-03
<VARIANCE> 39
 1.226243e+01 1.166191e+01 1.462728e+01 1.470855e+01 2.045892e+01 1.958119e+01 1.946404e+01 2.426608e+01 1.923819e+01 1.937826e+01 1.775166e+01 1.509364e+01 9.843122e+00 2.990586e-01 4.516672e-01 5.796746e-01 7.919101e-01 1.046640e+00 1.235155e+00 1.404373e+00 1.484965e+00 1.500624e+00 1.477068e+00 1.428756e+00 1.202162e+00 1.756661e-01 5.024666e-02 8.397080e-02 1.121298e-01 1.529056e-01 2.092850e-01 2.469218e-01 2.791215e-01 2.969874e-01 3.028735e-01 3.000501e-01 2.912272e-01 2.396180e-01 2.497226e-02
<GCONST> 8.203191e+01
<STATE> 3
<NUMMIXES> 2
<MIXTURE> 1 5.875291e-01
<MEAN> 39
 -3.185007e+00 -4.343163e+00 -3.821571e+00 -3.109266e+00 2.305491e+00 4.868426e+00 5.284298e+00 1.223814e+00 -6.841434e-01 1.415255e+00 1.423880e+00 -2.565547e+00 4.987667e+01 1.002026e-02 4.771404e-03 8.135697e-04 1.315852e-02 3.284440e-02 4.558432e-02 3.456358e-02 3.688433e-02 2.080672e-02 1.998999e-02 9.623185e-03 6.663906e-03 -1.788569e-02 -1.345294e-02 -7.140408e-04 -6.711995e-03 -1.869491e-02 -4.631765e-02 -6.088499e-02 -5.573945e-02 -3.577634e-02 -1.629087e-02 -1.524265e-02 -1.209959e-02 -3.890661e-03 4.835732e-03
<VARIANCE> 39
 3.431414e+00 4.325763e+00 5.129528e+00 6.296978e+00 9.011677e+00 9.888496e+00 1.126869e+01 1.297144e+01 1.299976e+01 1.302832e+01 1.245394e+01 1.124874e+01 1.384264e+00 1.138650e-01 2.455045e-01 4.495759e-01 6.225089e-01 8.960321e-01 1.059895e+00 1.175487e+00 1.362480e+00 1.348325e+00 1.394166e+00 1.303223e+00 1.152086e+00 3.345770e-02 2.021034e-02 4.620416e-02 8.591815e-02 1.173068e-01 1.736228e-01 2.045908e-01 2.257396e-01 2.701583e-01 2.711286e-01 2.804863e-01 2.620472e-01 2.298493e-01 5.960788e-03
<GCONST> 6.271608e+01
<MIXTURE> 2 4.124777e-01
<MEAN> 39
 -5.503294e+00 -2.878556e+00 -3.255306e+00 -3.541060e+00 -8.160863e-01 1.414110e+00 2.405100e+00 -5.903620e-01 -5.157849e-01 7.819034e-01 8.066879e-01 -2.610902e+00 5.265129e+01 -2.692712e-02 -1.733887e-02 -2.823838e-02 -4.483153e-02 -7.273189e-02 -6.538993e-02 -4.375808e-02 -4.456929e-02 -2.108752e-02 -1.250476e-02 -6.982757e-03 -1.160398e-03 2.791689e-03 1.490736e-02 7.022454e-03 1.906780e-02 3.562583e-02 7.355813e-02 8.814322e-02 8.112212e-02 5.529585e-02 2.694162e-02 2.070265e-02 1.725778e-02 5.461156e-03 -2.249988e-03
<VARIANCE> 39
 1.415713e+01 1.450966e+01 1.320975e+01 1.457557e+01 2.046299e+01 1.968059e+01 2.087882e+01 2.106064e+01 2.096508e+01 1.997831e+01 1.917455e+01 1.722388e+01 8.732785e+00 2.956921e-01 4.323375e-01 5.915250e-01 8.129302e-01 1.077004e+00 1.339618e+00 1.468638e+00 1.565059e+00 1.531786e+00 1.524507e+00 1.463650e+00 1.295123e+00 1.868474e-01 4.848629e-02 8.088658e-02 1.194664e-01 1.684050e-01 2.194580e-01 2.687932e-01 2.991911e-01 3.218531e-01 3.176117e-01 3.176825e-01 3.056190e-01 2.681979e-01 2.772736e-02
<GCONST> 8.357281e+01
<STATE> 4
<NUMMIXES> 2
<MIXTURE> 1 7.613117e-01
<MEAN> 39
 -7.697572e+00 1.392108e+00 4.307034e-01 -1.370593e+00 8.305606e-01 1.232900e+00 3.088348e+00 2.049489e+00 3.206681e-01 1.051292e+00 8.705116e-01 -1.964529e+00 4.707493e+01 3.494276e-02 6.072033e-02 3.360829e-03 7.164174e-03 1.225864e-02 3.793965e-02 1.733401e-02 4.245687e-02 5.848951e-03 9.297672e-03 5.119034e-03 -1.162556e-02 -8.719265e-02 -1.206898e-02 -1.376758e-02 -8.553311e-03 -1.232738e-02 -1.822622e-02 -2.315659e-02 -2.152557e-02 -1.992299e-02 -1.072130e-02 -4.206751e-03 -3.956051e-03 2.219566e-03 1.403037e-02
<VARIANCE> 39
 1.444150e+01 7.711506e+00 9.565082e+00 1.075289e+01 1.623652e+01 1.482451e+01 1.549845e+01 1.760942e+01 1.652677e+01 1.634067e+01 1.451805e+01 1.347727e+01 1.502122e+01 1.809154e-01 2.995130e-01 4.642838e-01 6.836698e-01 9.094190e-01 1.096647e+00 1.248931e+00 1.349095e+00 1.385471e+00 1.400063e+00 1.302314e+00 1.157219e+00 9.606239e-02 2.839340e-02 5.375837e-02 8.865123e-02 1.322737e-01 1.786726e-01 2.167617e-01 2.477463e-01 2.684750e-01 2.781492e-01 2.844840e-01 2.621917e-01 2.330576e-01 1.118020e-02
<GCONST> 7.416897e+01
<MIXTURE> 2 2.387425e-01
<MEAN> 39
 -1.092977e+01 -1.998523e+00 3.372393e-02 -2.100469e+00 -3.003695e-01 -1.562394e+00 1.608146e+00 -6.435922e-01 -5.543445e-01 2.456741e-01 6.406772e-01 -1.098155e+00 5.397917e+01 -1.367762e-01 -1.928203e-01 -1.728504e-03 -1.773835e-02 -3.435782e-02 -1.276359e-01 -4.843080e-02 -1.315809e-01 -1.966987e-03 -1.528713e-02 8.834715e-05 5.108283e-02 3.189060e-01 4.392115e-02 4.316232e-02 2.558699e-02 3.678414e-02 5.848251e-02 7.671446e-02 6.844258e-02 6.378911e-02 3.291525e-02 1.277103e-02 1.160798e-02 -9.006134e-03 -4.605703e-02
<VARIANCE> 39
 2.902509e+01 3.011152e+01 2.209097e+01 2.205545e+01 2.753584e+01 2.502718e+01 2.846693e+01 3.117343e+01 2.569586e+01 2.264271e+01 2.262610e+01 2.053286e+01 4.448644e+01 1.005685e+00 1.176055e+00 9.645535e-01 1.215524e+00 1.522125e+00 1.813160e+00 1.814048e+00 1.948549e+00 1.827848e+00 1.755839e+00 1.633756e+00 1.442541e+00 1.511158e+00 1.609273e-01 2.039992e-01 1.772931e-01 2.365789e-01 2.914153e-01 3.580644e-01 3.626991e-01 3.920797e-01 3.696377e-01 3.547300e-01 3.329137e-01 2.944655e-01 2.409994e-01
<GCONST> 1.027308e+02
<TRANSP> 5
 0.000000e+00 1.000000e+00 0.000000e+00 0.000000e+00 0.000000e+00
 0.000000e+00 9.887770e-01 1.122295e-02 0.000000e+00 0.000000e+00
 0.000000e+00 0.000000e+00 9.822109e-01 1.778908e-02 0.000000e+00
 0.000000e+00 0.000000e+00 0.000000e+00 9.923639e-01 7.636132e-03
 0.000000e+00 0.000000e+00 0.000000e+00 0.000000e+00 0.000000e+00
<ENDHMM>
~h "st"
<BEGINHMM>
<NUMSTATES> 5
<STATE> 2
<NUMMIXES> 2
<MIXTURE> 1 7.176425e-01
<MEAN> 39
 -9.049676e+00 -4.175025e+00 5.047880e-01 -6.766343e+00 -1.215518e+00 -4.420873e+00 5.030571e-01 -1.055449e+00 -1.048379e+00 -1.356361e+00 5.310138e-01 -2.598327e+00 6.115711e+01 2.614817e-01 1.332888e-01 2.893884e-02 2.283499e-01 1.890018e-01 2.953786e-01 1.929567e-01 -1.708359e-02 -2.755933e-03 4.160147e-02 -5.769005e-03 2.223470e-02 -7.350221e-01 -3.164111e-03 1.543620e-02 -4.249324e-02 1.770727e-02 -5.276682e-03 1.445185e-02 -1.493663e-02 -1.215423e-03 -2.645119e-02 -5.052329e-04 1.214052e-02 1.272849e-03 -9.778175e-03
<VARIANCE> 39
 1.404754e+01 2.364347e+01 1.544616e+01 1.977043e+01 1.913423e+01 2.504316e+01 2.115969e+01 2.021579e+01 1.978070e+01 2.047354e+01 1.603865e+01 1.319894e+01 4.398767e+01 2.092379e-01 3.524007e-01 5.226113e-01 7.115199e-01 9.648663e-01 1.137832e+00 1.220951e+00 1.438145e+00 1.347525e+00 1.536213e+00 1.456189e+00 1.214957e+00 1.553804e-01 3.952423e-02 6.948680e-02 9.391677e-02 1.383569e-01 1.946907e-01 2.260476e-01 2.418125e-01 2.911465e-01 2.741358e-01 3.115132e-01 3.096268e-01 2.280082e-01 5.110025e-02
<GCONST> 8.297111e+01
<MIXTURE> 2 2.823563e-01
<MEAN> 39
 -9.759134e+00 -3.163004e+00 -1.274774e+00 -6.523667e+00 -1.979552e+00 -3.433314e+00 6.588262e-01 -1.212523e-01 -6.988754e-01 -6.129335e-01 1.071183e+00 -2.845069e+00 6.087051e+01 -6.014296e-01 -7.451673e-01 2.396260e-01 -7.590142e-01 -5.697173e-01 -1.006878e+00 -5.106189e-01 -1.048080e-01 -4.451641e-02 -1.663581e-01 -3.390626e-03 1.810013e-02 2.247231e+00 9.356017e-02 8.203952e-02 5.356605e-02 9.161049e-02 1.076812e-01 1.717197e-01 1.577856e-01 3.713795e-02 5.456699e-02 5.127276e-02 -2.284208e-02 1.873767e-02 -2.846945e-01
<VARIANCE> 39
 2.203994e+01 2.836994e+01 1.907825e+01 2.903056e+01 2.888700e+01 3.480195e+01 3.138511e+01 2.404981e+01 1.989468e+01 2.098079e+01 2.171565e+01 1.541899e+01 8.566538e+01 1.914707e+00 1.996232e+00 1.457117e+00 2.389644e+00 2.910749e+00 3.112657e+00 2.897387e+00 2.460974e+00 1.956856e+00 2.392923e+00 2.586163e+00 1.682242e+00 5.322066e+00 3.297583e-01 3.370959e-01 2.416756e-01 4.455764e-01 5.076394e-01 5.782777e-01 5.116070e-01 4.624458e-01 3.399812e-01 4.222531e-01 4.522669e-01 3.280575e-01 1.357911e+00
<GCONST> 1.150771e+02
<STATE> 3
<NUMMIXES> 2
<MIXTURE> 1 7.492810e-01
<MEAN> 39
 -6.593933e+00 -3.094372e+00 -2.064322e+00 -4.256895e+00 -3.828552e-01 2.721708e-01 2.947783e+00 -2.115652e-01 -1.171044e+00 -1.254043e-01 1.024906e+00 -2.416632e+00 5.478334e+01 8.380910e-02 1.229185e-01 -5.306633e-02 1.656041e-01 1.194013e-01 1.806633e-01 9.424794e-02 -2.092238e-04 -2.285841e-02 2.919557e-02 2.591754e-03 -5.463935e-03 -3.615220e-01 -9.972779e-03 -1.270222e-02 -6.882493e-03 -2.330056e-02 -3.012575e-02 -3.786126e-02 -2.932032e-02 -4.460565e-03 3.674051e-03 -1.834759e-03 2.942691e-03 -2.372156e-03 3.071910e-02
<VARIANCE> 39
 1.276897e+01 1.318530e+01 1.295045e+01 1.532216e+01 1.613218e+01 1.952283e+01 1.709079e+01 1.770418e+01 1.763483e+01 1.806357e+01 1.500238e+01 1.390963e+01 1.808564e+01 2.219849e-01 3.421460e-01 5.190713e-01 7.122631e-01 9.448140e-01 1.159255e+00 1.281476e+00 1.373949e+00 1.418582e+00 1.459710e+00 1.386430e+00 1.234846e+00 1.674630e-01 3.407597e-02 6.072099e-02 1.001293e-01 1.387275e-01 1.874573e-01 2.363668e-01 2.636939e-01 2.818711e-01 2.929603e-01 3.023747e-01 2.852324e-01 2.517900e-01 1.553581e-02
<GCONST> 7.872574e+01
<MIXTURE> 2 2.507327e-01
<MEAN> 39
 -8.669049e+00 -3.126807e+00 -1.663295e+00 -6.533215e+00 -2.377330e+00 -2.042322e+00 1.444012e+00 -2.697544e-01 -7.002121e-01 -4.434438e-01 1.138807e+00 -2.484005e+00 5.848573e+01 -2.760023e-01 -3.033597e-01 1.203402e-01 -4.578654e-01 -3.530599e-01 -4.761419e-01 -2.539040e-01 9.159156e-03 5.479857e-02 -8.131409e-02 -1.917806e-03 1.682737e-02 9.925731e-01 2.341041e-02 4.031516e-02 2.510970e-02 6.889229e-02 9.077986e-02 1.042774e-01 7.742359e-02 1.041940e-02 -6.035692e-03 4.742928e-03 -9.684734e-03 7.575061e-03 -8.324565e-02
<VARIANCE> 39
 1.843254e+01 2.176842e+01 1.773589e+01 2.780267e+01 2.568889e+01 2.698534e+01 2.317241e+01 2.208961e+01 2.060489e+01 2.012741e+01 1.723640e+01 1.577917e+01 4.649724e+01 1.298989e+00 1.539667e+00 1.321394e+00 2.227157e+00 2.293087e+00 2.557622e+00 2.274125e+00 2.187644e+00 2.098599e+00 1.943396e+00 1.770169e+00 1.580840e+00 2.981718e+00 2.185593e-01 2.642493e-01 2.472632e-01 4.413954e-01 4.563051e-01 5.205255e-01 4.530468e-01 4.395573e-01 4.208676e-01 3.990502e-01 3.589732e-01 3.182150e-01 6.835513e-01
<GCONST> 1.083458e+02
<STATE> 4
<NUMMIXES> 2
<MIXTURE> 1 7.721880e-01
<MEAN> 39
 -1.010742e+01 1.025384e+00 9.707147e-01 -1.809665e+00 8.493457e-01 -2.087278e-01 2.408256e+00 4.962441e-01 2.354068e-01 -1.467885e-01 7.290670e-01 -2.197002e+00 5.095601e+01 3.605545e-02 8.178677e-02 1.664513e-02 1.178840e-01 9.939381e-02 1.382904e-01 6.399797e-02 5.912298e-02 4.961147e-03 2.051647e-03 3.116074e-03 5.624397e-03 -2.684286e-01 -4.984851e-03 -1.272527e-02 -1.372718e-02 -3.222048e-02 -3.303378e-02 -3.104590e-02 -2.367051e-02 -4.401983e-03 -4.186768e-03 1.266423e-03 -1.069586e-03 -2.154453e-03 2.308319e-02
<VARIANCE> 39
 1.312779e+01 7.334292e+00 9.889227e+00 1.333349e+01 1.349405e+01 1.590990e+01 1.571667e+01 1.832089e+01 1.674535e+01 1.592764e+01 1.414933e+01 1.283872e+01 2.295544e+01 2.074705e-01 3.053012e-01 4.700043e-01 7.073759e-01 9.025673e-01 1.085180e+00 1.229055e+00 1.384843e+00 1.408422e+00 1.432234e+00 1.359975e+00 1.195346e+00 1.628013e-01 3.240212e-02 5.432925e-02 9.128075e-02 1.337727e-01 1.757426e-01 2.152529e-01 2.451979e-01 2.791716e-01 2.833253e-01 2.909542e-01 2.776822e-01 2.463780e-01 1.511908e-02
<GCONST> 7.602941e+01
<MIXTURE> 2 2.278220e-01
<MEAN> 39
 -1.099868e+01 2.778871e-01 4.046298e-01 -4.842697e+00 -1.724180e+00 -2.579737e+00 8.741364e-01 6.589612e-02 3.954835e-01 -3.211411e-02 7.017419e-01 -2.470679e+00 5.599551e+01 -1.272234e-01 -2.656531e-01 -6.291058e-02 -4.045637e-01 -3.087226e-01 -4.149933e-01 -1.914569e-01 -1.934818e-01 3.676354e-03 -8.110735e-03 -2.312847e-02 -7.742813e-03 8.731223e-01 2.457381e-02 3.545361e-02 4.209290e-02 9.959923e-02 1.042416e-01 1.055566e-01 8.346570e-02 1.851384e-02 1.452548e-02 1.230139e-04 5.992735e-03 7.817973e-03 -7.801224e-02
<VARIANCE> 39
 1.954715e+01 1.539512e+01 1.499857e+01 2.361679e+01 2.203994e+01 2.672602e+01 2.366373e+01 2.473178e+01 2.049743e+01 1.809125e+01 1.654430e+01 1.503477e+01 6.377874e+01 1.232162e+00 1.122556e+00 1.183221e+00 1.865443e+00 1.994483e+00 2.245162e+00 2.130560e+00 2.052416e+00 1.978471e+00 1.768909e+00 1.671897e+00 1.562278e+00 2.903726e+00 2.076596e-01 2.114684e-01 2.220066e-01 3.581629e-01 3.908468e-01 4.533253e-01 4.245743e-01 4.230238e-01 4.036069e-01 3.614982e-01 3.520805e-01 3.229889e-01 5.004981e-01
<GCONST> 1.050656e+02
<TRANSP> 5
 0.000000e+00 1.000000e+00 0.000000e+00 0.000000e+00 0.000000e+00
 0.000000e+00 9.419034e-01 5.809666e-02 0.000000e+00 0.000000e+00
 0.000000e+00 0.000000e+00 9.908702e-01 9.129809e-03 0.000000e+00
 0.000000e+00 0.000000e+00 0.000000e+00 9.911774e-01 8.822580e-03
 0.000000e+00 0.000000e+00 0.000000e+00 0.000000e+00 0.000000e+00
<ENDHMM>
~h "spe"
<BEGINHMM>
<NUMSTATES> 5
<STATE> 2
<NUMMIXES> 2
<MIXTURE> 1 3.737362e-01
<MEAN> 39
 -4.019039e+00 2.388836e+00 1.310209e+00 -2.811350e+00 -3.007957e+00 -2.753211e+00 1.744053e-01 -9.121571e-01 -1.739363e+00 -2.629826e-01 -1.162379e+00 -4.408256e+00 5.269191e+01 -4.792498e-02 -1.347942e-01 1.121693e-01 -1.850927e-01 -2.940717e-01 -2.139015e-01 -5.351588e-02 9.056516e-03 4.838663e-02 6.438176e-02 2.164400e-02 -9.850964e-02 2.411823e-01 5.680611e-02 -1.056700e-01 1.907762e-02 -3.071735e-02 -4.962979e-02 1.578413e-02 -6.710862e-02 4.058254e-03 1.234659e-02 3.867440e-02 -5.865482e-03 -6.735395e-02 2.952291e-02
<VARIANCE> 39
 2.539935e+01 2.292700e+01 3.051967e+01 2.523786e+01 3.988470e+01 3.738655e+01 2.406000e+01 3.004692e+01 2.691754e+01 2.565003e+01 2.371327e+01 2.458229e+01 1.113724e+01 1.153799e+00 1.344275e+00 1.548445e+00 1.475656e+00 2.519152e+00 2.204501e+00 1.976169e+00 2.282572e+00 2.119918e+00 2.152030e+00 1.916866e+00 2.116666e+00 3.099175e-01 1.271623e-01 1.540371e-01 2.058617e-01 2.225785e-01 3.728555e-01 3.871964e-01 3.457712e-01 4.090879e-01 3.706612e-01 3.920634e-01 3.387221e-01 3.431064e-01 4.225819e-02
<GCONST> 1.019782e+02
<MIXTURE> 2 6.262651e-01
<MEAN> 39
 7.025070e-01 -2.888047e+00 2.238363e+00 -3.575557e+00 -5.957434e+00 -7.193048e-02 -2.099867e+00 -1.198168e+00 -1.902202e+00 2.646369e-02 -2.313583e+00 -7.495996e+00 5.361927e+01 3.134858e-02 6.471547e-02 -4.827818e-02 1.081557e-01 1.630991e-01 1.081810e-01 9.596949e-03 -3.825136e-03 -3.011173e-02 -3.338795e-02 -2.119209e-02 4.542292e-02 -1.256873e-01 -3.712177e-02 5.989835e-02 -1.571865e-02 1.941479e-02 3.213441e-02 -1.183127e-02 4.155230e-02 -5.070368e-04 -3.407812e-03 -2.125537e-02 2.686749e-04 4.229460e-02 -1.863513e-02
<VARIANCE> 39
 6.296471e+00 1.987254e+01 4.714042e+01 2.733877e+01 4.525864e+01 3.565258e+01 2.801037e+01 3.907681e+01 3.559728e+01 3.091405e+01 3.456864e+01 3.401673e+01 1.527955e+01 1.880915e-01 4.493305e-01 7.058129e-01 8.128003e-01 1.241018e+00 1.419082e+00 1.393976e+00 1.786383e+00 1.591658e+00 1.566343e+00 1.573283e+00 1.505929e+00 1.142861e-01 3.111974e-02 7.553782e-02 1.148750e-01 1.570136e-01 2.317599e-01 2.600865e-01 2.762055e-01 3.427343e-01 3.150986e-01 3.098651e-01 3.092953e-01 2.925518e-01 1.438070e-02
<GCONST> 8.870544e+01
<STATE> 3
<NUMMIXES> 2
<MIXTURE> 1 5.878664e-01
<MEAN> 39
 -2.738244e+00 -3.944211e+00 -1.575092e+00 -1.067583e+01 6.296479e-02 -2.516798e+00 -1.785809e+00 1.670703e-01 -2.918431e-01 -1.670083e+00 -5.257225e+00 -4.812204e+00 6.139559e+01 -3.416522e-02 1.830858e-01 -9.664726e-03 2.287752e-01 1.505870e-01 1.295510e-01 4.832666e-02 -1.594549e-01 -5.686622e-02 2.447984e-02 1.261214e-01 7.418455e-02 -2.858976e-01 -7.446912e-03 -5.378212e-03 6.388705e-03 1.100381e-02 -2.274407e-02 -4.855390e-02 -2.336866e-02 -1.014829e-02 -2.083469e-02 -2.997990e-03 3.635016e-02 1.839549e-02 -2.479581e-02
<VARIANCE> 39
 3.095064e+01 4.660915e+01 3.600777e+01 6.547190e+01 3.732203e+01 4.493262e+01 4.530407e+01 4.455555e+01 2.579113e+01 3.545918e+01 4.522234e+01 2.544658e+01 3.506994e+01 2.428418e-01 5.087895e-01 6.424985e-01 9.582046e-01 1.098294e+00 1.218666e+00 1.312133e+00 1.433193e+00 1.533697e+00 1.530820e+00 1.644001e+00 1.413329e+00 1.759003e-01 3.927971e-02 7.645762e-02 1.216161e-01 1.800270e-01 2.084938e-01 2.301364e-01 2.684409e-01 2.802845e-01 3.184644e-01 3.116483e-01 3.312361e-01 2.916701e-01 1.996502e-02
<GCONST> 9.366664e+01
<MIXTURE> 2 4.121317e-01
<MEAN> 39
 -2.228371e+00 -4.223938e+00 2.560714e+00 -1.620234e+01 -2.329618e+00 -9.761680e+00 -5.572699e+00 -3.141880e+00 -9.904819e-01 -3.533677e+00 -8.189915e+00 -1.908847e+00 6.286638e+01 -3.593070e-02 -1.925291e-01 -9.739521e-02 -1.455215e-01 -4.321232e-02 -1.629155e-01 -2.287250e-02 1.308829e-01 8.603780e-02 -4.683348e-02 -1.826740e-01 -5.703327e-02 3.782144e-01 1.079465e-02 2.558371e-02 -1.033304e-02 2.440047e-02 3.254434e-02 8.628698e-02 5.793445e-02 -1.050674e-02 1.702727e-03 -1.370678e-02 -3.649785e-02 -1.652504e-02 -9.398760e-03
<VARIANCE> 39
 2.480055e+01 3.536695e+01 7.915319e+01 6.527402e+01 5.531890e+01 5.427538e+01 5.568752e+01 7.217990e+01 4.262917e+01 4.108186e+01 3.848730e+01 3.844691e+01 1.496923e+01 1.233315e+00 1.937806e+00 2.288747e+00 2.723205e+00 2.655836e+00 2.691549e+00 3.071890e+00 3.730958e+00 3.449980e+00 2.737660e+00 2.539700e+00 2.321305e+00 7.500702e-01 1.621539e-01 2.677838e-01 3.030283e-01 4.133145e-01 4.138505e-01 4.786211e-01 4.980020e-01 6.206491e-01 5.902193e-01 5.047794e-01 4.465123e-01 4.405843e-01 1.024843e-01
<GCONST> 1.185003e+02
<STATE> 4
<NUMMIXES> 2
<MIXTURE> 1 4.901969e-01
<MEAN> 39
 -2.412915e+00 -3.509571e+00 -2.633547e+00 -3.395870e+00 1.346130e+00 2.733834e+00 3.213746e+00 -3.201425e-01 -1.678165e+00 4.121678e-01 4.688919e-01 -3.625822e+00 5.041122e+01 -9.080640e-03 1.157033e-02 -3.400170e-02 5.855392e-02 5.969278e-02 1.222051e-01 1.213668e-01 6.433751e-02 4.172577e-02 3.747400e-02 4.878920e-02 5.754073e-02 -9.126892e-02 9.918275e-03 -1.224732e-03 1.583145e-02 -2.845104e-02 -3.413762e-02 -3.476286e-02 -4.405990e-02 -1.253351e-02 -1.639008e-02 -1.306471e-02 -1.230423e-02 -2.653516e-02 2.306344e-02
<VARIANCE> 39
 8.145133e+00 1.042091e+01 9.738708e+00 9.601451e+00 1.353439e+01 1.658674e+01 1.859962e+01 1.801837e+01 1.811772e+01 1.711500e+01 1.611251e+01 1.423099e+01 4.154584e+00 1.645365e-01 3.006664e-01 5.060210e-01 6.675927e-01 9.230923e-01 1.157723e+00 1.243735e+00 1.386024e+00 1.418139e+00 1.437320e+00 1.393880e+00 1.259925e+00 6.007510e-02 2.775444e-02 5.416161e-02 9.653141e-02 1.291060e-01 1.835181e-01 2.282619e-01 2.372483e-01 2.731973e-01 2.782401e-01 2.779899e-01 2.752080e-01 2.466689e-01 8.861606e-03
<GCONST> 7.269387e+01
<MIXTURE> 2 5.097994e-01
<MEAN> 39
 1.917753e-01 -6.013891e+00 1.655058e+00 -7.677448e+00 -4.430726e+00 -1.789255e+00 -3.533507e+00 -1.707285e+00 -3.182027e+00 -5.003421e-01 -9.156204e-01 -6.925276e+00 5.727420e+01 1.251548e-02 -1.689261e-02 1.772790e-02 -5.054523e-02 -4.573160e-02 -8.903740e-02 -8.629838e-02 -3.536372e-02 -2.819675e-02 -1.914201e-02 -3.551277e-02 -4.687539e-02 5.712581e-02 -1.000810e-02 3.172617e-03 -1.433506e-02 2.692527e-02 3.498479e-02 3.790630e-02 4.418281e-02 1.422308e-02 1.652786e-02 1.560753e-02 9.555426e-03 2.512400e-02 -2.138456e-02
<VARIANCE> 39
 1.293136e+01 3.070704e+01 4.488579e+01 2.956014e+01 5.809765e+01 3.954692e+01 3.463538e+01 4.049333e+01 3.634949e+01 3.786265e+01 3.859124e+01 2.320301e+01 1.103176e+01 3.721080e-01 9.134459e-01 1.070152e+00 1.323771e+00 1.830443e+00 1.663561e+00 1.792067e+00 1.838400e+00 2.027202e+00 1.809635e+00 1.853129e+00 1.468814e+00 3.880267e-01 5.031146e-02 1.199453e-01 1.466549e-01 1.982948e-01 2.689376e-01 2.797749e-01 3.060471e-01 3.361158e-01 3.810083e-01 3.447601e-01 3.356798e-01 2.754336e-01 3.525692e-02
<GCONST> 9.792693e+01
<TRANSP> 5
 0.000000e+00 1.000000e+00 0.000000e+00 0.000000e+00 0.000000e+00
 0.000000e+00 9.931339e-01 6.866125e-03 0.000000e+00 0.000000e+00
 0.000000e+00 0.000000e+00 9.783058e-01 2.169416e-02 0.000000e+00
 0.000000e+00 0.000000e+00 0.000000e+00 9.948989e-01 5.101069e-03
 0.000000e+00 0.000000e+00 0.000000e+00 0.000000e+00 0.000000e+00
<ENDHMM>
