~o
<STREAMINFO> 1 39
<VECSIZE> 39<NULLD><MFCC_D_A_0><DIAGC>
~h "ap"
<BEGINHMM>
<NUMSTATES> 5
<STATE> 2
<NUMMIXES> 2
<MIXTURE> 1 8.082587e-01
<MEAN> 39
 -1.278035e+01 -9.761355e+00 -4.537593e+00 -1.190943e-01 9.319968e-01 -3.716897e+00 2.260039e+00 -3.420761e+00 -2.969005e+00 -9.339776e-01 6.766616e-01 -1.066085e+00 6.176275e+01 3.316801e-01 2.130699e-01 1.904258e-01 9.925820e-02 2.582418e-01 2.425351e-01 1.488753e-01 1.044780e-01 2.906800e-02 5.962307e-02 7.816774e-02 1.232933e-02 -7.860208e-01 -1.986234e-02 1.674936e-02 9.459573e-04 1.148104e-02 -2.896351e-02 -3.137004e-02 -1.311304e-02 1.986952e-02 9.043518e-03 -4.420136e-03 -6.546079e-03 1.242825e-02 2.101048e-02
<VARIANCE> 39
 2.132592e+01 3.240200e+01 2.583662e+01 2.149342e+01 2.956840e+01 3.164937e+01 2.447161e+01 2.460438e+01 2.139988e+01 1.955754e+01 1.774808e+01 1.526243e+01 8.153108e+01 1.165154e-01 2.431107e-01 3.753849e-01 6.325725e-01 9.088389e-01 1.071648e+00 1.064146e+00 1.204600e+00 1.336045e+00 1.335389e+00 1.277083e+00 1.250523e+00 8.268046e-02 2.572181e-02 4.997316e-02 7.530663e-02 1.281023e-01 1.821298e-01 2.255934e-01 2.091119e-01 2.392473e-01 2.660800e-01 2.837456e-01 2.649400e-01 2.682160e-01 3.178566e-02
<GCONST> 8.142905e+01
<MIXTURE> 2 1.917418e-01
<MEAN> 39
 -1.412588e+01 -7.925379e+00 -4.516904e+00 1.238217e-01 -1.724979e+00 -5.660228e+00 1.065105e+00 -1.176973e+00 -1.981621e+00 -1.070453e+00 -2.910026e-01 -9.716907e-01 6.433766e+01 -1.507402e+00 -1.296368e+00 -1.052747e+00 -4.100633e-01 -1.204355e+00 -1.373683e+00 -7.741340e-01 -5.137673e-01 -2.949982e-01 -3.885284e-01 -3.485155e-01 -8.592569e-02 3.979380e+00 1.161721e-01 -7.340950e-02 -1.971495e-02 -7.339643e-02 1.454548e-01 1.454400e-01 6.271982e-02 -7.242112e-02 -3.766128e-02 2.773863e-02 3.711145e-02 -6.467323e-02 -1.107197e-01
<VARIANCE> 39
 4.439014e+01 4.755624e+01 2.949562e+01 2.522886e+01 4.591592e+01 6.206448e+01 3.152462e+01 2.441707e+01 2.483338e+01 2.398540e+01 2.162786e+01 1.425961e+01 2.116993e+02 3.794347e+00 3.946394e+00 2.118765e+00 2.257901e+00 3.815112e+00 5.924304e+00 2.901903e+00 2.464150e+00 2.423032e+00 2.598785e+00 2.122966e+00 1.603280e+00 1.599129e+01 9.531794e-01 7.621417e-01 4.478568e-01 4.088273e-01 8.705156e-01 1.359253e+00 5.972731e-01 4.430929e-01 4.582070e-01 5.052008e-01 3.906743e-01 2.905774e-01 4.752808e+00
<GCONST> 1.279567e+02
<STATE> 3
<NUMMIXES> 2
<MIXTURE> 1 8.166786e-01
<MEAN> 39
 -1.057250e+01 -1.652464e+01 -1.046704e+01 1.625482e+00 1.157050e+00 -9.137247e+00 2.903477e-01 -2.305474e+00 -6.212002e+00 -3.811264e+00 6.973564e-01 -1.493737e+00 6.884109e+01 2.850277e-01 1.719197e-01 2.460769e-01 2.346639e-01 3.549402e-01 2.472802e-01 1.472546e-01 2.895161e-02 2.855131e-02 4.186710e-02 7.132874e-02 4.823117e-02 -9.062836e-01 -1.052467e-02 2.739735e-02 1.123154e-02 2.325789e-02 -1.771731e-02 -1.324298e-02 -1.171577e-02 2.328859e-02 1.994566e-02 6.942614e-03 2.367820e-03 2.232491e-02 7.112984e-03
<VARIANCE> 39
 1.074277e+01 1.742209e+01 1.686343e+01 2.168108e+01 2.988186e+01 1.936593e+01 2.421090e+01 1.923457e+01 2.299064e+01 2.121121e+01 1.521159e+01 1.597846e+01 5.931509e+01 8.861312e-02 1.973716e-01 3.023452e-01 5.813514e-01 9.156001e-01 1.015464e+00 9.030082e-01 1.043575e+00 1.447824e+00 1.406244e+00 1.147173e+00 1.604433e+00 3.707353e-02 2.023147e-02 4.022143e-02 6.371991e-02 1.286493e-01 1.941677e-01 2.208971e-01 1.850520e-01 1.970200e-01 3.021361e-01 3.013729e-01 2.306197e-01 3.671866e-01 2.177597e-02
<GCONST> 7.611956e+01
<MIXTURE> 2 1.833214e-01
<MEAN> 39
 -1.140654e+01 -1.468297e+01 -1.030059e+01 1.919217e+00 -5.940210e-01 -9.794449e+00 -1.194262e+00 -9.915326e-01 -4.807514e+00 -3.713509e+00 9.053127e-02 -9.299725e-01 7.091088e+01 -7.862124e-01 -5.649225e-01 -8.074765e-01 -8.116236e-01 -1.027488e+00 -6.511194e-01 -3.841403e-01 -1.947310e-01 -1.292957e-01 -1.389074e-01 -1.657443e-01 -2.023273e-01 2.587426e+00 7.892630e-02 2.476139e-03 5.592149e-02 -2.893709e-02 1.387369e-01 1.431606e-01 1.046939e-01 -4.924501e-02 -2.981341e-02 2.260024e-02 -7.262204e-03 -6.636774e-02 -2.419495e-01
<VARIANCE> 39
 2.350278e+01 2.551258e+01 2.192666e+01 2.679783e+01 4.492459e+01 3.623399e+01 3.349496e+01 1.894382e+01 2.817883e+01 2.183850e+01 2.102019e+01 1.469751e+01 1.603983e+02 1.900520e+00 1.777454e+00 1.355849e+00 1.656910e+00 3.242530e+00 3.620038e+00 2.697546e+00 1.712404e+00 2.404565e+00 1.867857e+00 1.757202e+00 1.596109e+00 1.269314e+01 4.532929e-01 4.052487e-01 3.550793e-01 3.509313e-01 8.057921e-01 8.414114e-01 5.084994e-01 3.279482e-01 4.504189e-01 3.465496e-01 3.221836e-01 3.157054e-01 3.742971e+00
<GCONST> 1.178449e+02
<STATE> 4
<NUMMIXES> 2
<MIXTURE> 1 8.726324e-01
<MEAN> 39
 -8.209839e+00 -1.068398e+01 -3.380398e+00 2.210052e+00 -1.638614e-01 -2.876887e+00 3.966670e+00 -2.245847e+00 -3.410736e+00 2.679007e-01 1.132233e+00 -1.899467e+00 5.655874e+01 2.024524e-01 2.789029e-01 1.502040e-01 5.415646e-02 1.453714e-01 1.960389e-01 7.845966e-02 1.448910e-01 6.713302e-02 6.669667e-02 2.622529e-02 -8.195282e-03 -5.976814e-01 -1.461490e-02 7.543448e-03 -1.100245e-03 5.058538e-04 -2.332876e-02 -1.425346e-02 -8.105169e-03 5.301232e-03 -3.542015e-03 -8.960380e-04 -2.664961e-03 9.565868e-03 1.994439e-02
<VARIANCE> 39
 1.671273e+01 7.025329e+01 1.933925e+01 2.412024e+01 3.188569e+01 3.225883e+01 2.035940e+01 3.226862e+01 2.432068e+01 1.834558e+01 1.590485e+01 1.375948e+01 1.092370e+02 1.269900e-01 2.789188e-01 3.892211e-01 6.406851e-01 9.464799e-01 1.041816e+00 1.107022e+00 1.233459e+00 1.349694e+00 1.388663e+00 1.252398e+00 1.122256e+00 1.519298e-01 2.301617e-02 4.997740e-02 7.744513e-02 1.261613e-01 1.878712e-01 2.157947e-01 2.228757e-01 2.404358e-01 2.806471e-01 2.965938e-01 2.520418e-01 2.279617e-01 1.041123e-02
<GCONST> 8.171363e+01
<MIXTURE> 2 1.273690e-01
<MEAN> 39
 -1.111922e+01 -1.051144e+01 -4.304668e+00 2.260824e+00 -3.896425e+00 -4.580563e+00 2.962644e+00 -1.727000e+00 -3.285999e+00 2.359854e-01 -3.195769e-01 -1.577573e+00 6.312529e+01 -1.249968e+00 -1.528241e+00 -7.505098e-01 -3.564947e-01 -1.100212e+00 -1.057999e+00 -4.081940e-01 -7.900640e-01 -1.963977e-01 -2.409177e-01 -2.200503e-01 5.736402e-03 3.520736e+00 7.942808e-02 -6.475765e-02 -2.145910e-02 -3.085211e-02 1.207042e-01 6.008381e-02 2.574314e-02 -4.016450e-02 -1.526395e-02 -2.001040e-02 -4.389655e-03 -7.498202e-02 -9.774357e-02
<VARIANCE> 39
 3.650380e+01 8.856341e+01 2.328111e+01 2.934608e+01 4.879696e+01 4.900377e+01 2.479685e+01 3.213588e+01 2.341599e+01 1.838567e+01 2.134530e+01 1.438135e+01 2.610188e+02 3.191608e+00 7.200894e+00 1.600561e+00 2.654394e+00 3.989083e+00 4.402835e+00 2.063962e+00 2.815691e+00 2.372898e+00 2.042321e+00 2.055840e+00 1.462952e+00 2.002642e+01 7.587956e-01 1.411331e+00 3.193721e-01 5.034681e-01 9.230538e-01 9.579974e-01 3.778573e-01 5.815685e-01 4.378853e-01 3.841439e-01 4.146608e-01 2.606406e-01 5.194993e+00
<GCONST> 1.272280e+02
<TRANSP> 5
 0.000000e+00 1.000000e+00 0.000000e+00 0.000000e+00 0.000000e+00
 0.000000e+00 9.919616e-01 8.038390e-03 0.000000e+00 0.000000e+00
 0.000000e+00 0.000000e+00 9.865081e-01 1.349197e-02 0.000000e+00
 0.000000e+00 0.000000e+00 0.000000e+00 9.885839e-01 1.141617e-02
 0.000000e+00 0.000000e+00 0.000000e+00 0.000000e+00 0.000000e+00
<ENDHMM>
~h "cl"
<BEGINHMM>
<NUMSTATES> 5
<STATE> 2
<NUMMIXES> 2
<MIXTURE> 1 7.241471e-01
<MEAN> 39
 -1.106707e+01 -1.188475e+00 -1.790417e+00 -2.975634e+00 -5.059258e-01 6.662583e+00 3.497791e+00 -4.435422e-01 2.811393e+00 -2.526243e-01 -2.082627e+00 9.843780e-01 5.328582e+01 2.883005e-01 -2.153970e-02 1.026989e-02 5.086992e-02 1.077053e-01 5.340284e-02 8.272328e-02 7.068352e-02 -1.320525e-02 7.132818e-02 1.194054e-01 -8.279044e-02 -2.549918e-01 -2.844309e-02 1.203832e-02 4.872037e-03 5.871378e-03 -2.490763e-03 -6.901630e-03 -5.202519e-03 2.038822e-03 -5.753157e-03 4.849551e-03 -4.550161e-03 1.882329e-02 2.417663e-02
<VARIANCE> 39
 3.087086e+01 2.169646e+01 2.359379e+01 1.372209e+01 1.700895e+01 4.135476e+01 1.880307e+01 2.339939e+01 3.096516e+01 1.942965e+01 2.511331e+01 2.398624e+01 2.480568e+01 3.728123e-01 4.150900e-01 5.392179e-01 6.932110e-01 9.534502e-01 1.270000e+00 1.327857e+00 1.544065e+00 1.693968e+00 1.297241e+00 1.372756e+00 1.332199e+00 1.607405e-01 6.898552e-02 6.886198e-02 9.522630e-02 1.316080e-01 1.875353e-01 2.343202e-01 2.650878e-01 2.967954e-01 3.316140e-01 2.654432e-01 2.755809e-01 2.623812e-01 2.567345e-02
<GCONST> 8.612529e+01
<MIXTURE> 2 2.758518e-01
<MEAN> 39
 -1.459294e+01 -6.952975e-01 -4.415891e-01 -2.571105e+00 -2.153354e+00 4.999602e+00 2.158254e+00 -1.075427e+00 2.438057e+00 1.916658e-01 -2.495876e+00 1.774772e+00 5.722669e+01 -1.913248e+00 2.440443e-01 1.203318e-01 -1.942988e-01 -6.982774e-01 3.755028e-01 -4.532568e-01 -7.964466e-01 4.111418e-01 -2.980586e-01 -8.641928e-01 5.597036e-01 1.557687e+00 7.155719e-02 -5.021110e-02 1.583024e-02 -6.019009e-02 -2.287304e-02 9.493698e-02 -1.305044e-02 -8.307417e-02 2.408066e-02 -4.466348e-02 -5.488548e-02 -5.834491e-03 -7.169949e-02
<VARIANCE> 39
 5.519934e+01 4.417479e+01 2.773146e+01 1.699077e+01 2.232001e+01 6.719276e+01 2.812359e+01 3.095682e+01 3.818662e+01 3.394207e+01 3.248939e+01 2.665493e+01 9.108218e+01 4.881719e+00 1.965217e+00 1.226742e+00 1.333718e+00 2.219710e+00 4.702985e+00 2.781573e+00 3.235355e+00 3.415923e+00 3.183316e+00 2.880517e+00 2.665466e+00 4.458732e+00 1.063384e+00 2.823852e-01 1.767685e-01 2.200621e-01 3.980820e-01 7.312392e-01 4.687601e-01 5.237938e-01 5.388113e-01 6.042785e-01 5.359387e-01 4.433958e-01 9.115015e-01
<GCONST> 1.216323e+02
<STATE> 3
<NUMMIXES> 2
<MIXTURE> 1 5.535646e-01
<MEAN> 39
 -2.068684e+01 3.150689e+00 2.691410e-01 -5.696954e+00 -4.092579e+00 1.361923e+01 7.679825e-01 -3.832056e+00 8.376096e+00 -3.814991e+00 -3.761791e+00 5.761503e+00 5.890416e+01 3.750278e-01 4.971279e-02 7.823179e-02 1.171226e-01 1.596490e-01 1.265738e-01 1.406697e-01 2.383048e-01 2.291166e-01 2.411392e-01 2.210482e-01 6.057568e-02 -2.732995e-01 -3.475892e-02 -6.223180e-03 -8.948184e-03 4.784189e-02 -9.667794e-03 -8.383182e-02 3.248952e-02 4.455686e-02 -2.942577e-02 3.215052e-02 2.989681e-02 4.451544e-03 2.989624e-02
<VARIANCE> 39
 3.272910e+01 6.525318e+00 1.621802e+01 1.006140e+01 1.472489e+01 2.348734e+01 2.150651e+01 1.796681e+01 2.048837e+01 1.896291e+01 1.853752e+01 1.790021e+01 1.482520e+01 7.693813e-01 3.479255e-01 6.031784e-01 8.025188e-01 1.057077e+00 1.653441e+00 1.576420e+00 1.506638e+00 1.513847e+00 1.466058e+00 1.465464e+00 1.471497e+00 3.937679e-01 1.813672e-01 6.582366e-02 1.249238e-01 1.537704e-01 2.115629e-01 3.175671e-01 3.258387e-01 3.059708e-01 3.089272e-01 3.070190e-01 3.080440e-01 2.917215e-01 9.705792e-02
<GCONST> 8.793211e+01
<MIXTURE> 2 4.464366e-01
<MEAN> 39
 -1.851571e+01 2.485013e+00 -6.766772e-01 -4.952814e+00 -4.428113e+00 1.019118e+01 3.805667e-01 -3.469368e+00 6.673636e+00 -3.323187e+00 -3.017809e+00 4.913183e+00 5.877628e+01 -3.777427e-01 -7.924826e-02 -1.207984e-01 -1.357456e-01 -1.795071e-01 -1.763254e-01 -1.681245e-01 -2.992274e-01 -3.139668e-01 -3.004355e-01 -2.527511e-01 -8.964031e-02 2.849689e-01 6.293318e-02 4.917155e-03 1.053283e-02 -5.934760e-02 1.833359e-02 8.914740e-02 -3.929498e-02 -4.474988e-02 2.967423e-02 -3.212648e-02 -2.758405e-02 -1.137228e-02 -5.111748e-02
<VARIANCE> 39
 7.044867e+01 1.332699e+01 2.385482e+01 1.541022e+01 2.077978e+01 4.136464e+01 3.069123e+01 2.751094e+01 3.195980e+01 2.164762e+01 2.001766e+01 2.204742e+01 2.797819e+01 2.660060e+00 6.477274e-01 9.437962e-01 1.019690e+00 1.393813e+00 2.408179e+00 2.136887e+00 1.862174e+00 1.933257e+00 1.671079e+00 1.562368e+00 1.772816e+00 1.452756e+00 4.935714e-01 1.123878e-01 1.667010e-01 2.071461e-01 2.690516e-01 4.540424e-01 4.030510e-01 3.921534e-01 3.997294e-01 3.529243e-01 3.174419e-01 3.322284e-01 2.684725e-01
<GCONST> 1.038192e+02
<STATE> 4
<NUMMIXES> 2
<MIXTURE> 1 6.530992e-01
<MEAN> 39
 -2.128932e+01 9.528421e-01 6.932656e+00 -3.248121e+00 -6.601545e+00 1.111032e+01 1.728960e+00 -7.149103e+00 2.987862e+00 4.433003e+00 -1.161878e+01 4.867650e+00 5.671766e+01 5.197536e-01 8.574831e-02 2.187639e-01 -6.842591e-02 4.747972e-02 1.851270e-01 9.007530e-02 -6.942289e-02 4.069640e-01 9.364513e-02 3.700161e-02 1.272580e-01 -5.808465e-01 -4.335553e-02 2.010282e-02 -4.990481e-02 4.408649e-02 1.667131e-02 -1.060008e-01 1.391112e-02 9.618546e-02 -2.202155e-03 3.072233e-02 3.882620e-02 -3.308757e-02 2.927394e-02
<VARIANCE> 39
 3.976177e+01 7.353302e+00 1.366215e+01 1.633194e+01 2.726161e+01 2.667538e+01 2.684395e+01 4.389595e+01 3.266580e+01 2.954797e+01 2.959184e+01 3.054104e+01 3.228889e+01 2.394946e-01 3.413813e-01 6.536934e-01 7.580519e-01 9.992466e-01 1.273268e+00 1.335297e+00 1.553902e+00 1.738400e+00 1.455894e+00 1.390358e+00 1.393437e+00 1.633026e-01 9.416369e-02 7.682010e-02 1.450379e-01 1.623879e-01 2.173361e-01 2.835715e-01 2.852876e-01 3.451518e-01 4.012255e-01 3.376782e-01 3.032188e-01 3.002952e-01 8.361256e-02
<GCONST> 9.046125e+01
<MIXTURE> 2 3.469014e-01
<MEAN> 39
 -2.366882e+01 1.236336e+00 5.323846e+00 -2.517854e+00 -6.522605e+00 9.391163e+00 1.406324e+00 -5.980880e+00 2.619648e+00 4.440657e+00 -1.145698e+01 4.746971e+00 5.927486e+01 -8.329012e-01 -1.757476e-01 -3.939246e-01 9.877495e-02 -7.392961e-02 -3.904745e-01 -1.963040e-01 1.478633e-01 -7.709565e-01 -1.904774e-01 -3.032914e-02 -2.507784e-01 9.809883e-01 7.998889e-02 -3.495752e-02 8.734398e-02 -7.936797e-02 -2.810620e-02 1.885440e-01 -2.870654e-02 -1.728839e-01 3.834365e-04 -5.697024e-02 -6.858925e-02 5.626662e-02 -5.524805e-02
<VARIANCE> 39
 3.892986e+01 1.160901e+01 1.785665e+01 1.728672e+01 2.616237e+01 3.477150e+01 3.411063e+01 5.061170e+01 3.743050e+01 2.877996e+01 2.789489e+01 2.865915e+01 3.563820e+01 2.184421e+00 8.117670e-01 1.424463e+00 1.371390e+00 1.898847e+00 3.334029e+00 2.211149e+00 4.296409e+00 3.364235e+00 2.743986e+00 2.238667e+00 2.571133e+00 1.833889e+00 5.138244e-01 1.415060e-01 2.818066e-01 2.513177e-01 3.067124e-01 5.603483e-01 3.841484e-01 6.415704e-01 7.325182e-01 4.522168e-01 3.859819e-01 4.824602e-01 5.342227e-01
<GCONST> 1.131048e+02
<TRANSP> 5
 0.000000e+00 1.000000e+00 0.000000e+00 0.000000e+00 0.000000e+00
 0.000000e+00 9.556729e-01 4.432712e-02 0.000000e+00 0.000000e+00
 0.000000e+00 0.000000e+00 9.918447e-01 8.155375e-03 0.000000e+00
 0.000000e+00 0.000000e+00 0.000000e+00 9.936329e-01 6.367137e-03
 0.000000e+00 0.000000e+00 0.000000e+00 0.000000e+00 0.000000e+00
<ENDHMM>
~h "cm"
<BEGINHMM>
<NUMSTATES> 5
<STATE> 2
<NUMMIXES> 2
<MIXTURE> 1 6.397072e-01
<MEAN> 39
 -9.213964e+00 -8.631178e-01 -2.385024e+00 -3.676067e+00 -2.393286e-01 -2.161861e-01 -1.183745e+00 -8.451412e-01 -2.626903e+00 -7.035120e-01 4.893665e-01 -2.040539e+00 6.022298e+01 -7.751852e-03 8.590610e-02 6.073419e-02 1.396042e-01 1.741543e-01 2.489038e-01 1.985013e-01 1.715751e-01 1.325423e-01 1.389972e-01 1.271785e-01 6.993313e-02 -7.047937e-02 -9.034551e-03 3.143874e-03 -9.722654e-04 -1.002236e-02 -2.801110e-02 -3.832756e-02 -2.350985e-02 -7.417290e-03 -1.095082e-02 -1.484890e-02 -2.029211e-02 -2.510698e-02 1.558608e-02
<VARIANCE> 39
 2.054198e+01 1.754088e+01 1.341087e+01 1.579820e+01 1.464831e+01 1.558264e+01 1.848214e+01 1.990358e+01 2.082126e+01 1.808696e+01 1.744825e+01 1.376215e+01 6.074206e+01 2.502289e-01 3.926111e-01 5.188660e-01 7.542843e-01 8.782074e-01 1.093053e+00 1.174967e+00 1.343748e+00 1.468080e+00 1.386579e+00 1.336764e+00 1.207735e+00 3.154680e-01 3.969974e-02 7.008545e-02 9.146012e-02 1.351906e-01 1.785551e-01 2.326011e-01 2.390061e-01 2.720656e-01 2.929542e-01 2.752799e-01 2.661805e-01 2.311502e-01 2.908633e-02
<GCONST> 8.193570e+01
<MIXTURE> 2 3.602951e-01
<MEAN> 39
 -9.393462e+00 -1.628860e+00 -3.036660e+00 -4.996458e+00 -1.752466e+00 -2.291190e+00 -2.868568e+00 -1.638490e+00 -3.326039e+00 -1.763953e+00 -6.369583e-01 -2.227984e+00 6.440004e+01 1.454437e-01 -1.788530e-01 -1.392031e-01 -2.893851e-01 -3.923365e-01 -5.352677e-01 -4.779782e-01 -4.325861e-01 -3.461600e-01 -3.058581e-01 -3.433501e-01 -1.191613e-01 9.269691e-01 2.384743e-02 9.550028e-03 5.053784e-03 3.668121e-02 6.963082e-02 1.061680e-01 7.289857e-02 2.423172e-02 2.578846e-02 5.876984e-02 7.127217e-02 4.798099e-02 -5.196081e-02
<VARIANCE> 39
 1.848490e+01 1.948036e+01 1.688961e+01 1.918062e+01 1.872725e+01 1.896317e+01 2.176377e+01 2.316343e+01 2.198844e+01 2.031769e+01 2.010804e+01 1.658238e+01 6.853210e+01 9.693853e-01 1.195011e+00 1.124503e+00 1.358598e+00 1.524165e+00 1.775473e+00 1.761144e+00 1.857671e+00 1.862721e+00 1.735193e+00 1.661788e+00 1.565014e+00 1.724261e+00 1.274043e-01 1.868959e-01 2.072060e-01 2.613817e-01 3.076913e-01 3.468615e-01 3.578321e-01 3.722312e-01 3.783035e-01 3.535710e-01 3.125880e-01 2.950387e-01 2.861012e-01
<GCONST> 1.004501e+02
<STATE> 3
<NUMMIXES> 2
<MIXTURE> 1 4.828939e-01
<MEAN> 39
 -1.288329e+01 -6.843100e-02 -2.902457e+00 -5.071988e+00 -1.598651e-01 1.128278e+00 -1.402446e+00 1.538221e-01 -2.582702e+00 3.388187e-01 2.398335e+00 -8.616331e-01 5.908397e+01 9.154522e-02 1.098376e-01 2.078737e-01 3.177235e-01 3.415273e-01 3.032807e-01 2.956256e-01 2.736402e-01 2.639417e-01 2.096732e-01 1.120435e-01 4.807629e-02 1.006014e-01 2.883535e-02 2.661701e-02 2.646216e-02 2.852207e-02 2.526160e-02 -7.305189e-03 -2.373832e-02 -8.655427e-03 2.063819e-02 2.151767e-02 1.841059e-02 3.388783e-02 4.314445e-03
<VARIANCE> 39
 8.869839e+00 1.132395e+01 1.138955e+01 1.192729e+01 1.512496e+01 1.625820e+01 1.791233e+01 1.925300e+01 1.742284e+01 1.621227e+01 1.773808e+01 1.542780e+01 2.490700e+01 2.447108e-01 3.715350e-01 4.946034e-01 6.925755e-01 8.629007e-01 1.097440e+00 1.246558e+00 1.360875e+00 1.365027e+00 1.346389e+00 1.303233e+00 1.178749e+00 2.443635e-01 3.802460e-02 6.402482e-02 1.037993e-01 1.503029e-01 1.954743e-01 2.403539e-01 2.682995e-01 2.847001e-01 2.857259e-01 2.817542e-01 2.545844e-01 2.343301e-01 3.378890e-02
<GCONST> 7.911612e+01
<MIXTURE> 2 5.171053e-01
<MEAN> 39
 -1.331387e+01 6.184660e-03 -2.749954e+00 -4.859696e+00 2.218334e-01 1.132433e+00 -1.981649e+00 -2.641899e-01 -2.617357e+00 9.851139e-01 3.362335e+00 1.259306e-01 5.909952e+01 -1.396086e-02 -1.061835e-01 -2.074898e-01 -2.857915e-01 -2.878129e-01 -2.868786e-01 -3.034692e-01 -2.926614e-01 -2.852657e-01 -2.277475e-01 -1.572990e-01 -6.000374e-02 6.381378e-02 8.957241e-03 -2.061309e-02 -2.588058e-02 -2.554956e-02 -3.727642e-02 -2.391528e-02 6.401674e-03 -7.652185e-03 -4.393840e-02 -6.182162e-02 -5.928324e-02 -5.878092e-02 5.773130e-03
<VARIANCE> 39
 7.581759e+00 1.138766e+01 8.883554e+00 1.092130e+01 1.338940e+01 1.457493e+01 1.664168e+01 1.838539e+01 1.603986e+01 1.610078e+01 1.869565e+01 1.644772e+01 1.550856e+01 2.065459e-01 3.156905e-01 4.341222e-01 6.684040e-01 8.678307e-01 1.082097e+00 1.206931e+00 1.241302e+00 1.253021e+00 1.190588e+00 1.199861e+00 1.174616e+00 1.639556e-01 2.511588e-02 5.590346e-02 8.621087e-02 1.365409e-01 1.813465e-01 2.401698e-01 2.658718e-01 2.684259e-01 2.704732e-01 2.590964e-01 2.512364e-01 2.384169e-01 1.105736e-02
<GCONST> 7.427830e+01
<STATE> 4
<NUMMIXES> 2
<MIXTURE> 1 5.057551e-01
<MEAN> 39
 -5.108085e+00 1.292755e+00 -1.799534e+00 -2.764472e+00 2.191211e-01 -4.894774e-01 -2.275876e+00 -2.082757e+00 -3.622413e+00 -2.022974e+00 -9.769382e-01 -2.641835e+00 6.471460e+01 5.713325e-02 1.151481e-01 1.647877e-01 2.345833e-01 2.608034e-01 2.410565e-01 2.630672e-01 1.745180e-01 1.792591e-01 1.536279e-01 1.604352e-01 7.698895e-02 -3.655735e-01 -6.519870e-03 -7.084322e-03 -1.324006e-02 -2.319247e-02 -2.860503e-02 -3.450598e-02 -3.543132e-02 -2.275189e-02 -3.833104e-02 -4.961574e-02 -4.805259e-02 -2.540129e-02 7.921687e-03
<VARIANCE> 39
 1.022780e+01 9.885395e+00 1.188377e+01 1.199738e+01 1.323725e+01 1.278455e+01 1.487056e+01 1.725443e+01 1.698023e+01 1.509076e+01 1.401304e+01 1.261543e+01 6.615076e+01 1.659122e-01 2.591740e-01 4.072006e-01 5.965071e-01 7.940569e-01 9.602218e-01 1.086073e+00 1.181453e+00 1.279576e+00 1.281263e+00 1.206318e+00 1.119121e+00 1.855480e-01 2.494168e-02 4.739263e-02 7.943556e-02 1.199418e-01 1.591610e-01 1.989487e-01 2.250050e-01 2.417435e-01 2.594659e-01 2.596191e-01 2.445780e-01 2.243820e-01 1.427486e-02
<GCONST> 7.376380e+01
<MIXTURE> 2 4.942444e-01
<MEAN> 39
 -5.748647e+00 -3.862328e-01 -3.747193e+00 -5.187054e+00 -2.110566e+00 -2.599165e+00 -4.125745e+00 -2.947888e+00 -4.662366e+00 -3.016949e+00 -2.379939e+00 -3.114810e+00 7.131706e+01 6.300131e-02 -6.772068e-02 -9.431881e-02 -1.389218e-01 -1.852873e-01 -2.077375e-01 -2.249529e-01 -2.208879e-01 -1.907038e-01 -1.770398e-01 -1.684207e-01 -9.329579e-02 4.725745e-02 -6.887824e-03 3.810543e-03 1.373058e-02 2.458561e-02 3.399819e-02 4.677790e-02 4.352913e-02 2.929462e-02 4.660436e-02 5.653963e-02 6.004215e-02 3.641440e-02 -3.153875e-02
<VARIANCE> 39
 6.743973e+00 8.910200e+00 1.019919e+01 1.280259e+01 1.255195e+01 1.145495e+01 1.397467e+01 1.640949e+01 1.600345e+01 1.477491e+01 1.405470e+01 1.261431e+01 3.841427e+01 2.559939e-01 3.221681e-01 5.006584e-01 7.122845e-01 8.707981e-01 1.031134e+00 1.166028e+00 1.244420e+00 1.308939e+00 1.325322e+00 1.318190e+00 1.195205e+00 4.485910e-01 3.939208e-02 5.921555e-02 9.733772e-02 1.446521e-01 1.816605e-01 2.120943e-01 2.394895e-01 2.507822e-01 2.681890e-01 2.766210e-01 2.658471e-01 2.430058e-01 4.309268e-02
<GCONST> 7.740477e+01
<TRANSP> 5
 0.000000e+00 1.000000e+00 0.000000e+00 0.000000e+00 0.000000e+00
 0.000000e+00 9.583561e-01 4.164387e-02 0.000000e+00 0.000000e+00
 0.000000e+00 0.000000e+00 9.627329e-01 3.726711e-02 0.000000e+00
 0.000000e+00 0.000000e+00 0.000000e+00 9.854551e-01 1.454492e-02
 0.000000e+00 0.000000e+00 0.000000e+00 0.000000e+00 0.000000e+00
<ENDHMM>
~h "co"
<BEGINHMM>
<NUMSTATES> 5
<STATE> 2
<NUMMIXES> 2
<MIXTURE> 1 6.146381e-01
<MEAN> 39
 -7.500217e+00 -4.982346e+00 2.291831e+00 -1.888538e+00 -1.051047e+01 -5.782479e+00 -3.492751e+00 -7.579601e-01 -1.913897e+00 -4.552949e+00 -5.428889e+00 -7.268457e+00 6.482092e+01 -8.552994e-01 -1.038730e-01 3.469694e-01 -5.547972e-02 3.998753e-01 -4.432562e-02 3.676336e-01 -5.145091e-01 -9.720050e-01 -4.280921e-01 4.091257e-01 1.939852e-01 1.639599e+00 9.939902e-02 -1.475031e-01 -1.456641e-01 1.139840e-01 5.255117e-02 9.454736e-02 4.411043e-02 1.384151e-01 2.814738e-01 3.535082e-01 1.223392e-01 8.202605e-02 -3.213031e-01
<VARIANCE> 39
 2.168974e+01 2.973740e+01 2.042916e+01 3.616138e+01 7.034840e+01 5.943844e+01 5.857479e+01 4.975657e+01 2.693086e+01 3.778529e+01 3.797850e+01 2.621754e+01 1.127729e+02 9.491620e-01 1.291734e+00 1.241400e+00 1.335208e+00 3.188295e+00 2.868251e+00 3.235399e+00 2.607266e+00 2.575052e+00 2.618459e+00 1.520985e+00 2.164550e+00 1.788775e+00 1.295014e-01 1.983784e-01 2.276601e-01 1.873055e-01 4.825640e-01 5.545826e-01 4.686533e-01 4.426267e-01 3.702900e-01 3.800909e-01 3.320208e-01 3.822406e-01 4.038417e-01
<GCONST> 1.137181e+02
<MIXTURE> 2 3.853623e-01
<MEAN> 39
 -6.185565e+00 -7.084152e+00 -2.596708e+00 -1.519660e-01 -1.682251e+01 -7.440822e+00 -5.749553e+00 -1.153109e+00 5.636052e+00 2.298578e-01 -1.924236e+00 -7.441766e+00 6.156749e+01 -3.488787e-01 -1.345948e-01 1.956860e-01 -8.151200e-01 -1.682618e+00 -1.730003e+00 -8.977684e-01 -1.009257e+00 -1.003096e+00 -1.514367e+00 -1.300007e+00 -9.782541e-01 3.554513e+00 -1.872276e-01 3.003951e-01 1.286353e-01 -3.925392e-02 7.253833e-01 3.195786e-01 3.129397e-01 -8.490676e-02 -5.330381e-01 -2.715028e-01 1.848878e-01 1.166415e-02 5.970722e-02
<VARIANCE> 39
 1.491576e+01 3.566019e+01 4.182761e+01 3.738513e+01 9.432625e+01 6.611766e+01 9.528709e+01 8.935529e+01 6.646014e+01 4.135989e+01 5.852518e+01 4.697531e+01 7.980162e+01 1.049481e+00 3.024995e+00 2.495588e+00 2.351823e+00 8.917916e+00 3.305056e+00 4.244244e+00 4.452876e+00 6.013471e+00 3.722969e+00 2.739184e+00 2.930203e+00 3.457739e+00 1.303674e-01 3.698508e-01 2.891778e-01 3.027211e-01 8.185880e-01 5.405355e-01 7.935443e-01 7.128969e-01 7.199452e-01 6.468710e-01 4.891772e-01 5.894986e-01 5.296438e-01
<GCONST> 1.294971e+02
<STATE> 3
<NUMMIXES> 2
<MIXTURE> 1 6.681729e-01
<MEAN> 39
 -6.575751e+00 -6.021407e+00 4.581489e-02 -2.013122e+00 -6.507306e+00 -7.886171e+00 -6.007368e+00 -8.046848e+00 -6.087352e+00 -4.599659e+00 -3.432395e+00 -8.617312e+00 6.737276e+01 1.284662e-01 6.261595e-03 3.053582e-02 1.736100e-01 5.008456e-01 2.227228e-01 1.919145e-01 7.961079e-03 6.373999e-02 2.514280e-01 2.419701e-01 1.641140e-01 -5.224732e-01 2.553606e-02 -4.040870e-03 -1.646929e-02 3.845003e-04 -7.783159e-02 -1.113603e-02 2.220942e-06 6.674272e-02 8.477297e-02 6.978000e-03 -4.827053e-02 -1.925002e-02 -4.062266e-02
<VARIANCE> 39
 2.032529e+01 9.789714e+00 2.209401e+01 1.967674e+01 2.430736e+01 2.952383e+01 5.072089e+01 5.439091e+01 3.347322e+01 3.545986e+01 3.313297e+01 3.818792e+01 4.618132e+01 2.258876e-01 3.555815e-01 6.426202e-01 8.522926e-01 1.125655e+00 1.194838e+00 1.398355e+00 1.631975e+00 1.810022e+00 1.711155e+00 1.537382e+00 1.381360e+00 2.047636e-01 4.908556e-02 7.517163e-02 1.234078e-01 1.814293e-01 2.460353e-01 2.600229e-01 3.084148e-01 3.302644e-01 3.728552e-01 3.586064e-01 3.247728e-01 2.996218e-01 4.966811e-02
<GCONST> 9.211480e+01
<MIXTURE> 2 3.318241e-01
<MEAN> 39
 -6.442880e+00 -6.886706e+00 -1.469965e+00 -2.494387e+00 -9.673519e+00 -8.505835e+00 -6.611990e+00 -6.302982e+00 -3.109939e+00 -4.166506e+00 -5.566533e+00 -1.002595e+01 6.838306e+01 7.334676e-03 -5.895422e-02 -4.878630e-02 -1.830556e-01 -6.190193e-01 -3.403053e-01 -5.660006e-01 -1.613575e-01 -1.091062e-01 -3.704371e-01 -4.238158e-01 -3.947532e-01 6.194184e-01 -1.105622e-02 2.261816e-02 4.984519e-02 2.080810e-02 1.352480e-01 2.545458e-02 -1.628862e-02 -1.145717e-01 -1.347849e-01 -1.122004e-02 7.118104e-02 3.410048e-02 8.279974e-03
<VARIANCE> 39
 1.172956e+01 1.501023e+01 2.652787e+01 2.577719e+01 4.156942e+01 3.352264e+01 4.819487e+01 6.003090e+01 5.389075e+01 4.465978e+01 4.121943e+01 4.108512e+01 4.179423e+01 8.512446e-01 1.498789e+00 1.464314e+00 1.845374e+00 4.280735e+00 2.447491e+00 3.149817e+00 3.479559e+00 5.441041e+00 3.192453e+00 3.172296e+00 2.305005e+00 2.342566e+00 8.575781e-02 2.941531e-01 2.357281e-01 3.176748e-01 8.026749e-01 4.523855e-01 5.281671e-01 5.905063e-01 1.083403e+00 6.693783e-01 6.369224e-01 4.131361e-01 3.077012e-01
<GCONST> 1.179306e+02
<STATE> 4
<NUMMIXES> 2
<MIXTURE> 1 6.870502e-01
<MEAN> 39
 -3.394022e+00 -2.361108e+00 4.404632e+00 2.633277e+00 7.343728e-01 -2.347208e+00 -3.612664e+00 -4.766287e+00 -4.059794e+00 -3.916771e+00 -3.346243e+00 -7.490383e+00 5.485528e+01 9.271588e-02 2.074628e-01 6.133572e-03 4.288669e-02 2.273718e-01 2.067519e-01 2.251021e-01 2.030869e-01 5.060763e-02 6.157852e-02 2.366861e-02 6.734588e-02 -5.160794e-01 -8.223299e-03 -5.595183e-03 -1.962274e-02 -1.339754e-02 -3.442109e-02 -9.175869e-03 -7.399635e-03 1.199923e-02 1.420624e-02 3.527118e-03 -7.223065e-03 -9.211012e-03 1.568757e-02
<VARIANCE> 39
 1.254463e+01 1.785840e+01 1.708445e+01 2.344678e+01 2.182211e+01 2.497861e+01 3.969065e+01 3.804711e+01 2.897007e+01 2.795473e+01 2.531705e+01 2.148096e+01 4.591756e+01 1.910739e-01 2.970069e-01 5.248736e-01 6.788902e-01 8.319094e-01 1.002523e+00 1.182946e+00 1.244961e+00 1.328741e+00 1.420251e+00 1.333412e+00 1.142682e+00 1.106971e-01 2.840636e-02 5.606702e-02 9.923068e-02 1.303183e-01 1.608132e-01 2.015476e-01 2.339216e-01 2.452025e-01 2.636649e-01 2.826375e-01 2.713462e-01 2.283010e-01 9.220813e-03
<GCONST> 8.154240e+01
<MIXTURE> 2 3.129508e-01
<MEAN> 39
 -4.524119e+00 -6.341668e+00 2.840622e+00 1.341260e+00 -5.829328e+00 -2.568925e+00 -8.697127e+00 -4.769125e+00 -3.170197e+00 -5.660019e+00 -5.544871e+00 -1.017233e+01 6.363840e+01 -2.492835e-02 -9.190893e-02 5.747690e-02 -1.558017e-02 -1.304042e-01 -1.821964e-01 -2.998388e-01 -2.139401e-01 -1.474135e-01 -1.529154e-01 -4.302825e-02 -5.764474e-02 3.012848e-01 3.850655e-03 1.474628e-02 1.756109e-02 9.541739e-03 4.911350e-02 -7.139595e-03 1.457930e-02 -3.074180e-02 -4.333207e-02 -1.475452e-02 1.920662e-02 1.042033e-02 -1.243369e-02
<VARIANCE> 39
 1.231094e+01 2.539545e+01 2.683691e+01 2.445490e+01 4.609544e+01 4.305807e+01 6.710850e+01 4.824374e+01 3.863573e+01 5.331242e+01 4.490749e+01 3.832890e+01 5.624633e+01 4.973595e-01 1.170334e+00 1.010062e+00 1.221348e+00 2.949115e+00 1.698324e+00 2.909922e+00 2.251868e+00 2.231945e+00 2.499563e+00 2.060192e+00 2.095952e+00 1.888524e+00 7.416660e-02 1.929280e-01 1.760971e-01 2.273564e-01 5.123600e-01 3.158151e-01 5.363611e-01 4.162710e-01 4.299847e-01 5.111775e-01 3.997925e-01 4.096292e-01 2.053391e-01
<GCONST> 1.099801e+02
<TRANSP> 5
 0.000000e+00 1.000000e+00 0.000000e+00 0.000000e+00 0.000000e+00
 0.000000e+00 8.629997e-01 1.370003e-01 0.000000e+00 0.000000e+00
 0.000000e+00 0.000000e+00 9.840627e-01 1.593725e-02 0.000000e+00
 0.000000e+00 0.000000e+00 0.000000e+00 9.813462e-01 1.865374e-02
 0.000000e+00 0.000000e+00 0.000000e+00 0.000000e+00 0.000000e+00
<ENDHMM>
~h "ds"
<BEGINHMM>
<NUMSTATES> 5
<STATE> 2
<NUMMIXES> 2
<MIXTURE> 1 5.732243e-01
<MEAN> 39
 -1.326604e+01 8.192118e-01 1.758329e+00 7.535854e-01 1.881563e+00 -1.143205e+00 5.632695e+00 -2.033836e+00 2.427890e+00 1.157237e+00 4.247299e+00 1.220217e-01 6.540440e+01 4.678139e-01 3.052807e-01 4.186089e-01 5.061646e-01 5.622388e-01 5.145037e-01 3.998295e-01 2.361141e-01 5.442818e-02 -3.983786e-02 -1.301495e-01 1.812900e-01 6.254631e-02 1.319406e-02 -2.077002e-02 -5.560736e-02 -4.470638e-02 -1.249745e-01 -3.716693e-02 -9.206200e-02 2.223539e-02 -6.155601e-02 7.123496e-02 1.985970e-02 1.567950e-02 -1.584431e-01
<VARIANCE> 39
 1.938492e+01 1.801318e+01 1.296620e+01 1.581678e+01 1.619482e+01 1.966646e+01 2.569663e+01 3.601100e+01 2.931629e+01 2.148147e+01 1.962795e+01 1.638825e+01 9.211675e+01 1.054047e+00 1.043704e+00 8.296743e-01 9.920627e-01 1.259191e+00 1.361468e+00 1.833772e+00 2.113311e+00 1.986547e+00 2.054830e+00 1.704731e+00 1.578585e+00 1.366850e+00 2.199343e-01 1.847879e-01 1.783754e-01 2.216710e-01 2.816935e-01 3.176670e-01 3.596953e-01 4.530193e-01 3.954196e-01 3.965777e-01 3.514265e-01 3.087950e-01 2.955504e-01
<GCONST> 1.007415e+02
<MIXTURE> 2 4.267759e-01
<MEAN> 39
 -1.368493e+01 5.882551e-01 1.402118e-02 -1.422336e+00 -1.750535e+00 -3.009001e+00 4.111903e+00 -2.053690e+00 1.216748e+00 2.755986e+00 4.339060e+00 6.159923e-01 6.429862e+01 -1.100799e+00 -1.337048e-01 -8.125841e-01 -9.031802e-01 -1.217064e+00 -1.051975e+00 -5.882512e-01 -4.869324e-01 3.030364e-02 2.933929e-01 1.312514e-01 -2.369521e-01 2.290630e+00 3.488719e-02 -2.100880e-02 6.871440e-02 9.167593e-02 2.297175e-01 2.244889e-01 9.537178e-02 8.867072e-02 8.717741e-03 -1.915682e-01 -1.306290e-02 2.823065e-02 -2.108937e-02
<VARIANCE> 39
 2.653531e+01 1.532691e+01 1.586192e+01 2.120213e+01 3.200317e+01 2.543985e+01 2.888943e+01 4.053193e+01 2.671176e+01 2.764010e+01 2.073470e+01 1.859843e+01 8.732534e+01 2.240819e+00 1.067213e+00 1.380772e+00 1.519107e+00 2.517802e+00 2.033452e+00 2.749138e+00 2.542902e+00 2.479290e+00 2.530166e+00 2.322286e+00 1.904892e+00 4.695072e+00 4.700834e-01 2.134560e-01 2.854052e-01 3.931535e-01 6.148156e-01 5.836462e-01 4.596007e-01 4.855015e-01 3.948495e-01 4.630212e-01 4.044172e-01 3.759604e-01 1.005390e+00
<GCONST> 1.137712e+02
<STATE> 3
<NUMMIXES> 2
<MIXTURE> 1 2.819104e-01
<MEAN> 39
 -1.589683e+01 1.116209e+00 -2.304889e+00 -1.468840e+00 -3.444358e+00 -2.370785e+00 1.105374e+00 -2.031071e+00 9.301986e-01 2.049518e+00 3.727700e+00 1.176808e+00 6.735675e+01 1.328191e-03 -2.936549e-01 4.661391e-01 7.130675e-01 9.709827e-01 1.141360e+00 4.915475e-01 7.442350e-01 1.414559e-01 -3.438678e-01 4.077697e-01 5.172901e-01 -4.290072e-01 2.477411e-01 9.898863e-02 2.691405e-01 2.749196e-01 2.303776e-01 6.798206e-02 1.922983e-01 -1.263020e-02 1.481649e-01 5.810636e-02 -9.498680e-02 -4.024035e-02 -3.998552e-01
<VARIANCE> 39
 3.330485e+01 1.523054e+01 1.604248e+01 2.161545e+01 3.010753e+01 2.011596e+01 1.830863e+01 1.203863e+01 1.172689e+01 1.684182e+01 2.110708e+01 1.453088e+01 4.428181e+02 4.049115e+00 2.039519e+00 1.797475e+00 1.317057e+00 1.558134e+00 1.766795e+00 1.822832e+00 1.725532e+00 1.277143e+00 1.783565e+00 1.378342e+00 1.218870e+00 5.255512e+01 8.874299e-01 3.306863e-01 3.290309e-01 3.182081e-01 3.827583e-01 3.926165e-01 4.889698e-01 2.796292e-01 2.444745e-01 2.907708e-01 3.189933e-01 3.575990e-01 9.812644e+00
<GCONST> 1.131981e+02
<MIXTURE> 2 7.180891e-01
<MEAN> 39
 -1.607555e+01 1.384058e-01 -1.381416e+00 -3.978121e-01 -3.346695e+00 -2.764667e+00 1.485062e+00 -2.725084e+00 1.377872e+00 3.459608e+00 4.781088e+00 5.324028e-01 7.156746e+01 3.746168e-01 -1.126582e-02 1.970066e-01 3.033494e-01 4.188333e-01 4.187781e-02 -1.745737e-01 -1.941964e-01 -1.757599e-01 -1.987927e-01 -2.006129e-01 -3.314036e-01 -7.653194e-01 1.420817e-02 4.269743e-02 -2.388076e-02 -6.138096e-02 -1.766399e-02 -5.216255e-02 -3.393054e-02 -7.234520e-02 -4.973436e-02 4.354116e-03 -2.354863e-02 -3.962122e-02 -2.190820e-02
<VARIANCE> 39
 3.653269e+00 2.821929e+00 3.940175e+00 9.263704e+00 9.360982e+00 9.433716e+00 1.104072e+01 1.241780e+01 1.451848e+01 1.220735e+01 1.072849e+01 1.088326e+01 1.019214e+01 1.329132e-01 2.586044e-01 4.231099e-01 6.103699e-01 7.015820e-01 1.052796e+00 1.074600e+00 1.134995e+00 1.325458e+00 1.236333e+00 1.105566e+00 1.119580e+00 7.989077e-02 2.917787e-02 5.032240e-02 8.511776e-02 1.146153e-01 1.452152e-01 2.744227e-01 2.231394e-01 2.476425e-01 2.636154e-01 2.611157e-01 2.129102e-01 2.236386e-01 2.739367e-02
<GCONST> 6.602975e+01
<STATE> 4
<NUMMIXES> 2
<MIXTURE> 1 5.149588e-01
<MEAN> 39
 -9.734690e+00 2.333164e+00 3.310851e+00 2.164985e+00 4.155353e+00 1.771550e+00 4.055908e+00 -9.153704e-01 1.023194e+00 -6.595317e-01 2.328608e+00 -9.180322e-01 5.740307e+01 1.639939e-01 6.587950e-02 1.780379e-01 2.064539e-01 3.303325e-01 3.420815e-01 2.871326e-01 2.841277e-01 1.688990e-01 1.291330e-01 4.290223e-02 2.674119e-02 -3.837490e-01 -1.400604e-02 -1.786456e-02 -2.609194e-02 -3.490303e-02 -4.846443e-02 -4.294947e-02 -4.968650e-02 -2.683006e-02 -9.105880e-03 3.465278e-02 1.785301e-02 -2.152740e-02 -1.302350e-02
<VARIANCE> 39
 1.514238e+01 1.269229e+01 1.685824e+01 1.828515e+01 1.826156e+01 2.124039e+01 2.451914e+01 1.751650e+01 2.548551e+01 2.406845e+01 1.779683e+01 1.549777e+01 7.679129e+01 2.891510e-01 3.548168e-01 5.015035e-01 7.222150e-01 9.434590e-01 1.129043e+00 1.271895e+00 1.302605e+00 1.519677e+00 1.580621e+00 1.494419e+00 1.260750e+00 1.999224e-01 5.960672e-02 7.049064e-02 1.051626e-01 1.578203e-01 2.038663e-01 2.395682e-01 2.692655e-01 2.730259e-01 3.228866e-01 3.370100e-01 3.149068e-01 2.525952e-01 3.696737e-02
<GCONST> 8.499767e+01
<MIXTURE> 2 4.850398e-01
<MEAN> 39
 -1.003473e+01 6.043349e-01 8.459578e-01 -5.907568e-01 1.884412e+00 -3.033556e-01 1.873381e+00 -1.431521e+00 -4.537258e-01 -7.168737e-02 1.971666e+00 -2.222234e+00 5.393615e+01 -9.671409e-02 -6.546509e-02 -1.476235e-01 -2.036252e-01 -2.933790e-01 -3.145397e-01 -2.613561e-01 -2.691357e-01 -1.779881e-01 -1.553286e-01 -6.887828e-02 -4.797130e-02 2.114959e-01 1.289058e-02 1.801936e-02 2.301418e-02 3.277034e-02 4.269816e-02 3.979515e-02 4.963953e-02 2.702948e-02 1.182358e-02 -3.399850e-02 -1.489054e-02 2.669488e-02 1.903377e-02
<VARIANCE> 39
 1.593653e+01 9.424690e+00 1.213076e+01 1.271311e+01 1.792386e+01 1.997672e+01 2.143007e+01 2.088309e+01 2.202579e+01 2.115785e+01 1.823049e+01 1.824248e+01 3.269130e+01 8.728909e-01 6.169513e-01 8.090963e-01 1.031368e+00 1.486272e+00 1.530644e+00 1.778813e+00 1.654866e+00 1.941933e+00 1.914236e+00 1.703191e+00 1.464258e+00 1.335844e+00 1.406082e-01 1.006616e-01 1.462934e-01 1.929662e-01 3.097157e-01 3.155064e-01 3.529644e-01 3.446495e-01 3.741223e-01 3.708790e-01 3.346450e-01 2.949840e-01 1.769146e-01
<GCONST> 9.448822e+01
<TRANSP> 5
 0.000000e+00 1.000000e+00 0.000000e+00 0.000000e+00 0.000000e+00
 0.000000e+00 9.291196e-01 7.088035e-02 0.000000e+00 0.000000e+00
 0.000000e+00 0.000000e+00 9.007652e-01 9.923475e-02 0.000000e+00
 0.000000e+00 0.000000e+00 0.000000e+00 9.935464e-01 6.453585e-03
 0.000000e+00 0.000000e+00 0.000000e+00 0.000000e+00 0.000000e+00
<ENDHMM>
~h "kj"
<BEGINHMM>
<NUMSTATES> 5
<STATE> 2
<NUMMIXES> 2
<MIXTURE> 1 5.336378e-01
<MEAN> 39
 -1.967026e+01 4.207752e+00 -5.728584e-02 -1.591949e+00 -1.152492e+00 3.603130e+00 1.921078e+00 2.534983e+00 -3.318664e-01 -3.495257e-01 1.576037e+00 -8.463357e-01 5.547306e+01 1.434623e-01 1.405539e-01 7.609154e-02 1.373519e-01 2.432745e-01 2.908847e-01 2.768406e-01 2.929705e-01 2.832626e-01 2.718824e-01 2.166638e-01 1.003310e-01 -1.317274e-01 -9.273667e-03 7.992907e-04 8.004201e-03 2.765458e-02 3.405273e-02 2.721727e-02 4.893325e-02 4.004390e-02 2.700272e-02 3.743888e-02 4.770523e-03 5.369556e-03 8.246103e-03
<VARIANCE> 39
 2.951668e+01 2.103761e+01 1.573318e+01 2.757859e+01 1.653211e+01 3.498704e+01 2.711893e+01 2.040186e+01 1.756940e+01 2.036636e+01 1.673397e+01 1.587254e+01 2.057553e+01 4.113852e-01 3.741982e-01 5.548540e-01 8.017075e-01 9.824318e-01 1.242462e+00 1.409663e+00 1.459483e+00 1.417633e+00 1.521158e+00 1.386353e+00 1.289924e+00 1.870110e-01 8.059237e-02 7.209215e-02 1.128422e-01 1.714884e-01 2.123392e-01 2.692714e-01 3.078463e-01 3.087285e-01 3.120179e-01 3.133159e-01 3.036405e-01 2.664161e-01 3.374008e-02
<GCONST> 8.671917e+01
<MIXTURE> 2 4.663631e-01
<MEAN> 39
 -1.930523e+01 2.950944e+00 -3.554747e-01 -1.233624e+00 -7.854829e-01 3.327283e+00 2.538025e+00 2.275244e+00 -3.489793e-01 5.589760e-01 1.368188e+00 -8.975678e-01 5.624354e+01 -2.156757e-01 -1.282570e-01 -8.177933e-02 -1.638861e-01 -2.863640e-01 -3.106709e-01 -3.072219e-01 -3.383410e-01 -3.077222e-01 -3.138582e-01 -2.321865e-01 -1.180285e-01 1.691950e-01 1.348183e-02 -5.137123e-03 -1.002990e-02 -3.105703e-02 -4.339108e-02 -3.692630e-02 -5.518096e-02 -4.354179e-02 -3.139509e-02 -4.144433e-02 -1.009184e-02 -5.527985e-03 -8.571401e-03
<VARIANCE> 39
 3.342512e+01 2.587154e+01 1.888019e+01 2.532892e+01 1.754508e+01 3.638630e+01 2.475316e+01 2.313296e+01 1.857660e+01 2.175703e+01 1.707287e+01 1.574954e+01 2.648443e+01 8.593310e-01 7.270712e-01 9.084384e-01 1.028566e+00 1.208271e+00 1.535541e+00 1.650955e+00 1.622114e+00 1.649443e+00 1.688112e+00 1.532463e+00 1.359201e+00 5.862007e-01 1.369247e-01 1.349418e-01 1.609013e-01 1.920228e-01 2.303027e-01 3.134240e-01 3.269024e-01 3.457338e-01 3.418034e-01 3.607427e-01 3.014162e-01 2.706706e-01 9.319849e-02
<GCONST> 9.533096e+01
<STATE> 3
<NUMMIXES> 2
<MIXTURE> 1 7.200695e-01
<MEAN> 39
 -1.437677e+01 -7.232425e+00 -4.357328e+00 -6.030743e-01 -1.357137e+00 -3.801330e+00 -2.224978e+00 -4.000146e+00 -2.835230e+00 3.526501e-01 6.004832e-01 -5.826677e-01 6.293801e+01 1.737862e-01 2.518848e-01 5.994476e-02 1.221891e-01 1.377213e-01 1.634956e-01 1.933350e-01 1.686842e-01 8.112608e-02 9.195592e-02 1.045733e-01 3.044704e-02 -5.665511e-01 -2.576851e-02 1.858411e-02 3.141686e-02 -1.133770e-02 -1.062546e-02 -6.859822e-03 4.425260e-02 4.192935e-02 1.725348e-02 3.492767e-02 -4.385326e-03 -8.284226e-03 5.294428e-03
<VARIANCE> 39
 1.679381e+01 2.390234e+01 1.094563e+01 1.184406e+01 1.595418e+01 1.565588e+01 1.858175e+01 1.796560e+01 1.807120e+01 1.633420e+01 1.602800e+01 1.359739e+01 6.017909e+01 2.533089e-01 3.402215e-01 4.985198e-01 6.770552e-01 9.362268e-01 1.110397e+00 1.295408e+00 1.443995e+00 1.523048e+00 1.328125e+00 1.314693e+00 1.208068e+00 1.968323e-01 4.548987e-02 7.222890e-02 1.031455e-01 1.362758e-01 1.948406e-01 2.223556e-01 2.772180e-01 3.109280e-01 3.230126e-01 2.741711e-01 2.795920e-01 2.569987e-01 3.801757e-02
<GCONST> 8.180670e+01
<MIXTURE> 2 2.799318e-01
<MEAN> 39
 -1.690985e+01 -6.496647e+00 -3.521695e+00 -1.473608e+00 -2.890112e+00 -3.932357e+00 -1.413711e+00 -2.175135e+00 -1.930400e+00 1.394855e+00 7.365687e-03 -9.825343e-01 6.520142e+01 -1.949600e-01 -1.082003e+00 -2.620318e-01 -2.799664e-01 -2.784915e-01 -6.286097e-01 -5.939707e-01 -5.966294e-01 -2.762900e-01 -2.227998e-01 -2.622963e-01 -2.723944e-02 1.519107e+00 6.505487e-02 1.407347e-02 -2.182522e-02 2.709578e-02 5.656402e-02 8.604352e-02 -3.072609e-02 -5.651762e-02 -1.867582e-02 -6.313967e-02 1.854276e-02 -7.199525e-03 -8.579174e-02
<VARIANCE> 39
 2.101050e+01 5.328812e+01 1.626993e+01 2.168856e+01 1.983751e+01 2.925853e+01 2.606886e+01 2.228694e+01 1.791341e+01 2.027243e+01 1.834957e+01 1.364819e+01 9.053013e+01 1.535045e+00 3.818142e+00 1.613110e+00 1.499945e+00 2.040684e+00 2.730316e+00 2.734231e+00 2.228668e+00 1.887432e+00 1.911129e+00 1.706712e+00 1.516051e+00 3.573652e+00 2.331756e-01 7.217656e-01 2.645019e-01 2.919083e-01 3.661446e-01 5.106505e-01 5.162062e-01 4.270486e-01 3.606742e-01 3.725680e-01 3.223897e-01 2.902918e-01 8.131647e-01
<GCONST> 1.107853e+02
<STATE> 4
<NUMMIXES> 2
<MIXTURE> 1 6.756234e-01
<MEAN> 39
 -2.300138e+01 2.187950e+00 3.487100e+00 2.767846e+00 -2.969278e+00 4.518931e-02 8.329926e+00 -3.343048e-01 -4.145722e+00 5.310785e+00 5.657103e-01 -4.273385e+00 5.559905e+01 1.165720e-01 1.043632e-01 7.468043e-02 6.294014e-03 9.983812e-02 1.466505e-01 1.129864e-01 1.176045e-01 1.213526e-01 6.955619e-02 5.579213e-02 2.100460e-02 -1.350374e-01 -7.969651e-04 -5.520080e-03 -6.742076e-03 1.487901e-04 -3.482994e-03 -1.327156e-02 -1.453668e-02 8.781926e-03 7.129624e-03 5.648829e-03 1.083776e-02 2.315914e-02 3.788903e-03
<VARIANCE> 39
 2.317515e+01 9.904909e+00 1.039245e+01 1.585222e+01 1.465229e+01 1.576382e+01 2.052407e+01 1.804104e+01 1.899281e+01 1.985150e+01 1.727353e+01 1.390344e+01 1.543158e+01 3.642440e-01 4.131829e-01 5.404993e-01 8.529666e-01 1.068714e+00 1.202186e+00 1.487542e+00 1.440829e+00 1.578665e+00 1.624380e+00 1.434045e+00 1.251670e+00 2.015310e-01 6.440152e-02 8.264522e-02 1.041290e-01 1.681959e-01 2.177568e-01 2.431255e-01 2.878153e-01 2.981836e-01 3.372666e-01 3.321608e-01 2.912129e-01 2.547583e-01 3.381300e-02
<GCONST> 8.314240e+01
<MIXTURE> 2 3.243750e-01
<MEAN> 39
 -1.817780e+01 -1.835681e+00 5.772088e-03 6.976792e-01 -2.514433e+00 -2.540796e+00 3.635378e+00 -1.557520e+00 -3.675957e+00 3.532500e+00 8.378351e-01 -2.188207e+00 5.779808e+01 -1.486203e-01 -2.165030e-01 -1.410141e-01 -3.381216e-02 -1.936314e-01 -2.918061e-01 -2.152229e-01 -2.216160e-01 -2.270980e-01 -1.688884e-01 -1.174091e-01 -3.076959e-02 2.021805e-01 8.847236e-03 8.479219e-03 7.024311e-03 -5.682239e-03 1.055475e-02 2.799907e-02 2.314168e-02 -1.861240e-02 -1.170502e-02 -2.025772e-02 -1.833052e-02 -3.938609e-02 -1.105353e-02
<VARIANCE> 39
 5.235653e+01 5.129924e+01 2.434698e+01 2.268013e+01 2.076125e+01 2.793071e+01 4.229926e+01 2.315696e+01 1.974732e+01 2.649878e+01 1.897725e+01 1.726850e+01 5.247186e+01 6.728242e-01 1.382077e+00 9.017379e-01 1.162253e+00 1.461365e+00 1.555212e+00 1.956807e+00 1.688812e+00 1.680695e+00 1.927779e+00 1.432987e+00 1.426047e+00 1.161173e+00 1.077845e-01 2.211396e-01 1.636429e-01 2.154402e-01 2.843105e-01 3.209459e-01 3.801805e-01 3.307981e-01 3.190297e-01 3.726537e-01 2.884249e-01 2.823339e-01 1.678830e-01
<GCONST> 1.012082e+02
<TRANSP> 5
 0.000000e+00 1.000000e+00 0.000000e+00 0.000000e+00 0.000000e+00
 0.000000e+00 9.937869e-01 6.213077e-03 0.000000e+00 0.000000e+00
 0.000000e+00 0.000000e+00 9.758735e-01 2.412644e-02 0.000000e+00
 0.000000e+00 0.000000e+00 0.000000e+00 9.911129e-01 8.887100e-03
 0.000000e+00 0.000000e+00 0.000000e+00 0.000000e+00 0.000000e+00
<ENDHMM>
~h "kn"
<BEGINHMM>
<NUMSTATES> 5
<STATE> 2
<NUMMIXES> 2
<MIXTURE> 1 5.019364e-01
<MEAN> 39
 2.843690e+00 -4.490002e-01 -5.988052e+00 -2.115794e+00 8.748099e-01 -2.909543e+00 1.615435e+00 -6.615041e+00 8.205092e-01 -1.877160e+00 1.288879e+00 -4.727268e+00 6.530030e+01 -2.720791e-01 5.836312e-01 2.410138e-01 3.011434e-02 6.184065e-01 -2.054939e-01 1.150590e+00 9.195517e-01 1.972314e+00 5.947553e-01 4.170617e-01 8.305621e-01 2.355157e+00 -1.995336e-01 1.967247e-01 3.369817e-01 1.639990e-01 3.354584e-01 4.267257e-01 -9.625228e-02 8.065024e-02 -4.812095e-01 -9.021567e-02 -1.554938e-02 1.882597e-01 -1.055340e+00
<VARIANCE> 39
 1.385439e+01 3.151612e+01 1.539864e+01 1.428510e+01 1.864355e+01 2.402748e+01 3.160233e+01 3.899123e+01 3.963882e+01 2.915355e+01 2.018701e+01 2.073109e+01 3.020853e+01 2.353321e+00 1.447801e+00 1.693168e+00 1.076880e+00 1.303752e+00 2.069716e+00 2.690044e+00 3.918321e+00 2.648988e+00 2.099656e+00 1.689100e+00 1.666411e+00 6.004550e+00 4.015087e-01 2.315218e-01 2.681711e-01 1.720194e-01 1.927396e-01 3.458667e-01 5.864346e-01 9.396337e-01 5.872282e-01 3.964866e-01 3.121642e-01 3.249616e-01 5.914746e-01
<GCONST> 1.095592e+02
<MIXTURE> 2 4.980628e-01
<MEAN> 39
 -3.361879e+00 3.158122e+00 2.036108e+00 -2.674248e+00 1.506883e+00 1.848818e+00 1.873998e+00 -3.109442e-01 -2.187499e+00 8.762264e-01 -1.697188e-01 -3.209207e+00 4.653925e+01 6.338928e-01 -2.910069e-01 -5.027127e-01 2.142156e-01 -1.643911e-01 -5.661835e-01 -2.922728e-01 -1.077362e+00 -1.571742e-01 -2.170523e-01 -8.405000e-02 -3.449699e-01 1.444774e+00 1.093028e-01 -2.101811e-02 -1.578590e-01 -3.179418e-02 1.501551e-02 -3.351514e-02 4.340008e-02 7.563198e-02 2.003902e-01 3.317330e-02 4.569297e-02 1.564051e-02 3.300033e-01
<VARIANCE> 39
 1.991357e+01 2.348139e+01 1.591672e+01 9.148323e+00 2.106231e+01 1.452997e+01 1.910802e+01 4.910609e+01 1.518692e+01 3.029801e+01 2.681120e+01 1.403057e+01 4.499026e+01 1.839405e+00 8.574926e-01 1.863153e+00 8.936075e-01 1.320919e+00 1.867620e+00 2.175751e+00 4.379909e+00 1.641536e+00 2.117166e+00 2.314056e+00 1.923467e+00 6.926850e+00 2.018338e-01 8.124272e-02 2.058696e-01 1.139157e-01 1.928671e-01 2.134226e-01 3.919934e-01 4.881480e-01 3.700395e-01 3.831094e-01 3.583862e-01 3.226347e-01 5.386553e-01
<GCONST> 1.026017e+02
<STATE> 3
<NUMMIXES> 2
<MIXTURE> 1 4.527968e-01
<MEAN> 39
 5.413669e+00 -1.314587e+00 -3.873359e+00 -1.690983e-01 3.168674e+00 -2.414593e+00 2.109690e+00 -4.048078e+00 6.116514e-01 -1.124757e+00 1.640829e+00 -1.554897e+00 6.254010e+01 1.259660e-01 2.878699e-01 1.994988e-01 2.251306e-01 3.451332e-01 2.564893e-01 2.327359e-01 5.583279e-01 4.013221e-01 4.377599e-01 2.714324e-01 3.867796e-01 -1.239980e-01 -2.364539e-02 1.204549e-01 1.447468e-01 2.136035e-01 2.277361e-01 2.381331e-01 -7.105120e-02 -5.268255e-02 -1.685115e-01 4.937142e-02 -7.019234e-02 -5.639155e-02 -3.298421e-01
<VARIANCE> 39
 1.301951e+01 2.627658e+01 1.452349e+01 1.389023e+01 1.726560e+01 2.154077e+01 2.267595e+01 2.564754e+01 2.372874e+01 2.289284e+01 1.780790e+01 1.783175e+01 2.900969e+01 4.252914e-01 6.852072e-01 6.851845e-01 9.769711e-01 1.215779e+00 1.269814e+00 1.427306e+00 1.566434e+00 1.751203e+00 1.268019e+00 1.247544e+00 1.230923e+00 1.662456e+00 8.886202e-02 1.915997e-01 1.427402e-01 1.866749e-01 2.722075e-01 2.455809e-01 3.344107e-01 4.307973e-01 3.822863e-01 3.232821e-01 2.755363e-01 2.878130e-01 2.860072e-01
<GCONST> 9.365092e+01
<MIXTURE> 2 5.472029e-01
<MEAN> 39
 5.581738e+00 8.119741e-01 -1.917945e+00 1.690907e+00 5.409715e+00 3.341178e-01 1.311461e+00 -3.920170e+00 -1.274394e+00 -8.118736e-01 6.082690e-01 -2.117972e+00 5.802189e+01 1.097422e-03 -2.660189e-01 -1.083390e-01 -9.623376e-02 -2.386810e-01 -1.784329e-01 -2.012032e-01 -4.325609e-01 -4.123125e-01 -3.401739e-01 -2.377413e-01 -2.705832e-01 -8.761033e-02 1.957545e-02 -1.095505e-01 -1.274114e-01 -1.845718e-01 -2.096615e-01 -2.017844e-01 4.693136e-02 3.703867e-02 1.171274e-01 -4.758101e-02 4.801012e-02 1.945002e-02 2.495495e-01
<VARIANCE> 39
 1.110074e+01 1.975835e+01 1.293474e+01 1.355965e+01 1.738131e+01 1.858696e+01 1.922428e+01 2.098538e+01 1.928151e+01 1.820030e+01 1.584234e+01 1.633150e+01 2.874706e+01 3.714892e-01 8.034055e-01 7.788897e-01 8.979606e-01 1.301767e+00 1.347780e+00 1.376779e+00 1.752194e+00 1.489699e+00 1.421731e+00 1.335237e+00 1.417960e+00 2.151064e+00 5.378963e-02 1.077530e-01 1.041284e-01 1.430369e-01 2.110026e-01 2.074614e-01 2.596872e-01 3.772460e-01 3.303345e-01 3.060010e-01 2.645795e-01 2.916425e-01 2.081316e-01
<GCONST> 8.958603e+01
<STATE> 4
<NUMMIXES> 2
<MIXTURE> 1 5.216185e-01
<MEAN> 39
 4.731135e+00 1.624672e+00 -2.285485e-01 1.344195e+00 5.317371e+00 1.471671e+00 9.812644e-01 -2.376400e+00 -3.041919e+00 -1.657493e+00 -3.085164e-01 -2.846305e+00 5.268292e+01 -1.043904e-01 2.913295e-01 4.084801e-01 1.797069e-01 2.187168e-01 4.420398e-01 1.312173e-01 4.660350e-01 1.827490e-01 1.560054e-01 5.185053e-02 -5.733959e-02 -4.858634e-01 -2.347571e-03 2.635837e-02 4.012067e-02 2.386479e-02 6.889600e-02 1.117900e-01 1.796735e-01 1.612246e-01 1.180965e-01 5.265890e-02 7.702216e-02 2.451030e-02 3.758219e-02
<VARIANCE> 39
 1.064044e+01 1.642767e+01 1.374722e+01 1.262856e+01 2.012032e+01 1.826639e+01 1.783494e+01 1.817917e+01 2.168912e+01 1.884639e+01 1.505696e+01 1.582976e+01 2.391143e+01 1.492659e-01 2.802411e-01 4.256706e-01 5.561047e-01 9.242644e-01 9.749826e-01 1.203579e+00 1.301379e+00 1.358158e+00 1.241045e+00 1.141785e+00 1.219154e+00 9.134120e-02 2.123825e-02 5.236826e-02 9.260269e-02 1.228205e-01 1.805705e-01 1.961426e-01 2.275548e-01 2.674958e-01 3.186564e-01 2.481190e-01 2.276613e-01 2.275955e-01 6.566976e-03
<GCONST> 7.459567e+01
<MIXTURE> 2 4.783821e-01
<MEAN> 39
 3.298906e+00 2.788875e+00 9.939143e-01 7.410541e-01 5.321395e+00 3.398211e+00 2.498485e+00 3.993986e-02 -2.109813e+00 -1.043674e+00 2.251288e-01 -2.735369e+00 5.077440e+01 -2.895277e-01 -7.266042e-02 -6.976500e-02 -3.074102e-01 -2.056465e-01 -3.143270e-02 -1.725828e-01 -1.373657e-01 -4.359610e-01 -2.552472e-01 -1.853805e-01 -1.326070e-01 -4.050778e-01 -2.028298e-02 -4.748223e-02 -5.269103e-02 -5.828389e-02 -1.006644e-01 -1.494697e-01 -1.578208e-01 -1.812612e-01 -9.535364e-02 -5.830487e-02 -6.880688e-02 -1.486519e-02 1.382039e-02
<VARIANCE> 39
 1.688983e+01 1.754987e+01 1.673867e+01 1.383211e+01 2.308341e+01 1.589650e+01 1.936834e+01 1.752937e+01 2.029479e+01 2.058849e+01 1.485784e+01 1.384522e+01 2.840711e+01 1.693205e-01 3.336154e-01 4.833393e-01 5.397791e-01 8.898596e-01 1.068585e+00 1.290454e+00 1.476624e+00 1.544170e+00 1.475270e+00 1.301857e+00 1.024344e+00 1.288800e-01 2.519958e-02 5.547450e-02 8.852539e-02 1.075162e-01 1.695718e-01 1.782803e-01 2.396902e-01 2.617550e-01 2.847802e-01 3.062598e-01 2.574675e-01 2.101438e-01 9.525673e-03
<GCONST> 7.718903e+01
<TRANSP> 5
 0.000000e+00 1.000000e+00 0.000000e+00 0.000000e+00 0.000000e+00
 0.000000e+00 8.412061e-01 1.587939e-01 0.000000e+00 0.000000e+00
 0.000000e+00 0.000000e+00 9.856394e-01 1.436056e-02 0.000000e+00
 0.000000e+00 0.000000e+00 0.000000e+00 9.536988e-01 4.630118e-02
 0.000000e+00 0.000000e+00 0.000000e+00 0.000000e+00 0.000000e+00
<ENDHMM>
~h "kt"
<BEGINHMM>
<NUMSTATES> 5
<STATE> 2
<NUMMIXES> 2
<MIXTURE> 1 4.372196e-01
<MEAN> 39
 -1.276495e+01 3.585507e-01 -6.529953e+00 -1.553141e+00 4.674414e-01 -3.500557e-01 3.567296e+00 5.945603e-01 1.687811e+00 6.792961e-01 9.860051e-01 -1.345150e+00 5.760363e+01 -7.778759e-02 8.450161e-02 1.398372e-01 2.856731e-01 2.990636e-01 2.753235e-01 4.662473e-01 4.843772e-01 4.121152e-01 4.416965e-01 3.157489e-01 1.263672e-01 2.277131e-01 1.813508e-01 -1.958960e-02 2.117301e-02 8.523886e-02 1.633317e-01 2.054685e-01 1.810101e-01 1.722802e-02 -3.288979e-02 3.768570e-02 1.002266e-01 2.666167e-02 -1.762361e-01
<VARIANCE> 39
 1.572714e+01 6.625766e+00 9.123421e+00 1.344873e+01 1.293594e+01 1.791451e+01 1.781545e+01 1.884521e+01 1.917297e+01 1.754646e+01 1.480580e+01 1.336474e+01 2.127347e+01 1.233870e+00 4.636220e-01 6.614090e-01 8.630658e-01 1.086420e+00 1.674798e+00 1.690995e+00 1.636896e+00 1.607666e+00 1.575283e+00 1.429602e+00 1.323816e+00 1.508021e+00 1.995640e-01 9.787108e-02 1.455641e-01 1.822427e-01 2.142170e-01 3.020923e-01 3.710760e-01 3.808027e-01 3.478397e-01 3.781438e-01 2.934639e-01 2.580520e-01 2.310798e-01
<GCONST> 9.070020e+01
<MIXTURE> 2 5.627803e-01
<MEAN> 39
 -9.654595e+00 -4.985336e-02 -6.458650e+00 -7.295437e-01 2.227649e+00 2.626889e+00 5.587924e+00 7.255370e-01 7.750979e-01 1.015277e+00 2.091930e+00 -1.263273e+00 5.425774e+01 6.356420e-02 -6.633700e-02 -1.201255e-01 -2.233569e-01 -2.341471e-01 -2.168775e-01 -3.568179e-01 -3.799314e-01 -3.278875e-01 -3.448740e-01 -2.446637e-01 -1.024929e-01 -1.722410e-01 -1.387131e-01 1.351890e-02 -1.472867e-02 -6.602445e-02 -1.254718e-01 -1.595708e-01 -1.407568e-01 -1.276122e-02 2.333699e-02 -2.999978e-02 -7.935894e-02 -2.262273e-02 1.328937e-01
<VARIANCE> 39
 1.005121e+01 5.867196e+00 6.284855e+00 8.578068e+00 9.911396e+00 1.282684e+01 1.333114e+01 1.402220e+01 1.452373e+01 1.359409e+01 1.333919e+01 1.305199e+01 1.054880e+01 6.300527e-01 4.151572e-01 5.554587e-01 7.346132e-01 9.946554e-01 1.204153e+00 1.403247e+00 1.387857e+00 1.398353e+00 1.443107e+00 1.384007e+00 1.259900e+00 5.560885e-01 9.569822e-02 7.698833e-02 1.072700e-01 1.436998e-01 1.951075e-01 2.394591e-01 2.991923e-01 3.205938e-01 3.081728e-01 3.112296e-01 2.849544e-01 2.645814e-01 9.059784e-02
<GCONST> 8.007792e+01
<STATE> 3
<NUMMIXES> 2
<MIXTURE> 1 6.172623e-01
<MEAN> 39
 -1.187440e+01 2.914117e+00 -2.855149e+00 8.742791e-01 9.909257e-01 -1.802256e+00 2.699258e+00 7.876566e-01 -5.059513e-02 -1.069234e+00 4.354350e-02 -1.904676e+00 5.300591e+01 3.983188e-01 -4.105974e-02 2.643100e-01 1.852308e-01 3.022230e-01 3.854159e-01 3.198010e-01 1.569176e-01 2.194585e-01 7.938336e-02 2.714461e-01 -2.383935e-02 -6.357759e-01 -1.308788e-02 5.198779e-02 -1.470477e-03 1.326420e-03 -4.120036e-03 -6.880736e-02 -3.695533e-02 6.236105e-02 3.573180e-02 1.078655e-01 -5.009025e-02 6.313384e-02 -6.460048e-02
<VARIANCE> 39
 6.198543e+00 5.059055e+00 8.520876e+00 1.100929e+01 1.313829e+01 1.255044e+01 1.483132e+01 1.640899e+01 1.711705e+01 1.854892e+01 1.637641e+01 1.394944e+01 1.759485e+01 2.138581e-01 3.118514e-01 4.918684e-01 6.658019e-01 9.403790e-01 1.221409e+00 1.216762e+00 1.362261e+00 1.445448e+00 1.857308e+00 1.359625e+00 1.333613e+00 2.509883e-01 8.953676e-02 6.647547e-02 1.309012e-01 1.668115e-01 2.330433e-01 2.775792e-01 2.863328e-01 3.115813e-01 3.372659e-01 4.067258e-01 3.071899e-01 2.793850e-01 1.985765e-01
<GCONST> 8.118176e+01
<MIXTURE> 2 3.827389e-01
<MEAN> 39
 -1.221797e+01 3.719251e+00 -2.955101e+00 8.300345e-01 6.962849e-01 -2.812048e+00 2.080075e+00 1.848554e+00 3.785679e-01 1.345888e-01 -8.036522e-01 -1.218939e+00 5.247826e+01 -6.541821e-01 7.613926e-02 -4.358845e-01 -2.809760e-01 -4.728438e-01 -6.417345e-01 -4.801426e-01 -2.762272e-01 -3.360195e-01 -1.444373e-01 -4.194825e-01 1.236630e-02 1.029631e+00 3.860719e-02 -8.540969e-02 1.205147e-02 -3.677616e-03 1.661037e-02 1.316879e-01 6.481348e-02 -8.828268e-02 -4.320811e-02 -1.644054e-01 8.738822e-02 -9.529484e-02 7.054871e-02
<VARIANCE> 39
 1.134814e+01 7.439640e+00 1.021873e+01 1.275896e+01 1.602667e+01 2.288282e+01 2.023470e+01 1.768994e+01 1.834763e+01 1.949939e+01 1.877664e+01 1.378850e+01 2.411695e+01 9.263064e-01 7.323499e-01 8.754246e-01 1.215191e+00 1.572143e+00 2.006242e+00 1.984675e+00 1.881480e+00 1.968787e+00 2.422328e+00 1.902658e+00 1.499397e+00 1.993554e+00 2.260424e-01 1.166646e-01 1.848425e-01 2.256113e-01 3.349259e-01 5.121982e-01 4.291103e-01 3.403347e-01 3.691333e-01 4.493487e-01 3.688103e-01 2.844847e-01 4.476166e-01
<GCONST> 9.747385e+01
<STATE> 4
<NUMMIXES> 2
<MIXTURE> 1 5.784691e-01
<MEAN> 39
 -9.533728e+00 3.052761e+00 -2.647830e+00 -2.065968e-01 3.773778e-01 -7.570680e-04 3.314609e+00 1.879568e+00 5.053667e-01 -2.212190e-01 6.412569e-01 -2.194980e+00 4.862350e+01 3.169752e-01 1.192592e-02 2.721610e-01 1.178709e-01 2.903494e-01 3.550326e-01 3.060378e-01 2.567727e-01 2.904330e-01 2.473291e-01 2.231658e-01 7.722623e-02 -3.364414e-01 4.586497e-03 1.882656e-02 2.648818e-02 2.190880e-02 1.396645e-02 4.140311e-03 -5.001890e-03 5.349324e-02 3.497305e-02 4.422454e-02 -1.251667e-02 2.025737e-02 -9.303127e-03
<VARIANCE> 39
 7.625782e+00 7.972683e+00 1.057957e+01 1.068390e+01 1.600860e+01 1.416465e+01 1.566590e+01 1.696447e+01 1.682021e+01 1.693475e+01 1.451265e+01 1.269899e+01 9.645920e+00 2.662491e-01 3.553433e-01 4.827143e-01 7.002380e-01 8.999034e-01 9.664243e-01 1.185286e+00 1.250050e+00 1.408263e+00 1.423852e+00 1.312803e+00 1.153015e+00 1.957196e-01 8.113614e-02 8.041065e-02 1.155806e-01 1.559894e-01 2.040652e-01 2.189048e-01 2.593022e-01 2.796385e-01 3.152997e-01 3.138720e-01 2.759328e-01 2.308969e-01 7.286920e-02
<GCONST> 7.847810e+01
<MIXTURE> 2 4.215293e-01
<MEAN> 39
 -9.797012e+00 3.240606e+00 -2.337262e+00 8.709411e-02 4.366615e-01 -1.040205e-01 2.999512e+00 2.602662e+00 8.808171e-01 3.296599e-01 5.035807e-01 -2.005619e+00 4.885032e+01 -3.936539e-01 -2.261668e-02 -3.552141e-01 -1.846098e-01 -3.830909e-01 -4.589520e-01 -4.143525e-01 -3.404049e-01 -4.015095e-01 -3.351660e-01 -2.988208e-01 -1.021298e-01 4.131650e-01 -7.534415e-03 -2.651891e-02 -3.696793e-02 -2.802838e-02 -1.849872e-02 -8.768427e-03 1.595810e-03 -7.489249e-02 -5.185256e-02 -6.339492e-02 1.554017e-02 -2.673387e-02 1.814661e-02
<VARIANCE> 39
 1.198873e+01 1.084021e+01 1.180952e+01 1.278115e+01 1.806991e+01 1.829858e+01 1.894061e+01 1.773839e+01 1.826098e+01 1.781055e+01 1.587798e+01 1.329643e+01 1.429870e+01 9.775957e-01 7.446711e-01 7.654364e-01 1.014164e+00 1.236939e+00 1.367870e+00 1.451832e+00 1.576263e+00 1.599864e+00 1.663098e+00 1.450073e+00 1.280487e+00 1.229778e+00 1.987485e-01 1.254075e-01 1.604494e-01 1.890411e-01 2.636865e-01 3.188102e-01 3.299839e-01 3.117807e-01 3.439437e-01 3.512200e-01 3.116424e-01 2.563733e-01 2.325366e-01
<GCONST> 9.152679e+01
<TRANSP> 5
 0.000000e+00 1.000000e+00 0.000000e+00 0.000000e+00 0.000000e+00
 0.000000e+00 9.915807e-01 8.419311e-03 0.000000e+00 0.000000e+00
 0.000000e+00 0.000000e+00 9.866657e-01 1.333422e-02 0.000000e+00
 0.000000e+00 0.000000e+00 0.000000e+00 9.926505e-01 7.349495e-03
 0.000000e+00 0.000000e+00 0.000000e+00 0.000000e+00 0.000000e+00
<ENDHMM>
~h "pr"
<BEGINHMM>
<NUMSTATES> 5
<STATE> 2
<NUMMIXES> 2
<MIXTURE> 1 5.023992e-01
<MEAN> 39
 -1.398053e+01 -8.663476e+00 -4.665737e-01 -7.419621e+00 3.066052e+00 6.093359e+00 4.589619e+00 -7.167602e-01 -3.742936e+00 -2.795246e+00 5.484222e+00 2.218791e-01 5.791593e+01 -2.985249e-02 1.177151e-01 1.782471e-01 1.628370e-01 2.799455e-01 2.568945e-01 1.628419e-01 9.144253e-02 2.080431e-01 1.521937e-01 1.800268e-01 1.545815e-01 -5.843019e-03 1.696105e-02 3.353753e-02 6.246756e-02 6.547320e-02 6.377196e-02 6.018642e-02 8.558665e-02 1.080079e-01 9.705808e-02 8.218555e-02 3.772685e-02 3.161763e-02 -1.053847e-02
<VARIANCE> 39
 3.256821e+01 4.090143e+01 3.926637e+01 3.319697e+01 4.664691e+01 7.626231e+01 5.573382e+01 6.506741e+01 7.006440e+01 3.556398e+01 6.540637e+01 6.812510e+01 2.454907e+01 9.127938e-01 6.622478e-01 9.142945e-01 1.354538e+00 1.381718e+00 1.722186e+00 1.908577e+00 2.419469e+00 2.331418e+00 1.926620e+00 2.414322e+00 2.291515e+00 5.323346e-01 1.233215e-01 1.159414e-01 1.643946e-01 2.437610e-01 2.611800e-01 3.320007e-01 3.664367e-01 4.348838e-01 4.464807e-01 3.688553e-01 4.756241e-01 4.133700e-01 7.795358e-02
<GCONST> 1.088021e+02
<MIXTURE> 2 4.976023e-01
<MEAN> 39
 -1.531094e+01 -7.021500e+00 2.628714e-01 -6.239472e+00 2.680135e+00 5.109052e+00 5.362539e+00 1.256575e+00 -7.174568e-01 -1.382882e+00 4.300336e+00 -1.275405e+00 5.860072e+01 -4.872337e-02 -1.450883e-01 -1.555486e-01 -1.967137e-01 -2.533574e-01 -2.203058e-01 -1.456848e-01 -1.230312e-01 -2.011557e-01 -1.857762e-01 -1.959465e-01 -6.247366e-02 7.715807e-02 9.627247e-03 -2.901262e-02 -6.430810e-02 -6.138743e-02 -7.260130e-02 -5.854057e-02 -9.679858e-02 -1.066540e-01 -9.489574e-02 -7.208083e-02 -5.128710e-02 -4.117807e-02 -1.154783e-02
<VARIANCE> 39
 3.102839e+01 4.287749e+01 4.991534e+01 3.681963e+01 4.645690e+01 6.339687e+01 4.710363e+01 5.987544e+01 4.438471e+01 3.208772e+01 4.292059e+01 4.338186e+01 2.556417e+01 7.122448e-01 8.983302e-01 9.738960e-01 1.329788e+00 1.486623e+00 1.816799e+00 2.229220e+00 2.202112e+00 2.078485e+00 2.023617e+00 2.276556e+00 1.874110e+00 6.595566e-01 1.137328e-01 1.378692e-01 1.579929e-01 2.256624e-01 2.704540e-01 3.105996e-01 3.876850e-01 3.678183e-01 3.710407e-01 3.457993e-01 3.984187e-01 3.377079e-01 8.727857e-02
<GCONST> 1.068074e+02
<STATE> 3
<NUMMIXES> 2
<MIXTURE> 1 5.338123e-01
<MEAN> 39
 -1.876559e+01 3.054950e+00 1.799372e+01 -1.747261e+01 3.442152e+00 1.227044e+01 -6.742045e+00 -4.076939e+00 1.010110e+01 -4.860205e+00 -9.446160e+00 9.231881e+00 5.194788e+01 7.543643e-02 1.304752e-01 1.730265e-01 1.656764e-01 3.476694e-01 1.078509e-01 3.017762e-01 3.882086e-01 6.551140e-02 2.623295e-01 1.171886e-01 6.932137e-02 -1.604907e-02 -4.344883e-02 4.170982e-02 4.335781e-02 7.041871e-02 6.963607e-02 1.871618e-02 1.135203e-01 7.516597e-02 3.314811e-02 3.709709e-02 9.498698e-02 2.399699e-02 4.343265e-02
<VARIANCE> 39
 2.023845e+01 1.453489e+01 1.065481e+01 2.790915e+01 2.946285e+01 2.128211e+01 1.513056e+01 3.853014e+01 3.349431e+01 4.614627e+01 2.860005e+01 1.894199e+01 1.205271e+01 5.266237e-01 3.029827e-01 4.128393e-01 6.958504e-01 1.054638e+00 1.409837e+00 1.117140e+00 1.239186e+00 1.546049e+00 1.537504e+00 1.690894e+00 1.051293e+00 1.933383e-01 1.092926e-01 5.848310e-02 8.379936e-02 1.404172e-01 2.374739e-01 2.998064e-01 2.387158e-01 2.815394e-01 3.091896e-01 3.122104e-01 3.173682e-01 2.042816e-01 4.034953e-02
<GCONST> 8.630832e+01
<MIXTURE> 2 4.661885e-01
<MEAN> 39
 -1.965198e+01 3.622536e+00 1.752598e+01 -1.504672e+01 3.443538e+00 1.186675e+01 -5.101255e+00 -4.108562e+00 1.044576e+01 -5.234612e+00 -7.497839e+00 8.551554e+00 5.346878e+01 6.782105e-02 -2.170573e-01 -2.278615e-01 -1.961174e-01 -3.535887e-01 -1.728143e-01 -4.101452e-01 -3.683454e-01 -1.479009e-01 -2.179203e-01 -1.845249e-01 -7.389355e-02 -1.010960e-01 5.474819e-02 -4.292789e-02 -6.538530e-02 -6.631519e-02 -6.658105e-02 -5.232894e-02 -1.230278e-01 -6.190549e-02 -5.625510e-02 -4.700070e-02 -8.453190e-02 -5.373185e-02 -5.383357e-02
<VARIANCE> 39
 2.119511e+01 2.218833e+01 1.894528e+01 3.362268e+01 2.732953e+01 2.748328e+01 1.882893e+01 3.786320e+01 3.418913e+01 4.499566e+01 3.253116e+01 2.208767e+01 1.572005e+01 5.405800e-01 5.746787e-01 5.731085e-01 1.031918e+00 1.232967e+00 1.774790e+00 1.402055e+00 1.562863e+00 1.666094e+00 1.703786e+00 2.028080e+00 1.211962e+00 2.803439e-01 1.485729e-01 1.154129e-01 1.206244e-01 2.064615e-01 2.753313e-01 3.865923e-01 2.945858e-01 3.337198e-01 3.639977e-01 3.302609e-01 4.107516e-01 2.555408e-01 6.919345e-02
<GCONST> 9.533110e+01
<STATE> 4
<NUMMIXES> 2
<MIXTURE> 1 4.492169e-01
<MEAN> 39
 -1.505073e+01 -4.529287e+00 5.616392e+00 -6.755506e+00 3.934577e+00 -1.195328e+00 1.178025e+00 3.420999e+00 2.974026e+00 -3.215472e+00 -4.097104e+00 3.934889e+00 5.391470e+01 2.939116e-02 1.463901e-01 1.785340e-01 1.984510e-01 2.210777e-01 2.308857e-01 2.627197e-01 2.516815e-01 2.779322e-01 1.946994e-01 1.879582e-01 9.119442e-02 3.287734e-02 2.473893e-02 5.233239e-02 7.086433e-02 7.816517e-02 9.854230e-02 1.208694e-01 1.384651e-01 1.165605e-01 1.043019e-01 1.004282e-01 6.967177e-02 3.794122e-02 3.607990e-03
<VARIANCE> 39
 4.038773e+01 5.650296e+01 5.498199e+01 5.946033e+01 7.324362e+01 1.073686e+02 5.540038e+01 6.748389e+01 5.846059e+01 4.950278e+01 5.496376e+01 6.561314e+01 4.323736e+01 5.068557e-01 4.624155e-01 7.592744e-01 1.086215e+00 1.199124e+00 1.615106e+00 1.544162e+00 1.660881e+00 1.732211e+00 1.794063e+00 1.648953e+00 1.457663e+00 2.651939e-01 8.778666e-02 8.489574e-02 1.428412e-01 1.932930e-01 2.403376e-01 3.139355e-01 3.102617e-01 3.126850e-01 3.333605e-01 3.517677e-01 3.372768e-01 2.755614e-01 4.458255e-02
<GCONST> 1.042338e+02
<MIXTURE> 2 5.507798e-01
<MEAN> 39
 -1.322285e+01 -5.655064e+00 4.096929e+00 -4.873528e+00 3.118786e+00 -1.497673e+00 5.201060e+00 5.523502e+00 2.542506e+00 -9.422928e-01 -2.339529e+00 2.029324e+00 5.440573e+01 3.540555e-02 -7.891749e-02 -1.772719e-01 -1.310432e-01 -2.169300e-01 -2.013455e-01 -2.034479e-01 -2.118958e-01 -2.221503e-01 -1.599867e-01 -1.340027e-01 -1.130845e-01 -8.370060e-02 -2.164372e-02 -4.176593e-02 -5.531722e-02 -6.484280e-02 -8.061773e-02 -9.537141e-02 -1.121668e-01 -9.599526e-02 -8.466666e-02 -7.934892e-02 -5.651182e-02 -3.310898e-02 -2.360670e-03
<VARIANCE> 39
 3.731043e+01 5.202723e+01 4.803444e+01 4.890845e+01 9.625594e+01 7.739887e+01 7.095354e+01 5.831299e+01 4.772612e+01 4.740009e+01 4.793419e+01 7.137241e+01 4.977099e+01 1.686813e-01 3.477930e-01 5.113794e-01 7.692824e-01 9.921278e-01 1.355016e+00 1.439189e+00 1.413565e+00 1.552552e+00 1.640783e+00 1.426206e+00 1.273125e+00 7.527426e-02 3.172914e-02 6.129815e-02 9.807345e-02 1.440470e-01 1.910729e-01 2.584036e-01 2.684931e-01 2.668652e-01 3.029016e-01 3.186537e-01 2.759863e-01 2.536985e-01 1.203601e-02
<GCONST> 9.464213e+01
<TRANSP> 5
 0.000000e+00 1.000000e+00 0.000000e+00 0.000000e+00 0.000000e+00
 0.000000e+00 9.893716e-01 1.062842e-02 0.000000e+00 0.000000e+00
 0.000000e+00 0.000000e+00 9.849465e-01 1.505352e-02 0.000000e+00
 0.000000e+00 0.000000e+00 0.000000e+00 9.952266e-01 4.773391e-03
 0.000000e+00 0.000000e+00 0.000000e+00 0.000000e+00 0.000000e+00
<ENDHMM>
~h "pw"
<BEGINHMM>
<NUMSTATES> 5
<STATE> 2
<NUMMIXES> 2
<MIXTURE> 1 5.806293e-01
<MEAN> 39
 -1.279954e+01 -1.279834e+00 -9.396479e-01 -6.527464e-01 1.477496e+00 -4.873832e-01 3.239841e+00 3.928991e-01 -5.461494e-01 9.483899e-01 1.342056e-01 -1.176953e+00 5.273792e+01 1.168710e-01 2.147784e-01 9.924941e-02 1.288833e-01 1.991739e-01 2.651057e-01 2.729776e-01 2.754368e-01 1.998394e-01 2.016674e-01 1.501614e-01 1.009177e-01 -2.079013e-01 -3.331422e-02 -8.879166e-03 2.586408e-02 2.254923e-02 -7.645519e-03 -3.286438e-02 -1.103869e-02 1.184641e-02 -4.902958e-04 1.738030e-02 5.480266e-03 2.545137e-02 2.834346e-02
<VARIANCE> 39
 1.386418e+01 1.719977e+01 1.084891e+01 1.131842e+01 1.366390e+01 1.377211e+01 1.539665e+01 1.660992e+01 1.577179e+01 1.442601e+01 1.436555e+01 1.224872e+01 1.589900e+01 3.149475e-01 4.120337e-01 5.034598e-01 7.178150e-01 9.064251e-01 1.065925e+00 1.189816e+00 1.283755e+00 1.383332e+00 1.277120e+00 1.307614e+00 1.170691e+00 1.862625e-01 5.200115e-02 8.225100e-02 1.099085e-01 1.524576e-01 1.941902e-01 2.347950e-01 2.608391e-01 2.865655e-01 3.041886e-01 2.733673e-01 2.864066e-01 2.370633e-01 2.890566e-02
<GCONST> 7.880535e+01
<MIXTURE> 2 4.193651e-01
<MEAN> 39
 -1.444381e+01 -2.818253e+00 -6.377428e-01 -2.874905e-01 1.154076e+00 -1.596065e+00 2.721190e+00 1.497248e-01 -8.024350e-01 1.033392e+00 8.897468e-03 -7.176307e-01 5.506982e+01 -1.823199e-01 -3.169167e-01 -1.294665e-01 -1.803015e-01 -2.846329e-01 -3.949133e-01 -3.813605e-01 -3.997075e-01 -2.827819e-01 -2.844165e-01 -2.108819e-01 -1.385817e-01 3.234237e-01 4.578558e-02 5.046396e-03 -4.279110e-02 -3.199042e-02 4.309321e-03 3.647812e-02 7.978860e-03 -1.956624e-02 -4.718893e-03 -2.216164e-02 -1.031457e-02 -3.267125e-02 -2.763434e-02
<VARIANCE> 39
 1.679623e+01 2.564005e+01 1.230831e+01 1.364451e+01 1.689005e+01 1.977593e+01 1.905639e+01 1.927658e+01 1.701482e+01 1.677570e+01 1.501793e+01 1.392877e+01 2.482147e+01 8.455749e-01 1.136754e+00 9.797508e-01 1.098639e+00 1.321045e+00 1.619519e+00 1.572040e+00 1.635996e+00 1.702345e+00 1.575173e+00 1.590778e+00 1.313468e+00 8.801573e-01 1.431922e-01 2.076023e-01 1.737708e-01 2.122996e-01 2.688746e-01 3.597460e-01 3.460135e-01 3.389089e-01 3.473987e-01 3.156408e-01 3.181944e-01 2.715316e-01 1.560244e-01
<GCONST> 9.431580e+01
<STATE> 3
<NUMMIXES> 2
<MIXTURE> 1 7.568533e-01
<MEAN> 39
 -1.070053e+01 -6.221246e+00 -2.679510e+00 -1.386474e+00 6.570248e-01 -3.873254e+00 -3.431847e-01 -4.542755e+00 -3.392852e+00 -9.935350e-01 9.814934e-02 -4.210048e-01 6.017813e+01 1.370592e-01 2.317777e-01 6.646065e-02 9.750006e-02 1.711962e-01 2.296286e-01 1.466534e-01 1.451382e-01 2.748623e-02 6.737635e-02 3.412684e-02 4.197482e-02 -6.470411e-01 -2.897339e-02 1.401764e-02 1.425743e-02 -6.331297e-04 -3.824877e-02 -3.945110e-02 -1.175460e-03 3.444574e-02 3.104411e-02 2.163263e-02 -2.734373e-02 -5.843365e-04 1.702706e-02
<VARIANCE> 39
 1.927889e+01 2.514503e+01 1.199529e+01 1.113900e+01 1.456632e+01 2.087857e+01 2.037372e+01 2.479034e+01 1.886968e+01 1.543082e+01 1.350219e+01 1.203580e+01 6.414031e+01 2.310604e-01 3.387417e-01 4.646829e-01 6.632748e-01 9.001271e-01 1.039752e+00 1.203799e+00 1.392873e+00 1.426844e+00 1.296268e+00 1.242244e+00 1.105793e+00 1.695301e-01 4.267908e-02 6.840859e-02 9.459023e-02 1.331799e-01 1.935288e-01 2.231619e-01 2.559178e-01 2.988917e-01 2.986835e-01 2.674749e-01 2.572552e-01 2.322883e-01 4.516879e-02
<GCONST> 8.114224e+01
<MIXTURE> 2 2.431505e-01
<MEAN> 39
 -1.329913e+01 -5.342552e+00 -1.992561e+00 -1.878401e+00 -1.665604e+00 -5.524095e+00 -4.247702e-01 -3.049515e+00 -2.042902e+00 -2.125441e-01 -9.514356e-01 -6.193196e-01 6.265570e+01 -3.994404e-01 -8.462401e-01 -2.174736e-01 -2.749882e-01 -5.345212e-01 -7.937761e-01 -5.807739e-01 -6.141968e-01 -1.802982e-01 -2.620986e-01 -8.681003e-02 -8.786470e-02 2.124105e+00 1.109578e-01 -6.062033e-03 -3.691526e-02 2.286287e-03 1.509822e-01 1.791842e-01 4.916898e-02 -6.787477e-02 -6.442603e-02 -4.731614e-02 9.395289e-02 -2.053582e-02 -1.252335e-01
<VARIANCE> 39
 2.165839e+01 2.895548e+01 1.690417e+01 1.556422e+01 2.385660e+01 3.443852e+01 2.638353e+01 2.829891e+01 1.917518e+01 1.912970e+01 1.770900e+01 1.582121e+01 1.033176e+02 1.523308e+00 2.108603e+00 1.393080e+00 1.366219e+00 2.669318e+00 3.471019e+00 2.619129e+00 2.435318e+00 1.849839e+00 1.930440e+00 1.847926e+00 1.799777e+00 7.330717e+00 2.599925e-01 4.018590e-01 2.409298e-01 2.672325e-01 5.223514e-01 6.966833e-01 5.086552e-01 4.598503e-01 3.393537e-01 3.848391e-01 3.612216e-01 3.658457e-01 1.684752e+00
<GCONST> 1.125490e+02
<STATE> 4
<NUMMIXES> 2
<MIXTURE> 1 6.625052e-01
<MEAN> 39
 -1.122511e+01 -2.072636e+00 -1.609507e+00 -8.988179e-01 1.361812e+00 -5.262727e-02 3.479649e+00 4.102656e-02 -6.935591e-01 9.343663e-01 6.015607e-01 -9.239372e-01 5.277760e+01 1.319863e-01 2.006465e-01 4.671279e-02 5.816349e-02 1.312870e-01 2.227445e-01 2.008222e-01 1.967165e-01 1.394965e-01 1.324855e-01 7.557243e-02 2.602275e-02 -2.653844e-01 -2.852483e-02 -9.440941e-03 9.146315e-03 7.604636e-03 -2.658131e-02 -4.202916e-02 -1.736577e-02 -1.460031e-03 -2.252561e-03 -5.924756e-03 -2.086668e-02 1.045299e-02 2.921664e-02
<VARIANCE> 39
 1.438299e+01 1.692885e+01 1.201448e+01 1.087108e+01 1.218909e+01 1.662929e+01 1.549301e+01 1.815137e+01 1.618750e+01 1.480190e+01 1.338047e+01 1.268256e+01 2.038487e+01 2.893012e-01 3.818780e-01 5.023896e-01 7.047743e-01 9.136284e-01 1.116254e+00 1.215867e+00 1.364179e+00 1.396871e+00 1.359853e+00 1.293666e+00 1.207204e+00 1.720566e-01 4.809643e-02 7.338952e-02 1.003536e-01 1.422507e-01 1.866962e-01 2.341933e-01 2.532670e-01 2.847008e-01 2.934425e-01 2.886778e-01 2.654811e-01 2.475035e-01 2.485931e-02
<GCONST> 7.869423e+01
<MIXTURE> 2 3.374908e-01
<MEAN> 39
 -1.348405e+01 -4.474586e+00 -1.522309e+00 -8.777835e-01 3.465983e-02 -2.782367e+00 1.974678e+00 -1.144024e+00 -1.067229e+00 4.005806e-01 -2.748105e-02 -7.005585e-01 5.740820e+01 -2.339320e-01 -3.838114e-01 -9.015945e-02 -1.217585e-01 -2.520700e-01 -4.102435e-01 -3.709079e-01 -3.550980e-01 -2.533216e-01 -2.484954e-01 -1.449666e-01 -6.387550e-02 4.786700e-01 5.777038e-02 1.618633e-02 -1.846281e-02 -1.606208e-02 5.017094e-02 7.998311e-02 2.961229e-02 -3.665522e-03 -1.619544e-03 8.687505e-03 4.160792e-02 -1.875081e-02 -5.545745e-02
<VARIANCE> 39
 1.974187e+01 2.590554e+01 1.452485e+01 1.457427e+01 1.777943e+01 2.473665e+01 2.223349e+01 2.570497e+01 1.988795e+01 1.879314e+01 1.598788e+01 1.480447e+01 4.648837e+01 9.510421e-01 1.304365e+00 9.662629e-01 1.134294e+00 1.476058e+00 1.857043e+00 1.735243e+00 1.786772e+00 1.686236e+00 1.695029e+00 1.622044e+00 1.460772e+00 1.932067e+00 1.632217e-01 2.338622e-01 1.721255e-01 2.167832e-01 2.937311e-01 3.952701e-01 3.656402e-01 3.711684e-01 3.432136e-01 3.497112e-01 3.308410e-01 3.040891e-01 3.252321e-01
<GCONST> 9.970794e+01
<TRANSP> 5
 0.000000e+00 1.000000e+00 0.000000e+00 0.000000e+00 0.000000e+00
 0.000000e+00 9.925960e-01 7.403951e-03 0.000000e+00 0.000000e+00
 0.000000e+00 0.000000e+00 9.904275e-01 9.572445e-03 0.000000e+00
 0.000000e+00 0.000000e+00 0.000000e+00 9.972866e-01 2.713441e-03
 0.000000e+00 0.000000e+00 0.000000e+00 0.000000e+00 0.000000e+00
<ENDHMM>
~h "si"
<BEGINHMM>
<NUMSTATES> 5
<STATE> 2
<NUMMIXES> 2
<MIXTURE> 1 5.159187e-01
<MEAN> 39
 -5.634408e+00 2.018937e+00 9.716960e-01 -2.316789e+00 1.812212e+00 1.769359e+00 1.847536e+00 3.227068e+00 -8.269432e-01 2.964285e-02 6.742339e-01 -2.779619e+00 4.385972e+01 6.423885e-02 1.394496e-01 1.879078e-01 2.479557e-01 3.067564e-01 3.430569e-01 3.474593e-01 3.611606e-01 3.131773e-01 2.708377e-01 2.026068e-01 1.052283e-01 -1.266341e-02 7.774524e-03 2.137352e-02 3.511465e-02 4.571890e-02 4.953635e-02 4.844699e-02 5.169272e-02 5.492140e-02 5.087899e-02 3.801309e-02 2.427146e-02 1.170206e-02 8.083434e-03
<VARIANCE> 39
 5.745966e+00 5.064793e+00 9.372278e+00 1.039833e+01 1.719367e+01 1.406393e+01 1.554980e+01 1.798414e+01 1.600776e+01 1.652692e+01 1.444768e+01 1.291367e+01 4.544329e+00 1.300932e-01 2.412235e-01 4.027477e-01 5.973674e-01 8.000846e-01 9.523333e-01 1.115142e+00 1.213843e+00 1.266734e+00 1.304497e+00 1.252741e+00 1.108285e+00 4.606010e-02 2.417354e-02 5.004933e-02 8.807714e-02 1.344184e-01 1.792667e-01 2.137011e-01 2.506110e-01 2.683395e-01 2.750616e-01 2.834976e-01 2.648159e-01 2.272891e-01 7.126993e-03
<GCONST> 6.854675e+01
<MIXTURE> 2 4.840717e-01
<MEAN> 39
 -5.738305e+00 2.257874e+00 1.449511e+00 -1.626831e+00 2.350423e+00 2.214401e+00 2.560153e+00 3.676840e+00 -1.155603e-01 5.328175e-01 9.051880e-01 -2.569980e+00 4.438781e+01 -7.478458e-02 -1.404965e-01 -2.205634e-01 -2.850746e-01 -3.408539e-01 -3.621146e-01 -3.618809e-01 -3.577009e-01 -3.271087e-01 -2.762920e-01 -2.037614e-01 -1.153002e-01 -1.864199e-02 -1.031100e-02 -2.470242e-02 -3.897962e-02 -4.874639e-02 -5.416267e-02 -5.291379e-02 -5.595727e-02 -6.211054e-02 -5.442125e-02 -3.975124e-02 -2.560275e-02 -1.128177e-02 -5.829550e-03
<VARIANCE> 39
 7.822348e+00 6.800795e+00 1.032929e+01 1.117925e+01 1.792883e+01 1.557233e+01 1.619156e+01 1.878602e+01 1.660476e+01 1.689871e+01 1.501554e+01 1.328744e+01 7.192695e+00 1.976817e-01 3.286878e-01 4.603578e-01 6.474320e-01 8.637199e-01 1.024531e+00 1.174053e+00 1.257412e+00 1.319555e+00 1.359745e+00 1.305296e+00 1.125891e+00 1.078386e-01 3.506699e-02 6.384472e-02 9.371775e-02 1.366634e-01 1.881928e-01 2.269546e-01 2.545369e-01 2.742437e-01 2.846770e-01 2.855749e-01 2.711233e-01 2.290422e-01 1.620970e-02
<GCONST> 7.403552e+01
<STATE> 3
<NUMMIXES> 2
<MIXTURE> 1 4.986899e-01
<MEAN> 39
 -3.933379e+00 -4.022007e+00 -3.905049e+00 -3.323080e+00 1.512975e+00 3.966990e+00 4.618074e+00 7.696525e-01 -7.613755e-01 1.137081e+00 1.233248e+00 -2.556158e+00 5.050122e+01 5.392727e-02 1.227890e-01 1.815227e-01 2.610725e-01 3.192331e-01 3.435504e-01 3.450662e-01 3.370467e-01 3.323829e-01 3.054003e-01 2.257365e-01 1.335706e-01 -8.554491e-04 1.035954e-02 2.149335e-02 3.027595e-02 2.472266e-02 1.447529e-02 7.531155e-03 -2.055162e-03 8.133726e-03 2.111816e-02 1.929219e-02 1.208249e-02 3.537827e-03 8.451771e-03
<VARIANCE> 39
 7.129228e+00 7.268403e+00 7.178639e+00 8.198448e+00 1.275487e+01 1.355485e+01 1.397343e+01 1.487504e+01 1.427866e+01 1.404047e+01 1.350971e+01 1.247027e+01 4.113133e+00 1.506385e-01 2.665403e-01 4.412923e-01 5.825536e-01 8.206250e-01 9.866177e-01 1.117966e+00 1.282042e+00 1.277345e+00 1.322722e+00 1.283915e+00 1.160299e+00 5.590347e-02 2.660694e-02 5.382229e-02 9.471022e-02 1.288170e-01 1.861195e-01 2.225185e-01 2.454334e-01 2.803164e-01 2.805720e-01 2.844576e-01 2.681182e-01 2.394696e-01 8.987113e-03
<GCONST> 6.884407e+01
<MIXTURE> 2 5.013046e-01
<MEAN> 39
 -3.772473e+00 -3.794748e+00 -3.301594e+00 -3.178025e+00 9.945384e-01 3.482954e+00 4.030436e+00 5.561888e-01 -4.864272e-01 1.233964e+00 1.243130e+00 -2.677263e+00 5.100132e+01 -5.908326e-02 -1.349028e-01 -2.043372e-01 -2.788668e-01 -3.335578e-01 -3.384582e-01 -3.389211e-01 -3.266600e-01 -3.216254e-01 -2.879224e-01 -2.204941e-01 -1.244140e-01 -2.606331e-02 -1.502098e-02 -1.738901e-02 -2.433335e-02 -2.085684e-02 -1.455181e-02 -1.341675e-02 -2.417662e-03 -9.647523e-03 -2.077377e-02 -2.048047e-02 -1.385810e-02 -2.535211e-03 -3.035883e-03
<VARIANCE> 39
 8.158298e+00 9.544797e+00 8.715803e+00 1.021407e+01 1.739798e+01 1.730917e+01 1.811111e+01 1.753248e+01 1.684855e+01 1.690918e+01 1.600821e+01 1.414478e+01 6.281534e+00 1.693862e-01 3.034690e-01 4.702948e-01 6.301033e-01 8.775164e-01 1.074328e+00 1.201113e+00 1.358865e+00 1.333113e+00 1.365727e+00 1.335907e+00 1.221040e+00 8.921707e-02 2.970603e-02 6.007991e-02 9.876124e-02 1.390849e-01 1.987311e-01 2.384121e-01 2.664430e-01 3.002103e-01 2.939605e-01 3.034185e-01 2.881438e-01 2.514066e-01 1.383301e-02
<GCONST> 7.430570e+01
<STATE> 4
<NUMMIXES> 2
<MIXTURE> 1 6.857896e-01
<MEAN> 39
 -7.952918e+00 1.052862e+00 3.785259e-01 -1.504067e+00 1.007313e+00 1.093902e+00 2.948573e+00 1.789541e+00 9.838044e-02 8.693441e-01 9.029638e-01 -1.893139e+00 4.761498e+01 5.994324e-02 9.971585e-02 5.878143e-02 8.961710e-02 1.174806e-01 1.606790e-01 1.391167e-01 1.609017e-01 1.052212e-01 9.338047e-02 7.324410e-02 2.088275e-02 -1.078743e-01 -1.024949e-02 -5.984752e-03 3.034523e-03 2.252166e-03 -4.141269e-03 -7.046407e-03 -4.984987e-03 -2.328957e-03 3.686206e-03 5.338689e-03 7.269871e-04 3.248057e-03 1.329829e-02
<VARIANCE> 39
 1.524628e+01 9.117944e+00 1.053896e+01 1.149319e+01 1.605464e+01 1.540623e+01 1.609960e+01 1.889443e+01 1.671824e+01 1.620159e+01 1.477510e+01 1.368895e+01 1.920330e+01 1.823681e-01 2.913853e-01 4.515784e-01 6.588321e-01 8.644155e-01 1.046775e+00 1.197952e+00 1.287593e+00 1.336637e+00 1.371305e+00 1.282289e+00 1.147166e+00 1.026108e-01 2.922834e-02 5.438952e-02 8.947974e-02 1.332947e-01 1.786087e-01 2.167448e-01 2.487895e-01 2.695861e-01 2.769060e-01 2.836240e-01 2.648656e-01 2.335937e-01 1.246664e-02
<GCONST> 7.486627e+01
<MIXTURE> 2 3.142413e-01
<MEAN> 39
 -1.007869e+01 -1.269576e+00 5.856977e-02 -1.852600e+00 6.394352e-02 -6.892384e-01 2.115475e+00 7.652783e-02 -1.800031e-01 5.188043e-01 7.033492e-01 -1.348995e+00 5.266665e+01 -1.580831e-01 -2.191908e-01 -1.247586e-01 -1.961877e-01 -2.626680e-01 -3.651105e-01 -3.050202e-01 -3.562482e-01 -2.197165e-01 -1.935798e-01 -1.457031e-01 -3.279821e-02 2.798220e-01 2.639396e-02 1.258396e-02 -6.848377e-03 -5.961976e-03 1.058683e-02 1.905112e-02 1.230193e-02 6.099329e-03 -8.348695e-03 -1.270291e-02 -1.504543e-03 -8.891962e-03 -2.947940e-02
<VARIANCE> 39
 2.744695e+01 2.822971e+01 2.024778e+01 2.001292e+01 2.565118e+01 2.522206e+01 2.635508e+01 2.954274e+01 2.436287e+01 2.166426e+01 2.081954e+01 1.926162e+01 4.405009e+01 8.646833e-01 1.020183e+00 8.969757e-01 1.133144e+00 1.407373e+00 1.651177e+00 1.713657e+00 1.819524e+00 1.785899e+00 1.711491e+00 1.608392e+00 1.421843e+00 1.244560e+00 1.392355e-01 1.788043e-01 1.628078e-01 2.185758e-01 2.726436e-01 3.414696e-01 3.485344e-01 3.716400e-01 3.555475e-01 3.438573e-01 3.188906e-01 2.818464e-01 1.978090e-01
<GCONST> 9.996849e+01
<TRANSP> 5
 0.000000e+00 1.000000e+00 0.000000e+00 0.000000e+00 0.000000e+00
 0.000000e+00 9.901251e-01 9.874957e-03 0.000000e+00 0.000000e+00
 0.000000e+00 0.000000e+00 9.799122e-01 2.008778e-02 0.000000e+00
 0.000000e+00 0.000000e+00 0.000000e+00 9.920145e-01 7.985505e-03
 0.000000e+00 0.000000e+00 0.000000e+00 0.000000e+00 0.000000e+00
<ENDHMM>
~h "st"
<BEGINHMM>
<NUMSTATES> 5
<STATE> 2
<NUMMIXES> 2
<MIXTURE> 1 6.229490e-01
<MEAN> 39
 -1.010185e+01 -4.272721e+00 5.387754e-01 -6.973568e+00 -2.021656e+00 -5.581551e+00 -3.359483e-01 -4.275751e-01 -3.830002e-01 -7.195600e-01 1.023092e+00 -2.354496e+00 6.361929e+01 1.896588e-01 -4.355544e-02 2.976989e-01 7.749850e-02 2.138724e-01 2.898546e-01 4.576701e-01 1.680753e-01 1.842273e-01 1.318828e-01 1.039294e-01 1.749503e-01 -3.483219e-01 5.267850e-02 1.662305e-01 -4.057069e-02 1.449301e-01 1.381782e-01 1.846136e-01 1.038963e-01 1.202202e-02 -3.441515e-03 -3.422098e-02 -3.655544e-02 -2.897881e-02 -3.412938e-01
<VARIANCE> 39
 1.878826e+01 2.993664e+01 1.652252e+01 2.744478e+01 2.606445e+01 2.994688e+01 2.518252e+01 2.553832e+01 2.123010e+01 2.240357e+01 1.993443e+01 1.437671e+01 8.530090e+01 3.900789e-01 6.166459e-01 8.546404e-01 1.057590e+00 1.340755e+00 1.560531e+00 1.512741e+00 1.808576e+00 1.524007e+00 1.917103e+00 1.757377e+00 1.538345e+00 9.679327e-01 1.084243e-01 1.793089e-01 1.404351e-01 2.365458e-01 2.904312e-01 3.687129e-01 3.284627e-01 3.845165e-01 3.005351e-01 3.604920e-01 3.270028e-01 2.762751e-01 4.306246e-01
<GCONST> 9.865717e+01
<MIXTURE> 2 3.770505e-01
<MEAN> 39
 -9.471273e+00 -1.865292e+00 -8.560953e-01 -5.026413e+00 -1.042575e+00 -2.351393e+00 1.071208e+00 3.196560e-01 -5.255678e-02 -3.964431e-01 1.092537e+00 -2.606618e+00 5.792448e+01 -6.080997e-01 -1.053773e+00 4.989213e-02 -1.173314e+00 -1.007004e+00 -1.674634e+00 -1.066786e+00 -3.048036e-01 -9.832222e-02 -2.865173e-01 -1.471344e-01 -1.723423e-01 3.038794e+00 1.154439e-01 -5.101316e-02 5.805190e-02 1.517388e-02 2.728939e-02 9.428247e-02 1.141614e-01 2.293453e-02 6.800218e-03 1.225884e-01 1.231925e-02 5.182367e-02 -6.114544e-02
<VARIANCE> 39
 2.375370e+01 2.436782e+01 2.107622e+01 2.521079e+01 2.683241e+01 3.584767e+01 3.031896e+01 2.511520e+01 1.874249e+01 1.913386e+01 1.967860e+01 1.502195e+01 8.215094e+01 2.202488e+00 2.149805e+00 1.580407e+00 2.224903e+00 2.717757e+00 2.954832e+00 2.530050e+00 2.917449e+00 2.010200e+00 2.324877e+00 2.516981e+00 1.666152e+00 4.649802e+00 2.476616e-01 2.850194e-01 2.846967e-01 4.070696e-01 4.724221e-01 6.144639e-01 5.310857e-01 5.388436e-01 3.224385e-01 3.896163e-01 4.424240e-01 2.861236e-01 1.101075e+00
<GCONST> 1.138655e+02
<STATE> 3
<NUMMIXES> 2
<MIXTURE> 1 7.127563e-01
<MEAN> 39
 -6.731701e+00 -3.131848e+00 -1.980738e+00 -4.528971e+00 -5.038976e-01 -1.337988e-01 2.723711e+00 -2.599016e-01 -1.131706e+00 -1.287791e-01 1.050420e+00 -2.371631e+00 5.507823e+01 9.923676e-02 1.354520e-01 -3.478289e-02 2.087499e-01 1.875584e-01 2.805180e-01 1.874456e-01 8.262874e-02 6.089507e-02 1.139078e-01 6.266962e-02 2.922089e-02 -3.870991e-01 -7.473634e-03 -7.827275e-03 -1.068729e-03 -4.498349e-03 -1.516112e-02 -1.897188e-02 -1.571263e-02 -2.012041e-03 -2.705860e-03 -9.645487e-03 -3.637141e-03 -8.036514e-03 2.440793e-02
<VARIANCE> 39
 1.292352e+01 1.398765e+01 1.318902e+01 1.670338e+01 1.658246e+01 2.101840e+01 1.752919e+01 1.748445e+01 1.757679e+01 1.788919e+01 1.476144e+01 1.352550e+01 1.987981e+01 2.160286e-01 3.275288e-01 5.084702e-01 6.888292e-01 8.998534e-01 1.090405e+00 1.229955e+00 1.327936e+00 1.358487e+00 1.399116e+00 1.375277e+00 1.211804e+00 1.668934e-01 3.736372e-02 6.283874e-02 1.005789e-01 1.415868e-01 1.911013e-01 2.358244e-01 2.612334e-01 2.780998e-01 2.883164e-01 2.972787e-01 2.873400e-01 2.475737e-01 2.384388e-02
<GCONST> 7.915823e+01
<MIXTURE> 2 2.872538e-01
<MEAN> 39
 -8.531786e+00 -3.337437e+00 -1.357010e+00 -6.094225e+00 -2.032646e+00 -1.863815e+00 1.732237e+00 -3.750276e-01 -1.004825e+00 -7.376155e-01 9.123402e-01 -2.669499e+00 5.866322e+01 -2.458862e-01 -2.663435e-01 5.947552e-02 -4.504962e-01 -4.387911e-01 -6.092632e-01 -4.293050e-01 -2.192633e-01 -1.792771e-01 -2.786330e-01 -1.502822e-01 -6.823657e-02 8.019675e-01 1.103315e-02 2.263124e-02 7.283870e-04 1.235425e-02 3.579118e-02 4.253186e-02 2.873873e-02 3.157439e-03 6.914150e-03 2.368450e-02 1.184824e-02 2.256306e-02 -5.384870e-02
<VARIANCE> 39
 1.798911e+01 2.230569e+01 1.757433e+01 2.645651e+01 2.458766e+01 2.774630e+01 2.350763e+01 2.205158e+01 2.073504e+01 2.098691e+01 1.801781e+01 1.617221e+01 4.924550e+01 1.214194e+00 1.445724e+00 1.228734e+00 2.011199e+00 2.110864e+00 2.206115e+00 2.038871e+00 2.066469e+00 2.069982e+00 1.929867e+00 1.780857e+00 1.554970e+00 3.076972e+00 1.946684e-01 2.351948e-01 2.205606e-01 3.933655e-01 4.211079e-01 4.770636e-01 4.287642e-01 4.134381e-01 4.063331e-01 3.959125e-01 3.618760e-01 3.144104e-01 6.111186e-01
<GCONST> 1.068519e+02
<STATE> 4
<NUMMIXES> 2
<MIXTURE> 1 6.905999e-01
<MEAN> 39
 -1.006388e+01 9.804609e-01 8.805002e-01 -1.890430e+00 8.309526e-01 -2.754505e-01 2.325915e+00 4.561003e-01 2.183508e-01 -1.465752e-01 7.592726e-01 -2.147170e+00 5.092844e+01 4.689521e-02 1.083174e-01 6.029158e-02 1.870827e-01 1.948212e-01 2.474373e-01 1.846514e-01 1.797238e-01 1.249705e-01 1.137080e-01 8.557846e-02 4.889047e-02 -2.776259e-01 -3.707775e-03 -4.552308e-03 -2.132335e-03 -1.664275e-02 -2.006592e-02 -1.871763e-02 -1.140988e-02 8.962753e-03 4.169472e-03 4.030924e-03 -3.704202e-03 -8.292249e-03 1.761425e-02
<VARIANCE> 39
 1.296982e+01 7.214518e+00 9.741752e+00 1.355377e+01 1.353589e+01 1.600009e+01 1.580296e+01 1.826410e+01 1.654931e+01 1.581931e+01 1.404706e+01 1.292371e+01 2.265097e+01 1.968227e-01 2.864004e-01 4.567923e-01 6.695426e-01 8.344640e-01 1.011008e+00 1.172805e+00 1.328537e+00 1.339930e+00 1.373441e+00 1.320941e+00 1.184321e+00 1.510083e-01 3.258568e-02 5.465173e-02 9.083626e-02 1.336445e-01 1.736796e-01 2.149208e-01 2.449214e-01 2.802081e-01 2.817872e-01 2.924450e-01 2.774993e-01 2.466836e-01 1.739651e-02
<GCONST> 7.547319e+01
<MIXTURE> 2 3.094016e-01
<MEAN> 39
 -1.093497e+01 5.494107e-01 7.965465e-01 -3.992137e+00 -9.200619e-01 -1.816655e+00 1.368702e+00 2.064264e-01 4.394713e-01 -1.128945e-01 6.064520e-01 -2.540354e+00 5.490783e+01 -9.897427e-02 -2.279853e-01 -1.380667e-01 -4.090164e-01 -4.031717e-01 -4.985572e-01 -3.875883e-01 -3.939709e-01 -2.684946e-01 -2.574646e-01 -2.051031e-01 -1.025684e-01 5.570815e-01 1.375396e-02 4.071099e-03 3.823602e-05 2.911654e-02 3.634996e-02 4.000356e-02 2.620866e-02 -1.615799e-02 -7.218204e-03 -3.853692e-03 1.106940e-02 1.945226e-02 -3.744889e-02
<VARIANCE> 39
 1.788163e+01 1.283691e+01 1.439971e+01 2.240105e+01 2.083744e+01 2.541673e+01 2.231650e+01 2.351441e+01 1.979152e+01 1.782769e+01 1.593751e+01 1.418032e+01 5.666929e+01 9.732389e-01 8.956198e-01 9.822109e-01 1.525178e+00 1.666524e+00 1.873349e+00 1.821315e+00 1.819270e+00 1.866017e+00 1.716863e+00 1.590443e+00 1.463368e+00 2.401818e+00 1.590264e-01 1.631262e-01 1.866444e-01 3.025196e-01 3.395245e-01 3.964730e-01 3.819038e-01 3.840550e-01 3.729305e-01 3.408047e-01 3.254380e-01 2.983659e-01 3.608873e-01
<GCONST> 1.003720e+02
<TRANSP> 5
 0.000000e+00 1.000000e+00 0.000000e+00 0.000000e+00 0.000000e+00
 0.000000e+00 8.490281e-01 1.509718e-01 0.000000e+00 0.000000e+00
 0.000000e+00 0.000000e+00 9.916798e-01 8.320220e-03 0.000000e+00
 0.000000e+00 0.000000e+00 0.000000e+00 9.911720e-01 8.827978e-03
 0.000000e+00 0.000000e+00 0.000000e+00 0.000000e+00 0.000000e+00
<ENDHMM>
~h "spe"
<BEGINHMM>
<NUMSTATES> 5
<STATE> 2
<NUMMIXES> 2
<MIXTURE> 1 4.485862e-01
<MEAN> 39
 -3.395498e+00 1.462994e+00 1.013890e+00 -4.690769e+00 -2.958972e+00 -1.245832e+00 -7.255323e-02 -2.440881e+00 -2.895576e+00 6.827611e-02 2.302082e-01 -3.835124e+00 5.431361e+01 -1.895851e-02 -1.659876e-01 3.195139e-01 -1.678519e-01 -4.254115e-01 -2.703990e-01 -6.121162e-02 9.301896e-02 1.372268e-01 2.235247e-01 1.841934e-01 -4.996963e-03 3.624625e-01 3.301967e-02 -8.720158e-02 3.956607e-02 -1.529391e-02 -3.865713e-02 9.993300e-03 -6.405427e-02 1.047637e-02 -3.393840e-04 -1.913074e-03 -3.649910e-02 -5.895276e-02 3.018465e-02
<VARIANCE> 39
 3.501778e+01 3.277158e+01 4.497466e+01 3.571532e+01 4.856508e+01 4.574289e+01 2.766766e+01 3.376146e+01 2.615757e+01 2.754047e+01 2.273603e+01 2.350689e+01 1.145474e+01 1.155226e+00 1.375379e+00 1.500759e+00 1.745341e+00 2.966935e+00 2.477010e+00 2.019100e+00 2.484176e+00 2.124048e+00 2.072667e+00 1.786251e+00 1.926201e+00 3.825749e-01 1.274230e-01 1.604889e-01 1.832798e-01 2.656419e-01 4.482434e-01 4.526219e-01 3.504181e-01 3.898808e-01 3.441731e-01 3.862735e-01 3.151042e-01 3.096592e-01 4.229568e-02
<GCONST> 1.047336e+02
<MIXTURE> 2 5.514126e-01
<MEAN> 39
 4.606013e-01 -4.056467e+00 6.303704e+00 -4.884353e+00 -7.539185e+00 4.481871e-01 -3.900206e+00 -4.347524e+00 -6.155484e+00 -2.420363e+00 -1.251731e+00 -7.641218e+00 5.639964e+01 5.024259e-02 4.034783e-02 -1.607890e-01 6.192086e-02 2.162853e-01 8.729089e-02 -7.679550e-02 -8.713601e-02 -1.308180e-01 -1.309643e-01 -1.582612e-01 -4.985006e-02 -1.624511e-01 -3.357511e-02 4.644359e-02 -5.657601e-02 1.096191e-02 4.420916e-02 -1.704935e-02 6.115623e-02 1.757076e-02 2.999831e-02 1.925029e-02 1.485222e-02 4.160737e-02 -2.532665e-02
<VARIANCE> 39
 6.469081e+00 1.758059e+01 7.704208e+01 2.270187e+01 6.830999e+01 3.900793e+01 3.173750e+01 4.606816e+01 3.166066e+01 3.539663e+01 3.701966e+01 3.266080e+01 1.612339e+01 2.003722e-01 5.216413e-01 7.432137e-01 8.283096e-01 1.466462e+00 1.472980e+00 1.494484e+00 1.684096e+00 1.635368e+00 1.692617e+00 1.629537e+00 1.338653e+00 1.555041e-01 2.833522e-02 7.280644e-02 1.097420e-01 1.465813e-01 2.456476e-01 2.831127e-01 2.797749e-01 3.352275e-01 3.282923e-01 3.179401e-01 3.209090e-01 2.365617e-01 1.599749e-02
<GCONST> 9.052047e+01
<STATE> 3
<NUMMIXES> 2
<MIXTURE> 1 5.690528e-01
<MEAN> 39
 -2.445809e+00 -4.669934e+00 -4.376107e-01 -1.028319e+01 -1.752988e+00 -3.465344e+00 -2.485399e+00 7.371473e-01 -1.049073e+00 -5.757141e-01 -3.557959e+00 -5.174576e+00 6.125135e+01 -4.419131e-02 1.119198e-01 -4.600694e-02 1.754024e-01 2.061725e-01 1.784731e-01 1.579299e-01 4.475401e-03 1.438848e-01 1.071311e-01 4.404791e-02 2.560263e-02 -1.604627e-01 3.751571e-03 3.354573e-02 1.256708e-02 4.834791e-02 4.022538e-02 2.401048e-02 4.169486e-04 -1.802151e-02 -2.749477e-02 -2.725889e-02 -4.862026e-03 5.929776e-03 -3.743440e-02
<VARIANCE> 39
 2.604946e+01 4.309557e+01 3.745389e+01 5.775441e+01 3.933456e+01 4.801189e+01 3.132440e+01 3.967388e+01 2.832541e+01 2.997096e+01 5.035964e+01 3.066009e+01 3.465235e+01 3.141092e-01 6.648834e-01 8.378988e-01 1.150665e+00 1.233679e+00 1.354158e+00 1.367816e+00 1.685500e+00 1.664796e+00 1.679069e+00 1.711630e+00 1.466842e+00 2.597367e-01 5.199979e-02 8.873662e-02 1.412804e-01 1.911763e-01 2.392680e-01 2.558892e-01 2.783630e-01 3.025301e-01 3.261193e-01 3.279964e-01 3.229064e-01 2.870537e-01 2.965657e-02
<GCONST> 9.663674e+01
<MIXTURE> 2 4.309470e-01
<MEAN> 39
 -1.306683e+00 -4.447106e+00 1.485705e+00 -1.591330e+01 -1.833217e+00 -8.316984e+00 -6.134424e+00 -2.991806e+00 -1.030856e+00 -3.623074e+00 -8.360128e+00 -2.952976e+00 6.251021e+01 -6.558363e-03 -1.036802e-01 -1.361955e-01 -1.026291e-01 -6.913839e-02 -1.717097e-01 -1.481490e-01 -3.517903e-02 -1.266709e-01 -1.466470e-01 -1.466844e-01 -8.399707e-02 2.310481e-01 -5.519344e-03 -1.663487e-03 -8.187260e-03 -1.347976e-02 -4.119462e-02 -7.972012e-03 2.267116e-02 -1.152056e-02 -2.856187e-03 1.809127e-02 2.425164e-02 1.004660e-02 5.893456e-03
<VARIANCE> 39
 2.340532e+01 3.613361e+01 7.235171e+01 6.754980e+01 4.954384e+01 5.804873e+01 5.388145e+01 7.128307e+01 4.361331e+01 4.494339e+01 4.531180e+01 4.088462e+01 1.305817e+01 1.130939e+00 1.815842e+00 2.059674e+00 2.500658e+00 2.512986e+00 2.500317e+00 2.865552e+00 3.448940e+00 3.293068e+00 2.667809e+00 2.553353e+00 2.167989e+00 7.100079e-01 1.479364e-01 2.469117e-01 2.816668e-01 3.853918e-01 3.877147e-01 4.497852e-01 4.897251e-01 6.011333e-01 6.020986e-01 5.341919e-01 4.792000e-01 4.193182e-01 8.602226e-02
<GCONST> 1.171413e+02
<STATE> 4
<NUMMIXES> 2
<MIXTURE> 1 5.335931e-01
<MEAN> 39
 -2.164684e+00 -2.018757e+00 -1.011250e+00 -3.494493e+00 -1.486137e+00 2.261342e-01 1.357946e+00 -7.526259e-01 -1.654183e+00 4.820919e-01 -3.446344e-01 -4.397147e+00 5.142867e+01 -2.818936e-02 5.869799e-02 1.878585e-02 1.122499e-01 1.309503e-01 2.188431e-01 2.809685e-01 2.286531e-01 2.484747e-01 2.311210e-01 2.130643e-01 1.809621e-01 -8.583374e-02 2.258582e-02 -1.333551e-03 3.290222e-02 1.340131e-02 2.076769e-02 2.657304e-02 3.007287e-03 3.179613e-02 2.888156e-02 -7.779875e-03 -2.197073e-02 -3.871646e-02 2.285008e-02
<VARIANCE> 39
 1.379326e+01 1.928419e+01 2.211245e+01 1.709781e+01 3.226002e+01 2.917341e+01 2.586472e+01 2.420785e+01 2.288722e+01 2.060445e+01 2.120126e+01 1.949519e+01 8.767626e+00 3.066415e-01 4.348985e-01 6.557658e-01 7.924981e-01 1.081655e+00 1.286440e+00 1.268996e+00 1.447751e+00 1.485083e+00 1.467891e+00 1.460955e+00 1.402751e+00 1.027639e-01 4.730440e-02 7.574636e-02 1.164769e-01 1.483154e-01 2.125024e-01 2.472609e-01 2.595731e-01 3.005311e-01 3.037261e-01 2.973559e-01 2.925930e-01 2.812895e-01 1.534328e-02
<GCONST> 8.405875e+01
<MIXTURE> 2 4.664075e-01
<MEAN> 39
 7.896558e-02 -4.778096e+00 9.622256e-01 -5.586133e+00 -3.496944e+00 -4.626756e-01 -2.024743e+00 -5.907267e-01 -1.725319e+00 -3.426925e-01 -1.871309e+00 -7.072273e+00 5.524522e+01 2.827617e-02 -5.981794e-02 -2.419049e-02 -1.054813e-01 -1.312724e-01 -2.218822e-01 -2.907200e-01 -2.471813e-01 -2.818717e-01 -2.598521e-01 -2.249277e-01 -1.832951e-01 5.252424e-02 -2.686707e-02 1.538086e-03 -3.637337e-02 -1.718366e-02 -2.504992e-02 -2.830119e-02 -3.271085e-03 -3.666719e-02 -3.354704e-02 9.097589e-03 2.358996e-02 4.521184e-02 -2.528985e-02
<VARIANCE> 39
 1.182277e+01 3.168256e+01 3.628268e+01 3.289740e+01 5.502648e+01 3.984819e+01 3.673730e+01 3.553956e+01 3.384262e+01 3.456259e+01 3.610960e+01 2.779834e+01 1.716935e+01 3.763841e-01 8.560374e-01 1.034981e+00 1.172813e+00 1.754612e+00 1.591332e+00 1.654571e+00 1.869825e+00 1.828274e+00 1.705350e+00 1.728362e+00 1.566374e+00 3.185794e-01 4.511887e-02 1.128566e-01 1.422484e-01 1.850954e-01 2.597490e-01 2.772852e-01 3.037436e-01 3.472807e-01 3.542149e-01 3.341999e-01 3.244245e-01 2.896772e-01 2.939512e-02
<GCONST> 9.675822e+01
<TRANSP> 5
 0.000000e+00 1.000000e+00 0.000000e+00 0.000000e+00 0.000000e+00
 0.000000e+00 9.803274e-01 1.967260e-02 0.000000e+00 0.000000e+00
 0.000000e+00 0.000000e+00 9.803753e-01 1.962468e-02 0.000000e+00
 0.000000e+00 0.000000e+00 0.000000e+00 9.965034e-01 3.496669e-03
 0.000000e+00 0.000000e+00 0.000000e+00 0.000000e+00 0.000000e+00
<ENDHMM>
